ANISOTROPIC_PREM
   1    1.00000  0
    30  40 120 6371.00000
  10    0.00000  305.37500
 13.21524  0.00000 -8.83810  0.00000
 11.49000  0.00000 -6.36400  0.00000
  3.69839  0.00000 -4.44750  0.00000
1327.70000
 84.60000
 11.24277  0.00000 -6.36400  0.00000
  3.58967  0.00000 -4.44750  0.00000
  0.98092  0.00000
  10  305.37500  610.75000
 13.48456  0.00000 -8.83810  0.00000
 11.20876  0.00000 -6.36400  0.00000
  3.60378  0.00000 -4.44750  0.00000
1327.70000
 84.60000
 11.40986  0.00000 -6.36400  0.00000
  3.60124  0.00000 -4.44750  0.00000
  0.99377  0.00000
  10  610.75000  916.12500
 13.21101  0.00000 -8.83810  0.00000
 11.16790  0.00000 -6.36400  0.00000
  3.64339  0.00000 -4.44750  0.00000
1327.70000
 84.60000
 11.40341  0.00000 -6.36400  0.00000
  3.71106  0.00000 -4.44750  0.00000
  0.97649  0.00000
  10  916.12500 1230.09264
 12.94322  0.00000 -8.83810  0.00000
 11.30218  0.00000 -6.36400  0.00000
  3.73259  0.00000 -4.44750  0.00000
1327.70000
 84.60000
 11.52886  0.00000 -6.36400  0.00000
  3.72692  0.00000 -4.44750  0.00000
  1.00189  0.00000
  10 1230.09264 1503.81250
 12.47732 -1.26380 -3.64260 -5.52810
 11.22613 -4.03620  4.80230-13.57320
  0.00000  0.00000  0.00000  0.00000
57823.00000
  0.00000
 11.29178 -4.03620  4.80230-13.57320
  0.00000  0.00000  0.00000  0.00000
  1.02229  0.00000
  10 1503.81250 1786.12500
 12.71280 -1.26380 -3.64260 -5.52810
 11.23089 -4.03620  4.80230-13.57320
  0.00000  0.00000  0.00000  0.00000
57823.00000
  0.00000
 10.81661 -4.03620  4.80230-13.57320
  0.00000  0.00000  0.00000  0.00000
  0.99726  0.00000
  10 1786.12500 2068.43750
 12.70005 -1.26380 -3.64260 -5.52810
 11.09602 -4.03620  4.80230-13.57320
  0.00000  0.00000  0.00000  0.00000
57823.00000
  0.00000
 10.80931 -4.03620  4.80230-13.57320
  0.00000  0.00000  0.00000  0.00000
  1.00621  0.00000
  10 2068.43750 2350.75000
 12.76524 -1.26380 -3.64260 -5.52810
 10.84809 -4.03620  4.80230-13.57320
  0.00000  0.00000  0.00000  0.00000
57823.00000
  0.00000
 11.06961 -4.03620  4.80230-13.57320
  0.00000  0.00000  0.00000  0.00000
  1.00559  0.00000
  10 2350.75000 2633.06250
 12.63003 -1.26380 -3.64260 -5.52810
 11.09438 -4.03620  4.80230-13.57320
  0.00000  0.00000  0.00000  0.00000
57823.00000
  0.00000
 10.82980 -4.03620  4.80230-13.57320
  0.00000  0.00000  0.00000  0.00000
  1.02167  0.00000
  10 2633.06250 2915.37500
 12.76784 -1.26380 -3.64260 -5.52810
 10.93312 -4.03620  4.80230-13.57320
  0.00000  0.00000  0.00000  0.00000
57823.00000
  0.00000
 11.12021 -4.03620  4.80230-13.57320
  0.00000  0.00000  0.00000  0.00000
  1.01173  0.00000
  10 2915.37500 3197.68750
 12.63093 -1.26380 -3.64260 -5.52810
 11.15010 -4.03620  4.80230-13.57320
  0.00000  0.00000  0.00000  0.00000
57823.00000
  0.00000
 11.06392 -4.03620  4.80230-13.57320
  0.00000  0.00000  0.00000  0.00000
  1.01624  0.00000
  10 3197.68750 3419.76851
 12.74888 -1.26380 -3.64260 -5.52810
 11.21246 -4.03620  4.80230-13.57320
  0.00000  0.00000  0.00000  0.00000
57823.00000
  0.00000
 11.11781 -4.03620  4.80230-13.57320
  0.00000  0.00000  0.00000  0.00000
  0.99179  0.00000
  10 3419.76851 3644.51973
  8.17143 -6.47610  5.52830 -3.08070
 15.40928 -5.31810  5.52420 -2.55140
  6.86658  1.46720 -2.08340  0.97830
57823.00000
312.00000
 15.30875 -5.31810  5.52420 -2.55140
  6.80067  1.46720 -2.08340  0.97830
  1.02037  0.00000
  10 3644.51973 3876.25000
  7.84659 -6.47610  5.52830 -3.08070
 25.09215-40.46730 51.48320-26.64190
 11.45724-13.78180 17.45750 -9.27770
57823.00000
312.00000
 24.64409-40.46730 51.48320-26.64190
 11.03918-13.78180 17.45750 -9.27770
  0.98426  0.00000
  10 3876.25000 4122.50000
  7.95577 -6.47610  5.52830 -3.08070
 24.37589-40.46730 51.48320-26.64190
 11.50763-13.78180 17.45750 -9.27770
57823.00000
312.00000
 25.54763-40.46730 51.48320-26.64190
 11.47616-13.78180 17.45750 -9.27770
  0.99540  0.00000
  10 4122.50000 4368.75000
  8.02368 -6.47610  5.52830 -3.08070
 25.00395-40.46730 51.48320-26.64190
 11.25347-13.78180 17.45750 -9.27770
57823.00000
312.00000
 25.24791-40.46730 51.48320-26.64190
 11.46067-13.78180 17.45750 -9.27770
  1.01187  0.00000
  10 4368.75000 4615.00000
  8.11757 -6.47610  5.52830 -3.08070
 24.48199-40.46730 51.48320-26.64190
 10.88047-13.78180 17.45750 -9.27770
57823.00000
312.00000
 24.32625-40.46730 51.48320-26.64190
 11.48939-13.78180 17.45750 -9.27770
  0.99167  0.00000
  10 4615.00000 4861.25000
  7.89990 -6.47610  5.52830 -3.08070
 25.09374-40.46730 51.48320-26.64190
 11.32454-13.78180 17.45750 -9.27770
57823.00000
312.00000
 24.45626-40.46730 51.48320-26.64190
 11.37491-13.78180 17.45750 -9.27770
  1.01931  0.00000
  10 4861.25000 5107.50000
  8.04884 -6.47610  5.52830 -3.08070
 24.78775-40.46730 51.48320-26.64190
 11.28552-13.78180 17.45750 -9.27770
57823.00000
312.00000
 25.11064-40.46730 51.48320-26.64190
 10.89333-13.78180 17.45750 -9.27770
  1.01803  0.00000
  10 5107.50000 5353.75000
  8.08107 -6.47610  5.52830 -3.08070
 25.26492-40.46730 51.48320-26.64190
 11.37853-13.78180 17.45750 -9.27770
57823.00000
312.00000
 24.70428-40.46730 51.48320-26.64190
 10.90180-13.78180 17.45750 -9.27770
  0.98326  0.00000
  10 5353.75000 5600.00000
  8.20251 -6.47610  5.52830 -3.08070
 24.44251-40.46730 51.48320-26.64190
 11.07059-13.78180 17.45750 -9.27770
57823.00000
312.00000
 24.84775-40.46730 51.48320-26.64190
 11.20321-13.78180 17.45750 -9.27770
  0.98654  0.00000
   5 5600.00000 5727.93864
  7.96135 -6.47610  5.52830 -3.08070
 28.85097-23.60270  5.52420 -2.55140
 22.07713-17.24730 -2.08340  0.97830
57823.00000
312.00000
 29.58371-23.60270  5.52420 -2.55140
 22.56292-17.24730 -2.08340  0.97830
  0.97762  0.00000
   5 5727.93864 5771.00000
  5.41899 -1.48360  0.00000  0.00000
 19.28362 -9.86720  0.00000  0.00000
 10.04588 -4.93240  0.00000  0.00000
57823.00000
143.00000
 18.94675 -9.86720  0.00000  0.00000
 10.19687 -4.93240  0.00000  0.00000
  1.01794  0.00000
  10 5771.00000 5992.97736
 11.10297 -8.02980  0.00000  0.00000
 39.73097-32.61660  0.00000  0.00000
 21.95835-18.58560  0.00000  0.00000
57823.00000
143.00000
 40.52372-32.61660  0.00000  0.00000
 22.49419-18.58560  0.00000  0.00000
  0.99196  0.00000
  10 5992.97736 6137.92662
  7.16619 -3.80450  0.00000  0.00000
 20.51772-12.25690  0.00000  0.00000
  9.19392 -4.45970  0.00000  0.00000
57823.00000
143.00000
 20.77760-12.25690  0.00000  0.00000
  9.37869 -4.45970  0.00000  0.00000
  0.99466  0.00000
  10 6137.92662 6291.00000
  2.35263  0.69240  0.00000  0.00000
  1.23795  7.21800  0.00000  0.00000
  6.05362 -1.46780  0.00000  0.00000
57823.00000
 80.00000
  3.65389  4.61720  0.00000  0.00000
 -1.31883  5.71760  0.00000  0.00000
  3.35780 -2.47780
   5 6291.00000 6346.60000
  2.72807  0.69240  0.00000  0.00000
  0.81700  7.21800  0.00000  0.00000
  5.79786 -1.46780  0.00000  0.00000
57823.00000
600.00000
  3.19981  4.61720  0.00000  0.00000
 -1.27546  5.71760  0.00000  0.00000
  3.35153 -2.47780
   5 6346.60000 6356.00000
  2.90000  0.00000  0.00000  0.00000
  6.80000  0.00000  0.00000  0.00000
  3.90000  0.00000  0.00000  0.00000
57823.00000
600.00000
  6.80000  0.00000  0.00000  0.00000
  3.90000  0.00000  0.00000  0.00000
  1.00000  0.00000
   5 6356.00000 6368.00000
  2.60000  0.00000  0.00000  0.00000
  5.80000  0.00000  0.00000  0.00000
  3.20000  0.00000  0.00000  0.00000
57823.00000
600.00000
  5.80000  0.00000  0.00000  0.00000
  3.20000  0.00000  0.00000  0.00000
  1.00000  0.00000
   5 6368.00000 6371.00000
  1.02000  0.00000  0.00000  0.00000
  1.45000  0.00000  0.00000  0.00000
  0.00000  0.00000  0.00000  0.00000
57823.00000
  0.00000
  1.45000  0.00000  0.00000  0.00000
  0.00000  0.00000  0.00000  0.00000
  1.00000  0.00000
