ANISOTROPIC_PREM
   1    1.00000  0
    30  40 120 6371.00000
  10    0.00000  305.37500
 13.05766  0.00000 -8.83810  0.00000
 11.01920  0.00000 -6.36400  0.00000
  3.70880  0.00000 -4.44750  0.00000
1327.70000
 84.60000
 11.49223  0.00000 -6.36400  0.00000
  3.69073  0.00000 -4.44750  0.00000
  1.00631  0.00000
  10  305.37500  610.75000
 13.16565  0.00000 -8.83810  0.00000
 11.18098  0.00000 -6.36400  0.00000
  3.63624  0.00000 -4.44750  0.00000
1327.70000
 84.60000
 11.39387  0.00000 -6.36400  0.00000
  3.73216  0.00000 -4.44750  0.00000
  1.00176  0.00000
  10  610.75000  916.12500
 13.21041  0.00000 -8.83810  0.00000
 11.36611  0.00000 -6.36400  0.00000
  3.66363  0.00000 -4.44750  0.00000
1327.70000
 84.60000
 11.44726  0.00000 -6.36400  0.00000
  3.66745  0.00000 -4.44750  0.00000
  1.02307  0.00000
  10  916.12500 1216.37335
 12.88304  0.00000 -8.83810  0.00000
 11.12093  0.00000 -6.36400  0.00000
  3.74717  0.00000 -4.44750  0.00000
1327.70000
 84.60000
 11.07490  0.00000 -6.36400  0.00000
  3.68066  0.00000 -4.44750  0.00000
  1.01553  0.00000
  10 1216.37335 1503.81250
 12.35394 -1.26380 -3.64260 -5.52810
 10.97884 -4.03620  4.80230-13.57320
  0.00000  0.00000  0.00000  0.00000
57823.00000
  0.00000
 11.22617 -4.03620  4.80230-13.57320
  0.00000  0.00000  0.00000  0.00000
  1.02317  0.00000
  10 1503.81250 1786.12500
 12.40205 -1.26380 -3.64260 -5.52810
 11.08774 -4.03620  4.80230-13.57320
  0.00000  0.00000  0.00000  0.00000
57823.00000
  0.00000
 11.00613 -4.03620  4.80230-13.57320
  0.00000  0.00000  0.00000  0.00000
  1.00967  0.00000
  10 1786.12500 2068.43750
 12.89665 -1.26380 -3.64260 -5.52810
 11.00391 -4.03620  4.80230-13.57320
  0.00000  0.00000  0.00000  0.00000
57823.00000
  0.00000
 10.94320 -4.03620  4.80230-13.57320
  0.00000  0.00000  0.00000  0.00000
  1.01509  0.00000
  10 2068.43750 2350.75000
 12.37958 -1.26380 -3.64260 -5.52810
 11.23069 -4.03620  4.80230-13.57320
  0.00000  0.00000  0.00000  0.00000
57823.00000
  0.00000
 11.07858 -4.03620  4.80230-13.57320
  0.00000  0.00000  0.00000  0.00000
  1.01257  0.00000
  10 2350.75000 2633.06250
 12.56511 -1.26380 -3.64260 -5.52810
 11.21771 -4.03620  4.80230-13.57320
  0.00000  0.00000  0.00000  0.00000
57823.00000
  0.00000
 11.21659 -4.03620  4.80230-13.57320
  0.00000  0.00000  0.00000  0.00000
  1.02205  0.00000
  10 2633.06250 2915.37500
 12.81515 -1.26380 -3.64260 -5.52810
 11.20034 -4.03620  4.80230-13.57320
  0.00000  0.00000  0.00000  0.00000
57823.00000
  0.00000
 11.01836 -4.03620  4.80230-13.57320
  0.00000  0.00000  0.00000  0.00000
  0.99202  0.00000
  10 2915.37500 3197.68750
 12.65370 -1.26380 -3.64260 -5.52810
 11.01656 -4.03620  4.80230-13.57320
  0.00000  0.00000  0.00000  0.00000
57823.00000
  0.00000
 10.86463 -4.03620  4.80230-13.57320
  0.00000  0.00000  0.00000  0.00000
  0.99122  0.00000
  10 3197.68750 3475.94861
 12.36209 -1.26380 -3.64260 -5.52810
 10.92012 -4.03620  4.80230-13.57320
  0.00000  0.00000  0.00000  0.00000
57823.00000
  0.00000
 10.96043 -4.03620  4.80230-13.57320
  0.00000  0.00000  0.00000  0.00000
  0.97560  0.00000
  10 3475.94861 3649.03621
  8.25797 -6.47610  5.52830 -3.08070
 15.57932 -5.31810  5.52420 -2.55140
  7.07594  1.46720 -2.08340  0.97830
57823.00000
312.00000
 15.09501 -5.31810  5.52420 -2.55140
  7.06711  1.46720 -2.08340  0.97830
  0.97839  0.00000
  10 3649.03621 3876.25000
  7.97720 -6.47610  5.52830 -3.08070
 24.85477-40.46730 51.48320-26.64190
 11.17785-13.78180 17.45750 -9.27770
57823.00000
312.00000
 25.21866-40.46730 51.48320-26.64190
 11.16124-13.78180 17.45750 -9.27770
  1.02308  0.00000
  10 3876.25000 4122.50000
  7.86256 -6.47610  5.52830 -3.08070
 24.95969-40.46730 51.48320-26.64190
 10.83134-13.78180 17.45750 -9.27770
57823.00000
312.00000
 25.55478-40.46730 51.48320-26.64190
 11.21816-13.78180 17.45750 -9.27770
  0.99875  0.00000
  10 4122.50000 4368.75000
  7.95548 -6.47610  5.52830 -3.08070
 25.14781-40.46730 51.48320-26.64190
 11.21099-13.78180 17.45750 -9.27770
57823.00000
312.00000
 25.01701-40.46730 51.48320-26.64190
 11.48091-13.78180 17.45750 -9.27770
  0.98108  0.00000
  10 4368.75000 4615.00000
  8.08891 -6.47610  5.52830 -3.08070
 25.50964-40.46730 51.48320-26.64190
 11.34879-13.78180 17.45750 -9.27770
57823.00000
312.00000
 24.63970-40.46730 51.48320-26.64190
 11.26349-13.78180 17.45750 -9.27770
  0.98039  0.00000
  10 4615.00000 4861.25000
  7.81044 -6.47610  5.52830 -3.08070
 25.33338-40.46730 51.48320-26.64190
 10.85023-13.78180 17.45750 -9.27770
57823.00000
312.00000
 25.20332-40.46730 51.48320-26.64190
 11.25824-13.78180 17.45750 -9.27770
  1.00088  0.00000
  10 4861.25000 5107.50000
  8.11027 -6.47610  5.52830 -3.08070
 24.49812-40.46730 51.48320-26.64190
 11.27154-13.78180 17.45750 -9.27770
57823.00000
312.00000
 24.52765-40.46730 51.48320-26.64190
 11.08799-13.78180 17.45750 -9.27770
  1.00758  0.00000
  10 5107.50000 5353.75000
  8.09265 -6.47610  5.52830 -3.08070
 25.42819-40.46730 51.48320-26.64190
 11.00506-13.78180 17.45750 -9.27770
57823.00000
312.00000
 24.43969-40.46730 51.48320-26.64190
 11.34992-13.78180 17.45750 -9.27770
  1.01671  0.00000
  10 5353.75000 5600.00000
  7.91696 -6.47610  5.52830 -3.08070
 25.15182-40.46730 51.48320-26.64190
 11.12615-13.78180 17.45750 -9.27770
57823.00000
312.00000
 25.12016-40.46730 51.48320-26.64190
 11.40270-13.78180 17.45750 -9.27770
  1.00357  0.00000
   5 5600.00000 5705.63392
  8.00779 -6.47610  5.52830 -3.08070
 29.07962-23.60270  5.52420 -2.55140
 22.08523-17.24730 -2.08340  0.97830
57823.00000
312.00000
 29.14106-23.60270  5.52420 -2.55140
 22.22983-17.24730 -2.08340  0.97830
  0.99170  0.00000
   5 5705.63392 5771.00000
  5.25265 -1.48360  0.00000  0.00000
 19.33057 -9.86720  0.00000  0.00000
 10.00176 -4.93240  0.00000  0.00000
57823.00000
143.00000
 19.04547 -9.86720  0.00000  0.00000
  9.88768 -4.93240  0.00000  0.00000
  1.01004  0.00000
  10 5771.00000 5948.36736
 10.99610 -8.02980  0.00000  0.00000
 39.65440-32.61660  0.00000  0.00000
 22.80971-18.58560  0.00000  0.00000
57823.00000
143.00000
 38.88047-32.61660  0.00000  0.00000
 22.53216-18.58560  0.00000  0.00000
  0.98438  0.00000
  10 5948.36736 6140.27421
  7.24339 -3.80450  0.00000  0.00000
 20.49919-12.25690  0.00000  0.00000
  8.76586 -4.45970  0.00000  0.00000
57823.00000
143.00000
 20.35713-12.25690  0.00000  0.00000
  8.75083 -4.45970  0.00000  0.00000
  0.99164  0.00000
  10 6140.27421 6291.00000
  2.56765  0.69240  0.00000  0.00000
  0.91659  7.21800  0.00000  0.00000
  5.56850 -1.46780  0.00000  0.00000
57823.00000
 80.00000
  3.71975  4.61720  0.00000  0.00000
 -1.36619  5.71760  0.00000  0.00000
  3.35071 -2.47780
   5 6291.00000 6346.60000
  2.77069  0.69240  0.00000  0.00000
  0.41398  7.21800  0.00000  0.00000
  6.08816 -1.46780  0.00000  0.00000
57823.00000
600.00000
  4.18213  4.61720  0.00000  0.00000
 -1.22969  5.71760  0.00000  0.00000
  3.37693 -2.47780
   5 6346.60000 6356.00000
  2.90000  0.00000  0.00000  0.00000
  6.80000  0.00000  0.00000  0.00000
  3.90000  0.00000  0.00000  0.00000
57823.00000
600.00000
  6.80000  0.00000  0.00000  0.00000
  3.90000  0.00000  0.00000  0.00000
  1.00000  0.00000
   5 6356.00000 6368.00000
  2.60000  0.00000  0.00000  0.00000
  5.80000  0.00000  0.00000  0.00000
  3.20000  0.00000  0.00000  0.00000
57823.00000
600.00000
  5.80000  0.00000  0.00000  0.00000
  3.20000  0.00000  0.00000  0.00000
  1.00000  0.00000
   5 6368.00000 6371.00000
  1.02000  0.00000  0.00000  0.00000
  1.45000  0.00000  0.00000  0.00000
  0.00000  0.00000  0.00000  0.00000
57823.00000
  0.00000
  1.45000  0.00000  0.00000  0.00000
  0.00000  0.00000  0.00000  0.00000
  1.00000  0.00000
