ANISOTROPIC_PREM
   1    1.00000  0
    30  40 120 6371.00000
  10    0.00000  305.37500
 13.45121  0.00000 -8.83810  0.00000
 11.27272  0.00000 -6.36400  0.00000
  3.68569  0.00000 -4.44750  0.00000
1327.70000
 84.60000
 11.20605  0.00000 -6.36400  0.00000
  3.75787  0.00000 -4.44750  0.00000
  0.97877  0.00000
  10  305.37500  610.75000
 13.03972  0.00000 -8.83810  0.00000
 11.08101  0.00000 -6.36400  0.00000
  3.65903  0.00000 -4.44750  0.00000
1327.70000
 84.60000
 11.07753  0.00000 -6.36400  0.00000
  3.65300  0.00000 -4.44750  0.00000
  1.02459  0.00000
  10  610.75000  916.12500
 12.87139  0.00000 -8.83810  0.00000
 11.18944  0.00000 -6.36400  0.00000
  3.61269  0.00000 -4.44750  0.00000
1327.70000
 84.60000
 11.00791  0.00000 -6.36400  0.00000
  3.69161  0.00000 -4.44750  0.00000
  0.98668  0.00000
  10  916.12500 1226.62737
 13.43916  0.00000 -8.83810  0.00000
 11.36512  0.00000 -6.36400  0.00000
  3.70361  0.00000 -4.44750  0.00000
1327.70000
 84.60000
 11.21936  0.00000 -6.36400  0.00000
  3.64093  0.00000 -4.44750  0.00000
  0.99322  0.00000
  10 1226.62737 1503.81250
 12.59751 -1.26380 -3.64260 -5.52810
 11.24517 -4.03620  4.80230-13.57320
  0.00000  0.00000  0.00000  0.00000
57823.00000
  0.00000
 11.18735 -4.03620  4.80230-13.57320
  0.00000  0.00000  0.00000  0.00000
  1.02177  0.00000
  10 1503.81250 1786.12500
 12.61147 -1.26380 -3.64260 -5.52810
 11.10291 -4.03620  4.80230-13.57320
  0.00000  0.00000  0.00000  0.00000
57823.00000
  0.00000
 10.81264 -4.03620  4.80230-13.57320
  0.00000  0.00000  0.00000  0.00000
  1.00604  0.00000
  10 1786.12500 2068.43750
 12.63750 -1.26380 -3.64260 -5.52810
 11.15355 -4.03620  4.80230-13.57320
  0.00000  0.00000  0.00000  0.00000
57823.00000
  0.00000
 11.10326 -4.03620  4.80230-13.57320
  0.00000  0.00000  0.00000  0.00000
  0.97548  0.00000
  10 2068.43750 2350.75000
 12.47919 -1.26380 -3.64260 -5.52810
 11.18961 -4.03620  4.80230-13.57320
  0.00000  0.00000  0.00000  0.00000
57823.00000
  0.00000
 10.97407 -4.03620  4.80230-13.57320
  0.00000  0.00000  0.00000  0.00000
  1.02122  0.00000
  10 2350.75000 2633.06250
 12.70555 -1.26380 -3.64260 -5.52810
 11.12666 -4.03620  4.80230-13.57320
  0.00000  0.00000  0.00000  0.00000
57823.00000
  0.00000
 11.27040 -4.03620  4.80230-13.57320
  0.00000  0.00000  0.00000  0.00000
  0.99143  0.00000
  10 2633.06250 2915.37500
 12.74133 -1.26380 -3.64260 -5.52810
 11.20000 -4.03620  4.80230-13.57320
  0.00000  0.00000  0.00000  0.00000
57823.00000
  0.00000
 11.15768 -4.03620  4.80230-13.57320
  0.00000  0.00000  0.00000  0.00000
  0.98202  0.00000
  10 2915.37500 3197.68750
 12.67821 -1.26380 -3.64260 -5.52810
 11.12822 -4.03620  4.80230-13.57320
  0.00000  0.00000  0.00000  0.00000
57823.00000
  0.00000
 11.21720 -4.03620  4.80230-13.57320
  0.00000  0.00000  0.00000  0.00000
  0.98777  0.00000
  10 3197.68750 3432.91952
 12.66641 -1.26380 -3.64260 -5.52810
 11.20235 -4.03620  4.80230-13.57320
  0.00000  0.00000  0.00000  0.00000
57823.00000
  0.00000
 11.16484 -4.03620  4.80230-13.57320
  0.00000  0.00000  0.00000  0.00000
  1.00301  0.00000
  10 3432.91952 3616.21226
  7.97202 -6.47610  5.52830 -3.08070
 15.90350 -5.31810  5.52420 -2.55140
  7.19515  1.46720 -2.08340  0.97830
57823.00000
312.00000
 15.58161 -5.31810  5.52420 -2.55140
  7.05321  1.46720 -2.08340  0.97830
  1.01307  0.00000
  10 3616.21226 3876.25000
  8.09884 -6.47610  5.52830 -3.08070
 25.51773-40.46730 51.48320-26.64190
 11.23247-13.78180 17.45750 -9.27770
57823.00000
312.00000
 24.36184-40.46730 51.48320-26.64190
 11.50139-13.78180 17.45750 -9.27770
  1.00212  0.00000
  10 3876.25000 4122.50000
  7.78648 -6.47610  5.52830 -3.08070
 25.28435-40.46730 51.48320-26.64190
 11.37615-13.78180 17.45750 -9.27770
57823.00000
312.00000
 24.85310-40.46730 51.48320-26.64190
 10.99673-13.78180 17.45750 -9.27770
  0.99920  0.00000
  10 4122.50000 4368.75000
  7.94536 -6.47610  5.52830 -3.08070
 24.31752-40.46730 51.48320-26.64190
 11.49117-13.78180 17.45750 -9.27770
57823.00000
312.00000
 24.38143-40.46730 51.48320-26.64190
 11.01796-13.78180 17.45750 -9.27770
  1.01279  0.00000
  10 4368.75000 4615.00000
  7.77172 -6.47610  5.52830 -3.08070
 25.01999-40.46730 51.48320-26.64190
 10.94353-13.78180 17.45750 -9.27770
57823.00000
312.00000
 25.51396-40.46730 51.48320-26.64190
 11.40422-13.78180 17.45750 -9.27770
  1.02155  0.00000
  10 4615.00000 4861.25000
  8.05267 -6.47610  5.52830 -3.08070
 24.45042-40.46730 51.48320-26.64190
 10.99983-13.78180 17.45750 -9.27770
57823.00000
312.00000
 25.08635-40.46730 51.48320-26.64190
 11.14799-13.78180 17.45750 -9.27770
  0.99950  0.00000
  10 4861.25000 5107.50000
  8.22981 -6.47610  5.52830 -3.08070
 25.38598-40.46730 51.48320-26.64190
 11.25811-13.78180 17.45750 -9.27770
57823.00000
312.00000
 24.56824-40.46730 51.48320-26.64190
 10.83981-13.78180 17.45750 -9.27770
  0.97981  0.00000
  10 5107.50000 5353.75000
  8.21865 -6.47610  5.52830 -3.08070
 24.91324-40.46730 51.48320-26.64190
 10.96047-13.78180 17.45750 -9.27770
57823.00000
312.00000
 24.66983-40.46730 51.48320-26.64190
 11.42388-13.78180 17.45750 -9.27770
  0.98197  0.00000
  10 5353.75000 5600.00000
  8.11301 -6.47610  5.52830 -3.08070
 24.40288-40.46730 51.48320-26.64190
 10.94468-13.78180 17.45750 -9.27770
57823.00000
312.00000
 24.77415-40.46730 51.48320-26.64190
 11.41305-13.78180 17.45750 -9.27770
  1.02165  0.00000
   5 5600.00000 5673.50059
  8.02955 -6.47610  5.52830 -3.08070
 29.11765-23.60270  5.52420 -2.55140
 22.61716-17.24730 -2.08340  0.97830
57823.00000
312.00000
 29.43353-23.60270  5.52420 -2.55140
 22.27508-17.24730 -2.08340  0.97830
  1.02190  0.00000
   5 5673.50059 5771.00000
  5.47151 -1.48360  0.00000  0.00000
 19.41441 -9.86720  0.00000  0.00000
 10.20038 -4.93240  0.00000  0.00000
57823.00000
143.00000
 18.87494 -9.86720  0.00000  0.00000
  9.92149 -4.93240  0.00000  0.00000
  1.01156  0.00000
  10 5771.00000 5957.93003
 11.12657 -8.02980  0.00000  0.00000
 40.29437-32.61660  0.00000  0.00000
 22.74903-18.58560  0.00000  0.00000
57823.00000
143.00000
 40.55872-32.61660  0.00000  0.00000
 22.83759-18.58560  0.00000  0.00000
  1.00540  0.00000
  10 5957.93003 6140.26188
  7.01404 -3.80450  0.00000  0.00000
 21.13544-12.25690  0.00000  0.00000
  8.71862 -4.45970  0.00000  0.00000
57823.00000
143.00000
 20.00579-12.25690  0.00000  0.00000
  8.79470 -4.45970  0.00000  0.00000
  1.01877  0.00000
  10 6140.26188 6291.00000
  2.50481  0.69240  0.00000  0.00000
  0.98020  7.21800  0.00000  0.00000
  5.87504 -1.46780  0.00000  0.00000
57823.00000
 80.00000
  4.03234  4.61720  0.00000  0.00000
 -1.33802  5.71760  0.00000  0.00000
  3.38227 -2.47780
   5 6291.00000 6346.60000
  2.55882  0.69240  0.00000  0.00000
  1.09324  7.21800  0.00000  0.00000
  5.85002 -1.46780  0.00000  0.00000
57823.00000
600.00000
  3.64817  4.61720  0.00000  0.00000
 -0.96382  5.71760  0.00000  0.00000
  3.37894 -2.47780
   5 6346.60000 6356.00000
  2.90000  0.00000  0.00000  0.00000
  6.80000  0.00000  0.00000  0.00000
  3.90000  0.00000  0.00000  0.00000
57823.00000
600.00000
  6.80000  0.00000  0.00000  0.00000
  3.90000  0.00000  0.00000  0.00000
  1.00000  0.00000
   5 6356.00000 6368.00000
  2.60000  0.00000  0.00000  0.00000
  5.80000  0.00000  0.00000  0.00000
  3.20000  0.00000  0.00000  0.00000
57823.00000
600.00000
  5.80000  0.00000  0.00000  0.00000
  3.20000  0.00000  0.00000  0.00000
  1.00000  0.00000
   5 6368.00000 6371.00000
  1.02000  0.00000  0.00000  0.00000
  1.45000  0.00000  0.00000  0.00000
  0.00000  0.00000  0.00000  0.00000
57823.00000
  0.00000
  1.45000  0.00000  0.00000  0.00000
  0.00000  0.00000  0.00000  0.00000
  1.00000  0.00000
