ANISOTROPIC_PREM
   1    1.00000  0
    30  40 120 6371.00000
  10    0.00000  305.37500
 13.38505  0.00000 -8.83810  0.00000
 11.47918  0.00000 -6.36400  0.00000
  3.63440  0.00000 -4.44750  0.00000
1327.70000
 84.60000
 11.00527  0.00000 -6.36400  0.00000
  3.75497  0.00000 -4.44750  0.00000
  0.98792  0.00000
  10  305.37500  610.75000
 12.99832  0.00000 -8.83810  0.00000
 11.24117  0.00000 -6.36400  0.00000
  3.69311  0.00000 -4.44750  0.00000
1327.70000
 84.60000
 10.98198  0.00000 -6.36400  0.00000
  3.71669  0.00000 -4.44750  0.00000
  1.00935  0.00000
  10  610.75000  916.12500
 13.33111  0.00000 -8.83810  0.00000
 11.09096  0.00000 -6.36400  0.00000
  3.68320  0.00000 -4.44750  0.00000
1327.70000
 84.60000
 11.52840  0.00000 -6.36400  0.00000
  3.69250  0.00000 -4.44750  0.00000
  1.00890  0.00000
  10  916.12500 1212.37174
 13.40396  0.00000 -8.83810  0.00000
 11.44843  0.00000 -6.36400  0.00000
  3.58638  0.00000 -4.44750  0.00000
1327.70000
 84.60000
 11.53892  0.00000 -6.36400  0.00000
  3.59909  0.00000 -4.44750  0.00000
  0.99393  0.00000
  10 1212.37174 1503.81250
 12.93652 -1.26380 -3.64260 -5.52810
 11.25293 -4.03620  4.80230-13.57320
  0.00000  0.00000  0.00000  0.00000
57823.00000
  0.00000
 11.07722 -4.03620  4.80230-13.57320
  0.00000  0.00000  0.00000  0.00000
  0.98990  0.00000
  10 1503.81250 1786.12500
 12.58035 -1.26380 -3.64260 -5.52810
 11.13548 -4.03620  4.80230-13.57320
  0.00000  0.00000  0.00000  0.00000
57823.00000
  0.00000
 10.87105 -4.03620  4.80230-13.57320
  0.00000  0.00000  0.00000  0.00000
  1.01227  0.00000
  10 1786.12500 2068.43750
 12.94371 -1.26380 -3.64260 -5.52810
 11.19974 -4.03620  4.80230-13.57320
  0.00000  0.00000  0.00000  0.00000
57823.00000
  0.00000
 10.86876 -4.03620  4.80230-13.57320
  0.00000  0.00000  0.00000  0.00000
  0.97910  0.00000
  10 2068.43750 2350.75000
 12.75052 -1.26380 -3.64260 -5.52810
 10.81638 -4.03620  4.80230-13.57320
  0.00000  0.00000  0.00000  0.00000
57823.00000
  0.00000
 11.24746 -4.03620  4.80230-13.57320
  0.00000  0.00000  0.00000  0.00000
  0.97610  0.00000
  10 2350.75000 2633.06250
 12.58528 -1.26380 -3.64260 -5.52810
 11.10535 -4.03620  4.80230-13.57320
  0.00000  0.00000  0.00000  0.00000
57823.00000
  0.00000
 11.24488 -4.03620  4.80230-13.57320
  0.00000  0.00000  0.00000  0.00000
  0.99528  0.00000
  10 2633.06250 2915.37500
 12.44458 -1.26380 -3.64260 -5.52810
 11.18810 -4.03620  4.80230-13.57320
  0.00000  0.00000  0.00000  0.00000
57823.00000
  0.00000
 11.08719 -4.03620  4.80230-13.57320
  0.00000  0.00000  0.00000  0.00000
  0.99116  0.00000
  10 2915.37500 3197.68750
 12.78822 -1.26380 -3.64260 -5.52810
 10.95535 -4.03620  4.80230-13.57320
  0.00000  0.00000  0.00000  0.00000
57823.00000
  0.00000
 11.14561 -4.03620  4.80230-13.57320
  0.00000  0.00000  0.00000  0.00000
  0.97854  0.00000
  10 3197.68750 3408.28235
 12.92973 -1.26380 -3.64260 -5.52810
 10.90570 -4.03620  4.80230-13.57320
  0.00000  0.00000  0.00000  0.00000
57823.00000
  0.00000
 11.09003 -4.03620  4.80230-13.57320
  0.00000  0.00000  0.00000  0.00000
  0.97932  0.00000
  10 3408.28235 3648.54998
  8.03786 -6.47610  5.52830 -3.08070
 15.92396 -5.31810  5.52420 -2.55140
  6.90523  1.46720 -2.08340  0.97830
57823.00000
312.00000
 15.68080 -5.31810  5.52420 -2.55140
  7.24999  1.46720 -2.08340  0.97830
  1.00004  0.00000
  10 3648.54998 3876.25000
  7.88747 -6.47610  5.52830 -3.08070
 25.33408-40.46730 51.48320-26.64190
 10.81999-13.78180 17.45750 -9.27770
57823.00000
312.00000
 25.59930-40.46730 51.48320-26.64190
 10.85319-13.78180 17.45750 -9.27770
  1.02276  0.00000
  10 3876.25000 4122.50000
  7.90565 -6.47610  5.52830 -3.08070
 24.76419-40.46730 51.48320-26.64190
 11.47134-13.78180 17.45750 -9.27770
57823.00000
312.00000
 24.86565-40.46730 51.48320-26.64190
 10.84064-13.78180 17.45750 -9.27770
  1.00998  0.00000
  10 4122.50000 4368.75000
  7.99160 -6.47610  5.52830 -3.08070
 25.05269-40.46730 51.48320-26.64190
 10.99301-13.78180 17.45750 -9.27770
57823.00000
312.00000
 24.40392-40.46730 51.48320-26.64190
 10.87182-13.78180 17.45750 -9.27770
  0.98400  0.00000
  10 4368.75000 4615.00000
  8.24253 -6.47610  5.52830 -3.08070
 24.60713-40.46730 51.48320-26.64190
 10.82835-13.78180 17.45750 -9.27770
57823.00000
312.00000
 24.41699-40.46730 51.48320-26.64190
 11.49580-13.78180 17.45750 -9.27770
  0.99291  0.00000
  10 4615.00000 4861.25000
  7.96205 -6.47610  5.52830 -3.08070
 24.74329-40.46730 51.48320-26.64190
 11.12829-13.78180 17.45750 -9.27770
57823.00000
312.00000
 25.14271-40.46730 51.48320-26.64190
 11.19013-13.78180 17.45750 -9.27770
  1.00905  0.00000
  10 4861.25000 5107.50000
  7.94207 -6.47610  5.52830 -3.08070
 25.17678-40.46730 51.48320-26.64190
 11.39946-13.78180 17.45750 -9.27770
57823.00000
312.00000
 24.42062-40.46730 51.48320-26.64190
 11.08463-13.78180 17.45750 -9.27770
  0.97887  0.00000
  10 5107.50000 5353.75000
  7.99390 -6.47610  5.52830 -3.08070
 25.25724-40.46730 51.48320-26.64190
 11.44832-13.78180 17.45750 -9.27770
57823.00000
312.00000
 24.49389-40.46730 51.48320-26.64190
 11.23796-13.78180 17.45750 -9.27770
  0.98483  0.00000
  10 5353.75000 5600.00000
  7.87011 -6.47610  5.52830 -3.08070
 25.38040-40.46730 51.48320-26.64190
 10.93503-13.78180 17.45750 -9.27770
57823.00000
312.00000
 25.38429-40.46730 51.48320-26.64190
 10.92748-13.78180 17.45750 -9.27770
  0.97848  0.00000
   5 5600.00000 5691.61722
  7.90367 -6.47610  5.52830 -3.08070
 29.44994-23.60270  5.52420 -2.55140
 22.08336-17.24730 -2.08340  0.97830
57823.00000
312.00000
 29.75440-23.60270  5.52420 -2.55140
 22.27814-17.24730 -2.08340  0.97830
  0.99855  0.00000
   5 5691.61722 5771.00000
  5.47058 -1.48360  0.00000  0.00000
 19.40147 -9.86720  0.00000  0.00000
 10.16943 -4.93240  0.00000  0.00000
57823.00000
143.00000
 18.70105 -9.86720  0.00000  0.00000
  9.87086 -4.93240  0.00000  0.00000
  1.00227  0.00000
  10 5771.00000 5970.69218
 11.60992 -8.02980  0.00000  0.00000
 39.10380-32.61660  0.00000  0.00000
 22.71088-18.58560  0.00000  0.00000
57823.00000
143.00000
 39.16395-32.61660  0.00000  0.00000
 22.53387-18.58560  0.00000  0.00000
  1.01815  0.00000
  10 5970.69218 6161.55968
  7.05358 -3.80450  0.00000  0.00000
 20.77524-12.25690  0.00000  0.00000
  9.34016 -4.45970  0.00000  0.00000
57823.00000
143.00000
 21.24951-12.25690  0.00000  0.00000
  8.62630 -4.45970  0.00000  0.00000
  0.97659  0.00000
  10 6161.55968 6291.00000
  2.42643  0.69240  0.00000  0.00000
  1.40006  7.21800  0.00000  0.00000
  6.05101 -1.46780  0.00000  0.00000
57823.00000
 80.00000
  4.10063  4.61720  0.00000  0.00000
 -0.76466  5.71760  0.00000  0.00000
  3.35153 -2.47780
   5 6291.00000 6346.60000
  2.64099  0.69240  0.00000  0.00000
  1.32166  7.21800  0.00000  0.00000
  6.08033 -1.46780  0.00000  0.00000
57823.00000
600.00000
  3.74790  4.61720  0.00000  0.00000
 -1.39960  5.71760  0.00000  0.00000
  3.35855 -2.47780
   5 6346.60000 6356.00000
  2.90000  0.00000  0.00000  0.00000
  6.80000  0.00000  0.00000  0.00000
  3.90000  0.00000  0.00000  0.00000
57823.00000
600.00000
  6.80000  0.00000  0.00000  0.00000
  3.90000  0.00000  0.00000  0.00000
  1.00000  0.00000
   5 6356.00000 6368.00000
  2.60000  0.00000  0.00000  0.00000
  5.80000  0.00000  0.00000  0.00000
  3.20000  0.00000  0.00000  0.00000
57823.00000
600.00000
  5.80000  0.00000  0.00000  0.00000
  3.20000  0.00000  0.00000  0.00000
  1.00000  0.00000
   5 6368.00000 6371.00000
  1.02000  0.00000  0.00000  0.00000
  1.45000  0.00000  0.00000  0.00000
  0.00000  0.00000  0.00000  0.00000
57823.00000
  0.00000
  1.45000  0.00000  0.00000  0.00000
  0.00000  0.00000  0.00000  0.00000
  1.00000  0.00000
