ANISOTROPIC_PREM
   1    1.00000  0
    30  40 120 6371.00000
  10    0.00000  305.37500
 13.16643  0.00000 -8.83810  0.00000
 11.00815  0.00000 -6.36400  0.00000
  3.71561  0.00000 -4.44750  0.00000
1327.70000
 84.60000
 11.20181  0.00000 -6.36400  0.00000
  3.71353  0.00000 -4.44750  0.00000
  1.01937  0.00000
  10  305.37500  610.75000
 13.24816  0.00000 -8.83810  0.00000
 11.32570  0.00000 -6.36400  0.00000
  3.67119  0.00000 -4.44750  0.00000
1327.70000
 84.60000
 11.19083  0.00000 -6.36400  0.00000
  3.59223  0.00000 -4.44750  0.00000
  0.98783  0.00000
  10  610.75000  916.12500
 13.30590  0.00000 -8.83810  0.00000
 11.30327  0.00000 -6.36400  0.00000
  3.62038  0.00000 -4.44750  0.00000
1327.70000
 84.60000
 11.08127  0.00000 -6.36400  0.00000
  3.64885  0.00000 -4.44750  0.00000
  1.00637  0.00000
  10  916.12500 1213.17779
 13.05531  0.00000 -8.83810  0.00000
 11.38930  0.00000 -6.36400  0.00000
  3.71075  0.00000 -4.44750  0.00000
1327.70000
 84.60000
 10.98681  0.00000 -6.36400  0.00000
  3.73557  0.00000 -4.44750  0.00000
  1.02269  0.00000
  10 1213.17779 1503.81250
 12.39590 -1.26380 -3.64260 -5.52810
 10.88572 -4.03620  4.80230-13.57320
  0.00000  0.00000  0.00000  0.00000
57823.00000
  0.00000
 11.06853 -4.03620  4.80230-13.57320
  0.00000  0.00000  0.00000  0.00000
  1.00379  0.00000
  10 1503.81250 1786.12500
 12.78995 -1.26380 -3.64260 -5.52810
 11.19171 -4.03620  4.80230-13.57320
  0.00000  0.00000  0.00000  0.00000
57823.00000
  0.00000
 11.13296 -4.03620  4.80230-13.57320
  0.00000  0.00000  0.00000  0.00000
  1.01114  0.00000
  10 1786.12500 2068.43750
 12.82335 -1.26380 -3.64260 -5.52810
 10.83315 -4.03620  4.80230-13.57320
  0.00000  0.00000  0.00000  0.00000
57823.00000
  0.00000
 10.90374 -4.03620  4.80230-13.57320
  0.00000  0.00000  0.00000  0.00000
  0.98091  0.00000
  10 2068.43750 2350.75000
 12.88939 -1.26380 -3.64260 -5.52810
 10.86960 -4.03620  4.80230-13.57320
  0.00000  0.00000  0.00000  0.00000
57823.00000
  0.00000
 11.09028 -4.03620  4.80230-13.57320
  0.00000  0.00000  0.00000  0.00000
  0.99535  0.00000
  10 2350.75000 2633.06250
 12.73120 -1.26380 -3.64260 -5.52810
 10.89742 -4.03620  4.80230-13.57320
  0.00000  0.00000  0.00000  0.00000
57823.00000
  0.00000
 11.00553 -4.03620  4.80230-13.57320
  0.00000  0.00000  0.00000  0.00000
  0.99285  0.00000
  10 2633.06250 2915.37500
 12.83378 -1.26380 -3.64260 -5.52810
 10.86159 -4.03620  4.80230-13.57320
  0.00000  0.00000  0.00000  0.00000
57823.00000
  0.00000
 10.87397 -4.03620  4.80230-13.57320
  0.00000  0.00000  0.00000  0.00000
  1.01403  0.00000
  10 2915.37500 3197.68750
 12.50205 -1.26380 -3.64260 -5.52810
 10.84956 -4.03620  4.80230-13.57320
  0.00000  0.00000  0.00000  0.00000
57823.00000
  0.00000
 11.06284 -4.03620  4.80230-13.57320
  0.00000  0.00000  0.00000  0.00000
  0.98187  0.00000
  10 3197.68750 3401.65036
 12.59056 -1.26380 -3.64260 -5.52810
 11.11005 -4.03620  4.80230-13.57320
  0.00000  0.00000  0.00000  0.00000
57823.00000
  0.00000
 11.18546 -4.03620  4.80230-13.57320
  0.00000  0.00000  0.00000  0.00000
  1.01334  0.00000
  10 3401.65036 3620.93726
  7.95654 -6.47610  5.52830 -3.08070
 16.04273 -5.31810  5.52420 -2.55140
  6.61576  1.46720 -2.08340  0.97830
57823.00000
312.00000
 15.52998 -5.31810  5.52420 -2.55140
  7.26155  1.46720 -2.08340  0.97830
  1.00242  0.00000
  10 3620.93726 3876.25000
  7.92295 -6.47610  5.52830 -3.08070
 24.84361-40.46730 51.48320-26.64190
 11.49589-13.78180 17.45750 -9.27770
57823.00000
312.00000
 24.81158-40.46730 51.48320-26.64190
 11.32840-13.78180 17.45750 -9.27770
  1.00702  0.00000
  10 3876.25000 4122.50000
  7.92039 -6.47610  5.52830 -3.08070
 24.49049-40.46730 51.48320-26.64190
 11.16233-13.78180 17.45750 -9.27770
57823.00000
312.00000
 24.32073-40.46730 51.48320-26.64190
 11.10493-13.78180 17.45750 -9.27770
  1.02159  0.00000
  10 4122.50000 4368.75000
  8.08745 -6.47610  5.52830 -3.08070
 24.68702-40.46730 51.48320-26.64190
 11.28192-13.78180 17.45750 -9.27770
57823.00000
312.00000
 24.63559-40.46730 51.48320-26.64190
 11.04236-13.78180 17.45750 -9.27770
  1.01335  0.00000
  10 4368.75000 4615.00000
  8.18326 -6.47610  5.52830 -3.08070
 24.62802-40.46730 51.48320-26.64190
 11.07401-13.78180 17.45750 -9.27770
57823.00000
312.00000
 25.08460-40.46730 51.48320-26.64190
 11.28469-13.78180 17.45750 -9.27770
  1.00183  0.00000
  10 4615.00000 4861.25000
  8.02564 -6.47610  5.52830 -3.08070
 25.21870-40.46730 51.48320-26.64190
 11.07082-13.78180 17.45750 -9.27770
57823.00000
312.00000
 25.18309-40.46730 51.48320-26.64190
 11.45803-13.78180 17.45750 -9.27770
  0.98867  0.00000
  10 4861.25000 5107.50000
  8.12369 -6.47610  5.52830 -3.08070
 25.09882-40.46730 51.48320-26.64190
 11.28970-13.78180 17.45750 -9.27770
57823.00000
312.00000
 24.74525-40.46730 51.48320-26.64190
 11.01272-13.78180 17.45750 -9.27770
  0.99452  0.00000
  10 5107.50000 5353.75000
  8.05602 -6.47610  5.52830 -3.08070
 25.08212-40.46730 51.48320-26.64190
 11.04439-13.78180 17.45750 -9.27770
57823.00000
312.00000
 24.60353-40.46730 51.48320-26.64190
 11.26121-13.78180 17.45750 -9.27770
  0.98661  0.00000
  10 5353.75000 5600.00000
  8.10626 -6.47610  5.52830 -3.08070
 25.49894-40.46730 51.48320-26.64190
 10.91486-13.78180 17.45750 -9.27770
57823.00000
312.00000
 25.25657-40.46730 51.48320-26.64190
 11.12528-13.78180 17.45750 -9.27770
  0.98796  0.00000
   5 5600.00000 5675.33126
  8.05708 -6.47610  5.52830 -3.08070
 29.03215-23.60270  5.52420 -2.55140
 22.24270-17.24730 -2.08340  0.97830
57823.00000
312.00000
 28.83035-23.60270  5.52420 -2.55140
 22.06478-17.24730 -2.08340  0.97830
  1.00743  0.00000
   5 5675.33126 5771.00000
  5.21208 -1.48360  0.00000  0.00000
 19.22452 -9.86720  0.00000  0.00000
  9.77242 -4.93240  0.00000  0.00000
57823.00000
143.00000
 19.01005 -9.86720  0.00000  0.00000
  9.73508 -4.93240  0.00000  0.00000
  0.99401  0.00000
  10 5771.00000 5945.63533
 11.60875 -8.02980  0.00000  0.00000
 39.50223-32.61660  0.00000  0.00000
 22.84854-18.58560  0.00000  0.00000
57823.00000
143.00000
 39.92565-32.61660  0.00000  0.00000
 21.87633-18.58560  0.00000  0.00000
  1.02358  0.00000
  10 5945.63533 6158.38630
  6.92595 -3.80450  0.00000  0.00000
 20.80694-12.25690  0.00000  0.00000
  9.27826 -4.45970  0.00000  0.00000
57823.00000
143.00000
 20.40498-12.25690  0.00000  0.00000
  8.52243 -4.45970  0.00000  0.00000
  0.98626  0.00000
  10 6158.38630 6291.00000
  2.38534  0.69240  0.00000  0.00000
  0.66788  7.21800  0.00000  0.00000
  5.94890 -1.46780  0.00000  0.00000
57823.00000
 80.00000
  3.04982  4.61720  0.00000  0.00000
 -1.21414  5.71760  0.00000  0.00000
  3.37861 -2.47780
   5 6291.00000 6346.60000
  2.51724  0.69240  0.00000  0.00000
  1.22576  7.21800  0.00000  0.00000
  5.57581 -1.46780  0.00000  0.00000
57823.00000
600.00000
  3.23284  4.61720  0.00000  0.00000
 -0.87919  5.71760  0.00000  0.00000
  3.35824 -2.47780
   5 6346.60000 6356.00000
  2.90000  0.00000  0.00000  0.00000
  6.80000  0.00000  0.00000  0.00000
  3.90000  0.00000  0.00000  0.00000
57823.00000
600.00000
  6.80000  0.00000  0.00000  0.00000
  3.90000  0.00000  0.00000  0.00000
  1.00000  0.00000
   5 6356.00000 6368.00000
  2.60000  0.00000  0.00000  0.00000
  5.80000  0.00000  0.00000  0.00000
  3.20000  0.00000  0.00000  0.00000
57823.00000
600.00000
  5.80000  0.00000  0.00000  0.00000
  3.20000  0.00000  0.00000  0.00000
  1.00000  0.00000
   5 6368.00000 6371.00000
  1.02000  0.00000  0.00000  0.00000
  1.45000  0.00000  0.00000  0.00000
  0.00000  0.00000  0.00000  0.00000
57823.00000
  0.00000
  1.45000  0.00000  0.00000  0.00000
  0.00000  0.00000  0.00000  0.00000
  1.00000  0.00000
