    0 s    2    4.958012       0.3096422        3229.534        6.400639        536.9066      -0.4629840E-02
    0 s    3    5.354479       0.4681638        2136.005        6.654197        446.7775       0.9484122E-03
    0 s    4    5.732439       0.6444133        1551.799        7.413035        393.8528       0.1012572E-02
    0 s    5    6.074269       0.8345824        1198.204        7.759755        370.2155       0.6534854E-03
    0 s    6    6.335921        1.028811        971.9958        7.750928        358.5592       0.3616043E-03
    0 s    7    6.506630        1.219074        820.2950        7.446162        351.8751       0.1329151E-03
    0 s    8    6.586506        1.398578        715.0122        6.900077        347.4169      -0.1967226E-04
    0 s    9    6.585707        1.562926        639.8254        6.260869        343.9000      -0.7874465E-04
    0 s   10    6.527902        1.712283        584.0157        5.719933        340.3097      -0.7227934E-04
    0 s   11    6.440665        1.850296        540.4542        5.348999        335.8725      -0.4658449E-04
    0 s   12    6.343422        1.980825        504.8401        5.109158        330.3051      -0.2534644E-04
    0 s   13    6.245936        2.106415        474.7404        4.944876        323.6682      -0.1253526E-04
    0 s   14    6.152089        2.228451        448.7422        4.820090        316.1587      -0.5832538E-05
    0 s   15    6.063051        2.347661        425.9558        4.716362        308.0126      -0.2599249E-05
    0 s   16    5.978933        2.464451        405.7699        4.625235        299.4690      -0.1121024E-05
    0 s   17    5.899491        2.579082        387.7349        4.543065        290.7509      -0.4710492E-06
    0 s   18    5.824405        2.691757        371.5046        4.468331        282.0516      -0.1937532E-06
    0 s   19    5.753368        2.802653        356.8048        4.400363        273.5281      -0.7819947E-07
    0 s   20    5.686106        2.911933        343.4145        4.338787        265.2986      -0.3095547E-07
    0 s   21    5.622384        3.019754        331.1528        4.283286        257.4449      -0.1192327E-07
    0 s   22    5.561993        3.126263        319.8708        4.233520        250.0170      -0.4326541E-08
    0 s   23    5.504743        3.231599        309.4444        4.189097        243.0394      -0.1315038E-08
    0 s   24    5.450458        3.335889        299.7701        4.149583        236.5170      -0.1452507E-09
    0 s   25    5.398975        3.439252        290.7609        4.114511        230.4404       0.3233214E-09
    0 s   26    5.350133        3.541791        282.3430        4.083397        224.7904       0.2054137E-09
    1 s    2    10.98567       0.6860869        1457.541        11.07305        330.4645      -0.1289787E-02
    1 s    3    10.88666       0.9518648        1050.569        10.17764        299.9500      -0.5623027E-04
    1 s    4    10.61698        1.193510        837.8645        9.081292        285.5498       0.3768234E-05
    1 s    5    10.16810        1.397060        715.7890        6.930236        310.8715       0.2788807E-05
    1 s    6    9.496252        1.541978        648.5178        5.122284        371.2895      -0.1118813E-04
    1 s    7    8.909165        1.669209        599.0860        5.275975        388.3208      -0.6844346E-04
    1 s    8    8.521325        1.809417        552.6643        6.048633        389.7701      -0.2583757E-03
    1 s    9    8.305167        1.970990        507.3591        6.944614        387.7301      -0.6160642E-03
    1 s   10    8.209403        2.153344        464.3940        7.696105        385.1531      -0.1097594E-02
    1 s   11    8.185051        2.351428        425.2734        8.216867        383.0673      -0.1630981E-02
    1 s   12    8.197866        2.559902        390.6399        8.549997        381.5397      -0.2167669E-02
    1 s   13    8.228199        2.774924        360.3702        8.759738        380.0007      -0.2681540E-02
    1 s   14    8.265558        2.994006        334.0006        8.887653        377.0761      -0.3150490E-02
    1 s   15    8.303838        3.215312        311.0118        8.940423        368.6006      -0.3526278E-02
    1 s   16    8.336369        3.436160        291.0225        8.804222        334.9860      -0.3564833E-02
    1 s   17    8.334262        3.643491        274.4620        7.574587        218.8232      -0.1728430E-02
    1 s   18    8.257132        3.816045        262.0514        6.522898        172.9137      -0.2492742E-03
    1 s   19    8.162088        3.976019        251.5079        6.305480        167.0090      -0.5643689E-04
    1 s   20    8.069546        4.132525        241.9828        6.209628        165.1069      -0.1769552E-04
    1 s   21    7.981998        4.287090        233.2585        6.144337        164.1192      -0.6483120E-05
    1 s   22    7.899655        4.440206        225.2148        6.092120        163.5039      -0.2579216E-05
    1 s   23    7.822266        4.592117        217.7645        6.047267        163.0835      -0.1075610E-05
    1 s   24    7.749463        4.742968        210.8384        6.007034        162.7677      -0.4614181E-06
    1 s   25    7.680852        4.892852        204.3798        5.969695        162.4962      -0.2014173E-06
    1 s   26    7.616042        5.041825        198.3409        5.933974        162.2228      -0.8889016E-07
    2 s    1    10.87271       0.4074193        2454.474        13.00711        428.6088      -0.9484108E-06
    2 s    2    15.16683       0.9472122        1055.730        19.75018        96.63362      -0.8054843E-01
    2 s    3    14.29887        1.250208        799.8671        5.965779        453.9750      -0.2573944E-02
    2 s    4    12.30194        1.382925        723.1052        5.027958        418.3264      -0.1670225E-03
    2 s    5    11.05234        1.518551        658.5227        6.260953        326.4924      -0.5522185E-04
    2 s    6    10.46504        1.699287        588.4820        7.868132        255.2865      -0.2474171E-04
    2 s    7    10.13609        1.899085        526.5695        7.999165        230.9995      -0.1669959E-04
    2 s    8    9.875785        2.097023        476.8666        7.811902        217.1121      -0.1695421E-04
    2 s    9    9.647686        2.289598        436.7578        7.584671        206.7210      -0.2118475E-04
    2 s   10    9.441709        2.476581        403.7825        7.366971        198.3561      -0.2876964E-04
    2 s   11    9.253471        2.658368        376.1707        7.169508        191.5060      -0.4028613E-04
    2 s   12    9.080451        2.835502        352.6712        6.995062        185.9346      -0.5742573E-04
    2 s   13    8.921023        3.008576        332.3832        6.845456        181.5481      -0.8431002E-04
    2 s   14    8.774195        3.178248        314.6387        6.725369        178.4469      -0.1325634E-03
    2 s   15    8.639859        3.345422        298.9160        6.654562        177.4024      -0.2446083E-03
    2 s   16    8.521166        3.512331        284.7112        6.760564        183.8523      -0.6613614E-03
    2 s   17    8.444868        3.691845        270.8673        7.954510        255.6178      -0.2918571E-02
    2 s   18    8.449931        3.905147        256.0723        8.970515        365.0488      -0.4779158E-02
    2 s   19    8.478219        4.130016        242.1298        9.150597        389.9332      -0.5318560E-02
    2 s   20    8.508513        4.357326        229.4985        9.207794        397.3627      -0.5666698E-02
    2 s   21    8.537623        4.585513        218.0781        9.231496        400.5495      -0.5945253E-02
    2 s   22    8.564612        4.813963        207.7291        9.232451        400.9059      -0.6154458E-02
    2 s   23    8.588394        5.041878        198.3388        9.174178        392.8950      -0.6174797E-02
    2 s   24    8.598647        5.262701        190.0165        8.228174        299.3513      -0.3859656E-02
    2 s   25    8.540271        5.440319        183.8127        6.616281        217.1345      -0.2056398E-03
    2 s   26    8.465079        5.603888        178.4475        6.494711        211.3199      -0.3008136E-04
    3 s    1    25.33873       0.9494860        1053.201        6.362289        977.2930       0.5361868E-04
    3 s    2    17.87208        1.116163        895.9264        6.997191        391.7901      -0.3099060E-02
    3 s    3    16.31621        1.426592        700.9712        16.57552        91.54007      -0.6765970E-01
    3 s    4    16.34843        1.837812        544.1254        15.80812        90.45514      -0.6515947E-01
    3 s    5    16.24690        2.232266        447.9754        15.27553        90.04452      -0.6245967E-01
    3 s    6    16.10670        2.615366        382.3557        12.41864        111.5541      -0.4420716E-01
    3 s    7    14.69524        2.753281        363.2030        5.208812        293.0597      -0.1556263E-03
    3 s    8    13.56477        2.880341        347.1811        4.995133        284.9951      -0.1454269E-03
    3 s    9    12.65960        3.004390        332.8463        4.966274        279.1376      -0.1346402E-03
    3 s   10    11.93150        3.129657        319.5238        5.082324        274.5713      -0.1330244E-03
    3 s   11    11.34422        3.259006        306.8420        5.282349        270.5966      -0.1394038E-03
    3 s   12    10.86858        3.393873        294.6487        5.515554        266.7823      -0.1486066E-03
    3 s   13    10.48085        3.534622        282.9157        5.747086        262.9016      -0.1560582E-03
    3 s   14    10.16194        3.680925        271.6708        5.955895        258.8632      -0.1592987E-03
    3 s   15    9.896656        3.832064        260.9560        6.131326        254.6618      -0.1579112E-03
    3 s   16    9.673106        3.987149        250.8058        6.270045        250.3411      -0.1528829E-03
    3 s   17    9.482053        4.145271        241.2387        6.373493        245.9687      -0.1459500E-03
    3 s   18    9.316419        4.305596        232.2559        6.445891        241.6200      -0.1391918E-03
    3 s   19    9.170836        4.467413        223.8432        6.492830        237.3737      -0.1350231E-03
    3 s   20    9.041268        4.630157        215.9754        6.520473        233.3201      -0.1368768E-03
    3 s   21    8.924728        4.793425        208.6191        6.535692        229.5982      -0.1518310E-03
    3 s   22    8.819119        4.957015        201.7343        6.549379        226.5728      -0.2023372E-03
    3 s   23    8.723591        5.121247        195.2649        6.606817        226.2375      -0.4156961E-03
    3 s   24    8.647114        5.292365        188.9514        7.540842        271.5847      -0.2947172E-02
    3 s   25    8.643801        5.506270        181.6112        9.135237        404.6205      -0.6782509E-02
    3 s   26    8.661104        5.733656        174.4088        9.233550        417.1417      -0.7127756E-02
    4 s    1    38.25119        1.433338        697.6719        11.41417        354.7430       0.9034698E-05
    4 s    2    27.83867        1.738605        575.1737        12.68359        431.6104      -0.2755527E-04
    4 s    3    23.55526        2.059531        485.5474        12.86758        485.4675      -0.8621177E-05
    4 s    4    20.73872        2.331347        428.9366        6.207497        376.3727      -0.2136027E-04
    4 s    5    18.02830        2.477022        403.7105        5.781452        319.2136      -0.8453122E-04
    4 s    6    16.13788        2.620429        381.6169        8.100545        181.8066      -0.1711623E-01
    4 s    7    15.98613        2.995139        333.8743        14.76517        89.07979      -0.5877640E-01
    4 s    8    15.86913        3.369649        296.7668        14.63976        88.67186      -0.5741380E-01
    4 s    9    15.72017        3.730725        268.0444        8.029238        384.9620      -0.1011851E-03
    4 s   10    14.93630        3.917823        255.2438        6.999037        345.6016      -0.1181720E-03
    4 s   11    14.21415        4.083489        244.8886        6.317945        316.0362      -0.1333661E-03
    4 s   12    13.56550        4.236023        236.0705        5.933498        297.0134      -0.1411254E-03
    4 s   13    12.99261        4.381702        228.2218        5.756001        285.1851      -0.1463649E-03
    4 s   14    12.49163        4.524802        221.0042        5.717253        277.9410      -0.1501088E-03
    4 s   15    12.05597        4.668167        214.2169        5.769708        273.6736      -0.1516802E-03
    4 s   16    11.67822        4.813636        207.7432        5.879952        271.4036      -0.1503090E-03
    4 s   17    11.35105        4.962343        201.5177        6.024181        270.5078      -0.1456859E-03
    4 s   18    11.06761        5.114910        195.5069        6.185227        270.5652      -0.1379939E-03
    4 s   19    10.82168        5.271593        189.6960        6.350594        271.2725      -0.1277696E-03
    4 s   20    10.60776        5.432380        184.0814        6.511174        272.3984      -0.1157405E-03
    4 s   21    10.42099        5.597062        178.6652        6.660419        273.7591      -0.1026869E-03
    4 s   22    10.25714        5.765295        173.4517        6.793763        275.2038      -0.8934055E-04
    4 s   23    10.11254        5.936639        168.4455        6.908184        276.6078      -0.7631954E-04
    4 s   24    9.984008        6.110595        163.6502        7.001828        277.8663      -0.6409525E-04
    4 s   25    9.868816        6.286628        159.0678        7.073681        278.8901      -0.5298633E-04
    4 s   26    9.764621        6.464185        154.6985        7.123289        279.6019      -0.4317146E-04
    5 s    1    45.31369        1.697983        588.9342        27.01863        88.59503      -0.3908476E-04
    5 s    2    33.95396        2.120523        471.5818        3.555514        355.6398      -0.1379041E-03
    5 s    3    25.35428        2.216828        451.0951        4.475225        314.4691      -0.9845345E-04
    5 s    4    21.27580        2.391724        418.1085        12.01637        381.0549      -0.1236058E-04
    5 s    5    19.65645        2.700724        370.2710        12.19994        444.7097      -0.6845344E-05
    5 s    6    18.45192        2.996177        333.7586        11.39569        448.0741      -0.1307463E-04
    5 s    7    17.44749        3.268938        305.9098        10.40139        441.1134      -0.2702443E-04
    5 s    8    16.55308        3.514879        284.5048        9.251294        421.4731      -0.5388896E-04
    5 s    9    15.76631        3.741677        267.2599        14.55767        88.33644      -0.5624549E-01
    5 s   10    15.67696        4.112101        243.1847        14.50801        88.03472      -0.5525927E-01
    5 s   11    15.54595        4.466092        223.9094        9.056782        298.7895      -0.4632548E-04
    5 s   12    15.02775        4.692633        213.1000        9.032934        311.8149      -0.3887333E-04
    5 s   13    14.57860        4.916570        203.3938        8.859030        322.5789      -0.3918936E-04
    5 s   14    14.17542        5.134716        194.7527        8.574528        331.2724      -0.4644797E-04
    5 s   15    13.80280        5.344554        187.1064        8.199520        336.9886      -0.6096554E-04
    5 s   16    13.45070        5.544230        180.3677        7.773039        337.7225      -0.8182231E-04
    5 s   17    13.11470        5.733356        174.4179        7.371401        332.5678      -0.1045493E-03
    5 s   18    12.79564        5.913524        169.1039        7.065110        323.5973      -0.1228859E-03
    5 s   19    12.49647        6.087437        164.2728        6.868977        313.8476      -0.1331627E-03
    5 s   20    12.21908        6.257560        159.8067        6.755687        304.9672      -0.1352068E-03
    5 s   21    11.96349        6.425530        155.6292        6.690599        297.2796      -0.1305400E-03
    5 s   22    11.72831        6.592202        151.6944        6.647369        290.5744      -0.1210251E-03
    5 s   23    11.51149        6.757900        147.9750        6.609531        284.5562      -0.1083944E-03
    5 s   24    11.31079        6.922637        144.4536        6.568432        278.9975      -0.9414711E-04
    5 s   25    11.12413        7.086286        141.1177        6.521217        273.7700      -0.7952805E-04
    5 s   26    10.94969        7.248701        137.9558        6.469273        268.8364      -0.6550959E-04
    6 s    1    52.96879        1.984833        503.8208        9.411802        720.5193       0.4122512E-03
    6 s    2    38.07092        2.377639        420.5853        26.00247        85.79296      -0.1120980E-03
    6 s    3    32.56636        2.847409        351.1965        13.04636        407.1457      -0.6488457E-03
    6 s    4    27.95529        3.142599        318.2079        10.17311        385.8749      -0.4769186E-03
    6 s    5    24.32590        3.342289        299.1961        6.321982        285.7443      -0.6325741E-04
    6 s    6    21.50255        3.491531        286.4073        5.991629        265.3434      -0.8764425E-05
    6 s    7    19.47971        3.649693        273.9956        6.710699        261.2837      -0.5922126E-04
    6 s    8    18.02694        3.827837        261.2441        7.541828        261.7761      -0.9255786E-04
    6 s    9    16.96601        4.026390        248.3614        8.317047        269.4833      -0.8564860E-04
    6 s   10    16.17088        4.241656        235.7570        8.846797        283.6649      -0.6297315E-04
    6 s   11    15.59962        4.481511        223.1390        14.47617        87.79991      -0.5439111E-01
    6 s   12    15.53260        4.850280        206.1737        14.45649        87.61059      -0.5362988E-01
    6 s   13    15.47431        5.218643        191.6207        14.44418        87.45867      -0.5295834E-01
    6 s   14    15.09393        5.467427        182.9014        6.617163        246.6383      -0.1653044E-03
    6 s   15    14.55594        5.636177        177.4252        6.899517        241.9969      -0.1537815E-03
    6 s   16    14.10228        5.812807        172.0339        7.237400        239.8693      -0.1349548E-03
    6 s   17    13.71979        5.997884        166.7255        7.558405        240.6654      -0.1121125E-03
    6 s   18    13.39385        6.189986        161.5512        7.788774        243.5693      -0.9065415E-04
    6 s   19    13.11030        6.386455        156.5814        7.907228        247.1766      -0.7390685E-04
    6 s   20    12.85787        6.584691        151.8674        7.933977        250.4968      -0.6219784E-04
    6 s   21    12.62860        6.782757        147.4327        7.897492        253.1413      -0.5453933E-04
    6 s   22    12.41711        6.979362        143.2796        7.819952        255.0638      -0.4983770E-04
    6 s   23    12.21973        7.173682        139.3984        7.716613        256.3310      -0.4721417E-04
    6 s   24    12.03391        7.365215        135.7734        7.598767        257.0125      -0.4595440E-04
    6 s   25    11.85792        7.553724        132.3850        7.476273        257.1507      -0.4539277E-04
    6 s   26    11.69064        7.739210        129.2122        7.358485        256.7750      -0.4485528E-04
    7 s    1    60.52450        2.267958        440.9253        6.444456        253.3821       0.2456734E-03
    7 s    2    40.66159        2.539434        393.7885        13.49717        378.6144       0.4428324E-04
    7 s    3    34.75860        3.039085        329.0464        24.61390        86.15942      -0.5420016E-03
    7 s    4    30.51295        3.430119        291.5351        6.399586        302.7283      -0.9512511E-04
    7 s    5    26.63191        3.659128        273.2892        11.39049        447.6710      -0.1893450E-03
    7 s    6    24.39949        3.961928        252.4023        12.30973        503.7291      -0.6323495E-04
    7 s    7    22.70917        4.254759        235.0309        10.80632        448.5228       0.1437697E-04
    7 s    8    21.15616        4.492295        222.6034        8.225241        355.9788      -0.4200271E-05
    7 s    9    19.70168        4.675623        213.8752        6.689493        303.4763      -0.6876961E-04
    7 s   10    18.43590        4.835775        206.7921        6.237733        280.8409      -0.1223667E-03
    7 s   11    17.37206        4.990701        200.3726        6.193775        268.7762      -0.1530168E-03
    7 s   12    16.48076        5.146354        194.3123        6.274150        260.1537      -0.1664850E-03
    7 s   13    15.72968        5.304766        188.5097        6.413061        252.8729      -0.1695305E-03
    7 s   14    15.42333        5.586741        178.9952        14.43617        87.33636      -0.5236314E-01
    7 s   15    15.37845        5.954658        167.9358        14.43056        87.23710      -0.5183330E-01
    7 s   16    15.33869        6.322440        158.1668        14.42618        87.15556      -0.5135970E-01
    7 s   17    15.30323        6.690114        149.4743        14.42237        87.08750      -0.5093462E-01
    7 s   18    14.81864        6.848454        146.0184        5.560757        215.8741      -0.1565088E-03
    7 s   19    14.34390        6.987383        143.1151        5.563723        213.3499      -0.1520174E-03
    7 s   20    13.91676        7.126963        140.3122        5.611568        211.5693      -0.1463421E-03
    7 s   21    13.53258        7.268279        137.5841        5.700929        210.3685      -0.1395480E-03
    7 s   22    13.18739        7.412315        134.9106        5.827121        209.6403      -0.1316262E-03
    7 s   23    12.87766        7.559920        132.2765        5.984180        209.3260      -0.1225654E-03
    7 s   24    12.60015        7.711772        129.6719        6.164235        209.4056      -0.1124298E-03
    7 s   25    12.35177        7.868321        127.0919        6.356904        209.8815      -0.1014388E-03
    7 s   26    12.12949        8.029728        124.5372        6.549667        210.7546      -0.9000551E-04
    8 s    1    76.97174        2.884265        346.7088        14.62903        950.5357      -0.1470091E-03
    8 s    2    51.80399        3.235309        309.0895        11.44363        742.6527       0.1359888E-02
    8 s    3    38.02056        3.324292        300.8160        2.736176        253.6173      -0.1615596E-06
    8 s    4    32.46107        3.649117        274.0389        23.82891        85.89203      -0.1050935E-02
    8 s    5    30.37456        4.173353        239.6155        12.98012        387.7585      -0.1108300E-02
    8 s    6    27.40263        4.449572        224.7407        9.920049        473.0543      -0.5184446E-03
    8 s    7    24.97053        4.678446        213.7462        8.879091        354.8097      -0.5967401E-04
    8 s    8    23.15815        4.917398        203.3596        10.40862        371.9913       0.2740903E-06
    8 s    9    21.88395        5.193522        192.5476        11.46278        430.6749       0.1320769E-05
    8 s   10    20.89692        5.481306        182.4383        11.40785        483.6427       0.7418487E-06
    8 s   11    20.02369        5.752472        173.8383        9.855123        464.6430      -0.1537416E-04
    8 s   12    19.08462        5.959447        167.8008        7.058165        304.1212      -0.8180279E-04
    8 s   13    18.15873        6.123952        163.2932        6.272420        258.0320      -0.1272092E-03
    8 s   14    17.32841        6.276813        159.3165        5.989746        240.7166      -0.1489714E-03
    8 s   15    16.59121        6.424249        155.6602        5.817407        230.8546      -0.1580832E-03
    8 s   16    15.93439        6.567979        152.2538        5.690717        224.1774      -0.1605853E-03
    8 s   17    15.34650        6.709031        149.0528        5.603815        219.3725      -0.1595746E-03
    8 s   18    15.27139        7.057695        141.6893        14.41880        87.02968      -0.5055155E-01
    8 s   19    15.24265        7.425191        134.6767        14.41527        86.97960      -0.5020497E-01
    8 s   20    15.21656        7.792609        128.3267        14.41170        86.93539      -0.4989020E-01
    8 s   21    15.13226        8.127456        123.0397        5.808379        245.5112      -0.2049046E-03
    8 s   22    14.71498        8.270938        120.9053        5.684365        240.5046      -0.1905134E-03
    8 s   23    14.32892        8.411897        118.8792        5.605404        236.8458      -0.1739074E-03
    8 s   24    13.97212        8.551473        116.9389        5.571834        234.2980      -0.1570103E-03
    8 s   25    13.64285        8.690763        115.0647        5.580301        232.6754      -0.1409100E-03
    8 s   26    13.33949        8.830752        113.2406        5.625341        231.8189      -0.1261092E-03
    9 s    1    87.13895        3.265247        306.2555       0.4067671        215.3893      -0.1958911E-04
    9 s    2    52.72121        3.292592        303.7121        3.646908        235.9793       0.4396662E-03
    9 s    3    40.97648        3.582739        279.1160        12.77434        657.9659       0.8468740E-03
    9 s    4    34.64373        3.894482        256.7735        12.25290        564.3596      -0.5996943E-03
    9 s    5    30.98610        4.257377        234.8864        21.69406        90.86165      -0.1414378E-02
    9 s    6    28.86467        4.686973        213.3573        6.923132        274.4010      -0.5335252E-03
    9 s    7    26.15455        4.900282        204.0699        9.923462        382.5418      -0.5506909E-03
    9 s    8    24.30736        5.161420        193.7451        10.62977        423.5322      -0.2003723E-03
    9 s    9    22.83019        5.418083        184.5671        9.738598        365.3115       0.3259293E-04
    9 s   10    21.51803        5.644226        177.1722        8.425177        292.6389       0.5189871E-04
    9 s   11    20.37094        5.852230        170.8750        8.740815        266.2896      -0.6749444E-05
    9 s   12    19.53649        6.100552        163.9196        10.84206        346.1759      -0.7439302E-05
    9 s   13    18.91324        6.378408        156.7789        11.24675        405.3397      -0.2359243E-05
    9 s   14    18.38647        6.660072        150.1485        11.26220        434.0893      -0.1214727E-05
    9 s   15    17.92502        6.940712        144.0774        11.17317        451.6567      -0.1603304E-05
    9 s   16    17.50978        7.217340        138.5552        10.90130        462.9876      -0.6224249E-05
    9 s   17    17.10115        7.476114        133.7593        9.294364        409.9146      -0.6152773E-04
    9 s   18    16.59360        7.668756        130.3993        6.691191        286.8423      -0.1863027E-03
    9 s   19    16.07054        7.828485        127.7386        6.198101        262.5609      -0.2129110E-03
    9 s   20    15.58318        7.980358        125.3077        5.974745        252.3189      -0.2140465E-03
    9 s   21    15.19276        8.159955        122.5497        14.40807        86.89562      -0.4960328E-01
    9 s   22    15.17096        8.527233        117.2713        14.40436        86.85921      -0.4934087E-01
    9 s   23    15.15091        8.894449        112.4297        14.40056        86.82534      -0.4910012E-01
    9 s   24    15.13240        9.261610        107.9726        14.39667        86.79338      -0.4887865E-01
    9 s   25    14.86345        9.468310        105.6155        7.293038        297.2058      -0.2080751E-03
    9 s   26    14.56931        9.644894        103.6818        6.880819        280.6296      -0.2234810E-03
   10 s    1    92.49438        3.465925        288.5233        25.19007        91.91470       0.1235647E-03
   10 s    2    64.71373        4.041560        247.4292        15.83878        519.1086      -0.1836954E-02
   10 s    3    49.74221        4.349163        229.9293        8.479782        386.7352       0.1186350E-02
   10 s    4    39.74699        4.468166        223.8055        3.238821        236.6264       0.2965113E-03
   10 s    5    33.16276        4.556443        219.4695        4.141879        237.5588      -0.1391897E-03
   10 s    6    29.73615        4.828481        207.1045        22.56600        83.57734      -0.1878831E-02
   10 s    7    28.77918        5.392029        185.4590        22.24320        83.17351      -0.2176773E-02
   10 s    8    27.24404        5.784994        172.8610        7.066788        252.6584      -0.7156689E-03
   10 s    9    25.17041        5.973467        167.4070        8.255861        263.2480      -0.4608944E-03
   10 s   10    23.63378        6.199191        161.3114        9.684725        300.0251      -0.1752668E-03
   10 s   11    22.43509        6.445225        155.1536        9.733807        319.7037       0.5257463E-04
   10 s   12    21.37550        6.674809        149.8170        8.533851        304.2011       0.1129888E-03
   10 s   13    20.37763        6.872265        145.5124        7.347195        282.3965       0.4545638E-04
   10 s   14    19.45544        7.047281        141.8987        6.741435        269.0612      -0.4649495E-04
   10 s   15    18.62787        7.212858        138.6413        6.553252        261.3209      -0.1194773E-03
   10 s   16    17.89773        7.377249        135.5519        6.661407        255.7641      -0.1666268E-03
   10 s   17    17.28246        7.555375        132.3561        8.090926        271.7176      -0.1453237E-03
   10 s   18    16.86552        7.794425        128.2968        10.45232        369.2263      -0.4008813E-04
   10 s   19    16.54453        8.059380        124.0790        10.62926        402.9021      -0.2146946E-04
   10 s   20    16.25307        8.323419        120.1429        10.46895        409.8597      -0.2040275E-04
   10 s   21    15.97817        8.581791        116.5258        10.17981        406.6115      -0.2718733E-04
   10 s   22    15.71143        8.831016        113.2373        9.722046        393.4766      -0.4637335E-04
   10 s   23    15.44213        9.065412        110.3094        8.975939        365.1556      -0.9042447E-04
   10 s   24    15.15883        9.277784        107.7844        8.019194        326.3506      -0.1579649E-03
   10 s   25    15.11527        9.628720        103.8560        14.39266        86.76282      -0.4867442E-01
   10 s   26    14.96077        9.904040        100.9689        9.225250        353.3742      -0.8423223E-04
   11 s    1    98.38395        3.686617        271.2514        15.44452        558.9923      -0.1952829E-02
   11 s    2    65.59999        4.096909        244.0865        23.09528        91.81016      -0.1115002E-03
   11 s    3    51.49543        4.502454        222.1011        6.542864        300.8043       0.2833517E-03
   11 s    4    42.32392        4.757852        210.1789        11.85059        627.0504       0.2054449E-02
   11 s    5    36.81057        5.057639        197.7207        11.99226        692.5840       0.1215436E-02
   11 s    6    32.95268        5.350774        186.8889        11.25056        581.2884      -0.1495010E-03
   11 s    7    29.89293        5.600700        178.5491        8.433252        330.4401      -0.8627959E-03
   11 s    8    28.00572        5.946730        168.1596        21.83775        82.92732      -0.2365861E-02
   11 s    9    27.09799        6.430922        155.4987        13.19772        610.3100      -0.7821506E-03
   11 s   10    25.78573        6.763652        147.8491        13.40429        653.8860      -0.6033671E-03
   11 s   11    24.55000        7.052804        141.7876        7.618180        293.4925      -0.3730730E-03
   11 s   12    23.26910        7.266114        137.6251        9.393629        334.3806      -0.2288530E-03
   11 s   13    22.27531        7.512249        133.1159        10.03951        362.1601       0.1651108E-04
   11 s   14    21.40549        7.753640        128.9717        9.051544        340.5579       0.1631514E-03
   11 s   15    20.55571        7.959333        125.6387        7.422260        300.0067       0.1385275E-03
   11 s   16    19.72374        8.129911        123.0026        6.345045        275.1318       0.4178945E-04
   11 s   17    18.94544        8.282381        120.7382        5.933474        264.7143      -0.4667103E-04
   11 s   18    18.24045        8.429849        118.6261        5.905858        261.6558      -0.1158448E-03
   11 s   19    17.61168        8.579220        116.5607        6.067210        262.0873      -0.1711099E-03
   11 s   20    17.05453        8.733860        114.4969        6.321307        264.2313      -0.2150437E-03
   11 s   21    16.56246        8.895612        112.4150        6.640135        267.6514      -0.2453594E-03
   11 s   22    16.13039        9.066506        110.2961        7.069594        273.8088      -0.2542044E-03
   11 s   23    15.75784        9.250755        108.0993        7.727033        287.6934      -0.2274029E-03
   11 s   24    15.44687        9.454075        105.7745        8.536918        313.3220      -0.1659230E-03
   11 s   25    15.18776        9.674897        103.3603        9.062706        338.8635      -0.1116675E-03
   11 s   26    15.09936        9.995785        100.0422        14.38853        86.73326      -0.4848572E-01
   12 s    1    117.1343        4.389224        227.8307        1.766518        231.0504       0.6110639E-03
   12 s    2    70.79375        4.421274        226.1791        1.629823        221.3443      -0.1169872E-03
   12 s    3    53.96509        4.718386        211.9369        24.84640        86.32692       0.2594435E-04
   12 s    4    47.41005        5.329610        187.6310        23.80141        88.27668      -0.9152914E-04
   12 s    5    40.55551        5.572179        179.4630        3.101673        188.4476       0.1594858E-04
   12 s    6    34.91275        5.669046        176.3965        4.900132        207.5175       0.5424199E-04
   12 s    7    31.16452        5.838943        171.2639        9.076783        303.4615      -0.1536167E-03
   12 s    8    28.78448        6.112092        163.6101        12.22677        501.7059      -0.6607269E-03
   12 s    9    27.35522        6.491968        154.0365        21.49607        82.98279      -0.2500225E-02
   12 s   10    26.24850        6.885038        145.2425        5.946454        267.1341      -0.4552488E-03
   12 s   11    24.70737        7.098015        140.8845        13.29855        627.6759      -0.4230091E-03
   12 s   12    23.78322        7.426653        134.6502        12.97424        598.4866      -0.1829991E-03
   12 s   13    22.96520        7.744911        129.1170        12.48233        562.4390      -0.5520705E-04
   12 s   14    22.22296        8.049750        124.2275        11.89892        533.8210      -0.3345933E-05
   12 s   15    21.53650        8.339104        119.9170        11.24970        510.0802       0.2039423E-04
   12 s   16    20.89450        8.612486        116.1105        10.63367        484.8388       0.4176491E-04
   12 s   17    20.29146        8.870820        112.7291        10.01889        452.6209       0.5262886E-04
   12 s   18    19.71636        9.111941        109.7461        9.222716        407.8157       0.4476727E-04
   12 s   19    19.15223        9.329676        107.1849        8.157144        354.4543       0.1315899E-04
   12 s   20    18.58933        9.519852        105.0437        7.088576        310.0343      -0.3727693E-04
   12 s   21    18.03606        9.687072        103.2304        6.353045        283.1110      -0.8837878E-04
   12 s   22    17.50738        9.840481        101.6211        5.970386        268.9272      -0.1301538E-03
   12 s   23    17.01283        9.987506        100.1251        5.826561        261.9121      -0.1631099E-03
   12 s   24    16.55754        10.13385        98.67918        5.828067        258.8844      -0.1899087E-03
   12 s   25    16.13869        10.28066        97.27001        5.938882        258.6779      -0.2115552E-03
   12 s   26    15.75711        10.43121        95.86612        6.125695        260.4601      -0.2282044E-03
   13 s    1    119.2366        4.468002        223.8137        12.81571        603.1408       0.4744813E-02
   13 s    2    77.05455        4.812279        207.8017        14.37636        867.9112      -0.6403851E-04
   13 s    3    59.30876        5.185605        192.8415        15.32036        970.0900      -0.3214389E-02
   13 s    4    48.98754        5.506944        181.5889        2.192036        182.3750      -0.2355802E-05
   13 s    5    42.80349        5.881043        170.0379        17.70182        196.7780       0.1340577E-03
   13 s    6    38.36132        6.229016        160.5390        11.75004        681.6062       0.1853940E-02
   13 s    7    34.54779        6.472828        154.4920        7.633119        410.7763       0.1109908E-02
   13 s    8    31.20467        6.625995        150.9207        5.148607        288.2969       0.7049499E-04
   13 s    9    28.44233        6.749962        148.1490        5.012938        263.4543      -0.3173011E-03
   13 s   10    26.79708        7.028932        142.2691        21.23815        82.73149      -0.2606562E-02
   13 s   11    26.31224        7.559068        132.2914        20.97906        82.71617      -0.2675518E-02
   13 s   12    25.53862        7.974802        125.3950        6.114373        278.6211      -0.7638626E-03
   13 s   13    24.10917        8.130711        122.9905        6.659467        283.9852      -0.5779336E-03
   13 s   14    22.96209        8.317485        120.2287        8.450397        322.8792      -0.3404033E-03
   13 s   15    22.09099        8.553806        116.9070        10.37797        386.2423      -0.4123224E-04
   13 s   16    21.41333        8.826341        113.2972        11.21156        430.9677       0.1972592E-03
   13 s   17    20.82468        9.103932        109.8426        10.83459        422.4031       0.2795545E-03
   13 s   18    20.26169        9.363967        106.7923        9.965371        388.9777       0.2066153E-03
   13 s   19    19.72125        9.606863        104.0922        9.587506        378.6037       0.9103850E-04
   13 s   20    19.23216        9.849050        101.5326        9.845954        396.9160       0.2422099E-04
   13 s   21    18.81315        10.10445        98.96632        10.24964        424.4325      -0.1264051E-05
   13 s   22    18.43986        10.36460        96.48223        10.53750        445.8700      -0.1049159E-04
   13 s   23    18.10693        10.62981        94.07510        10.63980        456.8360      -0.1840350E-04
   13 s   24    17.79824        10.89320        91.80036        10.31419        443.6545      -0.3687716E-04
   13 s   25    17.47850        11.13414        89.81382        8.656119        367.4709      -0.9450306E-04
   13 s   26    17.10365        11.32263        88.31874        6.676804        296.6054      -0.1609187E-03
   14 s    1    133.5072        5.002746        199.8902        28.32666        90.96711      -0.2915796E-03
   14 s    2    86.91482        5.428082        184.2272        1.052151        177.6566       0.6091406E-05
   14 s    3    62.45239        5.460465        183.1346        1.554553        179.4287      -0.9239211E-06
   14 s    4    49.53260        5.568217        179.5907        15.20881        739.2759      -0.1688089E-02
   14 s    5    43.45985        5.971225        167.4698        19.42632        130.3155       0.5568159E-03
   14 s    6    40.14751        6.519052        153.3965        22.12562        87.91311      -0.8055139E-04
   14 s    7    36.27994        6.797362        147.1159        8.293838        292.9427       0.1023864E-02
   14 s    8    33.15322        7.039750        142.0505        10.65121        416.4294       0.1332988E-02
   14 s    9    30.81748        7.313635        136.7309        11.04359        474.0339       0.5913761E-03
   14 s   10    28.90613        7.582139        131.8889        10.19578        432.0336      -0.3338654E-03
   14 s   11    27.17806        7.807804        128.0770        7.687358        325.8643      -0.8424384E-03
   14 s   12    25.88511        8.083001        123.7164        20.74278        82.70538      -0.2721822E-02
   14 s   13    25.50457        8.601303        116.2615        20.53127        82.69211      -0.2751783E-02
   14 s   14    24.80438        8.984811        111.2989        11.43454        456.7062      -0.1138941E-02
   14 s   15    23.85326        9.236171        108.2700        8.704073        344.9804      -0.8984400E-03
   14 s   16    22.88691        9.433733        106.0026        7.534776        310.7545      -0.5156309E-03
   14 s   17    22.02031        9.626623        103.8786        8.118391        327.3880      -0.1598004E-03
   14 s   18    21.30047        9.844043        101.5843        9.287240        372.3126       0.1894702E-03
   14 s   19    20.71542        10.09116        99.09667        9.907805        409.5860       0.4333272E-03
   14 s   20    20.18175        10.33535        96.75530        9.442786        394.8418       0.4520882E-03
   14 s   21    19.65847        10.55846        94.71075        8.337610        350.0965       0.2973720E-03
   14 s   22    19.13207        10.75368        92.99146        7.320884        313.2178       0.1129215E-03
   14 s   23    18.61628        10.92882        91.50119        6.769000        293.1662      -0.1438308E-04
   14 s   24    18.13227        11.09765        90.10919        6.882970        290.1666      -0.7517636E-04
   14 s   25    17.71589        11.28537        88.61032        8.454801        328.7758      -0.6196157E-04
   14 s   26    17.40792        11.52405        86.77502        10.39268        410.1712      -0.2036675E-04
   15 s    1    141.7874        5.313021        188.2168        17.81967        595.1152      -0.2482754E-03
   15 s    2    90.35166        5.642722        177.2194        21.96729        150.3319       0.1487069E-02
   15 s    3    69.26485        6.056106        165.1226        13.78181        830.1760       0.3243812E-02
   15 s    4    56.61981        6.364928        157.1110        10.30603        517.4761       0.4257386E-03
   15 s    5    47.56044        6.534631        153.0308        4.297094        242.1423      -0.5864805E-03
   15 s    6    40.90916        6.642728        150.5406        5.306925        220.5690       0.3890834E-04
   15 s    7    37.83671        7.089035        141.0629        22.31371        85.88826      -0.1744617E-03
   15 s    8    36.00549        7.645399        130.7976        21.99487        86.55531      -0.3185449E-03
   15 s    9    33.02882        7.838431        127.5765        3.536289        249.6798       0.1758233E-04
   15 s   10    30.29014        7.945169        125.8626        5.259126        275.7925       0.7079254E-04
   15 s   11    28.25779        8.117992        123.1832        8.792991        367.3749      -0.1252655E-03
   15 s   12    26.82878        8.377674        119.3649        11.62460        493.4682      -0.6576176E-03
   15 s   13    25.74351        8.681887        115.1823        12.47450        532.1174      -0.1030378E-02
   15 s   14    25.16257        9.114558        109.7146        20.34075        82.66995      -0.2768168E-02
   15 s   15    24.76788        9.590319        104.2718        11.55294        426.8626      -0.5043428E-04
   15 s   16    24.03285        9.906080        100.9481        13.28709        522.5616      -0.8411402E-04
   15 s   17    23.41464        10.23618        97.69266        12.10331        487.3323      -0.7982064E-06
   15 s   18    22.68700        10.48483        95.37591        8.201363        346.1695      -0.2598868E-03
   15 s   19    21.92318        10.67950        93.63738        7.741103        330.6482      -0.1828126E-03
   15 s   20    21.24683        10.88079        91.90509        8.476103        356.5309       0.1093189E-03
   15 s   21    20.67645        11.10521        90.04778        9.443039        404.3304       0.4335600E-03
   15 s   22    20.19133        11.34906        88.11300        9.908614        441.2536       0.6205148E-03
   15 s   23    19.75018        11.59449        86.24790        9.553667        431.4774       0.5836786E-03
   15 s   24    19.31671        11.82257        84.58399        8.596130        385.8197       0.3788341E-03
   15 s   25    18.87599        12.02437        83.16444        7.550969        340.2554       0.1455251E-03
   15 s   26    18.43351        12.20300        81.94709        6.786165        309.6805      -0.2268530E-04
   16 s    1    144.3296        5.408279        184.9017       0.6728331        176.1593      -0.4802407E-05
   16 s    2    92.00083        5.745718        174.0427        18.48335        167.6688       0.2208880E-02
   16 s    3    72.23050        6.315404        158.3430        24.42828        87.08943       0.1350686E-05
   16 s    4    58.53002        6.579664        151.9834        4.962606        241.7738       0.4632185E-03
   16 s    5    49.49269        6.800115        147.0563        11.85461        540.0477      -0.7430654E-03
   16 s    6    43.85774        7.121510        140.4197        13.49874        779.4092      -0.1847781E-02
   16 s    7    39.84377        7.465075        133.9571        13.87268        873.9510      -0.1299447E-02
   16 s    8    36.52610        7.755945        128.9333        3.999460        277.1565       0.2496389E-04
   16 s    9    34.32279        8.145519        122.7669        13.98485        491.5180       0.1047473E-02
   16 s   10    32.27154        8.464894        118.1350        12.05450        747.7379       0.1685109E-02
   16 s   11    30.45036        8.747880        114.3134        10.45053        586.2481       0.1188314E-02
   16 s   12    28.75970        8.980631        111.3507        8.097022        400.5252       0.2866319E-03
   16 s   13    27.16741        9.162090        109.1454        6.815002        317.2205      -0.5544792E-04
   16 s   14    25.79566        9.343880        107.0219        8.198900        328.3004      -0.6512482E-05
   16 s   15    24.85299        9.623274        103.9147        20.17034        82.64424      -0.2773484E-02
   16 s   16    24.57113        10.12795        98.73663        20.01869        82.61397      -0.2769604E-02
   16 s   17    23.72741        10.37292        96.40490        9.250941        356.7980      -0.1127986E-02
   16 s   18    23.04490        10.65023        93.89467        12.60824        478.8887      -0.5284819E-03
   16 s   19    22.52237        10.97138        91.14624        12.83375        521.2730      -0.2120689E-03
   16 s   20    22.03763        11.28577        88.60714        12.28771        518.7019      -0.9064813E-04
   16 s   21    21.56774        11.58392        86.32653        11.54172        502.1291      -0.3279019E-04
   16 s   22    21.10156        11.86068        84.31220        10.56130        470.4674       0.2982547E-04
   16 s   23    20.63184        12.11207        82.56225        9.632973        435.0292       0.1901540E-03
   16 s   24    20.17809        12.34977        80.97319        9.499552        430.5949       0.4305135E-03
   16 s   25    19.76492        12.59064        79.42410        9.722131        441.5551       0.5717296E-03
   16 s   26    19.38648        12.83386        77.91887        9.615246        431.2678       0.5279575E-03
   17 s    1    163.5569        6.128759        163.1652        14.53285        754.0238       0.1096951E-02
   17 s    2    103.2135        6.445983        155.1354        5.875399        280.9066      -0.1481688E-03
   17 s    3    74.39395        6.504564        153.7382        1.957104        205.6648       0.1000031E-03
   17 s    4    61.61063        6.925971        144.3841        24.07209        85.94831      -0.1476255E-05
   17 s    5    54.68487        7.513501        133.0937        21.42809        98.57213       0.2670796E-03
   17 s    6    47.12698        7.652361        130.6786        2.101015        239.8225       0.3850526E-04
   17 s    7    41.12778        7.705645        129.7750        2.294897        232.3468      -0.7969258E-04
   17 s    8    36.84523        7.823709        127.8166        12.53372        512.4895      -0.3122962E-05
   17 s    9    34.57232        8.204738        121.8808        20.90297        90.43796      -0.1859246E-03
   17 s   10    33.33958        8.745042        114.3505        21.59494        83.78759      -0.5093397E-03
   17 s   11    31.63158        9.087225        110.0446        5.534734        266.6700       0.5595823E-03
   17 s   12    29.62288        9.250171        108.1061        7.646898        324.7969       0.8650072E-03
   17 s   13    28.06784        9.465755        105.6440        9.324842        410.7059       0.4201855E-03
   17 s   14    26.78998        9.704049        103.0498        9.574285        434.2141      -0.3539752E-03
   17 s   15    25.66515        9.937748        100.6264        9.082709        402.4286      -0.9421434E-03
   17 s   16    24.64801        10.15964        98.42867        8.422227        358.6755      -0.1193296E-02
   17 s   17    24.31326        10.62903        94.08195        19.88483        82.58006      -0.2757553E-02
   17 s   18    24.07641        11.12694        89.87193        19.76712        82.54516      -0.2738783E-02
   17 s   19    23.63562        11.51368        86.85321        8.497294        370.7431      -0.1299697E-02
   17 s   20    22.86185        11.70787        85.41264        7.290239        327.4557      -0.8445773E-03
   17 s   21    22.13090        11.88639        84.12980        7.209406        315.6775      -0.4357260E-03
   17 s   22    21.48362        12.07543        82.81280        8.076473        329.4873      -0.1168719E-03
   17 s   23    20.94194        12.29412        81.33972        9.408065        368.5934       0.8680924E-04
   17 s   24    20.49025        12.54082        79.73963        10.19185        407.9596       0.1692931E-03
   17 s   25    20.09198        12.79898        78.13122        10.38508        429.2814       0.2000866E-03
   17 s   26    19.72542        13.05824        76.57998        10.31364        436.3985       0.1951431E-03
   18 s    1    172.4321        6.461330        154.7669       0.7951923        199.1456       0.1349509E-04
   18 s    2    104.5067        6.526744        153.2158        9.652522        366.6962       0.3087464E-04
   18 s    3    78.61056        6.873240        145.4918        15.08307        882.3551      -0.6622847E-03
   18 s    4    64.54561        7.255908        137.8187        15.19808        1018.690       0.5585084E-03
   18 s    5    55.17756        7.581196        131.9053        8.433139        247.6285       0.7803101E-03
   18 s    6    49.24080        7.995599        125.0688        14.07502        397.8101       0.2148967E-02
   18 s    7    44.40856        8.320329        120.1876        12.23825        640.9082       0.9763998E-03
   18 s    8    40.52987        8.606106        116.1966        10.42682        520.5815      -0.7207612E-03
   18 s    9    37.17519        8.822454        113.3472        6.709791        319.3099      -0.7693187E-03
   18 s   10    34.16156        8.960651        111.5990        4.907390        260.1628       0.1067219E-04
   18 s   11    32.32281        9.285804        107.6913        21.46749        83.38128      -0.6239055E-03
   18 s   12    31.45789        9.823182        101.8000        21.35317        83.17811      -0.7286745E-03
   18 s   13    30.23605        10.19697        98.06831        8.607591        368.6389       0.1105314E-02
   18 s   14    28.68442        10.39027        96.24393        7.238269        313.7711       0.8321901E-03
   18 s   15    27.31296        10.57579        94.55554        7.804626        328.0169       0.3643190E-03
   18 s   16    26.16874        10.78647        92.70874        9.093826        373.3222      -0.2493852E-03
   18 s   17    25.22539        11.02779        90.68002        10.13245        422.9975      -0.9337142E-03
   18 s   18    24.41165        11.28188        88.63773        10.00481        426.7658      -0.1401055E-02
   18 s   19    23.85815        11.62208        86.04312        19.66410        82.51044      -0.2714422E-02
   18 s   20    23.65644        12.11478        82.54377        19.57424        82.47726      -0.2685502E-02
   18 s   21    23.22221        12.47253        80.17620        11.86396        478.4707      -0.1393479E-02
   18 s   22    22.67904        12.74734        78.44771        10.02399        399.2905      -0.1233601E-02
   18 s   23    22.09394        12.97040        77.09860        8.025089        331.3958      -0.7531035E-03
   18 s   24    21.49617        13.15648        76.00816        7.078030        303.8330      -0.2945352E-03
   18 s   25    20.92666        13.33069        75.01486        6.977111        300.4914       0.6655193E-04
   18 s   26    20.40729        13.50964        74.02121        7.393996        313.4105       0.3740760E-03
   19 s    1    173.5887        6.504671        153.7357        30.16978        86.21575      -0.3718375E-05
   19 s    2    115.2317        7.196550        138.9555        24.83420        98.97041       0.3513987E-04
   19 s    3    86.62719        7.574166        132.0277        1.852081        236.8994       0.3111164E-03
   19 s    4    67.68930        7.609306        131.4180        1.578025        223.0049      -0.7672054E-04
   19 s    5    56.09422        7.707141        129.7498        9.915964        326.0753       0.1157927E-02
   19 s    6    50.10052        8.135198        122.9226        22.47637        93.78228       0.2232973E-03
   19 s    7    46.50214        8.712578        114.7766        22.89209        87.90901      -0.1725136E-04
   19 s    8    42.02806        8.924230        112.0545        4.917316        263.6464       0.2052493E-03
   19 s    9    38.32026        9.094202        109.9602        8.962986        396.8792      -0.7498194E-03
   19 s   10    35.66951        9.356189        106.8811        11.49802        583.5171      -0.1223941E-02
   19 s   11    33.59740        9.651972        103.6058        11.95192        628.1677      -0.4789793E-03
   19 s   12    31.84260        9.943311        100.5701        11.09554        525.8397       0.5976107E-03
   19 s   13    30.71413        10.35820        96.54183        21.25654        82.87834      -0.8197138E-03
   19 s   14    29.63539        10.73473        93.15558        10.78720        572.7048       0.6001535E-03
   19 s   15    28.42150        11.00503        90.86753        10.53186        570.4833       0.5074407E-03
   19 s   16    27.29219        11.24954        88.89250        8.889404        447.6537       0.1273329E-03
   19 s   17    26.19835        11.45314        87.31233        7.659970        364.3023       0.1973550E-06
   19 s   18    25.20632        11.64914        85.84328        8.358772        357.6767      -0.6180976E-04
   19 s   19    24.39617        11.88417        84.14556        10.55779        414.5374      -0.5014170E-03
   19 s   20    23.76459        12.17017        82.16812        12.10574        483.2939      -0.1098381E-02
   19 s   21    23.46955        12.60537        79.33125        19.49599        82.44667      -0.2652980E-02
   19 s   22    23.29598        13.09411        76.37019        19.42784        82.41943      -0.2617714E-02
   19 s   23    22.88660        13.43574        74.42833        11.84487        466.1006      -0.1001767E-06
   19 s   24    22.44141        13.73500        72.80667        11.87268        485.4273      -0.1577945E-04
   19 s   25    21.99657        14.01224        71.36616        9.910915        405.1290      -0.3035368E-03
   19 s   26    21.49515        14.22980        70.27505        7.835241        326.6816      -0.3563894E-03
   20 s    1    185.6881        6.958057        143.7183        16.98069        902.5930      -0.1660827E-02
   20 s    2    118.4703        7.398811        135.1569        17.42127        376.2838       0.2350325E-02
   20 s    3    88.64116        7.750255        129.0280        16.50120        275.1723       0.2855158E-02
   20 s    4    72.19124        8.115393        123.2226        13.43610        713.5184       0.1239153E-02
   20 s    5    61.42725        8.439881        118.4851        12.55361        684.3258      -0.1296690E-02
   20 s    6    53.65107        8.711728        114.7878        7.397576        326.3102      -0.4004902E-03
   20 s    7    47.11761        8.827892        113.2773        3.950280        230.1066       0.3301364E-03
   20 s    8    43.79321        9.299043        107.5379        23.05006        88.92078       0.2473646E-04
   20 s    9    41.40339        9.825894        101.7719        15.87481        316.4938       0.1589077E-02
   20 s   10    38.46255        10.08881        99.11972        3.304490        239.7746       0.9052477E-05
   20 s   11    35.43736        10.18056        98.22640        4.127239        255.0236      -0.3852335E-04
   20 s   12    32.99170        10.30213        97.06727        5.808954        294.0793      -0.6367330E-04
   20 s   13    31.08676        10.48387        95.38460        8.857829        414.8142       0.1925780E-03
   20 s   14    30.06611        10.89075        91.82105        21.17444        82.70530      -0.9008262E-03
   20 s   15    29.33169        11.35746        88.04783        7.079738        336.6609       0.6856514E-03
   20 s   16    28.02933        11.55338        86.55474        8.751445        383.2497       0.1014206E-02
   20 s   17    26.98144        11.79548        84.77821        10.43776        469.9869       0.7771055E-03
   20 s   18    26.10921        12.06641        82.87471        11.09425        524.4711       0.2460403E-03
   20 s   19    25.34211        12.34496        81.00469        11.14553        530.1720      -0.2276225E-03
   20 s   20    24.64344        12.62024        79.23778        10.86561        496.4216      -0.4648890E-03
   20 s   21    23.99248        12.88624        77.60216        10.48138        441.2715      -0.3293481E-03
   20 s   22    23.39678        13.15077        76.04118        10.89499        426.6743      -0.5418942E-04
   20 s   23    23.13445        13.58124        73.63095        19.36839        82.39599      -0.2580470E-02
   20 s   24    22.62512        13.84744        72.21552        10.20390        413.1253      -0.1777928E-02
   20 s   25    22.14448        14.10646        70.88950        10.96105        425.4814      -0.9403203E-03
   20 s   26    21.74472        14.39502        69.46848        11.93020        484.0967      -0.2657870E-03
