    0 s    2    4.926412       0.3076686        3250.250        6.222542        515.2296       0.1732207E-03
    0 s    3    5.296239       0.4630716        2159.493        6.501301        419.2341      -0.1653891E-04
    0 s    4    5.670205       0.6374172        1568.831        7.290812        373.0817       0.1271215E-02
    0 s    5    6.012598       0.8261090        1210.494        7.642697        354.1424       0.2173177E-02
    0 s    6    6.271107        1.018287        982.0417        7.591213        344.4476       0.2516008E-02
    0 s    7    6.427890        1.204321        830.3435        7.172611        337.0689       0.2295225E-02
    0 s    8    6.479410        1.375837        726.8304        6.480266        329.6775       0.1632992E-02
    0 s    9    6.443331        1.529138        653.9634        5.786508        322.3300       0.9086174E-03
    0 s   10    6.357291        1.667531        599.6890        5.315390        315.4158       0.4266114E-03
    0 s   11    6.254893        1.796926        556.5059        5.057781        308.7691       0.1842439E-03
    0 s   12    6.153576        1.921543        520.4151        4.920693        302.1327       0.7678072E-04
    0 s   13    6.059347        2.043488        489.3593        4.836593        295.3725       0.3145258E-04
    0 s   14    5.973072        2.163606        462.1913        4.770890        288.4429       0.1273705E-04
    0 s   15    5.893837        2.282140        438.1852        4.708173        281.3474       0.5104894E-05
    0 s   16    5.820332        2.399077        416.8269        4.642455        274.1199       0.2024567E-05
    0 s   17    5.751347        2.514318        397.7222        4.572174        266.8160       0.7942524E-06
    0 s   18    5.685908        2.627750        380.5537        4.497785        259.5051       0.3082177E-06
    0 s   19    5.623291        2.739288        365.0584        4.420610        252.2624       0.1184225E-06
    0 s   20    5.562986        2.848881        351.0150        4.342264        245.1619       0.4518407E-07
    0 s   21    5.504653        2.956521        338.2354        4.264351        238.2707       0.1721373E-07
    0 s   22    5.448082        3.062236        326.5587        4.188311        231.6442       0.6585747E-08
    0 s   23    5.393154        3.166090        315.8470        4.115340        225.3247       0.2567543E-08
    0 s   24    5.339812        3.268170        305.9817        4.046358        219.3402       0.9642000E-09
    0 s   25    5.288041        3.368585        296.8606        3.982015        213.7059       0.4879504E-09
    0 s   26    5.237845        3.467457        288.3958        3.922716        208.4257       0.3652306E-09
    1 s    2    10.69322       0.6678225        1497.404        10.77490        307.0440       0.3172741E-03
    1 s    3    10.57591       0.9246950        1081.438        9.756593        280.7436       0.4763788E-04
    1 s    4    10.27116        1.154635        866.0748        8.553206        270.9959       0.9396845E-04
    1 s    5    9.793208        1.345551        743.1899        6.507853        297.7084       0.4639790E-03
    1 s    6    9.149117        1.485611        673.1238        4.995605        348.3664       0.1476527E-02
    1 s    7    8.608650        1.612905        619.9993        5.277444        366.3264       0.2875646E-02
    1 s    8    8.277212        1.757582        568.9636        6.224035        372.1260       0.4547857E-02
    1 s    9    8.122268        1.927585        518.7840        7.207380        375.3972       0.6146257E-02
    1 s   10    8.079140        2.119176        471.8816        7.918535        377.4984       0.7378631E-02
    1 s   11    8.092771        2.324918        430.1227        8.349033        378.6808       0.8256491E-02
    1 s   12    8.130633        2.538908        393.8702        8.592861        378.5930       0.8885216E-02
    1 s   13    8.176267        2.757410        362.6592        8.718700        375.3853       0.9306621E-02
    1 s   14    8.220632        2.977733        335.8259        8.735587        361.6429       0.9386833E-02
    1 s   15    8.252004        3.195241        312.9654        8.408016        300.1157       0.7972241E-02
    1 s   16    8.221849        3.388956        295.0761        6.915149        183.6230       0.2091007E-02
    1 s   17    8.126662        3.552734        281.4733        6.314910        162.1483       0.3270844E-03
    1 s   18    8.024148        3.708371        269.6602        6.139701        158.3781       0.8363093E-04
    1 s   19    7.925432        3.860736        259.0180        6.039054        157.0055       0.2763377E-04
    1 s   20    7.832181        4.010967        249.3164        5.966410        156.4183       0.1038406E-04
    1 s   21    7.744636        4.159604        240.4075        5.910653        156.2511       0.4187352E-05
    1 s   22    7.662674        4.307005        232.1799        5.867125        156.3557       0.1759247E-05
    1 s   23    7.586037        4.453438        224.5456        5.832801        156.6424       0.7574889E-06
    1 s   24    7.514398        4.599099        217.4339        5.805227        157.0447       0.3310023E-06
    1 s   25    7.447390        4.744132        210.7867        5.782279        157.5089       0.1458819E-06
    1 s   26    7.384628        4.888628        204.5564        5.762139        157.9914       0.6457527E-07
    2 s    1    10.56873       0.3960285        2525.071        12.68641        394.7585      -0.7955360E-05
    2 s    2    14.79901       0.9242408        1081.969        19.73726        94.95889       0.2156357E-01
    2 s    3    14.06361        1.229638        813.2474        5.792220        405.5548       0.1412865E-02
    2 s    4    12.07018        1.356871        736.9896        4.752023        371.2791       0.6243732E-03
    2 s    5    10.82218        1.486928        672.5275        5.926880        290.7727       0.5566055E-03
    2 s    6    10.20582        1.657195        603.4292        7.394758        234.0092       0.3571000E-03
    2 s    7    9.856669        1.846732        541.4970        7.626424        212.5919       0.2572402E-03
    2 s    8    9.590745        2.036497        491.0393        7.509932        200.3925       0.2278824E-03
    2 s    9    9.364132        2.222305        449.9832        7.330131        191.4099       0.2266087E-03
    2 s   10    9.163156        2.403515        416.0572        7.146944        184.2799       0.2425000E-03
    2 s   11    8.981649        2.580278        387.5552        6.975431        178.5543       0.2771809E-03
    2 s   12    8.816142        2.752968        363.2444        6.821375        174.1032       0.3441638E-03
    2 s   13    8.664662        2.922119        342.2174        6.693250        171.1407       0.4873649E-03
    2 s   14    8.527058        3.088728        323.7578        6.626239        171.1507       0.8850431E-03
    2 s   15    8.410392        3.256570        307.0715        6.879633        186.6681       0.2705388E-02
    2 s   16    8.360777        3.446221        290.1729        8.289006        302.6646       0.8963830E-02
    2 s   17    8.380456        3.663686        272.9492        8.804893        381.0623       0.1107895E-01
    2 s   18    8.411070        3.887188        257.2554        8.897916        399.3887       0.1161933E-01
    2 s   19    8.441155        4.111961        243.1929        8.921484        406.2098       0.1193038E-01
    2 s   20    8.468833        4.337005        230.5739        8.922433        409.5569       0.1215571E-01
    2 s   21    8.493617        4.561878        219.2080        8.908199        410.3448       0.1229557E-01
    2 s   22    8.514982        4.786067        208.9398        8.862853        405.0744       0.1222149E-01
    2 s   23    8.528981        5.006999        199.7204        8.538755        356.4182       0.1045559E-01
    2 s   24    8.491630        5.197203        192.4112        6.703301        216.7740       0.1085313E-02
    2 s   25    8.415866        5.361070        186.5299        6.484779        205.6579       0.1153659E-03
    2 s   26    8.343066        5.523115        181.0572        6.474419        202.7222       0.2601697E-04
    3 s    1    24.93076       0.9341990        1070.436        6.181981        793.1136      -0.3600535E-03
    3 s    2    17.59830        1.099065        909.8644        6.841548        365.8252       0.1213517E-02
    3 s    3    15.92085        1.392024        718.3783        16.43362        90.97736       0.1945444E-01
    3 s    4    15.95414        1.793488        557.5727        15.90886        89.88746       0.1985954E-01
    3 s    5    15.88931        2.183134        458.0571        15.56659        89.79659       0.1967228E-01
    3 s    6    15.66134        2.543050        393.2286        5.734149        261.3537       0.7436325E-03
    3 s    7    14.31376        2.681808        372.8828        5.424956        260.3594       0.4837626E-03
    3 s    8    13.26320        2.816306        355.0751        5.308814        256.0011       0.4729150E-03
    3 s    9    12.42727        2.949251        339.0691        5.304155        253.0422       0.4917557E-03
    3 s   10    11.75429        3.083174        324.3411        5.385222        250.7705       0.5183943E-03
    3 s   11    11.20748        3.219723        310.5857        5.512333        248.6325       0.5359292E-03
    3 s   12    10.75891        3.359624        297.6523        5.652938        246.2989       0.5361801E-03
    3 s   13    10.38690        3.502937        285.4747        5.786228        243.6249       0.5182154E-03
    3 s   14    10.07473        3.649338        274.0223        5.901815        240.5923       0.4857256E-03
    3 s   15    9.809568        3.798342        263.2727        5.996955        237.2615       0.4446424E-03
    3 s   16    9.581682        3.949465        253.1989        6.073669        233.7353       0.4013894E-03
    3 s   17    9.383761        4.102301        243.7656        6.136224        230.1325       0.3619001E-03
    3 s   18    9.210318        4.256561        234.9314        6.189248        226.5716       0.3315326E-03
    3 s   19    9.057214        4.412063        226.6513        6.236720        223.1694       0.3162378E-03
    3 s   20    8.921296        4.568718        218.8798        6.282046        220.0662       0.3265079E-03
    3 s   21    8.800179        4.726531        211.5717        6.330218        217.5410       0.3921166E-03
    3 s   22    8.692368        4.885771        204.6760        6.401495        216.7322       0.6487788E-03
    3 s   23    8.600255        5.048841        198.0653        6.745007        231.2068       0.2562736E-02
    3 s   24    8.566572        5.243070        190.7279        8.595155        390.1267       0.1210311E-01
    3 s   25    8.577356        5.463942        183.0180        8.823714        424.2621       0.1322787E-01
    3 s   26    8.590367        5.686829        175.8449        8.839450        429.6670       0.1344817E-01
    4 s    1    36.80755        1.379243        725.0355        11.83006        357.7477      -0.1333036E-03
    4 s    2    27.11146        1.693189        590.6016        13.02554        441.7384      -0.3790343E-04
    4 s    3    23.16474        2.025387        493.7329        13.46994        499.5575       0.4103836E-04
    4 s    4    20.12685        2.262564        441.9765        5.286797        287.1798       0.4623951E-03
    4 s    5    17.47683        2.401252        416.4494        5.672499        274.3510       0.5766711E-03
    4 s    6    15.81059        2.567285        389.5166        15.26743        90.27767       0.1919438E-01
    4 s    7    15.73167        2.947464        339.2747        15.27598        89.60605       0.1910740E-01
    4 s    8    15.66105        3.325464        300.7099        15.18445        89.56081       0.1880506E-01
    4 s    9    15.59679        3.701446        270.1647        15.10318        89.55029       0.1850972E-01
    4 s   10    14.68617        3.852215        259.5909        5.384138        277.2526       0.3628943E-03
    4 s   11    13.86999        3.984617        250.9652        5.212947        266.0652       0.3528604E-03
    4 s   12    13.17791        4.114993        243.0138        5.211165        260.5050       0.3525943E-03
    4 s   13    12.59251        4.246770        235.4731        5.320323        257.8198       0.3574744E-03
    4 s   14    12.09799        4.382217        228.1950        5.501571        256.8481       0.3614616E-03
    4 s   15    11.68037        4.522732        221.1053        5.723236        256.9402       0.3601027E-03
    4 s   16    11.32731        4.668992        214.1790        5.959341        257.6637       0.3509543E-03
    4 s   17    11.02795        4.821093        207.4218        6.189328        258.7012       0.3333928E-03
    4 s   18    10.77284        4.978682        200.8564        6.397885        259.8131       0.3082459E-03
    4 s   19    10.55377        5.141085        194.5115        6.574656        260.8219       0.2773274E-03
    4 s   20    10.36377        5.307428        188.4152        6.713679        261.6043       0.2429370E-03
    4 s   21    10.19696        5.476733        182.5906        6.812629        262.0824       0.2074144E-03
    4 s   22    10.04847        5.648001        177.0538        6.872019        262.2149       0.1728151E-03
    4 s   23    9.914325        5.820275        171.8132        6.894516        261.9897       0.1407268E-03
    4 s   24    9.791357        5.992686        166.8701        6.884425        261.4175       0.1122093E-03
    4 s   25    9.677076        6.164486        162.2195        6.847281        260.5272       0.8781692E-04
    4 s   26    9.569599        6.335080        157.8512        6.789452        259.3621       0.6767427E-04
    5 s    1    44.78532        1.678184        595.8823        25.37704        88.72698      -0.4987839E-05
    5 s    2    32.99183        2.060435        485.3343        2.903373        306.6122      -0.3792462E-03
    5 s    3    24.53699        2.145369        466.1204        4.096504        278.3803       0.1428491E-03
    5 s    4    21.04387        2.365651        422.7167        13.51503        474.1643       0.8370077E-04
    5 s    5    19.65166        2.700066        370.3613        13.14258        499.6303       0.5420368E-04
    5 s    6    18.59332        3.019136        331.2205        12.31235        507.9797       0.5253290E-04
    5 s    7    17.67016        3.310658        302.0548        10.82702        505.1553       0.1032233E-03
    5 s    8    16.69768        3.545583        282.0410        7.751773        392.9918       0.2876795E-03
    5 s    9    15.64064        3.711853        269.4072        5.911568        303.6231       0.3795916E-03
    5 s   10    15.53827        4.075721        245.3554        15.04165        89.48455       0.1825250E-01
    5 s   11    15.45501        4.439965        225.2270        9.911092        377.1947       0.2499031E-04
    5 s   12    15.00344        4.685040        213.4453        9.688108        389.0878       0.2464032E-04
    5 s   13    14.60089        4.924085        203.0834        9.418398        399.7027       0.3171148E-04
    5 s   14    14.23048        5.154662        193.9991        8.975046        407.0058       0.5295482E-04
    5 s   15    13.86531        5.368758        186.2628        8.030257        389.6465       0.1065378E-03
    5 s   16    13.47086        5.552542        180.0977        6.694169        330.5056       0.1760899E-03
    5 s   17    13.05998        5.709435        175.1487        5.961219        288.9406       0.2003256E-03
    5 s   18    12.66895        5.854973        170.7950        5.715556        270.2168       0.1962086E-03
    5 s   19    12.31101        5.997095        166.7474        5.659956        261.0160       0.1838095E-03
    5 s   20    11.98751        6.138969        162.8938        5.687042        256.0055       0.1689942E-03
    5 s   21    11.69645        6.282103        159.1824        5.757671        253.1686       0.1534174E-03
    5 s   22    11.43500        6.427340        155.5854        5.853985        251.6122       0.1376667E-03
    5 s   23    11.20025        6.575186        152.0869        5.965702        250.8760       0.1220397E-03
    5 s   24    10.98940        6.725933        148.6783        6.085493        250.6889       0.1067535E-03
    5 s   25    10.79983        6.879705        145.3551        6.207177        250.8702       0.9201000E-04
    5 s   26    10.62911        7.036477        142.1166        6.325055        251.2846       0.7801692E-04
    6 s    1    52.13005        1.953403        511.9271        7.797385        605.4348      -0.8708415E-04
    6 s    2    37.55537        2.345441        426.3590        25.98596        85.69097       0.1155202E-05
    6 s    3    31.89818        2.788987        358.5531        11.44265        343.4881      -0.7486730E-03
    6 s    4    26.96059        3.030780        329.9480        7.907218        287.6149      -0.1522278E-03
    6 s    5    23.28888        3.199808        312.5188        5.995152        249.9586       0.3263175E-03
    6 s    6    20.60809        3.346290        298.8384        5.855118        240.8236       0.4837019E-03
    6 s    7    18.68245        3.500320        285.6882        6.612120        238.1883       0.4453937E-03
    6 s    8    17.39051        3.692697        270.8048        8.952033        270.0666       0.2114566E-03
    6 s    9    16.58456        3.935865        254.0737        10.11879        329.9044       0.6787145E-04
    6 s   10    15.97240        4.189594        238.6866        10.10617        360.6986       0.3397751E-04
    6 s   11    15.48487        4.448546        224.7926        14.98695        89.45088       0.1800996E-01
    6 s   12    15.43618        4.820169        207.4616        14.94178        89.41969       0.1778962E-01
    6 s   13    15.39177        5.190807        192.6483        14.90483        89.39154       0.1758962E-01
    6 s   14    14.78256        5.354640        186.7539        6.247265        237.8367       0.2717876E-03
    6 s   15    14.25200        5.518486        181.2091        6.961940        239.7366       0.1793092E-03
    6 s   16    13.84676        5.707482        175.2086        8.117809        264.6145       0.7998486E-04
    6 s   17    13.54031        5.919418        168.9355        8.716439        294.0229       0.3185684E-04
    6 s   18    13.28522        6.139782        162.8722        8.863000        311.5042       0.1562420E-04
    6 s   19    13.05881        6.361371        157.1988        8.842677        320.2625       0.9756996E-05
    6 s   20    12.85154        6.581449        151.9422        8.750187        324.0604       0.7651567E-05
    6 s   21    12.65810        6.798600        147.0891        8.610001        324.8338       0.7477249E-05
    6 s   22    12.47455        7.011645        142.6199        8.419657        323.3783       0.8990538E-05
    6 s   23    12.29710        7.219103        138.5214        8.157731        319.5473       0.1288181E-04
    6 s   24    12.12139        7.418756        134.7935        7.789153        312.0678       0.2057026E-04
    6 s   25    11.94272        7.607744        131.4450        7.311649        299.4744       0.3248506E-04
    6 s   26    11.75912        7.784546        128.4596        6.842673        283.9776       0.4431162E-04
    7 s    1    59.22145        2.219131        450.6269        7.252627        232.1301       0.2377376E-03
    7 s    2    40.04393        2.500859        399.8626        13.29826        343.7597      -0.6305747E-03
    7 s    3    34.35660        3.003936        332.8965        24.37697        85.73846       0.2666545E-04
    7 s    4    30.30293        3.406510        293.5556        9.141753        346.0112      -0.2317567E-03
    7 s    5    26.71284        3.670247        272.4612        11.53042        472.4286      -0.1396584E-03
    7 s    6    24.40644        3.963056        252.3305        11.46869        485.4413       0.1617574E-03
    7 s    7    22.54738        4.224447        236.7174        9.100501        389.5948       0.4619268E-03
    7 s    8    20.82158        4.421251        226.1803        6.902381        314.2407       0.6066239E-03
    7 s    9    19.31717        4.584369        218.1325        6.270887        286.6426       0.6154837E-03
    7 s   10    18.07129        4.740137        210.9643        6.179988        273.6679       0.5664287E-03
    7 s   11    17.03837        4.894838        204.2968        6.152304        263.7993       0.4938475E-03
    7 s   12    16.16733        5.048482        198.0793        6.099260        254.3535       0.4169683E-03
    7 s   13    15.42175        5.200918        192.2738        6.076562        245.2112       0.3444161E-03
    7 s   14    15.35129        5.560647        179.8352        14.87485        89.36612       0.1740811E-01
    7 s   15    15.31437        5.929845        168.6385        14.85059        89.34341       0.1724309E-01
    7 s   16    15.28069        6.298532        158.7672        14.83097        89.32309       0.1709281E-01
    7 s   17    15.03545        6.573050        152.1364        5.802600        243.4242       0.3253129E-03
    7 s   18    14.53708        6.718330        148.8465        5.793603        241.5392       0.2871065E-03
    7 s   19    14.08945        6.863430        145.6998        5.793387        239.6832       0.2549972E-03
    7 s   20    13.68586        7.008716        142.6795        5.813156        237.9031       0.2270223E-03
    7 s   21    13.32135        7.154831        139.7657        5.864306        236.2586       0.2015181E-03
    7 s   22    12.99246        7.302753        136.9347        5.963146        234.8977       0.1770710E-03
    7 s   23    12.69722        7.453992        134.1563        6.137169        234.2338       0.1521972E-03
    7 s   24    12.43534        7.610903        131.3904        6.424486        235.2538       0.1251360E-03
    7 s   25    12.20770        7.776542        128.5919        6.829147        239.3771       0.9534077E-04
    7 s   26    12.01307        7.952658        125.7441        7.234827        246.3011       0.6709839E-04
    8 s    1    76.41299        2.863327        349.2441        13.68862        870.0449      -0.1048078E-02
    8 s    2    50.16498        3.132948        319.1882        4.188597        231.2951       0.1302221E-03
    8 s    3    37.00213        3.235246        309.0955        5.215570        254.2410      -0.4888533E-04
    8 s    4    32.09324        3.607768        277.1797        23.20055        86.88816       0.1710334E-03
    8 s    5    30.03938        4.127301        242.2891        12.67049        338.5406      -0.1683277E-03
    8 s    6    26.87173        4.363365        229.1809        8.086092        363.9455      -0.7577395E-04
    8 s    7    24.45779        4.582380        218.2272        10.06843        363.5975       0.2822425E-05
    8 s    8    22.94166        4.871428        205.2786        12.76288        448.5739       0.2907700E-05
    8 s    9    21.93330        5.205233        192.1144        13.71947        510.9935       0.1314099E-04
    8 s   10    21.15310        5.548503        180.2288        12.69680        417.2726       0.1588187E-03
    8 s   11    19.87789        5.710586        175.1134        5.760664        266.2887       0.6794752E-03
    8 s   12    18.74297        5.852762        170.8595        5.620771        255.9446       0.6264798E-03
    8 s   13    17.77411        5.994242        166.8268        5.667675        251.3916       0.5593678E-03
    8 s   14    16.94350        6.137390        162.9357        5.742010        248.9428       0.4906331E-03
    8 s   15    16.22406        6.282083        159.1829        5.790512        247.0844       0.4268877E-03
    8 s   16    15.59364        6.427529        155.5808        5.806767        245.2830       0.3715373E-03
    8 s   17    15.24992        6.666810        149.9968        14.81504        89.30482       0.1695565E-01
    8 s   18    15.22177        7.034764        142.1512        14.80200        89.28823       0.1683016E-01
    8 s   19    15.19599        7.402460        135.0902        14.79119        89.27295       0.1671506E-01
    8 s   20    15.17231        7.769948        128.7010        14.78208        89.25865       0.1660918E-01
    8 s   21    14.85318        7.977565        125.3515        5.929134        247.7707       0.2926322E-03
    8 s   22    14.45818        8.126594        123.0528        5.970923        245.4214       0.2621536E-03
    8 s   23    14.09872        8.276754        120.8203        6.021861        243.5207       0.2354490E-03
    8 s   24    13.77080        8.428260        118.6485        6.080563        242.0226       0.2112668E-03
    8 s   25    13.47100        8.581286        116.5326        6.145089        240.8901       0.1887642E-03
    8 s   26    13.19630        8.735957        114.4694        6.213421        240.0922       0.1674904E-03
    9 s    1    82.87334        3.105408        322.0189        1.505969        215.9807      -0.1211407E-04
    9 s    2    51.69774        3.228673        309.7248        11.98074        827.1468       0.2602894E-03
    9 s    3    40.57941        3.548022        281.8472        12.75298        878.0364       0.4209188E-03
    9 s    4    34.33656        3.859952        259.0706        12.19601        659.4598      -0.2383723E-05
    9 s    5    30.56792        4.199921        238.0997        20.19251        94.54445       0.2310157E-03
    9 s    6    28.30043        4.595353        217.6111        10.29105        408.1999      -0.2179474E-03
    9 s    7    25.99667        4.870701        205.3092        11.28042        554.7108      -0.2031408E-03
    9 s    8    24.22938        5.144861        194.3687        10.31794        498.6399       0.1441078E-03
    9 s    9    22.66164        5.378083        185.9399        8.183137        374.1052       0.5140362E-03
    9 s   10    21.20121        5.561124        179.8198        7.540651        359.4297       0.5249833E-03
    9 s   11    20.50990        5.892151        169.7173        13.50374        575.0955       0.1838180E-05
    9 s   12    19.93365        6.224569        160.6537        13.07674        575.8121       0.1636303E-05
    9 s   13    19.40691        6.544894        152.7909        12.52111        571.2148       0.5468972E-05
    9 s   14    18.89876        6.845636        146.0785        11.26416        527.3281       0.6219250E-04
    9 s   15    18.27864        7.077633        141.2902        7.174318        327.3053       0.4383669E-03
    9 s   16    17.56115        7.238515        138.1499        6.043396        277.3192       0.5172042E-03
    9 s   17    16.89863        7.387579        135.3624        5.887582        264.9892       0.4744608E-03
    9 s   18    16.30378        7.534816        132.7172        5.865084        258.6004       0.4205360E-03
    9 s   19    15.76970        7.681933        130.1756        5.874599        254.1396       0.3709138E-03
    9 s   20    15.28845        7.829426        127.7233        5.896984        250.6348       0.3284149E-03
    9 s   21    15.15053        8.137270        122.8913        14.77428        89.24502       0.1651152E-01
    9 s   22    15.13044        8.504458        117.5854        14.76744        89.23177       0.1642114E-01
    9 s   23    15.11188        8.871536        112.7201        14.76132        89.21866       0.1633721E-01
    9 s   24    15.07473        9.226313        108.3857        6.131966        245.3549       0.2713011E-03
    9 s   25    14.72503        9.380133        106.6083        6.154438        242.2920       0.2476947E-03
    9 s   26    14.40288        9.534717        104.8799        6.192274        240.0578       0.2256507E-03
   10 s    1    92.84913        3.479218        287.4209        22.29076        94.05195      -0.5567535E-04
   10 s    2    64.61828        4.035598        247.7947        22.42278        103.0502      -0.4231169E-03
   10 s    3    48.23353        4.217253        237.1212        2.860395        244.5261      -0.2648291E-03
   10 s    4    38.14676        4.288276        233.1939        3.256605        236.7016       0.8682309E-04
   10 s    5    32.00796        4.397778        227.3876        6.011734        266.9459       0.6390222E-04
   10 s    6    29.27118        4.752981        210.3943        21.79006        84.24036       0.4703592E-03
   10 s    7    28.27516        5.297597        188.7648        21.59036        83.31341       0.6091175E-03
   10 s    8    26.78421        5.687354        175.8287        6.535950        254.1635       0.4852965E-04
   10 s    9    24.78548        5.882115        170.0069        9.053091        308.2378       0.1109564E-05
   10 s   10    23.38076        6.132823        163.0571        10.61274        373.1498       0.2314990E-03
   10 s   11    22.26335        6.395888        156.3505        10.00721        375.3571       0.5932134E-03
   10 s   12    21.21291        6.624037        150.9653        8.126114        325.1369       0.8216477E-03
   10 s   13    20.19196        6.809650        146.8504        6.846350        287.6614       0.8381781E-03
   10 s   14    19.26924        6.979835        143.2699        7.089721        278.1018       0.7135245E-03
   10 s   15    18.59302        7.199366        138.9011        10.58693        383.0565       0.2508979E-03
   10 s   16    18.14120        7.477603        133.7327        11.29578        456.1331       0.8733051E-04
   10 s   17    17.74578        7.757925        128.9004        11.08796        466.9997       0.5470931E-04
   10 s   18    17.37756        8.031065        124.5165        10.74729        462.3038       0.4786533E-04
   10 s   19    17.02687        8.294343        120.5641        10.27625        447.0508       0.6048670E-04
   10 s   20    16.67766        8.540856        117.0843        9.276052        398.6762       0.1250693E-03
   10 s   21    16.28849        8.748464        114.3058        7.289243        303.0837       0.2684080E-03
   10 s   22    15.86356        8.916529        112.1513        6.351507        262.2809       0.3110305E-03
   10 s   23    15.45430        9.072559        110.2225        6.156288        250.4840       0.2953636E-03
   10 s   24    15.09468        9.238524        108.2424        14.75571        89.20547       0.1625901E-01
   10 s   25    15.07872        9.605439        104.1077        14.75047        89.19201       0.1618586E-01
   10 s   26    15.06387        9.972293        100.2778        14.74546        89.17810       0.1611714E-01
   11 s    1    99.14218        3.715029        269.1769        15.87772        663.8389      -0.2230249E-02
   11 s    2    65.10319        4.065882        245.9491        12.15202        308.5804      -0.2275392E-02
   11 s    3    51.13371        4.470827        223.6722        12.62512        579.8277      -0.2307508E-02
   11 s    4    42.64487        4.793932        208.5970        13.00019        782.1927      -0.1309338E-02
   11 s    5    37.21614        5.113362        195.5660        12.43506        739.5098      -0.3569227E-04
   11 s    6    33.19332        5.389849        185.5339        8.623710        376.6474       0.5939322E-03
   11 s    7    29.60047        5.545904        180.3132        5.184917        242.6969       0.2588585E-03
   11 s    8    27.48203        5.835530        171.3640        21.28125        83.12608       0.6984771E-03
   11 s    9    26.82522        6.366188        157.0799        21.06327        83.16039       0.7596484E-03
   11 s   10    25.48307        6.684263        149.6051        8.509450        389.6055       0.6853495E-06
   11 s   11    23.98686        6.891025        145.1163        8.660587        338.6175       0.2229897E-04
   11 s   12    22.83907        7.131828        140.2165        10.54820        381.5585       0.1592865E-03
   11 s   13    21.96559        7.407800        134.9928        11.13280        412.9831       0.4841223E-03
   11 s   14    21.18353        7.673242        130.3230        9.760773        369.2291       0.8041628E-03
   11 s   15    20.38206        7.892096        126.7091        7.721234        304.1845       0.8968856E-03
   11 s   16    19.57377        8.068094        123.9450        6.451871        268.1700       0.8114745E-03
   11 s   17    18.80888        8.222682        121.6148        5.954037        252.4486       0.6908440E-03
   11 s   18    18.11187        8.370426        119.4682        5.868904        245.7310       0.5803116E-03
   11 s   19    17.48910        8.519509        117.3777        6.072526        244.4894       0.4759685E-03
   11 s   20    16.94894        8.679783        115.2103        6.889229        256.7173       0.3388134E-03
   11 s   21    16.52409        8.875005        112.6760        8.741236        315.2217       0.1377012E-03
   11 s   22    16.20204        9.106775        109.8084        9.574725        367.1519       0.4903168E-04
   11 s   23    15.92377        9.348161        106.9729        9.681628        383.1465       0.2815756E-04
   11 s   24    15.66835        9.589631        104.2793        9.618349        384.6785       0.2348442E-04
   11 s   25    15.42901        9.828578        101.7441        9.482486        378.7735       0.2539114E-04
   11 s   26    15.20643        10.06666        99.33777        9.232328        364.4629       0.3444354E-04
   12 s    1    112.0347        4.198136        238.2010       0.8297307        218.9586      -0.5120891E-05
   12 s    2    67.93331        4.242632        235.7028        3.799434        248.8706      -0.4209608E-03
   12 s    3    52.96675        4.631097        215.9316        23.87451        87.69839      -0.4235138E-04
   12 s    4    46.50452        5.227815        191.2845        23.58114        86.50997      -0.1299237E-04
   12 s    5    39.65077        5.447872        183.5579        3.013526        218.9132      -0.2030946E-04
   12 s    6    34.27961        5.566237        179.6546        7.547894        316.3703       0.1012659E-03
   12 s    7    31.10041        5.826931        171.6169        12.03226        654.4871       0.5885118E-03
   12 s    8    28.89218        6.134960        163.0002        12.34675        751.5308       0.5233881E-03
   12 s    9    27.11584        6.435157        155.3964        11.37465        640.6908       0.2046555E-03
   12 s   10    26.14710        6.858439        145.8058        10.27093        380.2631       0.4558093E-03
   12 s   11    24.85967        7.141768        140.0214        11.93805        519.1038       0.1963164E-03
   12 s   12    23.84188        7.444972        134.3188        12.20390        538.9161       0.8694082E-04
   12 s   13    22.98339        7.751048        129.0148        12.27426        513.0648       0.5119564E-04
   12 s   14    22.25330        8.060740        124.0581        12.54748        491.8770       0.1570482E-04
   12 s   15    21.64141        8.379726        119.3356        12.92703        513.4995       0.5272674E-06
   12 s   16    21.05845        8.680064        115.2065        10.20263        449.5559       0.5496413E-03
   12 s   17    20.40452        8.920248        112.1045        9.001313        366.4836       0.9327935E-03
   12 s   18    19.75492        9.129765        109.5318        7.674694        303.1959       0.9642539E-03
   12 s   19    19.10816        9.308207        107.4321        6.613694        264.3243       0.8352452E-03
   12 s   20    18.48437        9.466098        105.6401        6.032696        244.8313       0.6811566E-03
   12 s   21    17.89970        9.613835        104.0168        5.780095        235.3009       0.5538263E-03
   12 s   22    17.35993        9.757602        102.4842        5.702782        230.5955       0.4567213E-03
   12 s   23    16.86486        9.900640        101.0036        5.717530        228.4596       0.3828928E-03
   12 s   24    16.41330        10.04557        99.54640        5.788851        228.0580       0.3232105E-03
   12 s   25    15.99974        10.19215        98.11475        5.922248        229.5238       0.2767175E-03
   12 s   26    15.62408        10.34315        96.68233        6.158184        234.1181       0.2342361E-03
   13 s    1    121.0436        4.535715        220.4724        15.69122        764.6434      -0.1710784E-02
   13 s    2    78.60458        4.909083        203.7040        14.41996        944.6870       0.4238938E-04
   13 s    3    60.16091        5.260112        190.1100        13.50622        961.8759      -0.4652078E-03
   13 s    4    47.93816        5.388977        185.5640        1.887189        210.0889      -0.3525282E-06
   13 s    5    42.22976        5.802215        172.3480        21.39026        101.1826      -0.4264548E-03
   13 s    6    37.96902        6.165315        162.1977        10.08600        520.2657      -0.1555681E-02
   13 s    7    33.99704        6.369640        156.9947        6.527493        347.2700      -0.2117873E-03
   13 s    8    30.66969        6.512397        153.5533        5.292109        279.0479       0.3880836E-03
   13 s    9    28.03578        6.653478        150.2973        6.386784        277.5413       0.5550012E-03
   13 s   10    26.27571        6.892176        145.0921        20.80168        83.42177       0.7951447E-03
   13 s   11    25.80463        7.413239        134.8938        20.72526        83.08536       0.8197248E-03
   13 s   12    25.29617        7.899093        126.5968        5.267582        242.5228       0.2641646E-03
   13 s   13    23.84511        8.041659        124.3524        6.277059        261.7658       0.1439617E-03
   13 s   14    22.69360        8.220230        121.6511        8.039155        308.9455       0.2001985E-03
   13 s   15    21.80500        8.443067        118.4404        9.612021        366.4617       0.4996215E-03
   13 s   16    21.14832        8.717106        114.7170        12.85127        449.7664       0.3529558E-03
   13 s   17    20.69044        9.045243        110.5553        13.12356        506.1782       0.2189433E-03
   13 s   18    20.27587        9.370521        106.7177        12.87651        515.6437       0.1504628E-03
   13 s   19    19.89145        9.689771        103.2016        12.67669        519.1092       0.7415750E-04
   13 s   20    19.54653        10.01004        99.89966        12.56848        523.7662       0.2723265E-04
   13 s   21    19.22042        10.32319        96.86928        12.44914        522.7547       0.2482137E-04
   13 s   22    18.74286        10.53491        94.92247        6.317679        262.0368       0.8927407E-03
   13 s   23    18.20350        10.68649        93.57606        5.820868        249.3698       0.6854705E-03
   13 s   24    17.69444        10.82968        92.33886        5.623635        243.9694       0.5416111E-03
   13 s   25    17.22077        10.96997        91.15799        5.580359        242.0166       0.4431886E-03
   13 s   26    16.78282        11.11024        90.00706        5.619312        241.8444       0.3745011E-03
   14 s    1    134.2192        5.029425        198.8299        28.06426        97.26213       0.3744098E-04
   14 s    2    85.32044        5.328508        187.6698       0.7806069        202.2058      -0.1228114E-04
   14 s    3    61.24092        5.354541        186.7574        1.495325        203.7935      -0.5248020E-05
   14 s    4    49.78962        5.597110        178.6636        12.96321        768.0703      -0.1782808E-02
   14 s    5    43.07563        5.918435        168.9636        13.52976        321.1305      -0.1909744E-02
   14 s    6    39.37979        6.394392        156.3870        21.59298        87.42790      -0.7165886E-05
   14 s    7    36.14909        6.772846        147.6484        10.27572        346.5308      -0.1302393E-02
   14 s    8    33.20339        7.050401        141.8359        11.65322        480.3505      -0.6806556E-03
   14 s    9    30.93516        7.341563        136.2108        11.30405        474.6140       0.2873312E-03
   14 s   10    28.96171        7.596720        131.6358        8.555044        331.9327       0.7762854E-03
   14 s   11    27.03772        7.767485        128.7418        5.547072        249.8198       0.5131698E-03
   14 s   12    25.39791        7.930864        126.0897        20.58238        83.19667       0.8302604E-03
   14 s   13    25.04184        8.445250        118.4098        20.46735        83.28378       0.8338965E-03
   14 s   14    24.72693        8.956755        111.6476        20.34531        83.45974       0.8320966E-03
   14 s   15    23.60271        9.139154        109.4193        6.187082        248.6079       0.2327034E-03
   14 s   16    22.55256        9.295920        107.5741        6.556109        253.2593       0.1814765E-03
   14 s   17    21.67466        9.475515        105.5352        7.860167        285.2103       0.3624592E-03
   14 s   18    20.96908        9.690888        103.1897        9.215266        335.2080       0.7779141E-03
   14 s   19    20.38434        9.929874        100.7062        9.582132        361.2638       0.1205058E-02
   14 s   20    19.85109        10.16602        98.36694        8.640502        331.0040       0.1337426E-02
   14 s   21    19.30049        10.36620        96.46741        7.333926        289.0099       0.1138629E-02
   14 s   22    18.92241        10.63583        94.02180        12.42101        524.9830       0.5296071E-05
   14 s   23    18.64380        10.94498        91.36612        12.29720        520.8683       0.9107393E-05
   14 s   24    18.38093        11.24983        88.89020        12.07511        508.1410       0.1873435E-04
   14 s   25    18.12717        11.54736        86.59986        11.68711        481.3390       0.3903643E-04
   14 s   26    17.87016        11.83006        84.53043        10.75509        417.4485       0.1052160E-03
   15 s    1    141.7297        5.310858        188.2935        1.980038        218.0658      -0.2497876E-03
   15 s    2    90.50845        5.652514        176.9124        21.30723        155.3622      -0.1415588E-02
   15 s    3    69.43014        6.070558        164.7295        13.55850        743.3035      -0.2070583E-02
   15 s    4    56.26231        6.324739        158.1093        6.375112        315.7579      -0.2557153E-03
   15 s    5    46.90176        6.444132        155.1799        4.342230        242.8285      -0.2090019E-03
   15 s    6    40.49295        6.575144        152.0879        6.789747        253.8893      -0.8488027E-03
   15 s    7    37.10420        6.951793        143.8478        21.45053        86.13778       0.4591935E-05
   15 s    8    35.27173        7.489594        133.5186        21.34672        84.81605       0.4094041E-04
   15 s    9    32.58536        7.733190        129.3127        4.056500        244.4832      -0.6765046E-04
   15 s   10    30.00542        7.870485        127.0570        7.392564        332.0224       0.1264327E-03
   15 s   11    28.22133        8.107518        123.3423        11.06879        525.7044       0.6805964E-03
   15 s   12    26.90894        8.402705        119.0093        12.20771        599.7144       0.9158016E-03
   15 s   13    25.81828        8.707100        114.8488        11.76567        509.4993       0.8619227E-03
   15 s   14    24.74998        8.965104        111.5436        8.359928        309.9216       0.5402188E-03
   15 s   15    24.44589        9.465643        105.6452        20.25581        83.50591       0.8276616E-03
   15 s   16    23.95081        9.872261        101.2939        14.44217        618.0433       0.2070637E-03
   15 s   17    23.32647        10.19764        98.06190        5.700103        251.7268       0.1424368E-03
   15 s   18    22.37303        10.33973        96.71434        5.905866        253.8926       0.1697204E-03
   15 s   19    21.55316        10.49925        95.24494        6.929078        276.8195       0.3052751E-03
   15 s   20    20.87767        10.69174        93.53016        8.460440        325.7220       0.6855519E-03
   15 s   21    20.33606        10.92239        91.55503        9.777963        391.7392       0.1234027E-02
   15 s   22    19.88100        11.17463        89.48839        10.08067        422.6334       0.1645500E-02
   15 s   23    19.45382        11.42050        87.56182        9.309476        389.1251       0.1694089E-02
   15 s   24    19.01677        11.63899        85.91809        8.044249        335.0459       0.1403133E-02
   15 s   25    18.56757        11.82790        84.54585        7.083953        301.1219       0.1010576E-02
   15 s   26    18.13037        12.00231        83.31727        7.035616        300.0814       0.6516072E-03
   16 s    1    142.9164        5.355324        186.7301        15.13566        453.7752      -0.1787570E-02
   16 s    2    92.27626        5.762919        173.5232        17.35941        173.9089      -0.1853288E-02
   16 s    3    71.78640        6.276575        159.3226        22.07516        89.01890      -0.3579599E-05
   16 s    4    58.57282        6.584476        151.8724        10.21275        376.7418      -0.9965544E-03
   16 s    5    50.07849        6.880603        145.3361        12.57156        634.4359      -0.5642520E-03
   16 s    6    44.29967        7.193270        139.0188        12.45382        741.6061      -0.4418541E-03
   16 s    7    40.03355        7.500633        133.3221        12.24115        739.3003      -0.6977151E-03
   16 s    8    36.02711        7.649989        130.7191        2.816811        222.8472      -0.4567973E-04
   16 s    9    33.80089        8.021660        124.6625        20.99955        86.38917       0.4439581E-04
   16 s   10    32.12500        8.426456        118.6739        12.42141        759.2612      -0.6989468E-03
   16 s   11    30.33061        8.713477        114.7647        9.680208        453.2195      -0.1178857E-03
   16 s   12    28.46713        8.889272        112.4952        5.271974        248.7242       0.5871414E-04
   16 s   13    26.75101        9.021660        110.8443        5.889628        248.0026       0.2573911E-06
   16 s   14    25.44363        9.216362        108.5027        10.21197        361.6924       0.1241318E-03
   16 s   15    24.58752        9.520482        105.0367        13.49613        548.3596       0.2486011E-03
   16 s   16    24.19298        9.972083        100.2799        20.16129        83.61346       0.8209659E-03
   16 s   17    23.43233        10.24392        97.61890        14.38699        599.7513       0.2147872E-03
   16 s   18    22.94968        10.60623        94.28423        14.36972        606.7387       0.1032882E-03
   16 s   19    22.49707        10.95906        91.24873        13.81331        579.2552       0.5141521E-04
   16 s   20    22.05529        11.29481        88.53621        12.98933        542.8944       0.1215405E-04
   16 s   21    21.57499        11.58781        86.29755        8.893967        356.3109       0.9664860E-04
   16 s   22    20.94313        11.77163        84.94998        7.147336        302.2559       0.4278899E-03
   16 s   23    20.37846        11.96332        83.58885        8.211698        337.6162       0.8699395E-03
   16 s   24    19.90854        12.18479        82.06954        9.335188        389.8319       0.1452649E-02
   16 s   25    19.50706        12.42638        80.47397        9.680413        411.1095       0.1859719E-02
   16 s   26    19.12902        12.66342        78.96759        8.993501        370.9099       0.1826545E-02
   17 s    1    164.5346        6.165397        162.1956        15.64626        706.8203      -0.1104659E-02
   17 s    2    101.8239        6.359195        157.2526        2.063128        219.3515      -0.6524495E-04
   17 s    3    73.42926        6.420217        155.7580        3.519479        223.6884      -0.4036041E-03
   17 s    4    60.77323        6.831835        146.3736        22.09870        87.09174      -0.1786879E-05
   17 s    5    53.75325        7.385501        135.4004        22.03771        87.42211      -0.4922529E-04
   17 s    6    46.43303        7.539680        132.6316        1.793988        217.2326      -0.1240796E-04
   17 s    7    40.50565        7.589085        131.7682        2.214214        222.2211      -0.1768265E-05
   17 s    8    36.76890        7.807501        128.0820        12.32184        818.6501      -0.9510276E-03
   17 s    9    34.20810        8.118300        123.1785        12.65445        660.8407      -0.9579106E-03
   17 s   10    32.61271        8.554384        116.8991        20.94261        83.85248       0.1333578E-03
   17 s   11    31.01124        8.909010        112.2459        6.782301        261.4264      -0.2061782E-03
   17 s   12    29.30303        9.150295        109.2861        11.50566        499.2416       0.1368277E-03
   17 s   13    28.00173        9.443460        105.8934        11.37824        522.9556       0.6059217E-03
   17 s   14    26.79399        9.705500        103.0344        9.262949        388.1637       0.7442200E-03
   17 s   15    25.58242        9.905714        100.9518        6.840460        291.1709       0.5557711E-03
   17 s   16    24.41038        10.06169        99.38685        5.646857        255.2798       0.3430839E-03
   17 s   17    23.96377        10.47625        95.45404        20.07222        83.71567       0.8131222E-03
   17 s   18    23.75464        10.97824        91.08930        19.98779        83.81185       0.8044886E-03
   17 s   19    23.21954        11.31099        88.40958        6.372794        284.6152       0.3404360E-03
   17 s   20    22.38905        11.46574        87.21634        6.171711        274.9931       0.2539015E-03
   17 s   21    21.68335        11.64601        85.86628        9.880107        367.9876       0.1767883E-03
   17 s   22    21.23065        11.93324        83.79955        11.82158        476.4725       0.2348798E-04
   17 s   23    20.82326        12.22445        81.80330        11.44438        456.5905       0.4762641E-06
   17 s   24    20.43127        12.50472        79.96979        10.96838        423.0404       0.2152082E-04
   17 s   25    20.05115        12.77297        78.29032        10.50597        391.5993       0.1688157E-03
   17 s   26    19.68784        13.03337        76.72616        10.37998        386.4878       0.5862855E-03
   18 s    1    169.8085        6.363020        157.1581        1.831884        210.5445      -0.1015161E-03
   18 s    2    105.6095        6.595618        151.6158        14.64863        654.2125      -0.4577940E-03
   18 s    3    79.60262        6.959979        143.6786        14.38457        875.5597      -0.6386003E-03
   18 s    4    65.02726        7.310053        136.7979        13.32470        950.4459      -0.1486215E-02
   18 s    5    54.55995        7.496339        133.3985        2.084003        225.8268      -0.1218009E-03
   18 s    6    48.83275        7.929340        126.1139        19.87851        117.5741      -0.8093360E-03
   18 s    7    44.38432        8.315788        120.2532        13.14559        583.7927      -0.1969883E-02
   18 s    8    40.43160        8.585239        116.4790        7.270487        308.0251      -0.6212616E-03
   18 s    9    36.66985        8.702525        114.9092        3.474400        213.3695      -0.6364202E-04
   18 s   10    33.50603        8.788704        113.7824        3.704824        210.1415      -0.9061966E-04
   18 s   11    31.60739        9.080276        110.1288        20.94116        83.15801       0.1755791E-03
   18 s   12    30.75829        9.604719        104.1155        20.89256        82.88530       0.2123424E-03
   18 s   13    29.59329        9.980208        100.1983        6.136227        257.3859       0.4812793E-04
   18 s   14    28.04465        10.15852        98.43950        8.071958        306.3256       0.2457769E-03
   18 s   15    26.83234        10.38969        96.24923        10.16453        400.1113       0.5954465E-03
   18 s   16    25.85160        10.65575        93.84607        10.76697        453.6525       0.8072938E-03
   18 s   17    24.97126        10.91669        91.60286        9.791338        408.9485       0.7805468E-03
   18 s   18    24.09790        11.13688        89.79178        7.744125        326.7334       0.5541055E-03
   18 s   19    23.56274        11.47818        87.12185        19.90741        83.90127       0.7954599E-03
   18 s   20    23.38574        11.97616        83.49923        19.83078        83.98395       0.7862214E-03
   18 s   21    23.07908        12.39566        80.67343        9.189433        334.8164       0.4804425E-03
   18 s   22    22.39933        12.59012        79.42733        6.757950        279.3456       0.3216656E-03
   18 s   23    21.72034        12.75108        78.42471        6.323034        273.7312       0.2702466E-03
   18 s   24    21.10134        12.91483        77.43036        6.873814        291.8636       0.3151772E-03
   18 s   25    20.56586        13.10085        76.33090        8.053695        335.7700       0.4270697E-03
   18 s   26    20.12131        13.32032        75.07327        9.438674        404.4935       0.5421614E-03
   19 s    1    172.7072        6.471638        154.5204        31.81849        88.59560      -0.1402996E-04
   19 s    2    115.4430        7.209748        138.7011        25.63409        101.4985      -0.2256764E-03
   19 s    3    85.27483        7.455923        134.1216       0.9639133        204.0899      -0.3278832E-04
   19 s    4    66.58954        7.485676        133.5885        1.762792        204.0323      -0.5891044E-04
   19 s    5    55.86453        7.675583        130.2833        13.12137        585.6706      -0.2171740E-02
   19 s    6    49.44244        8.028341        124.5587        16.24784        221.5782      -0.1688643E-02
   19 s    7    45.59391        8.542414        117.0629        22.11323        87.97800      -0.3279674E-04
   19 s    8    41.38353        8.787371        113.7997        8.868242        327.7614      -0.1062448E-02
   19 s    9    38.21444        9.069088        110.2647        12.39300        622.2792      -0.9047840E-03
   19 s   10    35.73308        9.372862        106.6910        11.71038        591.6138      -0.3036346E-03
   19 s   11    33.55236        9.639032        103.7449        9.279855        394.9159       0.4134025E-04
   19 s   12    31.47957        9.829952        101.7299        6.296038        268.8864       0.5175474E-04
   19 s   13    30.03120        10.12789        98.73724        20.83435        82.69800       0.2455173E-03
   19 s   14    29.40011        10.64951        93.90106        20.76759        82.70152       0.2735791E-03
   19 s   15    28.33994        10.97345        91.12905        10.72383        590.4606       0.1958272E-03
   19 s   16    27.07985        11.16202        89.58954        5.895919        280.1213       0.4356773E-05
   19 s   17    25.90049        11.32292        88.31640        7.330390        301.7499       0.9956288E-04
   19 s   18    24.97025        11.54004        86.65483        10.06608        378.9182       0.3117588E-03
   19 s   19    24.26381        11.81969        84.60456        12.01941        457.2023       0.4952270E-03
   19 s   20    23.67738        12.12551        82.47074        12.01203        442.9701       0.5667015E-03
   19 s   21    23.22173        12.47227        80.17784        19.75780        84.06021       0.7768750E-03
   19 s   22    23.06915        12.96662        77.12113        19.68846        84.13058       0.7674710E-03
   19 s   23    22.85053        13.41457        74.54584        14.52331        563.9935       0.1412309E-03
   19 s   24    22.27292        13.63188        73.35746        6.270238        259.6796       0.1829191E-03
   19 s   25    21.63758        13.78356        72.55020        5.941144        253.2091       0.1933463E-03
   19 s   26    21.04617        13.93258        71.77421        6.012537        255.1512       0.2345458E-03
   20 s    1    187.3179        7.019126        142.4679        15.85665        891.1338      -0.9301122E-03
   20 s    2    118.6358        7.409147        134.9683        10.99912        306.0699      -0.1384817E-02
   20 s    3    88.55793        7.742978        129.1493        17.26287        324.7636      -0.2036522E-02
   20 s    4    72.49148        8.149144        122.7123        15.58062        786.9608      -0.1515762E-02
   20 s    5    61.81169        8.492701        117.7482        9.335546        366.1834      -0.3823499E-03
   20 s    6    52.92422        8.593704        116.3643        2.297000        199.2856      -0.1062063E-03
   20 s    7    46.21355        8.658510        115.4933        3.538187        202.4555      -0.3105234E-03
   20 s    8    42.92452        9.114585        109.7143        22.57753        85.94063      -0.1779222E-04
   20 s    9    40.76071        9.673373        103.3766        21.27519        90.49033      -0.1317546E-03
   20 s   10    37.33973        9.794291        102.1003        3.884921        232.4019      -0.8593798E-04
   20 s   11    34.52107        9.917327        100.8336        6.330543        297.0717      -0.3230922E-04
   20 s   12    32.42941        10.12655        98.75031        9.818967        500.5521       0.1402865E-03
   20 s   13    30.81758        10.39309        96.21775        11.22324        676.5393       0.2472647E-03
   20 s   14    29.49048        10.68224        93.61330        11.78467        743.5108       0.2814060E-03
   20 s   15    28.60066        11.07440        90.29832        6.260375        281.4102       0.2376747E-03
   20 s   16    27.48031        11.32708        88.28398        12.38536        691.0660       0.4885301E-03
   20 s   17    26.64359        11.64778        85.85325        12.93438        789.9807       0.5136190E-03
   20 s   18    25.89659        11.96814        83.55515        12.41374        702.5833       0.4712298E-03
   20 s   19    25.16014        12.25632        81.59054        10.27988        477.8288       0.2715399E-03
   20 s   20    24.38008        12.48537        80.09371        8.629266        356.3736       0.3091591E-04
   20 s   21    23.69693        12.72750        78.57003        11.31369        421.8345       0.3792481E-04
   20 s   22    23.21819        13.05038        76.62609        14.11981        556.3003       0.1633390E-03
   20 s   23    22.92668        13.45927        74.29821        19.62281        84.19567       0.7580316E-03
   20 s   24    22.53166        13.79024        72.51506        14.60634        634.2658       0.3176579E-03
   20 s   25    22.20503        14.14503        70.69619        13.64361        578.4108       0.2914936E-03
   20 s   26    21.85331        14.46690        69.12329        11.99378        485.1500       0.2823173E-03
