    0 s    2    4.994836       0.3119419        3205.725        6.528546        495.9402      -0.1182061E-01
    0 s    3    5.423187       0.4741712        2108.943        6.866576        411.0397      -0.1025756E-01
    0 s    4    5.832387       0.6556490        1525.206        7.662401        370.9255      -0.8915454E-02
    0 s    5    6.198765       0.8516878        1174.139        8.016348        355.2776      -0.7268727E-02
    0 s    6    6.476650        1.051662        950.8755        7.978104        347.7503      -0.5626939E-02
    0 s    7    6.652226        1.246352        802.3414        7.585109        342.0802      -0.3981627E-02
    0 s    8    6.722625        1.427481        700.5347        6.902177        336.1647      -0.2400154E-02
    0 s    9    6.701334        1.590367        628.7856        6.161347        330.0127      -0.1185157E-02
    0 s   10    6.621497        1.736833        575.7606        5.600929        323.8647      -0.5015323E-03
    0 s   11    6.516414        1.872057        534.1718        5.246148        317.3612      -0.1961243E-03
    0 s   12    6.405421        2.000185        499.9537        5.017136        310.1256      -0.7416301E-04
    0 s   13    6.296500        2.123467        470.9280        4.849547        302.0535      -0.2757002E-04
    0 s   14    6.192172        2.242970        445.8374        4.710889        293.2513      -0.1011266E-04
    0 s   15    6.092906        2.359222        423.8686        4.587689        283.9413      -0.3658760E-05
    0 s   16    5.998546        2.472535        404.4432        4.475162        274.3874      -0.1304369E-05
    0 s   17    5.908812        2.583157        387.1232        4.371905        264.8434      -0.4577821E-06
    0 s   18    5.823444        2.691312        371.5659        4.277571        255.5212      -0.1580536E-06
    0 s   19    5.742222        2.797223        357.4974        4.191980        246.5783      -0.5357191E-07
    0 s   20    5.664962        2.901105        344.6963        4.114851        238.1178      -0.1771621E-07
    0 s   21    5.591495        3.003163        332.9822        4.045770        230.1966      -0.5692202E-08
    0 s   22    5.521662        3.103594        322.2071        3.984231        222.8355      -0.1653701E-08
    0 s   23    5.455309        3.202578        312.2484        3.929686        216.0299      -0.2956759E-09
    0 s   24    5.392283        3.300284        303.0042        3.881577        209.7579       0.2000124E-09
    0 s   25    5.332436        3.396865        294.3891        3.839363        203.9877       0.3205592E-09
    0 s   26    5.275619        3.492463        286.3309        3.802526        198.6816       0.1971965E-09
    1 s    2    10.93793       0.6831052        1463.903        10.84527        306.7939      -0.1192936E-02
    1 s    3    10.76996       0.9416615        1061.953        9.833701        278.9510      -0.3551272E-03
    1 s    4    10.43512        1.173066        852.4671        8.618292        268.7282      -0.5345357E-03
    1 s    5    9.948551        1.366895        731.5853        6.793705        291.9108      -0.1580657E-02
    1 s    6    9.336067        1.515967        659.6448        5.459148        341.5533      -0.3504067E-02
    1 s    7    8.814936        1.651555        605.4901        5.644057        365.6888      -0.5261062E-02
    1 s    8    8.483834        1.801456        555.1066        6.503588        374.3963      -0.6840355E-02
    1 s    9    8.320565        1.974645        506.4203        7.452468        377.8598      -0.8068829E-02
    1 s   10    8.267728        2.168643        461.1179        8.158001        377.8394      -0.8798212E-02
    1 s   11    8.271748        2.376335        420.8161        8.570949        373.6242      -0.9139434E-02
    1 s   12    8.298272        2.591255        385.9133        8.754628        361.1393      -0.9161041E-02
    1 s   13    8.326010        2.807910        356.1367        8.689739        326.4214      -0.8540307E-02
    1 s   14    8.328519        3.016812        331.4757        7.994059        242.7482      -0.5735481E-02
    1 s   15    8.262994        3.199497        312.5492        6.754148        175.2219      -0.1596560E-02
    1 s   16    8.153741        3.360883        297.5409        6.253447        159.7952      -0.3668806E-03
    1 s   17    8.039796        3.514759        284.5145        6.067535        155.6319      -0.1056055E-03
    1 s   18    7.930801        3.665231        272.8341        5.962309        153.8151      -0.3529559E-04
    1 s   19    7.828420        3.813478        262.2278        5.884613        152.7732      -0.1279513E-04
    1 s   20    7.732564        3.959952        252.5283        5.818804        152.0892      -0.4845601E-05
    1 s   21    7.642719        4.104865        243.6134        5.759119        151.6059      -0.1877190E-05
    1 s   22    7.558292        4.248335        235.3864        5.703189        151.2448      -0.7347686E-06
    1 s   23    7.478728        4.390441        227.7676        5.650017        150.9578      -0.2883638E-06
    1 s   24    7.403533        4.531246        220.6899        5.599192        150.7105      -0.1129194E-06
    1 s   25    7.332283        4.670807        214.0958        5.550547        150.4764      -0.4396582E-07
    1 s   26    7.264611        4.809177        207.9358        5.503998        150.2344      -0.1698356E-07
    2 s    1    10.93112       0.4096081        2441.358        12.86609        399.9346      -0.3493274E-03
    2 s    2    14.96681       0.9347208        1069.838        20.07855        95.34402      -0.4587661E-01
    2 s    3    14.28518        1.249011        800.6336        6.126226        423.3159      -0.2574318E-02
    2 s    4    12.31537        1.384435        722.3166        5.168803        379.9165      -0.1782799E-02
    2 s    5    11.07034        1.521025        657.4515        6.082293        296.5481      -0.1808575E-02
    2 s    6    10.40726        1.689905        591.7492        7.284036        235.4937      -0.1106219E-02
    2 s    7    10.01216        1.875866        533.0873        7.493033        210.1285      -0.7190739E-03
    2 s    8    9.709192        2.061648        485.0488        7.346355        196.3409      -0.5906579E-03
    2 s    9    9.449884        2.242656        445.8999        7.129683        186.9037      -0.5761626E-03
    2 s   10    9.219251        2.418229        413.5257        6.918037        180.0934      -0.6389488E-03
    2 s   11    9.011556        2.588869        386.2690        6.740937        175.5814      -0.7983130E-03
    2 s   12    8.825071        2.755756        362.8768        6.630284        174.0742      -0.1158284E-02
    2 s   13    8.662559        2.921410        342.3005        6.685928        179.7617      -0.2131676E-02
    2 s   14    8.541346        3.093904        323.2162        7.335340        217.6689      -0.5289822E-02
    2 s   15    8.499577        3.291103        303.8495        8.515859        325.7468      -0.9763543E-02
    2 s   16    8.510324        3.507863        285.0739        8.952114        389.8884      -0.1132898E-01
    2 s   17    8.532879        3.730320        268.0735        9.071390        411.3910      -0.1192438E-01
    2 s   18    8.556412        3.954358        252.8856        9.109388        420.4098      -0.1231600E-01
    2 s   19    8.578360        4.178799        239.3032        9.119832        425.2924      -0.1263980E-01
    2 s   20    8.598104        4.403207        227.1072        9.118512        428.2583      -0.1292157E-01
    2 s   21    8.615579        4.627383        216.1049        9.110527        429.7220      -0.1315792E-01
    2 s   22    8.630820        4.851177        206.1356        9.093893        428.6427      -0.1331219E-01
    2 s   23    8.643391        5.074164        197.0768        9.034910        416.7424      -0.1313830E-01
    2 s   24    8.642877        5.289772        189.0441        7.938619        268.8372      -0.6713042E-02
    2 s   25    8.579284        5.465171        182.9769        6.708036        195.5996      -0.2487972E-03
    2 s   26    8.507182        5.631760        177.5644        6.625538        191.3500      -0.3671689E-04
    3 s    1    25.10879       0.9408699        1062.846        6.461180        875.0719      -0.2570647E-02
    3 s    2    17.79756        1.111509        899.6776        7.143287        381.0110      -0.2513745E-02
    3 s    3    16.28990        1.424292        702.1033        17.37976        91.32577      -0.3644643E-01
    3 s    4    16.46400        1.850804        540.3058        16.68191        90.70743      -0.3505713E-01
    3 s    5    16.43157        2.257638        442.9409        16.00880        90.72393      -0.3397845E-01
    3 s    6    15.93176        2.586960        386.5541        5.719213        279.3899      -0.6214140E-03
    3 s    7    14.54180        2.724533        367.0354        5.333610        270.5261      -0.5828877E-03
    3 s    8    13.44158        2.854184        350.3629        5.093146        262.4333      -0.5955204E-03
    3 s    9    12.55829        2.980345        335.5316        5.050029        255.9557      -0.5899728E-03
    3 s   10    11.84731        3.107575        321.7943        5.164519        250.4759      -0.5693819E-03
    3 s   11    11.27449        3.238973        308.7398        5.369533        245.4411      -0.5370588E-03
    3 s   12    10.81153        3.376058        296.2035        5.608663        240.5532      -0.4961383E-03
    3 s   13    10.43503        3.519169        284.1580        5.844199        235.7300      -0.4500997E-03
    3 s   14    10.12603        3.667920        272.6341        6.054952        231.0142      -0.4025345E-03
    3 s   15    9.869515        3.821554        261.6736        6.231795        226.4900      -0.3566594E-03
    3 s   16    9.653800        3.979191        251.3074        6.373243        222.2289      -0.3150308E-03
    3 s   17    9.469922        4.139968        241.5478        6.481913        218.2687      -0.2795850E-03
    3 s   18    9.311050        4.303114        232.3898        6.562142        214.6157      -0.2519717E-03
    3 s   19    9.171990        4.467975        223.8151        6.618653        211.2589      -0.2342399E-03
    3 s   20    9.048790        4.634009        215.7959        6.656064        208.1923      -0.2303823E-03
    3 s   21    8.938444        4.800792        208.2989        6.679225        205.4584      -0.2510680E-03
    3 s   22    8.838735        4.968041        201.2866        6.696050        203.3147      -0.3350637E-03
    3 s   23    8.748493        5.135865        194.7091        6.744113        203.6687      -0.7315547E-03
    3 s   24    8.676923        5.310609        188.3023        7.820344        274.0118      -0.7390235E-02
    3 s   25    8.673093        5.524929        180.9978        9.026717        432.0474      -0.1399641E-01
    3 s   26    8.681712        5.747299        173.9948        9.079364        442.4050      -0.1436994E-01
    4 s    1    37.76629        1.415168        706.6297        11.61047        351.3480      -0.4349904E-03
    4 s    2    27.62959        1.725548        579.5261        12.92438        423.4305      -0.4100002E-03
    4 s    3    23.49239        2.054034        486.8468        13.24528        446.8995      -0.2361383E-03
    4 s    4    20.43402        2.297095        435.3325        5.617713        290.5392      -0.6539125E-03
    4 s    5    17.77236        2.441858        409.5242        5.907888        288.7306      -0.5532087E-03
    4 s    6    16.32240        2.650390        377.3029        15.54483        90.53690      -0.3330907E-01
    4 s    7    16.19156        3.033629        329.6382        15.29615        90.18956      -0.3291165E-01
    4 s    8    16.06592        3.411434        293.1318        15.13640        89.92075      -0.3248874E-01
    4 s    9    15.55643        3.691868        270.8656        7.334481        365.3405      -0.3424384E-03
    4 s   10    14.74580        3.867854        258.5413        6.816135        331.9380      -0.4265647E-03
    4 s   11    14.04177        4.033966        247.8950        6.516800        310.6526      -0.4755481E-03
    4 s   12    13.43125        4.194101        238.4301        6.327745        295.9325      -0.4949277E-03
    4 s   13    12.89999        4.350465        229.8605        6.209095        285.0880      -0.4884926E-03
    4 s   14    12.43569        4.504540        221.9982        6.139331        276.7606      -0.4604011E-03
    4 s   15    12.02805        4.657354        214.7142        6.103002        270.1928      -0.4160978E-03
    4 s   16    11.66843        4.809598        207.9176        6.089103        264.9306      -0.3618776E-03
    4 s   17    11.34967        4.961737        201.5423        6.090674        260.6854      -0.3039377E-03
    4 s   18    11.06586        5.114100        195.5378        6.103817        257.2577      -0.2474783E-03
    4 s   19    10.81214        5.266945        189.8634        6.126377        254.4938      -0.1961575E-03
    4 s   20    10.58452        5.420480        184.4855        6.156773        252.2617      -0.1519903E-03
    4 s   21    10.37969        5.574876        179.3762        6.193310        250.4420      -0.1155995E-03
    4 s   22    10.19481        5.730258        174.5122        6.233950        248.9254      -0.8663789E-04
    4 s   23    10.02747        5.886697        169.8746        6.276406        247.6134      -0.6421449E-04
    4 s   24    9.875533        6.044205        165.4477        6.318364        246.4200      -0.4722796E-04
    4 s   25    9.737129        6.202741        161.2191        6.357703        245.2715      -0.3458199E-04
    4 s   26    9.610586        6.362214        157.1780        6.392652        244.1067      -0.2529962E-04
    5 s    1    45.77877        1.715410        582.9511        27.43459        91.27235      -0.3777421E-04
    5 s    2    33.35392        2.083048        480.0657        3.160432        340.9351      -0.1201643E-02
    5 s    3    24.86967        2.174456        459.8852        4.395204        322.4985      -0.8141930E-03
    5 s    4    21.23890        2.387575        418.8349        13.05297        526.9603      -0.3422748E-04
    5 s    5    19.70860        2.707890        369.2913        12.45304        510.5503      -0.3494897E-04
    5 s    6    18.51260        3.006030        332.6647        11.33432        501.4918      -0.4728218E-04
    5 s    7    17.46020        3.271320        305.6870        9.844754        473.9491      -0.1046527E-03
    5 s    8    16.47186        3.497632        285.9077        8.322708        417.7576      -0.2216487E-03
    5 s    9    15.95333        3.786059        264.1269        15.04725        89.67458      -0.3207459E-01
    5 s   10    15.85560        4.158957        240.4449        15.00113        89.46727      -0.3166684E-01
    5 s   11    15.48421        4.448354        224.8023        9.291653        355.0162      -0.1272581E-03
    5 s   12    14.97719        4.676844        213.8194        8.958435        366.1287      -0.1316102E-03
    5 s   13    14.51258        4.894305        204.3191        8.405513        367.9868      -0.1645785E-03
    5 s   14    14.06679        5.095369        196.2566        7.673459        355.1810      -0.2268953E-03
    5 s   15    13.63206        5.278441        189.4499        7.024002        332.7532      -0.2981219E-03
    5 s   16    13.21935        5.448872        183.5242        6.675178        313.4878      -0.3501846E-03
    5 s   17    12.84162        5.613972        178.1270        6.577233        301.1583      -0.3749733E-03
    5 s   18    12.50341        5.778469        173.0562        6.608681        293.7180      -0.3760490E-03
    5 s   19    12.20302        5.944489        168.2230        6.687814        288.9570      -0.3584565E-03
    5 s   20    11.93605        6.112613        163.5961        6.769677        285.4795      -0.3270252E-03
    5 s   21    11.69734        6.282582        159.1702        6.830371        282.4690      -0.2864745E-03
    5 s   22    11.48190        6.453700        154.9499        6.858255        279.4496      -0.2413343E-03
    5 s   23    11.28526        6.625091        150.9413        6.849892        276.1573      -0.1956789E-03
    5 s   24    11.10367        6.795869        147.1482        6.808092        272.4817      -0.1528364E-03
    5 s   25    10.93418        6.965283        143.5692        6.740493        268.4392      -0.1151617E-03
    5 s   26    10.77463        7.132813        140.1971        6.657803        264.1475      -0.8392764E-04
    6 s    1    52.52759        1.968300        508.0527        8.257329        634.1643      -0.1639699E-02
    6 s    2    38.16177        2.383313        419.5840        24.45615        89.10242      -0.8335419E-04
    6 s    3    32.17287        2.813004        355.4919        12.40195        391.0205      -0.2257830E-02
    6 s    4    27.39684        3.079822        324.6941        8.643815        338.5881      -0.1794497E-02
    6 s    5    23.65578        3.250218        307.6716        5.705069        273.1097      -0.9126133E-03
    6 s    6    20.88944        3.391975        294.8135        5.967342        263.4699      -0.5689820E-03
    6 s    7    18.97996        3.556060        281.2101        7.257486        269.1870      -0.4265214E-03
    6 s    8    17.68269        3.754740        266.3301        8.585052        288.5599      -0.3049349E-03
    6 s    9    16.76812        3.979428        251.2924        9.280390        315.1819      -0.2055268E-03
    6 s   10    16.06541        4.213992        237.3047        9.426498        338.0329      -0.1495703E-03
    6 s   11    15.77190        4.531004        220.7016        14.97988        89.29919      -0.3127152E-01
    6 s   12    15.70046        4.902697        203.9694        14.97219        89.16642      -0.3089526E-01
    6 s   13    15.36083        5.180371        193.0364        6.380782        237.4194      -0.2457149E-03
    6 s   14    14.76726        5.349098        186.9474        7.137367        244.5382      -0.2069092E-03
    6 s   15    14.29846        5.536478        180.6202        7.813597        257.7598      -0.1589164E-03
    6 s   16    13.91858        5.737087        174.3045        8.180367        271.5514      -0.1233451E-03
    6 s   17    13.59476        5.943226        168.2588        8.273683        281.6026      -0.1045663E-03
    6 s   18    13.30611        6.149439        162.6164        8.201688        287.1946      -0.9772388E-04
    6 s   19    13.04076        6.352579        157.4164        8.036934        288.9496      -0.9847984E-04
    6 s   20    12.79191        6.550912        152.6505        7.823610        287.6393      -0.1039939E-03
    6 s   21    12.55582        6.743664        148.2873        7.596289        284.0575      -0.1119391E-03
    6 s   22    12.33089        6.930897        144.2815        7.387510        279.1143      -0.1198951E-03
    6 s   23    12.11711        7.113438        140.5790        7.224596        273.7858      -0.1254449E-03
    6 s   24    11.91535        7.292650        137.1244        7.122211        268.9046      -0.1267316E-03
    6 s   25    11.72659        7.470066        133.8676        7.079034        264.9766      -0.1229351E-03
    6 s   26    11.55137        7.647016        130.7700        7.081426        262.1591      -0.1143361E-03
    7 s    1    59.46951        2.228425        448.7473        7.172468        255.6810      -0.6357420E-03
    7 s    2    40.27144        2.515068        397.6036        14.03404        354.0777      -0.1993475E-02
    7 s    3    34.57072        3.022658        330.8347        23.90722        87.30380      -0.5038321E-03
    7 s    4    30.21762        3.396919        294.3844        7.538332        332.6382      -0.4375943E-03
    7 s    5    26.53673        3.646050        274.2694        11.76197        469.0758      -0.9341256E-03
    7 s    6    24.34785        3.953544        252.9376        12.41537        493.6839      -0.9417126E-03
    7 s    7    22.64813        4.243323        235.6643        10.35444        402.7582      -0.7875292E-03
    7 s    8    21.00107        4.459363        224.2473        7.130111        301.9861      -0.5484929E-03
    7 s    9    19.44962        4.615803        216.6470        5.695445        262.0367      -0.3816129E-03
    7 s   10    18.11969        4.752833        210.4008        5.383163        247.0298      -0.3065282E-03
    7 s   11    17.01439        4.887950        204.5847        5.480832        239.9517      -0.2771732E-03
    7 s   12    16.10350        5.028550        198.8645        5.812858        236.6691      -0.2644044E-03
    7 s   13    15.63934        5.274299        189.5987        14.97117        89.06290      -0.3054269E-01
    7 s   14    15.58673        5.645932        177.1187        14.97276        88.98245      -0.3021617E-01
    7 s   15    15.54111        6.017641        166.1781        14.97479        88.91959      -0.2991623E-01
    7 s   16    15.50120        6.389425        156.5086        14.97615        88.86978      -0.2964209E-01
    7 s   17    15.13116        6.614892        151.1740        5.720760        240.7130      -0.2532197E-03
    7 s   18    14.62502        6.758971        147.9515        5.823718        237.7870      -0.2428066E-03
    7 s   19    14.17773        6.906432        144.7926        5.988722        236.2005      -0.2285957E-03
    7 s   20    13.78348        7.058709        141.6690        6.204615        235.9357      -0.2106085E-03
    7 s   21    13.43680        7.216837        138.5649        6.450964        236.9209      -0.1897188E-03
    7 s   22    13.13210        7.381240        135.4786        6.699999        238.9385      -0.1674942E-03
    7 s   23    12.86353        7.551625        132.4218        6.923807        241.6022      -0.1457658E-03
    7 s   24    12.62518        7.727092        129.4148        7.103308        244.4495      -0.1260079E-03
    7 s   25    12.41160        7.906429        126.4793        7.232454        247.0887      -0.1089368E-03
    7 s   26    12.21814        8.088415        123.6336        7.315757        249.2898      -0.9454680E-04
    8 s    1    76.10900        2.851936        350.6390        13.98837        932.5736      -0.4049207E-02
    8 s    2    51.23246        3.199615        312.5376        12.97240        923.0128      -0.1852829E-02
    8 s    3    37.44546        3.274008        305.4360        3.014839        258.8091      -0.5000302E-04
    8 s    4    32.25163        3.625573        275.8185        23.83254        87.68177      -0.6641836E-03
    8 s    5    30.17671        4.146170        241.1865        13.14278        428.7702      -0.2037081E-02
    8 s    6    27.19392        4.415681        226.4656        9.088153        402.8463      -0.9901879E-03
    8 s    7    24.71713        4.630968        215.9376        9.098814        329.0811      -0.9764683E-04
    8 s    8    23.05371        4.895221        204.2808        11.94257        396.8973      -0.9803821E-06
    8 s    9    21.95610        5.210644        191.9148        12.92758        472.5916      -0.3731972E-05
    8 s   10    21.04809        5.520959        181.1280        11.00577        493.3828      -0.8743277E-04
    8 s   11    19.94089        5.728686        174.5601        6.823627        323.1977      -0.4109584E-03
    8 s   12    18.86081        5.889560        169.7920        6.189092        286.5671      -0.3508949E-03
    8 s   13    17.91166        6.040629        165.5457        5.935935        269.6487      -0.3038936E-03
    8 s   14    17.08029        6.186937        161.6309        5.791262        258.7834      -0.2798290E-03
    8 s   15    16.34894        6.330438        157.9670        5.708214        250.9215      -0.2681181E-03
    8 s   16    15.70295        6.472586        154.4978        5.683109        245.0346      -0.2608323E-03
    8 s   17    15.46598        6.761267        147.9013        14.97644        88.82944      -0.2939221E-01
    8 s   18    15.43465        7.133143        140.1907        14.97560        88.79588      -0.2916462E-01
    8 s   19    15.40654        7.505028        133.2440        14.97372        88.76711      -0.2895723E-01
    8 s   20    15.26997        7.819962        127.8779        6.053851        258.0758      -0.2279375E-03
    8 s   21    14.84038        7.970692        125.4596        6.024262        252.8250      -0.2270022E-03
    8 s   22    14.44911        8.121500        123.1300        6.055111        249.6300      -0.2204549E-03
    8 s   23    14.09342        8.273641        120.8658        6.127402        247.8165      -0.2098919E-03
    8 s   24    13.77036        8.427990        118.6522        6.228705        246.9927      -0.1965438E-03
    8 s   25    13.47706        8.585151        116.4802        6.349594        246.9033      -0.1813845E-03
    8 s   26    13.21073        8.745511        114.3444        6.482216        247.3622      -0.1651956E-03
    9 s    1    85.67911        3.210545        311.4736       0.2942372        219.1588      -0.2681380E-04
    9 s    2    51.69141        3.228278        309.7627        1.927347        227.6451      -0.2351139E-03
    9 s    3    40.45441        3.537092        282.7181        13.05448        723.4713      -0.1918970E-02
    9 s    4    34.32351        3.858485        259.1691        12.76510        580.5269      -0.2327067E-02
    9 s    5    30.87797        4.242521        235.7089        22.25916        90.43006      -0.1080830E-02
    9 s    6    28.49722        4.627307        216.1084        8.564792        329.8907      -0.1707145E-02
    9 s    7    26.02378        4.875781        205.0953        10.76454        481.9997      -0.2209350E-02
    9 s    8    24.20519        5.139725        194.5629        10.19494        469.0571      -0.1819578E-02
    9 s    9    22.65315        5.376067        186.0096        8.790080        379.7774      -0.1263207E-02
    9 s   10    21.30710        5.588899        178.9261        9.151508        321.9185      -0.7276799E-03
    9 s   11    20.41958        5.866203        170.4680        11.91064        420.1433      -0.1369280E-03
    9 s   12    19.72400        6.159103        162.3613        11.44623        446.8496      -0.6062110E-04
    9 s   13    19.08786        6.437296        155.3447        10.80589        448.4744      -0.4562659E-04
    9 s   14    18.49315        6.698713        149.2824        10.08755        434.5633      -0.5154307E-04
    9 s   15    17.92260        6.939773        144.0969        9.154288        400.0548      -0.7729191E-04
    9 s   16    17.35726        7.154473        139.7727        8.014941        349.9023      -0.1227844E-03
    9 s   17    16.79410        7.341879        136.2049        7.043969        307.1990      -0.1703307E-03
    9 s   18    16.24988        7.509903        133.1575        6.466042        281.3048      -0.2032475E-03
    9 s   19    15.73989        7.667410        130.4221        6.178158        266.6769      -0.2210801E-03
    9 s   20    15.38116        7.876904        126.9534        14.97101        88.74168      -0.2876799E-01
    9 s   21    15.35810        8.248756        121.2304        14.96764        88.71854      -0.2859497E-01
    9 s   22    15.33703        8.620574        116.0016        14.96379        88.69694      -0.2843642E-01
    9 s   23    15.31768        8.992353        111.2056        14.95957        88.67635      -0.2829079E-01
    9 s   24    15.03681        9.203105        108.6590        7.067114        280.4078      -0.2064665E-03
    9 s   25    14.71645        9.374665        106.6705        6.694657        265.6872      -0.2063600E-03
    9 s   26    14.40936        9.539003        104.8328        6.479381        256.2767      -0.1969373E-03
   10 s    1    90.95733        3.408329        293.3989        26.20035        90.51507      -0.1449358E-03
   10 s    2    64.38716        4.021164        248.6842        14.59735        713.4569      -0.4812518E-02
   10 s    3    48.98479        4.282938        233.4846        5.378568        294.6377      -0.1017861E-02
   10 s    4    38.91968        4.375164        228.5629        3.258877        237.0803      -0.3292313E-03
   10 s    5    32.53963        4.470827        223.6723        4.761390        244.9439      -0.6789859E-03
   10 s    6    29.74151        4.829353        207.0671        23.27680        84.07596      -0.1166671E-02
   10 s    7    28.87273        5.409556        184.8581        22.88836        84.22463      -0.1316799E-02
   10 s    8    26.97056        5.726924        174.6138        8.117478        317.2820      -0.1752718E-02
   10 s    9    25.05687        5.946522        168.1655        9.624278        353.0962      -0.1836805E-02
   10 s   10    23.64321        6.201663        161.2471        10.70450        403.4831      -0.1835107E-02
   10 s   11    22.50602        6.465603        154.6646        10.23520        401.8676      -0.1543261E-02
   10 s   12    21.45722        6.700327        149.2465        8.552577        342.7899      -0.1020957E-02
   10 s   13    20.44752        6.895837        145.0150        7.296767        296.8747      -0.6055253E-03
   10 s   14    19.52577        7.072758        141.3876        7.018078        278.7864      -0.3921361E-03
   10 s   15    18.72992        7.252371        137.8859        7.460195        280.7358      -0.2813120E-03
   10 s   16    18.07225        7.449183        134.2429        8.322464        301.0582      -0.2056030E-03
   10 s   17    17.53899        7.667525        130.4202        9.094558        331.2471      -0.1518912E-03
   10 s   18    17.09507        7.900508        126.5741        9.484665        356.0477      -0.1232480E-03
   10 s   19    16.70786        8.138941        122.8661        9.548302        368.5496      -0.1147863E-03
   10 s   20    16.35523        8.375735        119.3925        9.360574        367.7813      -0.1214860E-03
   10 s   21    16.02115        8.604878        116.2132        8.937656        353.7240      -0.1407665E-03
   10 s   22    15.69317        8.820755        113.3690        8.313342        329.1671      -0.1680918E-03
   10 s   23    15.36455        9.019866        110.8664        7.629382        302.1555      -0.1932479E-03
   10 s   24    15.29984        9.364091        106.7909        14.95510        88.65636      -0.2815672E-01
   10 s   25    15.28334        9.735788        102.7138        14.95041        88.63667      -0.2803305E-01
   10 s   26    15.21719        10.07379        99.26754        9.143401        335.0168      -0.6558742E-04
   11 s    1    97.76061        3.663259        272.9809        14.89848        632.6564      -0.5265763E-02
   11 s    2    65.98026        4.120658        242.6797        27.20383        88.54758      -0.7282605E-04
   11 s    3    51.15321        4.472532        223.5870        10.18732        417.2005      -0.1888847E-02
   11 s    4    42.35310        4.761132        210.0341        11.77372        620.0180      -0.1392325E-02
   11 s    5    36.74050        5.048011        198.0978        11.09289        606.1383      -0.1481581E-02
   11 s    6    32.70949        5.311286        188.2783        9.821668        483.4619      -0.1860581E-02
   11 s    7    29.53049        5.532792        180.7406        8.101767        335.4196      -0.1855007E-02
   11 s    8    28.17008        5.981630        167.1785        22.49640        83.82500      -0.1432104E-02
   11 s    9    26.69870        6.336161        157.8243        11.91229        581.1728      -0.6785584E-03
   11 s   10    25.27910        6.630761        150.8123        11.40772        496.9628      -0.1999491E-03
   11 s   11    23.99845        6.894354        145.0462        9.826776        357.2957      -0.9961563E-04
   11 s   12    22.87798        7.143980        139.9780        10.45518        360.1275      -0.7140853E-03
   11 s   13    21.98614        7.414729        134.8667        11.05759        402.4825      -0.1029213E-02
   11 s   14    21.21284        7.683858        130.1430        10.34189        397.7073      -0.9245603E-03
   11 s   15    20.46578        7.924514        126.1907        8.918129        350.8705      -0.6511054E-03
   11 s   16    19.72611        8.130886        122.9878        7.697560        307.6884      -0.4373838E-03
   11 s   17    19.01697        8.313653        120.2841        7.018764        281.6095      -0.3299197E-03
   11 s   18    18.35980        8.485006        117.8550        6.749542        267.3812      -0.2833056E-03
   11 s   19    17.76327        8.653065        115.5660        6.737755        260.3745      -0.2582319E-03
   11 s   20    17.22933        8.823376        113.3353        6.926839        259.0621      -0.2337915E-03
   11 s   21    16.75858        9.000946        111.0994        7.318816        264.0590      -0.2005804E-03
   11 s   22    16.35137        9.190713        108.8055        7.888378        276.5612      -0.1585572E-03
   11 s   23    16.00459        9.395612        106.4327        8.494554        295.2112      -0.1169628E-03
   11 s   24    15.70833        9.614102        104.0139        8.948920        314.5185      -0.8631811E-04
   11 s   25    15.44858        9.841048        101.6152        9.166377        328.6969      -0.6967337E-04
   11 s   26    15.26807        10.10747        98.93672        14.94552        88.61637      -0.2791857E-01
   12 s    1    114.5507        4.292412        232.9692        1.021757        225.5760      -0.1424476E-03
   12 s    2    69.32974        4.329843        230.9553        2.392764        230.4935      -0.4183411E-03
   12 s    3    54.66915        4.779945        209.2074        24.99617        88.56166      -0.1248202E-04
   12 s    4    47.79887        5.373319        186.1047        21.97238        99.03373      -0.5039685E-03
   12 s    5    39.92914        5.486119        182.2782        3.634259        234.2345      -0.5119825E-05
   12 s    6    34.49553        5.601299        178.5300        5.822244        271.0963      -0.7992135E-04
   12 s    7    30.89437        5.788329        172.7614        9.146429        384.1178      -0.4612962E-03
   12 s    8    28.47453        6.046277        165.3910        11.24570        509.3061      -0.7928477E-03
   12 s    9    27.56775        6.542405        152.8490        22.15548        83.41531      -0.1531371E-02
   12 s   10    26.12976        6.853892        145.9025        7.538965        292.3765      -0.1623087E-02
   12 s   11    24.67741        7.089406        141.0555        11.39116        436.1447      -0.1721464E-02
   12 s   12    23.70066        7.400875        135.1192        13.23805        570.5802      -0.1192998E-02
   12 s   13    22.94212        7.737131        129.2469        13.58263        597.5971      -0.7789298E-03
   12 s   14    22.28158        8.070986        123.9006        13.01053        567.0679      -0.6013710E-03
   12 s   15    21.63567        8.377502        119.3673        11.44805        490.0859      -0.6444089E-03
   12 s   16    20.97209        8.644465        115.6810        10.06279        424.7745      -0.6197247E-03
   12 s   17    20.31794        8.882398        112.5822        9.005165        376.7163      -0.4613329E-03
   12 s   18    19.67878        9.094577        109.9556        8.007145        334.5852      -0.3348009E-03
   12 s   19    19.05978        9.284640        107.7048        7.255527        304.8236      -0.2853982E-03
   12 s   20    18.47186        9.459694        105.7117        6.798439        286.4613      -0.2843832E-03
   12 s   21    17.92265        9.626161        103.8836        6.554981        275.3770      -0.3011534E-03
   12 s   22    17.41449        9.788268        102.1631        6.441003        268.4649      -0.3190301E-03
   12 s   23    16.94648        9.948554        100.5171        6.405663        263.9771      -0.3306472E-03
   12 s   24    16.51805        10.10968        98.91510        6.422468        260.9418      -0.3324560E-03
   12 s   25    16.12344        10.27095        97.36199        6.503591        259.4631      -0.3248748E-03
   12 s   26    15.76304        10.43514        95.83003        6.660320        259.6952      -0.3067079E-03
   13 s    1    119.1039        4.463028        224.0631        12.65272        693.5184      -0.2041341E-02
   13 s    2    76.51686        4.778699        209.2620        13.09359        822.7387      -0.3851881E-02
   13 s    3    58.59247        5.122977        195.1990        14.34689        913.6759      -0.5243062E-02
   13 s    4    48.13158        5.410721        184.8182        2.644401        223.0294      -0.6623363E-05
   13 s    5    42.36362        5.820607        171.8034        14.55350        512.3353      -0.1936408E-02
   13 s    6    37.89830        6.153832        162.5004        11.93734        663.2306      -0.1163133E-02
   13 s    7    34.17844        6.403628        156.1615        7.871006        387.9180      -0.1135113E-02
   13 s    8    30.91036        6.563501        152.3577        5.451160        280.7417      -0.1121375E-02
   13 s    9    28.21713        6.696517        149.3314        5.528297        261.4808      -0.1231996E-02
   13 s   10    27.04277        7.093377        140.9766        21.79995        83.39597      -0.1601391E-02
   13 s   11    26.57846        7.635549        130.9664        21.47530        83.44096      -0.1652978E-02
   13 s   12    25.58150        7.988192        125.1848        5.508972        255.4857      -0.7984220E-03
   13 s   13    24.12793        8.137038        122.8948        6.576384        262.5002      -0.7290925E-03
   13 s   14    22.97686        8.322833        120.1514        8.481970        288.1992      -0.6954393E-03
   13 s   15    22.12210        8.565853        116.7426        10.98862        346.3874      -0.5243446E-03
   13 s   16    21.49674        8.860719        112.8577        12.32396        413.8700      -0.3547602E-03
   13 s   17    20.97647        9.170288        109.0478        12.33055        449.1563      -0.2720881E-03
   13 s   18    20.49768        9.473032        105.5628        11.86220        458.7206      -0.2005591E-03
   13 s   19    20.03978        9.762028        102.4377        11.25700        453.1085      -0.1369835E-03
   13 s   20    19.60561        10.04030        99.59861        10.62498        440.3385      -0.1008493E-03
   13 s   21    19.17339        10.29793        97.10690        9.970828        422.2833      -0.1016660E-03
   13 s   22    18.74676        10.53710        94.90274        9.112774        390.1930      -0.1411050E-03
   13 s   23    18.31317        10.75088        93.01567        7.966185        340.7368      -0.2144468E-03
   13 s   24    17.86883        10.93641        91.43768        6.945729        297.5878      -0.2791921E-03
   13 s   25    17.42686        11.10125        90.07994        6.310524        271.7300      -0.3103534E-03
   13 s   26    16.99980        11.25388        88.85825        5.946587        256.8043      -0.3165683E-03
   14 s    1    131.7290        4.936115        202.5885        23.16828        88.29316      -0.2802220E-03
   14 s    2    85.28322        5.326184        187.7517        1.111496        212.7368      -0.7934247E-05
   14 s    3    61.31301        5.360845        186.5378        1.695434        215.0545      -0.2627487E-04
   14 s    4    48.90185        5.497312        181.9071        15.66804        428.2991      -0.3566973E-02
   14 s    5    43.53053        5.980936        167.1979        21.91733        95.09861      -0.2264112E-03
   14 s    6    40.22987        6.532426        153.0825        20.66624        94.51992      -0.2014779E-03
   14 s    7    36.21858        6.785865        147.3652        9.348282        326.7106      -0.6511875E-03
   14 s    8    33.23262        7.056609        141.7111        11.83618        481.0489      -0.1372892E-02
   14 s    9    31.01596        7.360737        135.8560        12.26772        556.7180      -0.2117276E-02
   14 s   10    29.18108        7.654260        130.6462        10.65701        458.2384      -0.2447445E-02
   14 s   11    27.33429        7.852684        127.3450        5.788772        274.4347      -0.1264900E-02
   14 s   12    26.16370        8.169993        122.3991        21.18406        83.48796      -0.1690170E-02
   14 s   13    25.58910        8.629810        115.8774        11.39597        481.5821      -0.1978548E-02
   14 s   14    24.56014        8.896341        112.4058        9.903001        386.6310      -0.1793398E-02
   14 s   15    23.55687        9.121407        109.6322        8.369881        318.0920      -0.1463116E-02
   14 s   16    22.62063        9.323977        107.2504        8.143411        304.3613      -0.1177108E-02
   14 s   17    21.80807        9.533838        104.8896        8.791928        323.1933      -0.9543226E-03
   14 s   18    21.12409        9.762528        102.4325        9.515657        355.5943      -0.7231001E-03
   14 s   19    20.54787        10.00954        99.90474        9.794152        379.7590      -0.4759978E-03
   14 s   20    20.01774        10.25136        97.54803        9.480672        373.0448      -0.2779963E-03
   14 s   21    19.51426        10.48101        95.41064        8.886939        346.0740      -0.1705958E-03
   14 s   22    19.03303        10.69801        93.47531        8.556691        326.1665      -0.1245823E-03
   14 s   23    18.59067        10.91378        91.62724        8.776843        330.3189      -0.8199613E-04
   14 s   24    18.19798        11.13786        89.78384        9.121836        348.3170      -0.4505793E-04
   14 s   25    17.84561        11.36800        87.96621        9.252239        361.1525      -0.2727254E-04
   14 s   26    17.52128        11.59910        86.21358        9.212778        364.7500      -0.2194143E-04
   15 s    1    140.3817        5.260345        190.1016        16.79497        640.8641      -0.5720696E-02
   15 s    2    88.79481        5.545492        180.3266        24.62453        103.6450      -0.6029719E-03
   15 s    3    68.88377        6.022786        166.0361        14.06678        788.8323      -0.2255573E-02
   15 s    4    56.25624        6.324057        158.1264        9.534771        460.8099      -0.3300473E-02
   15 s    5    47.22533        6.488588        154.1167        4.665919        251.0699      -0.1429552E-02
   15 s    6    40.73497        6.614443        151.1843        7.267068        207.2601      -0.5653125E-03
   15 s    7    37.93152        7.106800        140.7103        22.41573        88.00230      -0.2048735E-03
   15 s    8    35.76943        7.595275        131.6608        6.066457        324.6826      -0.1795745E-03
   15 s    9    32.48167        7.708582        129.7256        4.093376        269.2065      -0.1666872E-04
   15 s   10    29.83302        7.825265        127.7912        5.906664        289.9051      -0.1103790E-03
   15 s   11    28.00200        8.044506        124.3084        11.17492        483.6010      -0.1473020E-02
   15 s   12    26.70021        8.337525        119.9397        11.95405        534.4128      -0.1967710E-02
   15 s   13    25.78995        8.697547        114.9749        20.92494        83.53279      -0.1715860E-02
   15 s   14    25.45085        9.218977        108.4719        20.69682        83.56509      -0.1731890E-02
   15 s   15    24.56355        9.511200        105.1392        11.14133        379.1954      -0.7212027E-04
   15 s   16    23.80471        9.812040        101.9156        12.72886        453.7885      -0.8274206E-04
   15 s   17    23.19743        10.14122        98.60742        12.92110        476.0422      -0.1062706E-05
   15 s   18    22.54768        10.42044        95.96523        8.704318        340.1358      -0.5351414E-03
   15 s   19    21.79072        10.61497        94.20659        7.538898        308.6893      -0.7601402E-03
   15 s   20    21.10425        10.80778        92.52598        8.005534        322.2449      -0.6040370E-03
   15 s   21    20.50906        11.01531        90.78272        8.594948        348.2782      -0.3684148E-03
   15 s   22    19.98683        11.23412        89.01456        8.829753        368.6704      -0.1597098E-03
   15 s   23    19.50867        11.45270        87.31562        8.574593        367.2527      -0.6888651E-04
   15 s   24    19.05250        11.66086        85.75699        8.045811        348.2213      -0.1065176E-03
   15 s   25    18.61091        11.85551        84.34897        7.542055        326.5101      -0.2096755E-03
   15 s   26    18.18655        12.03951        83.05986        7.214577        310.3062      -0.3131183E-03
   16 s    1    141.6594        5.308224        188.3869        1.540938        215.2680      -0.3139553E-03
   16 s    2    91.04403        5.685963        175.8717        16.63631        316.6048      -0.1896368E-02
   16 s    3    71.33068        6.236730        160.3404        26.37858        86.87959      -0.7278914E-04
   16 s    4    58.39114        6.564052        152.3449        5.909881        264.2778      -0.9298266E-03
   16 s    5    49.42261        6.790487        147.2649        11.33001        519.7393      -0.3300133E-02
   16 s    6    43.66975        7.090985        141.0241        12.28917        678.3831      -0.2905376E-02
   16 s    7    39.43949        7.389331        135.3302        11.02344        601.0857      -0.1341454E-02
   16 s    8    36.13159        7.672175        130.3411        21.69088        88.75831      -0.2548237E-03
   16 s    9    34.13299        8.100475        123.4495        12.18454        525.1208      -0.9742039E-03
   16 s   10    32.03193        8.402045        119.0186        11.91567        611.9481      -0.1263367E-02
   16 s   11    30.25181        8.690838        115.0637        10.93181        533.8586      -0.1511424E-02
   16 s   12    28.56856        8.920945        112.0957        7.163264        302.5694      -0.7091567E-03
   16 s   13    26.92760        9.081216        110.1174        6.426006        260.3984      -0.1019772E-03
   16 s   14    25.57643        9.264467        107.9393        8.499712        297.7009      -0.9997892E-06
   16 s   15    25.14157        9.735014        102.7220        20.49474        83.59386      -0.1739557E-02
   16 s   16    24.51895        10.10644        98.94678        8.103009        349.2010      -0.2236554E-02
   16 s   17    23.56180        10.30052        97.08250        7.925047        320.3644      -0.1779750E-02
   16 s   18    22.81565        10.54429        94.83810        12.44200        430.0357      -0.8218515E-03
   16 s   19    22.34166        10.88335        91.88348        14.10745        516.3389      -0.2674307E-03
   16 s   20    21.94388        11.23776        88.98570        14.17238        532.8333      -0.1285692E-03
   16 s   21    21.57525        11.58795        86.29652        13.75331        524.4763      -0.1017183E-03
   16 s   22    21.14946        11.88760        84.12125        8.446988        337.1164      -0.5889297E-03
   16 s   23    20.58537        12.08479        82.74864        7.993304        326.9875      -0.3499204E-03
   16 s   24    20.08216        12.29105        81.36002        8.466622        344.4778      -0.6114205E-04
   16 s   25    19.63007        12.50474        79.96970        8.523300        350.0720       0.1082325E-03
   16 s   26    19.20531        12.71393        78.65389        8.128990        337.5027       0.1103622E-03
   17 s    1    163.1338        6.112907        163.5883        14.20759        711.9523      -0.5346361E-02
   17 s    2    102.5929        6.407221        156.0739        5.209816        270.2845      -0.2462068E-02
   17 s    3    74.01949        6.471823        154.5160        2.372778        212.5666      -0.1556795E-03
   17 s    4    61.40645        6.903019        144.8642        26.26289        86.45969      -0.6211865E-05
   17 s    5    53.97010        7.415295        134.8564        7.962465        383.8425      -0.1496088E-02
   17 s    6    46.45715        7.543596        132.5628        3.637649        269.6603      -0.1017935E-02
   17 s    7    40.76884        7.638396        130.9175        4.619153        257.2231      -0.9462735E-03
   17 s    8    36.84012        7.822625        127.8343        10.42092        359.2214      -0.1083559E-02
   17 s    9    34.71820        8.239358        121.3687        22.09031        86.25947      -0.3462994E-03
   17 s   10    33.52790        8.794441        113.7082        21.46588        86.67597      -0.3920505E-03
   17 s   11    31.03356        8.915423        112.1652        4.868552        233.1411      -0.3284205E-03
   17 s   12    29.10445        9.088286        110.0318        9.362479        373.4725      -0.1598289E-02
   17 s   13    27.73371        9.353073        106.9167        11.22476        532.5445      -0.2566472E-02
   17 s   14    26.58479        9.629722        103.8452        10.84869        516.9278      -0.2865374E-02
   17 s   15    25.52690        9.884216        101.1714        9.564802        428.2505      -0.2720195E-02
   17 s   16    24.85829        10.24632        97.59605        20.31743        83.61486      -0.1739953E-02
   17 s   17    24.59788        10.75346        92.99332        20.16312        83.63085      -0.1733978E-02
   17 s   18    24.20691        11.18726        89.38743        9.334369        390.6336      -0.2722564E-02
   17 s   19    23.38914        11.39361        87.76850        7.444340        328.9381      -0.2026099E-02
   17 s   20    22.58426        11.56571        86.46251        6.639527        301.3566      -0.1397027E-02
   17 s   21    21.84245        11.73147        85.24084        6.869114        298.6752      -0.9487494E-03
   17 s   22    21.25563        11.94728        83.70107        12.24773        445.9469      -0.1023509E-03
   17 s   23    20.89761        12.26809        81.51225        12.74966        482.8476      -0.1139299E-04
   17 s   24    20.54967        12.57718        79.50905        11.92192        447.8282      -0.1533881E-04
   17 s   25    20.19100        12.86206        77.74803        10.85063        403.7633      -0.1156529E-04
   17 s   26    19.82029        13.12104        76.21344        9.931764        374.7066       0.3845915E-04
   18 s    1    171.4545        6.424698        155.6493        1.327903        197.1705      -0.2834375E-04
   18 s    2    104.1678        6.505582        153.7141        9.870616        385.5670      -0.3991891E-02
   18 s    3    78.09877        6.828491        146.4452        13.66541        763.7569      -0.3388999E-02
   18 s    4    63.70135        7.161000        139.6453        12.58106        776.7429      -0.1478956E-02
   18 s    5    54.96046        7.551367        132.4263        23.78100        90.45232      -0.7234217E-04
   18 s    6    48.78317        7.921290        126.2421        11.94277        458.4025      -0.2876611E-02
   18 s    7    43.94775        8.233991        121.4478        12.85977        630.1038      -0.3689170E-02
   18 s    8    40.27950        8.552941        116.9188        11.87102        527.9003      -0.2883252E-02
   18 s    9    36.79590        8.732440        114.5155        3.577742        218.3423      -0.3003224E-03
   18 s   10    33.61111        8.816266        113.4267        4.101664        201.8291      -0.1298481E-03
   18 s   11    32.53824        9.347692        106.9783        21.93524        84.22943      -0.4786349E-03
   18 s   12    31.64843        9.882680        101.1871        11.91131        289.0434      -0.1193057E-02
   18 s   13    29.93003        10.09377        99.07099        6.669665        299.1874      -0.8975657E-03
   18 s   14    28.31369        10.25598        97.50411        6.750102        288.5574      -0.9422020E-03
   18 s   15    26.97030        10.44311        95.75688        8.399531        326.7173      -0.1469105E-02
   18 s   16    25.89821        10.67496        93.67718        10.14008        392.1753      -0.2250568E-02
   18 s   17    25.01629        10.93638        91.43795        10.64824        431.5762      -0.2818168E-02
   18 s   18    24.35785        11.25701        88.83352        20.02978        83.64305      -0.1722503E-02
   18 s   19    24.13609        11.75747        85.05228        19.91548        83.65317      -0.1706366E-02
   18 s   20    23.68913        12.13153        82.42984        11.57909        419.1250      -0.2081094E-02
   18 s   21    23.08549        12.39910        80.65102        9.682884        357.0116      -0.2112121E-02
   18 s   22    22.43466        12.60998        79.30226        7.521418        303.2708      -0.1565428E-02
   18 s   23    21.77931        12.78570        78.21236        6.860413        291.4245      -0.1045420E-02
   18 s   24    21.17600        12.96053        77.15736        7.326771        307.8547      -0.6671808E-03
   18 s   25    20.65371        13.15682        76.00622        8.480382        351.9197      -0.3451808E-03
   18 s   26    20.21851        13.38466        74.71238        9.696223        415.9531      -0.7414921E-04
   19 s    1    172.1869        6.452143        154.9873        23.96759        89.15413      -0.1868476E-03
   19 s    2    112.9687        7.055225        141.7389        23.62616        95.96734      -0.2975436E-03
   19 s    3    85.55490        7.480411        133.6825        5.052480        277.9121      -0.2164453E-02
   19 s    4    67.21835        7.556364        132.3388        2.940010        235.1525      -0.4885055E-03
   19 s    5    55.89540        7.679824        130.2113        8.459198        284.5992      -0.1078174E-02
   19 s    6    50.36235        8.177713        122.2836        23.92901        89.30350      -0.1908960E-03
   19 s    7    46.18455        8.653075        115.5659        2.018290        203.2941      -0.5519699E-04
   19 s    8    41.05706        8.718050        114.7046        3.886870        231.6253      -0.4291292E-03
   19 s    9    37.67591        8.941285        111.8408        12.77099        674.0133      -0.2131565E-02
   19 s   10    35.34824        9.271920        107.8525        13.24965        779.7092      -0.1685980E-02
   19 s   11    33.40206        9.595854        104.2117        12.49921        691.0454      -0.1444244E-02
   19 s   12    31.69659        9.897717        101.0334        20.03753        94.24310      -0.6576051E-03
   19 s   13    30.65021        10.33665        96.74315        10.63688        506.3856      -0.7269962E-03
   19 s   14    29.31340        10.61810        94.17881        11.54693        613.8004      -0.9358996E-03
   19 s   15    28.15811        10.90304        91.71753        11.10244        574.7095      -0.8017840E-03
   19 s   16    27.07904        11.16168        89.59223        9.391186        435.6891      -0.3192028E-03
   19 s   17    26.01687        11.37380        87.92136        7.971075        340.2286      -0.1656892E-05
   19 s   18    25.06630        11.58443        86.32279        9.269778        349.3493      -0.4574592E-03
   19 s   19    24.31072        11.84254        84.44131        11.29032        405.7229      -0.1402767E-02
   19 s   20    23.93082        12.25530        81.59735        19.81815        83.66274      -0.1686384E-02
   19 s   21    23.70351        12.73103        78.54823        11.01911        428.5917      -0.1459675E-03
   19 s   22    23.16942        13.02297        76.78738        12.23567        457.8068      -0.5868375E-06
   19 s   23    22.70817        13.33099        75.01317        12.12120        440.3467      -0.2301117E-04
   19 s   24    22.24557        13.61514        73.44763        10.44328        372.7992      -0.3326760E-03
   19 s   25    21.74803        13.85392        72.18175        8.854102        330.4189      -0.6133908E-03
   19 s   26    21.24632        14.06508        71.09808        8.206966        318.9270      -0.5415745E-03
   20 s    1    184.2612        6.904587        144.8313        15.45190        776.5300      -0.2383148E-02
   20 s    2    116.6037        7.282240        137.3204        14.30383        391.8501      -0.3804543E-02
   20 s    3    87.48731        7.649370        130.7297        15.84395        181.5992      -0.2440688E-02
   20 s    4    71.40798        8.027342        124.5742        15.09438        713.4124      -0.4994525E-02
   20 s    5    61.13636        8.399913        119.0488        14.49656        789.1778      -0.2619489E-02
   20 s    6    53.02555        8.610157        116.1419        1.572672        199.8082      -0.3967351E-04
   20 s    7    46.80942        8.770151        114.0231        23.23204        89.66849      -0.8537508E-04
   20 s    8    43.94300        9.330849        107.1714        19.52325        133.0382      -0.1060067E-02
   20 s    9    40.85374        9.695449        103.1412        12.91135        749.3711      -0.2914247E-02
   20 s   10    37.72917        9.896442        101.0464        3.302748        241.7768      -0.7902474E-05
   20 s   11    34.75904        9.985692        100.1433        4.043230        248.5202      -0.1594976E-04
   20 s   12    32.39330        10.11528        98.86038        6.687957        306.5760      -0.1901252E-03
   20 s   13    30.95393        10.43908        95.79392        21.59189        83.45543      -0.6013206E-03
   20 s   14    30.30945        10.97889        91.08386        21.47502        83.22059      -0.6467702E-03
   20 s   15    29.03322        11.24189        88.95298        5.931658        297.0917      -0.9530237E-03
   20 s   16    27.68232        11.41035        87.63975        7.918927        344.1974      -0.1423452E-02
   20 s   17    26.62938        11.64157        85.89905        10.43220        460.9225      -0.1868280E-02
   20 s   18    25.78076        11.91461        83.93055        11.28841        527.9742      -0.1909552E-02
   20 s   19    25.03429        12.19502        82.00070        11.14451        512.7272      -0.1638419E-02
   20 s   20    24.34086        12.46529        80.22278        10.57484        450.4712      -0.9094819E-03
   20 s   21    23.74048        12.75089        78.42590        19.73571        83.67293      -0.1663343E-02
   20 s   22    23.52042        13.22026        75.64147        10.71283        434.9828      -0.3178965E-02
   20 s   23    22.97840        13.48963        74.13099        11.07152        459.2288      -0.3127540E-02
   20 s   24    22.50302        13.77271        72.60736        11.86022        500.8162      -0.2290286E-02
   20 s   25    22.09666        14.07600        71.04289        12.39820        524.1967      -0.1314785E-02
   20 s   26    21.72817        14.38406        69.52140        12.23246        505.4323      -0.7833934E-03
