    0 s    2    5.045034       0.3150770        3173.828        6.682506        473.3525      -0.2899701E-01
    0 s    3    5.485322       0.4796039        2085.054        6.980293        388.8266      -0.1929754E-01
    0 s    4    5.899705       0.6632165        1507.803        7.742549        353.5995      -0.1518828E-01
    0 s    5    6.265590       0.8608693        1161.617        8.065926        340.2201      -0.1174531E-01
    0 s    6    6.539865        1.061927        941.6844        8.003693        333.4875      -0.8697976E-02
    0 s    7    6.710814        1.257329        795.3367        7.600605        328.3363      -0.5887199E-02
    0 s    8    6.777813        1.439200        694.8307        6.931288        323.6915      -0.3404248E-02
    0 s    9    6.755907        1.603319        623.7064        6.217228        319.9193      -0.1627073E-02
    0 s   10    6.677374        1.751490        570.9426        5.670733        316.7604      -0.6714894E-03
    0 s   11    6.573536        1.888467        529.5300        5.310382        313.2333      -0.2564835E-03
    0 s   12    6.462439        2.017990        495.5426        5.061019        308.5351      -0.9458714E-04
    0 s   13    6.351440        2.141995        466.8544        4.861296        302.2460      -0.3421194E-04
    0 s   14    6.242717        2.261279        442.2276        4.679867        294.2561      -0.1217737E-04
    0 s   15    6.136543        2.376118        420.8545        4.504518        284.7212      -0.4262856E-05
    0 s   16    6.032715        2.486619        402.1524        4.332644        274.0145      -0.1465960E-05
    0 s   17    5.931066        2.592885        385.6707        4.165879        262.6383      -0.4949792E-06
    0 s   18    5.831598        2.695081        371.0463        4.007291        251.1165      -0.1640424E-06
    0 s   19    5.734478        2.793451        357.9801        3.859933        239.9027      -0.5334295E-07
    0 s   20    5.639971        2.888306        346.2237        3.726145        229.3284      -0.1694236E-07
    0 s   21    5.548379        2.980006        335.5698        3.607302        219.5939      -0.5144225E-08
    0 s   22    5.459991        3.068930        325.8465        3.503831        210.7865      -0.1617288E-08
    0 s   23    5.375047        3.155460        316.9110        3.415385        202.9108      -0.4524707E-09
    0 s   24    5.293722        3.239961        308.6457        3.341052        195.9185      -0.1105901E-09
    0 s   25    5.216120        3.322770        300.9537        3.279577        189.7326      -0.4363883E-10
    0 s   26    5.142279        3.404192        293.7555        3.229535        184.2644      -0.9081286E-10
    1 s    2    10.96072       0.6845289        1460.859        10.76152        301.5870      -0.3482683E-02
    1 s    3    10.75389       0.9402564        1063.540        9.713897        274.4030      -0.6677588E-03
    1 s    4    10.40057        1.169183        855.2984        8.575456        262.3653      -0.7138063E-03
    1 s    5    9.942380        1.366047        732.0394        7.108863        276.6030      -0.1808217E-02
    1 s    6    9.390417        1.524793        655.8269        5.796668        324.5655      -0.4370731E-02
    1 s    7    8.896827        1.666898        599.9168        5.815558        355.0493      -0.6876568E-02
    1 s    8    8.573737        1.820546        549.2858        6.584925        362.2244      -0.8753145E-02
    1 s    9    8.409295        1.995702        501.0768        7.447318        356.5416      -0.9761004E-02
    1 s   10    8.347120        2.189467        456.7321        8.022398        335.5425      -0.9666924E-02
    1 s   11    8.325316        2.391724        418.1084        8.059260        282.3125      -0.8047677E-02
    1 s   12    8.272709        2.583273        387.1058        7.093156        196.6014      -0.3879436E-02
    1 s   13    8.143370        2.746316        364.1242        6.072825        156.8022      -0.9595776E-03
    1 s   14    7.985727        2.892644        345.7045        5.678932        146.3661      -0.2545873E-03
    1 s   15    7.831506        3.032421        329.7695        5.506478        142.2519      -0.8162144E-04
    1 s   16    7.688352        3.169055        315.5515        5.416499        140.1504      -0.2939350E-04
    1 s   17    7.557734        3.304016        302.6619        5.368797        139.0860      -0.1130256E-04
    1 s   18    7.439396        3.438127        290.8560        5.346425        138.7031      -0.4510722E-05
    1 s   19    7.332478        3.571888        279.9639        5.339553        138.7989      -0.1838583E-05
    1 s   20    7.235890        3.705598        269.8619        5.341455        139.2201      -0.7582511E-06
    1 s   21    7.148481        3.839412        260.4565        5.347287        139.8379      -0.3146298E-06
    1 s   22    7.069119        3.973382        251.6748        5.353580        140.5426      -0.1308859E-06
    1 s   23    6.996742        4.107487        243.4578        5.357930        141.2426      -0.5446895E-07
    1 s   24    6.930380        4.241658        235.7569        5.358745        141.8641      -0.2268263E-07
    1 s   25    6.869167        4.375793        228.5300        5.355039        142.3501      -0.9445176E-08
    1 s   26    6.812337        4.509771        221.7407        5.346257        142.6589      -0.3952212E-08
    2 s    1    11.03171       0.4133774        2419.097        12.82224        389.3528      -0.6034445E-03
    2 s    2    15.06029       0.9405586        1063.198        20.46903        95.54111      -0.1426828    
    2 s    3    14.43611        1.262208        792.2626        6.197421        400.5739      -0.8060540E-02
    2 s    4    12.40339        1.394330        717.1904        4.924219        365.3249      -0.3064376E-02
    2 s    5    11.06122        1.519772        657.9936        5.421688        291.8509      -0.3174193E-02
    2 s    6    10.28439        1.669953        598.8191        6.558824        228.0103      -0.2225577E-02
    2 s    7    9.817755        1.839441        543.6433        6.879907        199.2591      -0.1458933E-02
    2 s    8    9.467155        2.010254        497.4496        6.751414        185.2027      -0.1221347E-02
    2 s    9    9.171249        2.176530        459.4470        6.546073        176.9385      -0.1308242E-02
    2 s   10    8.914578        2.338313        427.6588        6.413459        173.9773      -0.1801682E-02
    2 s   11    8.701453        2.499782        400.0349        6.589162        184.1979      -0.3381115E-02
    2 s   12    8.567861        2.675438        373.7705        7.625648        244.2771      -0.7326108E-02
    2 s   13    8.541302        2.880516        347.1600        8.650756        336.2883      -0.9967472E-02
    2 s   14    8.564036        3.102123        322.3599        9.024437        376.7857      -0.1041253E-01
    2 s   15    8.599422        3.329764        300.3215        9.172399        391.1941      -0.1035070E-01
    2 s   16    8.636923        3.560045        280.8953        9.241577        397.1022      -0.1018604E-01
    2 s   17    8.673027        3.791589        263.7417        9.271559        399.1143      -0.9987462E-02
    2 s   18    8.706111        4.023541        248.5373        9.268233        397.0175      -0.9730283E-02
    2 s   19    8.734186        4.254706        235.0339        9.186371        383.1502      -0.9217503E-02
    2 s   20    8.745820        4.478854        223.2714        8.455934        300.9707      -0.6610001E-02
    2 s   21    8.677186        4.660472        214.5705        6.362170        192.8740      -0.7456981E-03
    2 s   22    8.564857        4.814101        207.7231        6.016043        181.0567      -0.9680308E-04
    2 s   23    8.454630        4.963351        201.4768        5.922046        176.4777      -0.2163410E-04
    2 s   24    8.350463        5.110803        195.6640        5.863347        172.9668      -0.6159253E-05
    2 s   25    8.252390        5.256933        190.2250        5.814409        169.9149      -0.1991848E-05
    2 s   26    8.159966        5.401902        185.1200        5.769835        167.1946      -0.6952036E-06
    3 s    1    25.35455       0.9500789        1052.544        6.617426        811.0829      -0.4404567E-02
    3 s    2    18.00534        1.124486        889.2955        7.199126        375.2184      -0.5770529E-02
    3 s    3    16.24749        1.420584        703.9360        17.18775        91.24249      -0.1129880    
    3 s    4    16.31698        1.834277        545.1741        16.68027        89.67814      -0.1084128    
    3 s    5    16.25977        2.234033        447.6209        16.23993        89.47242      -0.1030968    
    3 s    6    15.85757        2.574913        388.3626        5.525686        258.0672      -0.9366294E-03
    3 s    7    14.44977        2.707289        369.3732        5.132756        251.2592      -0.6149164E-03
    3 s    8    13.34043        2.832706        353.0194        4.949934        245.2560      -0.6035246E-03
    3 s    9    12.45598        2.956065        338.2876        4.953239        240.4751      -0.5976018E-03
    3 s   10    11.74693        3.081246        324.5440        5.078870        236.2017      -0.5842311E-03
    3 s   11    11.17522        3.210454        311.4825        5.262304        231.9821      -0.5609563E-03
    3 s   12    10.71048        3.344502        298.9982        5.457337        227.6180      -0.5299344E-03
    3 s   13    10.32864        3.483289        287.0850        5.635915        223.0683      -0.4954322E-03
    3 s   14    10.01084        3.626195        275.7712        5.783737        218.3724      -0.4626292E-03
    3 s   15    9.742492        3.772370        265.0853        5.896028        213.6134      -0.4375140E-03
    3 s   16    9.512464        3.920934        255.0413        5.974492        208.9158      -0.4283017E-03
    3 s   17    9.312421        4.071113        245.6331        6.026053        204.4915      -0.4507050E-03
    3 s   18    9.136402        4.222401        236.8321        6.066381        200.8515      -0.5491648E-03
    3 s   19    8.981238        4.375053        228.5687        6.154079        200.2045      -0.9254358E-03
    3 s   20    8.854762        4.534645        220.5244        6.868167        227.6836      -0.3424203E-02
    3 s   21    8.818266        4.736245        211.1377        8.933190        379.1548      -0.9172854E-02
    3 s   22    8.833371        4.965026        201.4088        9.241494        415.8856      -0.9728621E-02
    3 s   23    8.852970        5.197200        192.4113        9.292176        423.1546      -0.9726654E-02
    3 s   24    8.872141        5.430090        184.1590        9.304992        426.3577      -0.9675349E-02
    3 s   25    8.890118        5.663179        176.5793        9.307220        428.5567      -0.9620979E-02
    3 s   26    8.906780        5.896294        169.5981        9.305343        430.3764      -0.9570414E-02
    4 s    1    37.61391        1.409458        709.4924        11.86075        365.8705      -0.7983422E-03
    4 s    2    27.61027        1.724341        579.9316        13.06538        441.0586      -0.7084046E-03
    4 s    3    23.50968        2.055546        486.4887        13.26550        445.6543      -0.4673560E-03
    4 s    4    20.34946        2.287589        437.1415        5.840748        269.2165      -0.1026730E-02
    4 s    5    17.71203        2.433568        410.9192        5.834301        266.8671      -0.7794988E-03
    4 s    6    16.17149        2.625886        380.8239        15.96307        89.41623      -0.9895627E-01
    4 s    7    16.08009        3.012744        331.9233        15.84330        89.26317      -0.9615274E-01
    4 s    8    15.99674        3.396745        294.3995        15.73894        89.25755      -0.9364774E-01
    4 s    9    15.72997        3.733051        267.8774        6.340420        315.3508      -0.3265732E-03
    4 s   10    14.79802        3.881552        257.6289        5.644817        280.4926      -0.3102313E-03
    4 s   11    13.98671        4.018149        248.8708        5.331157        263.2591      -0.2908162E-03
    4 s   12    13.28894        4.149665        240.9833        5.218510        253.3471      -0.2765366E-03
    4 s   13    12.69147        4.280142        233.6371        5.236180        247.4429      -0.2644752E-03
    4 s   14    12.18085        4.412231        226.6427        5.338932        244.0936      -0.2515740E-03
    4 s   15    11.74464        4.547617        219.8954        5.493712        242.5120      -0.2363882E-03
    4 s   16    11.37166        4.687275        213.3436        5.676182        242.2046      -0.2187059E-03
    4 s   17    11.05212        4.831660        206.9682        5.868509        242.8207      -0.1990171E-03
    4 s   18    10.77751        4.980843        200.7692        6.057710        244.0826      -0.1781395E-03
    4 s   19    10.54050        5.134621        194.7563        6.234502        245.7525      -0.1569818E-03
    4 s   20    10.33481        5.292597        188.9432        6.392511        247.6195      -0.1363956E-03
    4 s   21    10.15509        5.454245        183.3434        6.527683        249.4966      -0.1170865E-03
    4 s   22    9.996803        5.618963        177.9688        6.637778        251.2206      -0.9957183E-04
    4 s   23    9.856126        5.786109        172.8277        6.721900        252.6518      -0.8417783E-04
    4 s   24    9.729836        5.955033        167.9252        6.780085        253.6731      -0.7106775E-04
    4 s   25    9.615236        6.125092        163.2628        6.812961        254.1871      -0.6029324E-04
    4 s   26    9.510062        6.295667        158.8394        6.821509        254.1138      -0.5186756E-04
    5 s    1    45.95508        1.722017        580.7145        28.45658        91.54095      -0.1707052E-03
    5 s    2    33.12398        2.068688        483.3981        3.067082        311.2073      -0.1679936E-02
    5 s    3    24.75374        2.164320        462.0389        4.793754        312.1109      -0.1117054E-02
    5 s    4    21.34161        2.399122        416.8192        13.25426        581.3724      -0.2519117E-04
    5 s    5    19.85571        2.728102        366.5552        12.91787        566.4864      -0.3227055E-04
    5 s    6    18.72600        3.040681        328.8737        12.02389        564.2738      -0.4240275E-04
    5 s    7    17.74241        3.324195        300.8247        10.51034        530.1028      -0.1074111E-03
    5 s    8    16.74994        3.556680        281.1611        8.024835        403.7874      -0.2608696E-03
    5 s    9    15.92211        3.778650        264.6448        15.66041        89.26495      -0.9154372E-01
    5 s   10    15.85563        4.158965        240.4444        15.59913        89.27156      -0.8975646E-01
    5 s   11    15.60210        4.482223        223.1036        9.807067        435.8664      -0.5863646E-04
    5 s   12    15.11795        4.720797        211.8286        9.234439        433.7055      -0.6744224E-04
    5 s   13    14.65235        4.941442        202.3701        8.381207        405.6407      -0.9230981E-04
    5 s   14    14.18807        5.139298        194.5791        7.476300        363.1416      -0.1219473E-03
    5 s   15    13.73367        5.317787        188.0482        6.864302        329.2246      -0.1415426E-03
    5 s   16    13.30736        5.485147        182.3105        6.564662        308.2689      -0.1494766E-03
    5 s   17    12.91840        5.647539        177.0683        6.444424        295.2652      -0.1497101E-03
    5 s   18    12.56758        5.808125        172.1726        6.407344        286.3140      -0.1447658E-03
    5 s   19    12.25184        5.968268        167.5528        6.401974        279.3319      -0.1359294E-03
    5 s   20    11.96685        6.128386        163.1751        6.401394        273.2358      -0.1241325E-03
    5 s   21    11.70817        6.288400        159.0230        6.391573        267.4516      -0.1102962E-03
    5 s   22    11.47174        6.447987        155.0872        6.366158        261.6897      -0.9538182E-04
    5 s   23    11.25399        6.606733        151.3607        6.324122        255.8433      -0.8033111E-04
    5 s   24    11.05201        6.764252        147.8360        6.268438        249.9364      -0.6597766E-04
    5 s   25    10.86351        6.920270        144.5030        6.204921        244.0847      -0.5296393E-04
    5 s   26    10.68682        7.074681        141.3491        6.140908        238.4573      -0.4169014E-04
    6 s    1    52.73045        1.975901        506.0981        6.625610        515.2426      -0.2799545E-02
    6 s    2    38.81488        2.424102        412.5240        25.47607        96.41853      -0.4820001E-03
    6 s    3    32.06004        2.803139        356.7429        11.48732        418.6661      -0.3711792E-02
    6 s    4    27.10661        3.047195        328.1707        8.008854        331.4266      -0.2659273E-02
    6 s    5    23.40774        3.216139        310.9319        6.083179        280.9179      -0.1553559E-02
    6 s    6    20.73715        3.367246        296.9786        6.240156        269.7271      -0.1013188E-02
    6 s    7    18.85955        3.533499        283.0056        7.237387        271.4174      -0.6568830E-03
    6 s    8    17.59738        3.736624        267.6212        9.088381        311.2333      -0.3123361E-03
    6 s    9    16.76705        3.979174        251.3084        10.08129        376.5003      -0.1261715E-03
    6 s   10    16.13666        4.232680        236.2569        10.11754        417.2160      -0.7073625E-04
    6 s   11    15.79635        4.538028        220.3600        15.54923        89.27564      -0.8821583E-01
    6 s   12    15.74332        4.916078        203.4142        15.50803        89.27434      -0.8687729E-01
    6 s   13    15.42628        5.202445        192.2173        7.630215        286.4250      -0.1794080E-03
    6 s   14    14.91640        5.403119        185.0783        8.397992        310.7770      -0.1154332E-03
    6 s   15    14.51348        5.619736        177.9443        8.867442        337.7132      -0.7635633E-04
    6 s   16    14.17714        5.843664        171.1255        8.997662        357.0826      -0.5683748E-04
    6 s   17    13.87946        6.067685        164.8075        8.889707        365.6120      -0.4875779E-04
    6 s   18    13.60314        6.286711        159.0657        8.603832        362.5851      -0.4748242E-04
    6 s   19    13.33658        6.496683        153.9247        8.170619        348.1652      -0.5075870E-04
    6 s   20    13.07238        6.694545        149.3754        7.648960        325.5085      -0.5675574E-04
    6 s   21    12.80856        6.879414        145.3612        7.151062        301.2944      -0.6313680E-04
    6 s   22    12.54864        7.053291        141.7778        6.780099        281.2929      -0.6776945E-04
    6 s   23    12.29839        7.219856        138.5069        6.563347        267.1531      -0.6968018E-04
    6 s   24    12.06239        7.382645        135.4528        6.469976        257.9133      -0.6885629E-04
    6 s   25    11.84294        7.544184        132.5524        6.455892        252.1205      -0.6567076E-04
    6 s   26    11.64043        7.705975        129.7694        6.484673        248.6104      -0.6061483E-04
    7 s    1    58.74380        2.201232        454.2910        9.130111        277.9930      -0.1800156E-02
    7 s    2    40.25670        2.514147        397.7492        15.10508        321.4053      -0.3599343E-02
    7 s    3    35.55372        3.108605        321.6877        25.43489        91.09512      -0.1281808E-02
    7 s    4    30.20582        3.395593        294.4994        8.729517        358.6740      -0.1003342E-02
    7 s    5    26.60201        3.655019        273.5964        11.49299        469.2984      -0.1610707E-02
    7 s    6    24.27944        3.942435        253.6504        11.12076        459.1368      -0.1670535E-02
    7 s    7    22.36923        4.191069        238.6026        8.675066        368.0866      -0.1418746E-02
    7 s    8    20.62888        4.380332        228.2932        6.791615        308.3039      -0.1032370E-02
    7 s    9    19.13416        4.540939        220.2188        6.244448        285.4869      -0.7302645E-03
    7 s   10    17.90355        4.696139        212.9409        6.247821        276.0961      -0.5202839E-03
    7 s   11    16.89802        4.854518        205.9937        6.471455        272.2565      -0.3720249E-03
    7 s   12    16.07987        5.021170        199.1568        6.915490        274.1787      -0.2638723E-03
    7 s   13    15.69567        5.293296        188.9182        15.47359        89.26763      -0.8570496E-01
    7 s   14    15.65270        5.669826        176.3723        15.44455        89.25619      -0.8467074E-01
    7 s   15    15.61379        6.045783        165.4045        15.41989        89.24091      -0.8375224E-01
    7 s   16    15.57844        6.421263        155.7326        15.39880        89.22266      -0.8293148E-01
    7 s   17    15.08779        6.595933        151.6086        5.981822        236.4169      -0.8827333E-04
    7 s   18    14.60237        6.748507        148.1809        6.243157        237.7179      -0.6728567E-04
    7 s   19    14.18385        6.909417        144.7300        6.644328        243.4715      -0.5250137E-04
    7 s   20    13.82830        7.081660        141.2098        7.134441        254.4012      -0.4080925E-04
    7 s   21    13.52851        7.266094        137.6255        7.597309        269.2618      -0.3156100E-04
    7 s   22    13.27312        7.460502        134.0392        7.918993        284.4679      -0.2511557E-04
    7 s   23    13.04926        7.660661        130.5370        8.057163        296.1964      -0.2144649E-04
    7 s   24    12.84576        7.862098        127.1925        8.026678        302.2105      -0.2007669E-04
    7 s   25    12.65426        8.061012        124.0539        7.862138        301.9737      -0.2045385E-04
    7 s   26    12.46916        8.254592        121.1447        7.608552        296.4013      -0.2200424E-04
    8 s    1    77.00855        2.885644        346.5431        14.66267        997.9743      -0.7924697E-02
    8 s    2    50.59744        3.159956        316.4601        2.294307        231.7290      -0.3312334E-03
    8 s    3    37.03054        3.237730        308.8584        4.605184        263.0393      -0.3066843E-03
    8 s    4    33.26148        3.739097        267.4443        24.24147        96.05894      -0.2353510E-02
    8 s    5    30.41071        4.178321        239.3306        10.52833        529.7465      -0.2338352E-02
    8 s    6    27.09498        4.399616        227.2926        8.135817        360.9529      -0.5005748E-03
    8 s    7    24.68957        4.625806        216.1786        10.35530        379.0947      -0.2170631E-04
    8 s    8    23.14407        4.914408        203.4833        12.43128        459.6004      -0.3812693E-05
    8 s    9    22.04714        5.232249        191.1224        12.70638        531.3477      -0.2937423E-05
    8 s   10    20.99960        5.508240        181.5462        8.200153        380.0196      -0.8268964E-03
    8 s   11    19.79851        5.687782        175.8155        6.710119        298.0399      -0.8117082E-03
    8 s   12    18.73355        5.849823        170.9454        6.326394        274.3610      -0.5732218E-03
    8 s   13    17.80513        6.004703        166.5361        6.096820        260.2592      -0.3889332E-03
    8 s   14    16.99177        6.154874        162.4729        5.938063        250.3299      -0.2600894E-03
    8 s   15    16.27554        6.302017        158.6794        5.851434        243.1719      -0.1750007E-03
    8 s   16    15.64371        6.448165        155.0829        5.858114        238.4664      -0.1213442E-03
    8 s   17    15.54622        6.796344        147.1379        15.38065        89.20223      -0.8219388E-01
    8 s   18    15.51676        7.171091        139.4488        15.36488        89.18023      -0.8152755E-01
    8 s   19    15.48974        7.545557        132.5283        15.35105        89.15713      -0.8092272E-01
    8 s   20    15.10477        7.735357        129.2765        5.610807        235.8582      -0.5927971E-04
    8 s   21    14.66399        7.875954        126.9687        5.643734        233.2751      -0.4718565E-04
    8 s   22    14.26549        8.018290        124.7149        5.748303        232.3083      -0.4057802E-04
    8 s   23    13.90687        8.164131        122.4870        5.923415        232.9754      -0.3693550E-04
    8 s   24    13.58614        8.315240        120.2611        6.169029        235.5073      -0.3448386E-04
    8 s   25    13.30151        8.473322        118.0175        6.478843        240.2324      -0.3209882E-04
    8 s   26    13.05094        8.639732        115.7443        6.829278        247.2942      -0.2926673E-04
    9 s    1    83.52466        3.129814        319.5078       0.8885533        223.9654      -0.1209263E-05
    9 s    2    52.10852        3.254328        307.2831        13.97874        1066.807      -0.5048526E-02
    9 s    3    41.11615        3.594951        278.1679        13.19196        830.2203      -0.4382279E-02
    9 s    4    34.81969        3.914263        255.4759        12.62607        504.7283      -0.3493143E-02
    9 s    5    31.70012        4.355482        229.5957        20.19329        103.5369      -0.2730320E-02
    9 s    6    28.37606        4.607634        217.0311        10.06615        421.0180      -0.2754244E-02
    9 s    7    25.97774        4.867154        205.4589        10.46601        481.6432      -0.2841235E-02
    9 s    8    24.09618        5.116578        195.4431        9.512700        423.5339      -0.2468523E-02
    9 s    9    22.49432        5.338373        187.3230        8.455065        346.2523      -0.1903419E-02
    9 s   10    21.25492        5.575211        179.3654        11.75924        405.7364      -0.5259976E-03
    9 s   11    20.47110        5.881006        170.0389        12.25261        499.1990      -0.1248098E-03
    9 s   12    19.79755        6.182071        161.7581        11.80969        518.0666      -0.8019977E-04
    9 s   13    19.18366        6.469606        154.5689        11.14766        504.9817      -0.8841953E-04
    9 s   14    18.59264        6.734753        148.4835        9.941523        441.2423      -0.1395479E-03
    9 s   15    17.97627        6.960552        143.6668        8.098379        343.9788      -0.2061979E-03
    9 s   16    17.33192        7.144027        139.9771        6.736442        285.4078      -0.2045501E-03
    9 s   17    16.70604        7.303384        136.9228        6.099514        260.1588      -0.1585047E-03
    9 s   18    16.12387        7.451670        134.1981        5.799464        247.6333      -0.1129993E-03
    9 s   19    15.59052        7.594647        131.6717        5.656125        240.3498      -0.8011005E-04
    9 s   20    15.46490        7.919787        126.2660        15.33880        89.13328      -0.8037133E-01
    9 s   21    15.44200        8.293818        120.5717        15.32782        89.10891      -0.7986665E-01
    9 s   22    15.42083        8.667681        115.3711        15.31784        89.08416      -0.7940308E-01
    9 s   23    15.21398        8.931479        111.9635        5.959749        253.5546      -0.3911160E-04
    9 s   24    14.83453        9.079301        110.1406        5.877395        248.2031      -0.2930372E-04
    9 s   25    14.48328        9.226134        108.3878        5.873113        245.2525      -0.2403317E-04
    9 s   26    14.15941        9.373535        106.6833        5.919150        243.7709      -0.2165235E-04
   10 s    1    91.13904        3.415138        292.8139        25.88247        88.09616      -0.2381267E-03
   10 s    2    64.66517        4.038527        247.6151        22.51421        115.7678      -0.1667702E-02
   10 s    3    48.16533        4.211290        237.4569        3.022921        254.7288      -0.1045837E-02
   10 s    4    38.12936        4.286319        233.3004        3.462379        243.4628      -0.7643556E-03
   10 s    5    32.10675        4.411350        226.6880        9.633523        201.1956      -0.1812311E-02
   10 s    6    30.52323        4.956287        201.7640        23.26092        89.33406      -0.3838812E-02
   10 s    7    29.40528        5.509334        181.5101        11.63623        200.5980      -0.3022965E-02
   10 s    8    26.91872        5.715916        174.9501        8.501410        304.0844      -0.2055677E-02
   10 s    9    25.04612        5.943970        168.2377        9.799889        336.3640      -0.2274986E-02
   10 s   10    23.61245        6.193596        161.4571        10.04094        353.6313      -0.2396039E-02
   10 s   11    22.38288        6.430226        155.5155        8.849449        325.0558      -0.2057787E-02
   10 s   12    21.24038        6.632616        150.7701        7.544803        288.2353      -0.1456579E-02
   10 s   13    20.20362        6.813581        146.7657        7.158812        272.0705      -0.9523497E-03
   10 s   14    19.31988        6.998179        142.8943        7.824406        282.0327      -0.5746519E-03
   10 s   15    18.62481        7.211675        138.6640        9.317282        331.6240      -0.2893022E-03
   10 s   16    18.09694        7.459362        134.0597        10.34959        396.6905      -0.1418925E-03
   10 s   17    17.66389        7.722126        129.4980        10.56947        434.1169      -0.8981096E-04
   10 s   18    17.27366        7.983047        125.2655        10.21566        433.9377      -0.7777687E-04
   10 s   19    16.88955        8.227450        121.5443        9.224475        390.5817      -0.8450703E-04
   10 s   20    16.48083        8.440058        118.4826        7.777671        326.0153      -0.8897220E-04
   10 s   21    16.04885        8.619756        116.0126        6.705116        283.6793      -0.7493632E-04
   10 s   22    15.62072        8.780034        113.8948        6.184412        263.5068      -0.5481939E-04
   10 s   23    15.40123        9.041402        110.6023        15.30865        89.05912      -0.7897589E-01
   10 s   24    15.38303        9.415002        106.2135        15.30008        89.03380      -0.7858108E-01
   10 s   25    15.36609        9.788499        102.1607        15.29195        89.00819      -0.7821526E-01
   10 s   26    15.25061        10.09592        99.04996        7.204166        294.1656      -0.1701572E-04
   11 s    1    99.25004        3.719071        268.8843        14.77775        726.6958      -0.9112067E-02
   11 s    2    64.99242        4.058964        246.3683        13.81644        214.1329      -0.4160635E-02
   11 s    3    50.84782        4.445831        224.9298        11.57204        562.9932      -0.4152354E-02
   11 s    4    42.17402        4.741001        210.9259        11.85696        682.0201      -0.4390754E-02
   11 s    5    36.63250        5.033172        198.6819        11.48474        635.1623      -0.4267725E-02
   11 s    6    32.65641        5.302666        188.5844        9.848449        437.5710      -0.3523121E-02
   11 s    7    29.57403        5.540951        180.4744        19.01324        104.7389      -0.3699215E-02
   11 s    8    28.60837        6.074696        164.6173        13.23227        434.7881      -0.1902668E-02
   11 s    9    26.90467        6.385044        156.6160        12.18844        640.7405      -0.9211759E-03
   11 s   10    25.40033        6.662560        150.0925        9.697915        368.6302      -0.4025890E-07
   11 s   11    24.00146        6.895218        145.0280        9.555332        318.2579      -0.7344725E-03
   11 s   12    22.88469        7.146074        139.9370        10.40847        349.2071      -0.1554298E-02
   11 s   13    21.94615        7.401242        135.1125        9.870162        352.2181      -0.1803134E-02
   11 s   14    21.06336        7.629712        131.0665        8.453903        319.5607      -0.1526946E-02
   11 s   15    20.20614        7.823978        127.8122        7.249118        287.5144      -0.1092380E-02
   11 s   16    19.39876        7.995957        125.0632        6.644952        268.7471      -0.7377632E-03
   11 s   17    18.66399        8.159342        122.5589        6.519310        260.1454      -0.4864949E-03
   11 s   18    18.01339        8.324911        120.1214        6.818152        260.7601      -0.3057080E-03
   11 s   19    17.45895        8.504820        117.5804        7.687258        277.1980      -0.1706360E-03
   11 s   20    17.01367        8.712934        114.7719        8.963166        317.6489      -0.8011209E-04
   11 s   21    16.66205        8.949102        111.7431        9.812064        363.0835      -0.3773326E-04
   11 s   22    16.36470        9.198204        108.7169        10.02834        388.6841      -0.2261780E-04
   11 s   23    16.09193        9.446880        105.8550        9.799257        390.2415      -0.1815201E-04
   11 s   24    15.82385        9.684803        103.2546        9.164054        368.1859      -0.1808945E-04
   11 s   25    15.54437        9.902065        100.9890        8.178615        329.6665      -0.1879073E-04
   11 s   26    15.35033        10.16193        98.40652        15.28412        88.98164      -0.7787499E-01
   12 s    1    111.8334        4.190590        238.6299       0.8691234        228.4143      -0.2260048E-03
   12 s    2    67.81189        4.235048        236.1248        3.630937        254.0286      -0.1074615E-02
   12 s    3    53.38961        4.668070        214.2213        24.71135        85.66061      -0.8861604E-04
   12 s    4    46.96077        5.279105        189.4261        23.93751        87.34380      -0.2841669E-03
   12 s    5    39.42800        5.417264        184.5950        4.171343        237.3037      -0.9996088E-04
   12 s    6    34.20839        5.554673        180.0286        7.196213        303.9181      -0.5758342E-03
   12 s    7    30.87361        5.784439        172.8776        10.91042        501.5569      -0.1480154E-02
   12 s    8    28.72682        6.099848        163.9385        21.35378        94.63756      -0.4395389E-02
   12 s    9    27.81401        6.600848        151.4957        6.505814        253.2416      -0.1763044E-02
   12 s   10    25.95462        6.807952        146.8871        10.74804        404.1801      -0.2474380E-02
   12 s   11    24.76345        7.114127        140.5654        13.23615        640.7494      -0.1901172E-02
   12 s   12    23.86219        7.451313        134.2045        13.70318        698.6034      -0.1322136E-02
   12 s   13    23.10217        7.791107        128.3515        13.41422        678.5834      -0.1072854E-02
   12 s   14    22.38671        8.109065        123.3188        11.85415        570.4674      -0.1404750E-02
   12 s   15    21.64413        8.380778        119.3207        10.17330        454.2843      -0.1838899E-02
   12 s   16    20.91244        8.619878        116.0109        9.060273        390.5372      -0.1719036E-02
   12 s   17    20.20022        8.830934        113.2383        7.925939        338.3531      -0.1332970E-02
   12 s   18    19.51006        9.016601        110.9065        7.047436        303.1679      -0.9429524E-03
   12 s   19    18.85560        9.185178        108.8711        6.530669        282.9129      -0.6455924E-03
   12 s   20    18.24720        9.344641        107.0132        6.284951        271.8088      -0.4366125E-03
   12 s   21    17.68863        9.500475        105.2579        6.220282        266.1668      -0.2911191E-03
   12 s   22    17.18036        9.656666        103.5554        6.307702        264.6578      -0.1893496E-03
   12 s   23    16.72298        9.817344        101.8605        6.587490        268.1406      -0.1180296E-03
   12 s   24    16.32003        9.988484        100.1153        7.159212        280.2750      -0.6832388E-04
   12 s   25    15.98060        10.17995        98.23230        8.043889        306.5332      -0.3476014E-04
   12 s   26    15.69700        10.39142        96.23320        8.813862        338.7303      -0.1680576E-04
   13 s    1    119.0944        4.462674        224.0809        13.52917        765.5120      -0.7907061E-02
   13 s    2    77.09152        4.814588        207.7021        14.87849        919.5386      -0.9392976E-02
   13 s    3    59.41143        5.194581        192.5083        15.17464        951.9674      -0.7320014E-02
   13 s    4    47.44061        5.333046        187.5101        2.794411        219.5770      -0.1876777E-04
   13 s    5    42.49632        5.838840        171.2669        17.21844        189.9901      -0.2827831E-02
   13 s    6    37.85421        6.146672        162.6897        9.650023        483.0137      -0.3548360E-02
   13 s    7    33.80656        6.333952        157.8793        5.810223        288.5709      -0.2000960E-02
   13 s    8    30.44141        6.463923        154.7048        5.049343        246.9475      -0.1429256E-02
   13 s    9    28.02476        6.650862        150.3564        21.76449        87.87553      -0.4926308E-02
   13 s   10    27.42645        7.194015        139.0044        21.57762        87.11479      -0.5119890E-02
   13 s   11    26.82780        7.707180        129.7492        5.340555        248.6966      -0.1039816E-02
   13 s   12    25.13077        7.847447        127.4300        6.155666        255.7480      -0.8867292E-03
   13 s   13    23.78656        8.021914        124.6585        8.013717        280.7507      -0.9710588E-03
   13 s   14    22.79172        8.255770        121.1274        10.87120        343.4322      -0.7979903E-03
   13 s   15    22.09573        8.555641        116.8820        12.74134        439.9735      -0.4697511E-03
   13 s   16    21.53594        8.876879        112.6522        12.82678        489.9676      -0.4254751E-03
   13 s   17    21.02603        9.191955        108.7908        12.36185        504.4221      -0.4692921E-03
   13 s   18    20.53974        9.492467        105.3467        11.68072        496.6790      -0.5351035E-03
   13 s   19    20.06278        9.773235        102.3203        10.76821        465.7226      -0.6296330E-03
   13 s   20    19.58766        10.03111        99.68988        9.502530        409.1523      -0.7107160E-03
   13 s   21    19.08653        10.25128        97.54882        8.178732        350.3659      -0.6807921E-03
   13 s   22    18.57785        10.44216        95.76562        7.192352        310.0421      -0.5369092E-03
   13 s   23    18.07906        10.61344        94.22014        6.581672        286.0339      -0.3781215E-03
   13 s   24    17.60169        10.77291        92.82547        6.217986        271.4420      -0.2506720E-03
   13 s   25    17.15085        10.92543        91.52961        6.009619        262.2728      -0.1591564E-03
   13 s   26    16.72849        11.07427        90.29939        5.916340        256.7390      -0.9680540E-04
   14 s    1    131.9036        4.942656        202.3204        28.83371        88.08609      -0.4599497E-03
   14 s    2    83.87718        5.238372        190.8990        1.208492        210.0729      -0.3582217E-05
   14 s    3    60.34691        5.276375        189.5241        1.861974        214.3710      -0.5995105E-07
   14 s    4    49.44824        5.558734        179.8971        14.00489        751.6416      -0.5200459E-02
   14 s    5    43.14567        5.928058        168.6893        18.99419        131.0830      -0.1967229E-02
   14 s    6    39.82563        6.466787        154.6363        14.27155        136.2607      -0.1090842E-02
   14 s    7    35.86660        6.719918        148.8114        11.35552        423.0490      -0.3503005E-02
   14 s    8    33.08402        7.025055        142.3476        12.73574        575.8226      -0.4233664E-02
   14 s    9    30.90940        7.335448        136.3243        11.71964        510.4866      -0.4060948E-02
   14 s   10    28.84995        7.567403        132.1457        6.669934        288.5752      -0.2092292E-02
   14 s   11    26.90748        7.730069        129.3649        21.24653        87.00500      -0.5186736E-02
   14 s   12    26.45054        8.259564        121.0718        21.06311        86.62426      -0.5239123E-02
   14 s   13    25.63375        8.644869        115.6756        9.657142        396.8453      -0.2220474E-02
   14 s   14    24.45517        8.858316        112.8883        7.779387        317.9606      -0.1725914E-02
   14 s   15    23.36445        9.046900        110.5351        7.651560        307.5919      -0.1575181E-02
   14 s   16    22.43427        9.247163        108.1413        8.554537        333.3317      -0.1710395E-02
   14 s   17    21.66907        9.473073        105.5624        9.583269        376.6024      -0.1889927E-02
   14 s   18    21.03071        9.719373        102.8873        10.13625        410.4200      -0.1858974E-02
   14 s   19    20.47264        9.972890        100.2718        10.19578        417.0503      -0.1500047E-02
   14 s   20    19.97766        10.23083        97.74375        10.17963        414.8312      -0.9268043E-03
   14 s   21    19.52501        10.48678        95.35812        10.34517        425.4432      -0.4750937E-03
   14 s   22    19.11964        10.74669        93.05189        10.44052        438.6946      -0.2477396E-03
   14 s   23    18.74942        11.00698        90.85143        10.36467        443.5535      -0.1556210E-03
   14 s   24    18.40259        11.26309        88.78556        10.09399        435.1763      -0.1262546E-03
   14 s   25    18.06689        11.50896        86.88880        9.516393        407.1972      -0.1311022E-03
   14 s   26    17.72663        11.73504        85.21487        8.511408        358.8175      -0.1505778E-03
   15 s    1    139.1670        5.214829        191.7608       0.7074950        208.4191      -0.1640257E-04
   15 s    2    89.59458        5.595440        178.7170        22.56881        127.6761      -0.2430245E-02
   15 s    3    68.78840        6.014448        166.2663        14.17012        748.7211      -0.8360049E-02
   15 s    4    55.73225        6.265152        159.6130        5.021504        252.4109      -0.2468285E-02
   15 s    5    46.30882        6.362664        157.1669        3.942072        218.9358      -0.1041763E-02
   15 s    6    40.14312        6.518339        153.4133        16.22297        124.8825      -0.1195429E-02
   15 s    7    37.82244        7.086362        141.1161        23.37636        87.14938      -0.6497673E-03
   15 s    8    35.29000        7.493472        133.4495        3.257965        244.3702      -0.1816401E-05
   15 s    9    31.98752        7.591310        131.7296        5.013171        267.3239      -0.2755676E-03
   15 s   10    29.66803        7.781988        128.5019        10.54426        454.1678      -0.2070447E-02
   15 s   11    28.10976        8.075463        123.8319        12.33147        592.1725      -0.2848784E-02
   15 s   12    26.82698        8.377111        119.3729        11.69582        529.3929      -0.2682403E-02
   15 s   13    26.04536        8.783683        113.8475        20.86009        86.42455      -0.5238612E-02
   15 s   14    25.63238        9.284735        107.7037        11.77338        435.2134      -0.2899571E-03
   15 s   15    24.78868        9.598371        104.1843        13.04909        506.1236      -0.2288885E-03
   15 s   16    24.05289        9.914339        100.8640        11.18950        425.0040      -0.1393849E-04
   15 s   17    23.17409        10.13102        98.70672        7.213213        303.9903      -0.7552283E-03
   15 s   18    22.31020        10.31069        96.98671        7.412206        305.8820      -0.1103503E-02
   15 s   19    21.56483        10.50493        95.19341        8.239883        330.1610      -0.1455151E-02
   15 s   20    20.93316        10.72016        93.28221        9.023414        364.1832      -0.1787633E-02
   15 s   21    20.38536        10.94887        91.33359        9.273634        384.8439      -0.1905876E-02
   15 s   22    19.88238        11.17541        89.48221        8.867490        373.8469      -0.1710063E-02
   15 s   23    19.39711        11.38721        87.81781        8.160023        345.3648      -0.1306005E-02
   15 s   24    18.92593        11.58339        86.33049        7.662850        323.4259      -0.8852381E-03
   15 s   25    18.48242        11.77366        84.93534        7.699022        319.4273      -0.5461818E-03
   15 s   26    18.08612        11.97302        83.52111        8.357683        339.4937      -0.2990020E-03
   16 s    1    141.7945        5.313285        188.2075        16.04566        693.1207      -0.6740655E-02
   16 s    2    91.22830        5.697471        175.5165        17.03105        207.9563      -0.5629687E-02
   16 s    3    71.61073        6.261215        159.7134        24.15025        88.06231      -0.4327272E-04
   16 s    4    57.70567        6.486995        154.1546        12.47696        487.6882      -0.5670912E-02
   16 s    5    49.66548        6.823856        146.5447        13.55258        794.3604      -0.5547903E-02
   16 s    6    44.03822        7.150817        139.8442        12.59734        870.3955      -0.4421059E-02
   16 s    7    39.53576        7.407367        135.0007        5.047090        316.6527      -0.6864662E-03
   16 s    8    36.11608        7.668881        130.3971        22.98333        89.50820      -0.9496675E-03
   16 s    9    34.17363        8.110120        123.3027        12.96158        790.2710      -0.3879760E-02
   16 s   10    32.12881        8.427456        118.6598        12.41589        797.7145      -0.3664847E-02
   16 s   11    30.24340        8.688424        115.0957        7.262257        336.2312      -0.1070897E-02
   16 s   12    28.31029        8.840298        113.1184        6.161451        273.4442      -0.1634500E-04
   16 s   13    26.75902        9.024363        110.8111        8.851276        328.4423      -0.9162673E-04
   16 s   14    25.68304        9.303086        107.4912        20.68422        86.26306      -0.5213612E-02
   16 s   15    25.35694        9.818408        101.8495        20.52564        86.14736      -0.5170420E-02
   16 s   16    24.32459        10.02633        99.73741        9.378709        355.4223      -0.1801563E-02
   16 s   17    23.61958        10.32578        96.84501        13.44237        521.1050      -0.8178697E-03
   16 s   18    23.07565        10.66444        93.76954        13.48327        544.5888      -0.4946034E-03
   16 s   19    22.56575        10.99251        90.97104        12.65845        521.9191      -0.4382144E-03
   16 s   20    22.03907        11.28651        88.60133        10.62980        437.8947      -0.6560554E-03
   16 s   21    21.45070        11.52106        86.79756        8.531279        359.3019      -0.1095585E-02
   16 s   22    20.87036        11.73073        85.24619        8.557074        360.2453      -0.1498017E-02
   16 s   23    20.35793        11.95127        83.67311        9.180223        388.4309      -0.1827207E-02
   16 s   24    19.90644        12.18350        82.07821        9.411196        403.6112      -0.1925257E-02
   16 s   25    19.48657        12.41333        80.55858        8.986201        384.3125      -0.1715442E-02
   16 s   26    19.07369        12.62680        79.19665        8.150315        345.7827      -0.1302267E-02
   17 s    1    163.4501        6.124759        163.2717        16.10205        624.2470      -0.9107414E-02
   17 s    2    100.1387        6.253953        159.8989        1.386117        200.3562      -0.3493274E-03
   17 s    3    72.09609        6.303652        158.6382        3.536037        203.6627      -0.8940794E-03
   17 s    4    61.19532        6.879284        145.3640        24.37150        85.82384      -0.1550889E-04
   17 s    5    53.35706        7.331065        136.4058        2.396995        237.9316      -0.6035193E-03
   17 s    6    45.48222        7.385290        135.4043        2.345423        226.7612      -0.4555163E-03
   17 s    7    40.04029        7.501896        133.2996        10.00839        417.1058      -0.3567010E-02
   17 s    8    36.73871        7.801092        128.1872        12.77228        605.1292      -0.3872628E-02
   17 s    9    34.78422        8.255025        121.1383        22.82124        87.33158      -0.1050247E-02
   17 s   10    33.00318        8.656806        115.5160        4.066292        234.6942      -0.6000588E-03
   17 s   11    30.68348        8.814852        113.4449        9.958363        410.2730      -0.3265971E-02
   17 s   12    29.14944        9.102333        109.8619        12.02176        627.4209      -0.4221481E-02
   17 s   13    27.83640        9.387705        106.5223        10.78579        524.7112      -0.3765983E-02
   17 s   14    26.58586        9.630109        103.8410        8.762647        394.5429      -0.2873816E-02
   17 s   15    25.38190        9.828074        101.7493        7.440692        327.2504      -0.2146647E-02
   17 s   16    25.06176        10.33018        96.80371        20.39624        85.99476      -0.5116981E-02
   17 s   17    24.79307        10.83879        92.26121        20.27649        85.88818      -0.5054505E-02
   17 s   18    24.12513        11.14946        89.69042        6.413194        296.5781      -0.1296400E-02
   17 s   19    23.21335        11.30798        88.43313        6.597626        290.2049      -0.8192602E-03
   17 s   20    22.44348        11.49361        87.00483        8.630295        329.4688      -0.4976882E-03
   17 s   21    21.86683        11.74456        85.14580        11.18433        425.2357      -0.2073535E-03
   17 s   22    21.41295        12.03571        83.08610        11.90176        482.1601      -0.1278609E-03
   17 s   23    21.00886        12.33340        81.08062        11.85251        494.5604      -0.1499847E-03
   17 s   24    20.62706        12.62455        79.21073        11.37145        472.9517      -0.2875917E-03
   17 s   25    20.24550        12.89678        77.53876        10.37828        422.6018      -0.6968842E-03
   17 s   26    19.85638        13.14494        76.07493        9.666449        395.3783      -0.1250640E-02
   18 s    1    166.6787        6.245739        160.1091        1.914852        203.2280      -0.5338953E-03
   18 s    2    104.5391        6.528767        153.1683        13.79430        763.0039      -0.7004798E-02
   18 s    3    78.48199        6.861998        145.7302        13.32009        925.0693      -0.7562230E-02
   18 s    4    63.98339        7.192706        139.0297        11.88169        677.9628      -0.6367418E-02
   18 s    5    54.43110        7.478634        133.7143        22.96048        89.46371      -0.3975832E-03
   18 s    6    49.16415        7.983153        125.2638        16.41995        326.6718      -0.5388204E-02
   18 s    7    44.52446        8.342044        119.8747        11.66701        524.5419      -0.4601411E-02
   18 s    8    40.01907        8.497642        117.6797        3.171787        234.5053      -0.6336642E-03
   18 s    9    36.11796        8.571550        116.6650        3.024447        225.5714      -0.3285544E-03
   18 s   10    33.65492        8.827757        113.2791        22.78909        86.48259      -0.1228569E-02
   18 s   11    32.70808        9.396484        106.4228        22.60893        86.49578      -0.1420441E-02
   18 s   12    31.28557        9.769372        102.3607        7.314799        321.6499      -0.2354739E-02
   18 s   13    29.51931        9.955256        100.4495        7.961565        322.5938      -0.2452964E-02
   18 s   14    28.10248        10.17947        98.23693        9.850004        382.7325      -0.3053296E-02
   18 s   15    26.97021        10.44308        95.75721        11.23410        458.5171      -0.3496685E-02
   18 s   16    26.01707        10.72395        93.24920        11.09377        466.6425      -0.3432178E-02
   18 s   17    25.09474        10.97067        91.15211        8.434019        359.8264      -0.2433183E-02
   18 s   18    24.54736        11.34460        88.14768        20.16936        85.79512      -0.4987045E-02
   18 s   19    24.26664        11.82107        84.59470        12.64861        493.2684      -0.1981867E-02
   18 s   20    23.65301        12.11303        82.55572        10.43804        399.0068      -0.1835661E-02
   18 s   21    22.96750        12.33572        81.06536        7.675690        318.5723      -0.1362036E-02
   18 s   22    22.25770        12.51052        79.93273        6.629493        292.8979      -0.1045715E-02
   18 s   23    21.59169        12.67556        78.89199        6.771100        294.7799      -0.9563087E-03
   18 s   24    21.00311        12.85471        77.79249        7.758475        320.9360      -0.9691790E-03
   18 s   25    20.51617        13.06920        76.51579        9.543153        387.7350      -0.8654607E-03
   18 s   26    20.13240        13.32766        75.03190        11.00550        471.3077      -0.6407718E-03
   19 s    1    170.8374        6.401572        156.2116        30.19729        86.43526      -0.2587123E-03
   19 s    2    113.8098        7.107748        140.6915        26.06854        93.87946      -0.1028377E-02
   19 s    3    83.49998        7.300741        136.9724        1.183481        218.0746      -0.3271876E-03
   19 s    4    65.39948        7.351896        136.0193        4.375215        244.5901      -0.1998194E-02
   19 s    5    55.59981        7.639211        130.9036        15.78580        537.9796      -0.6897006E-02
   19 s    6    49.91793        8.105549        123.3723        22.03021        102.3549      -0.1226192E-02
   19 s    7    45.37931        8.502207        117.6165        4.984247        250.2168      -0.1208008E-02
   19 s    8    41.20320        8.749081        114.2977        12.51187        691.6107      -0.4601887E-02
   19 s    9    38.16557        9.057491        110.4058        11.91517        714.0298      -0.4319406E-02
   19 s   10    35.60065        9.338127        107.0879        10.46986        560.0679      -0.3676406E-02
   19 s   11    33.33236        9.575831        104.4296        8.558245        398.6994      -0.2909121E-02
   19 s   12    31.89941        9.961052        100.3910        22.42557        86.38318      -0.1583212E-02
   19 s   13    30.71428        10.35825        96.54136        9.916864        546.8558      -0.1382907E-02
   19 s   14    29.27638        10.60469        94.29793        9.616521        523.3874      -0.1076417E-02
   19 s   15    27.95552        10.82460        92.38218        7.863936        393.8607      -0.3351626E-03
   19 s   16    26.70363        11.00694        90.85174        7.225185        332.5631      -0.8728944E-05
   19 s   17    25.65663        11.21632        89.15583        10.02102        391.1273      -0.7613702E-03
   19 s   18    24.88999        11.50294        86.93428        12.53965        491.5680      -0.1698833E-02
   19 s   19    24.32170        11.84789        84.40321        20.07279        85.71355      -0.4916777E-02
   19 s   20    24.11361        12.34891        80.97880        19.98508        85.64157      -0.4845258E-02
   19 s   21    23.86288        12.81663        78.02364        13.55656        469.7386      -0.1256750E-03
   19 s   22    23.43577        13.17269        75.91466        14.68161        535.5602      -0.2751305E-03
   19 s   23    22.86915        13.42550        74.48513        7.013088        305.9471      -0.1310774E-02
   19 s   24    22.20515        13.59040        73.58135        6.350363        283.8769      -0.9814562E-03
   19 s   25    21.57969        13.74668        72.74482        6.272671        278.3113      -0.8529880E-03
   19 s   26    21.00654        13.90634        71.90963        6.604062        283.8744      -0.8634710E-03
   20 s    1    184.7570        6.923164        144.4426        17.02449        895.4654      -0.1093930E-01
   20 s    2    116.4726        7.274048        137.4750        2.550901        224.4516      -0.8689785E-03
   20 s    3    88.27944        7.718628        129.5567        20.79453        178.7977      -0.4208103E-02
   20 s    4    72.40529        8.139456        122.8583        14.76417        822.8823      -0.7903295E-02
   20 s    5    61.03517        8.386011        119.2462        2.389121        227.0170      -0.8765831E-03
   20 s    6    51.93783        8.433536        118.5742        2.001565        218.5901      -0.2637670E-03
   20 s    7    46.33417        8.681109        115.1927        23.08025        88.06208      -0.2968427E-03
   20 s    8    43.61854        9.261952        107.9686        23.07926        88.53050      -0.3722257E-03
   20 s    9    40.74218        9.668974        103.4236        4.148088        244.0754      -0.6886018E-03
   20 s   10    37.26248        9.774029        102.3120        4.734509        265.7292      -0.4344583E-03
   20 s   11    34.51948        9.916871        100.8383        6.833615        333.1152      -0.7805649E-03
   20 s   12    32.40941        10.12031        98.81123        8.983267        456.8739      -0.1248460E-02
   20 s   13    31.19645        10.52087        95.04922        22.26190        86.33686      -0.1735990E-02
   20 s   14    30.15044        10.92130        91.56421        6.429576        301.3942      -0.2077864E-02
   20 s   15    28.69405        11.11056        90.00444        9.071066        379.4607      -0.2848328E-02
   20 s   16    27.58087        11.36853        87.96211        11.47207        524.0160      -0.3334110E-02
   20 s   17    26.68628        11.66645        85.71589        12.34572        614.6439      -0.3269036E-02
   20 s   18    25.90226        11.97076        83.53686        11.95451        573.4227      -0.2579406E-02
   20 s   19    25.14572        12.24930        81.63733        10.38291        427.0552      -0.1017293E-02
   20 s   20    24.42466        12.50820        79.94752        11.01737        392.6626      -0.3097647E-04
   20 s   21    23.92103        12.84786        77.83396        19.90487        85.57771      -0.4773571E-02
   20 s   22    23.54646        13.23490        75.55780        8.457319        357.3508      -0.2031823E-02
   20 s   23    23.06580        13.54094        73.85009        14.64144        557.6851      -0.4047409E-03
   20 s   24    22.70859        13.89853        71.95008        13.88951        544.6362      -0.3925131E-03
   20 s   25    22.33785        14.22965        70.27581        12.50357        493.4463      -0.4320287E-03
   20 s   26    21.92713        14.51578        68.89056        10.27728        403.8356      -0.5721879E-03
