    0 t    2    6.107963       0.3814600        2621.507        9.217727        251.6517       0.1824127E-09
    0 t    3    6.738219       0.5891497        1697.361        7.634672        240.7022       0.9735307E-09
    0 t    4    6.842972       0.7692541        1299.961        6.826117        228.7799       0.9956749E-09
    0 t    5    6.789607       0.9328673        1071.964        6.286021        217.2084       0.6178263E-09
    0 t    6    6.682592        1.085103        921.5718        5.903981        206.6719       0.9499016E-09
    0 t    7    6.560495        1.229166        813.5600        5.624532        197.3523       0.1030015E-08
    0 t    8    6.438464        1.367142        731.4528        5.411963        189.1995       0.1003016E-08
    0 t    9    6.322252        1.500403        666.4876        5.244018        182.0959       0.1020852E-08
    0 t   10    6.213762        1.629883        613.5409        5.107436        175.9184       0.1268849E-08
    0 t   11    6.113336        1.756259        569.3920        4.994300        170.5536       0.1370714E-08
    0 t   12    6.020700        1.880051        531.9006        4.899634        165.8995       0.1452027E-08
    0 t   13    5.935359        2.001674        499.5819        4.820041        161.8644       0.1629698E-08
    0 t   14    5.856751        2.121472        471.3708        4.752993        158.3664       0.1893825E-08
    0 t   15    5.784316        2.239733        446.4818        4.696482        155.3324       0.2225029E-08
    0 t   16    5.717517        2.356698        424.3225        4.648853        152.6987       0.2530145E-08
    0 t   17    5.655855        2.472571        404.4372        4.608717        150.4093       0.2404671E-08
    0 t   18    5.598869        2.587525        386.4697        4.574900        148.4163       0.3030520E-08
    0 t   19    5.546138        2.701704        370.1368        4.546407        146.6782       0.2682018E-08
    0 t   20    5.497276        2.815230        355.2107        4.522403        145.1595       0.2112310E-08
    0 t   21    5.451936        2.928207        341.5059        4.502179        143.8301       0.3659784E-08
    0 t   22    5.409803        3.040720        328.8694        4.485143        142.6642       0.2854491E-08
    0 t   23    5.370591        3.152844        317.1740        4.470797        141.6396       0.3094549E-08
    0 t   24    5.334044        3.264639        306.3126        4.458723        140.7378       0.1836226E-08
    1 t    1    32.35273        1.212313        824.8695        2.817581        263.6340       0.3559045E-10
    1 t    2    20.87638        1.303790        766.9945        4.449915        261.2451      -0.1077432E-11
    1 t    3    16.37953        1.432129        698.2612        5.749081        258.8753       0.1640003E-10
    1 t    4    14.12638        1.588020        629.7151        6.646071        256.1926       0.8158301E-10
    1 t    5    12.81828        1.761184        567.7997        7.134540        252.3002       0.3045002E-09
    1 t    6    11.95978        1.942000        514.9331        7.271385        246.6896       0.4542291E-09
    1 t    7    11.33065        2.122896        471.0547        7.160584        239.7735       0.3335291E-09
    1 t    8    10.82812        2.299241        434.9262        6.927767        232.6728       0.2577029E-09
    1 t    9    10.40535        2.469409        404.9552        6.680544        226.4644       0.2403206E-09
    1 t   10    10.04140        2.633882        379.6678        6.477288        221.6230       0.4639303E-09
    1 t   11    9.725543        2.793986        357.9116        6.330443        218.0657       0.4549780E-09
    1 t   12    9.450406        2.951026        338.8652        6.229597        215.4707       0.3313097E-09
    1 t   13    9.209789        3.105961        321.9616        6.159641        213.5044       0.3930688E-09
    1 t   14    8.998233        3.259401        306.8048        6.108244        211.9045       0.3773640E-09
    1 t   15    8.811024        3.411698        293.1092        6.067113        210.4862       0.6143704E-09
    1 t   16    8.644190        3.563041        280.6591        6.031179        209.1261       0.7959553E-09
    1 t   17    8.494445        3.713518        269.2864        5.997498        207.7443       0.6885330E-09
    1 t   18    8.359090        3.863165        258.8551        5.964417        206.2909       0.5857325E-09
    1 t   19    8.235917        4.011983        249.2533        5.931020        204.7360       0.9415256E-09
    1 t   20    8.123114        4.159958        240.3871        5.896807        203.0638       0.1150224E-08
    1 t   21    8.019190        4.307066        232.1766        5.861499        201.2682       0.8364091E-09
    1 t   22    7.922909        4.453277        224.5537        5.824946        199.3500       0.9942017E-09
    1 t   23    7.833241        4.598560        217.4594        5.787067        197.3153       0.1090444E-08
    1 t   24    7.749321        4.742881        210.8423        5.747826        195.1737       0.1319657E-08
    2 t    1    57.12190        2.140457        467.1901        1.327034        202.0721      -0.1743166E-09
    2 t    2    34.98055        2.184637        457.7420        2.202878        203.2295      -0.1603056E-09
    2 t    3    25.74081        2.250623        444.3214        3.070458        205.2122      -0.1377979E-09
    2 t    4    20.80011        2.338248        427.6706        3.933403        208.2984      -0.1096658E-09
    2 t    5    17.81295        2.447434        408.5912        4.793800        212.7923      -0.8407118E-10
    2 t    6    15.87659        2.578002        387.8973        5.638493        218.8652      -0.6194260E-10
    2 t    7    14.56604        2.729074        366.4247        6.423107        226.2662      -0.3614766E-10
    2 t    8    13.64921        2.898271        345.0333        7.075156        234.1128       0.1332665E-09
    2 t    9    12.98408        3.081395        324.5283        7.529133        241.1493       0.3489032E-09
    2 t   10    12.47841        3.273114        305.5194        7.763757        246.3874       0.3966681E-09
    2 t   11    12.07243        3.468209        288.3333        7.807220        249.5070       0.4329597E-09
    2 t   12    11.72913        3.662591        273.0307        7.717972        250.7654       0.5981703E-09
    2 t   13    11.42717        3.853764        259.4865        7.560737        250.6733       0.6612088E-09
    2 t   14    11.15521        4.040714        247.4810        7.387016        249.7045       0.5196302E-09
    2 t   15    10.90742        4.223441        236.7738        7.225963        248.1542       0.2692657E-09
    2 t   16    10.68056        4.402412        227.1482        7.086837        246.1403      -0.5032116E-11
    2 t   17    10.47226        4.578159        218.4284        6.967056        243.6722       0.1279131E-09
    2 t   18    10.28036        4.751083        210.4783        6.859517        240.7202       0.2835088E-09
    2 t   19    10.10278        4.921395        203.1944        6.756900        237.2623       0.3089267E-09
    2 t   20    9.937529        5.089145        196.4967        6.653544        233.3102       0.3379784E-09
    2 t   21    9.782752        5.254266        190.3215        6.546038        228.9213       0.8000245E-09
    2 t   22    9.636840        5.416637        184.6164        6.433238        224.2012       0.4320746E-09
    2 t   23    9.498448        5.576132        179.3358        6.316022        219.2957       0.1812233E-09
    2 t   24    9.366519        5.732669        174.4388        6.196843        214.3744       0.1835608E-09
    3 t    1    83.39217        3.124849        320.0154       0.9668639        216.5319      -0.4606372E-10
    3 t    2    50.55067        3.157036        316.7529        1.604852        217.7206      -0.4552204E-10
    3 t    3    36.65707        3.205076        312.0051        2.233864        219.4735      -0.4483730E-10
    3 t    4    29.07720        3.268719        305.9302        2.852067        221.7560      -0.4414117E-10
    3 t    5    24.36519        3.347688        298.7136        3.459237        224.5243      -0.4358485E-10
    3 t    6    21.19580        3.441722        290.5522        4.056914        227.7280      -0.4039676E-10
    3 t    7    18.95091        3.550617        281.6412        4.648073        231.3094      -0.5594521E-10
    3 t    8    17.30363        3.674250        272.1644        5.235783        235.1976      -0.5114708E-10
    3 t    9    16.06493        3.812545        262.2920        5.820026        239.2861      -0.4881500E-10
    3 t   10    15.11742        3.965333        252.1856        6.392212        243.3857      -0.5363797E-10
    3 t   11    14.38320        4.132054        242.0104        6.928889        247.1568      -0.5852827E-10
    3 t   12    13.80671        4.311346        231.9461        7.389536        250.0566      -0.6480399E-10
    3 t   13    13.34542        4.500684        222.1885        7.723667        251.3699       0.3242468E-09
    3 t   14    12.96511        4.696308        212.9332        7.885891        250.3663       0.4412993E-09
    3 t   15    12.63808        4.893566        204.3500        7.852648        246.5866       0.1373611E-09
    3 t   16    12.34301        5.087654        196.5542        7.638336        240.2254       0.1134884E-09
    3 t   17    12.06562        5.274729        189.5832        7.305272        232.3635       0.2685915E-09
    3 t   18    11.79909        5.452966        183.3864        6.947004        224.5983       0.2562563E-10
    3 t   19    11.54267        5.622810        177.8470        6.643626        218.2128       0.2759713E-09
    3 t   20    11.29863        5.786181        172.8256        6.431437        213.7312       0.9767243E-10
    3 t   21    11.06956        5.945403        168.1972        6.309613        211.1061       0.3524932E-09
    3 t   22    10.85713        6.102535        163.8663        6.260816        210.0575      -0.1183921E-09
    3 t   23    10.66190        6.259146        159.7662        6.264838        210.2628      -0.1211335E-09
    3 t   24    10.48354        6.416327        155.8524        6.303653        211.4143      -0.1199002E-09
    4 t    1    112.4489        4.213654        237.3237       0.7075871        218.8914      -0.2673766E-09
    4 t    2    67.84629        4.237197        236.0051        1.173139        218.8270      -0.2625481E-09
    4 t    3    48.86289        4.272280        234.0671        1.629609        218.7068      -0.2588094E-09
    4 t    4    38.41683        4.318636        231.5546        2.073734        218.5055      -0.2543263E-09
    4 t    5    31.84887        4.375919        228.5234        2.502659        218.1940      -0.2656885E-09
    4 t    6    27.36659        4.443719        225.0367        2.914115        217.7446      -0.2617066E-09
    4 t    7    24.13328        4.521579        221.1617        3.306681        217.1371      -0.2583666E-09
    4 t    8    21.70587        4.609022        216.9658        3.680158        216.3680      -0.2560733E-09
    4 t    9    19.82793        4.705584        212.5135        4.036114        215.4612      -0.2477335E-09
    4 t   10    18.34096        4.810874        207.8624        4.378635        214.4830      -0.2410897E-09
    4 t   11    17.14211        4.924641        203.0605        4.715307        213.5596      -0.2365720E-09
    4 t   12    16.16220        5.046880        198.1422        5.058224        212.8983      -0.2233570E-09
    4 t   13    15.35365        5.177950        193.1266        5.424356        212.8074      -0.2185642E-09
    4 t   14    14.68328        5.318676        188.0167        5.833307        213.6969      -0.2058316E-09
    4 t   15    14.12762        5.470325        182.8045        6.298602        216.0096      -0.1741830E-09
    4 t   16    13.66908        5.634246        177.4860        6.809755        219.9980      -0.1689782E-09
    4 t   17    13.29237        5.811029        172.0865        7.315135        225.3563       0.3344362E-09
    4 t   18    12.98173        5.999526        166.6798        7.732553        231.0456       0.3595879E-09
    4 t   19    12.72054        6.196587        161.3792        7.991975        235.7074       0.3435012E-09
    4 t   20    12.49302        6.397845        156.3026        8.068279        238.3619      -0.1483067E-09
    4 t   21    12.28624        6.598876        151.5410        7.979737        238.7476       0.2681089E-09
    4 t   22    12.09104        6.796084        147.1436        7.771350        237.2320       0.2256539E-09
    4 t   23    11.90201        6.987160        143.1197        7.498726        234.5405       0.1828127E-09
    4 t   24    11.71686        7.171166        139.4473        7.213409        231.4511      -0.1812914E-09
