    0 t    2    5.981546       0.3735649        2676.911        9.047449        247.2234       0.2390842E-09
    0 t    3    6.606606       0.5776423        1731.175        7.506638        237.8707       0.4624586E-09
    0 t    4    6.712642       0.7546030        1325.200        6.697767        226.9508       0.1060913E-08
    0 t    5    6.657806       0.9147583        1093.185        6.136196        215.7455       0.9102919E-09
    0 t    6    6.546036        1.062929        940.7966        5.729615        205.2046       0.1135054E-08
    0 t    7    6.417592        1.202391        831.6759        5.432825        195.7766       0.1210358E-08
    0 t    8    6.289234        1.335455        748.8086        5.212611        187.5581       0.1154050E-08
    0 t    9    6.167679        1.463720        683.1910        5.045353        180.4787       0.1207232E-08
    0 t   10    6.055229        1.588300        629.6042        4.915395        174.4112       0.1487006E-08
    0 t   11    5.952282        1.709991        584.7983        4.812595        169.2196       0.1779680E-08
    0 t   12    5.858445        1.829384        546.6321        4.730248        164.7771       0.1755582E-08
    0 t   13    5.773026        1.946928        513.6297        4.663727        160.9710       0.2040411E-08
    0 t   14    5.695255        2.062974        484.7371        4.609680        157.7043       0.2957563E-08
    0 t   15    5.624370        2.177801        459.1788        4.565582        154.8938       0.2704586E-08
    0 t   16    5.559661        2.291631        436.3704        4.529477        152.4695       0.3009746E-08
    0 t   17    5.500479        2.404646        415.8617        4.499824        150.3725       0.3732409E-08
    0 t   18    5.446242        2.516988        397.3002        4.475394        148.5533       0.3253516E-08
    0 t   19    5.396431        2.628777        380.4050        4.455199        146.9706       0.2540729E-08
    0 t   20    5.350584        2.740108        364.9492        4.438444        145.5895       0.4317409E-08
    0 t   21    5.308293        2.851057        350.7471        4.424486        144.3811       0.3337869E-08
    0 t   22    5.269196        2.961688        337.6452        4.412803        143.3208       0.1979102E-08
    0 t   23    5.232971        3.072053        325.5152        4.402971        142.3880       0.2090001E-08
    0 t   24    5.199336        3.182193        314.2487        4.394645        141.5653       0.4550405E-08
    1 t    1    32.52494        1.218766        820.5021        2.494839        255.7690       0.3462025E-10
    1 t    2    20.81868        1.300187        769.1203        3.981355        251.3948       0.4509109E-10
    1 t    3    16.19383        1.415892        706.2685        5.223145        247.2067       0.1516894E-10
    1 t    4    13.86738        1.558904        641.4761        6.156889        243.8389       0.1511549E-09
    1 t    5    12.52683        1.721141        581.0100        6.760771        240.9829       0.3077426E-09
    1 t    6    11.66796        1.894614        527.8121        7.063675        238.0591       0.4835964E-09
    1 t    7    11.06202        2.072566        482.4937        7.131566        234.7466       0.4749384E-09
    1 t    8    10.59681        2.250126        444.4196        7.045708        231.1014       0.5415988E-09
    1 t    9    10.21585        2.424436        412.4670        6.882911        227.3897       0.5079643E-09
    1 t   10    9.890639        2.594336        385.4551        6.699943        223.8546       0.4472842E-09
    1 t   11    9.606392        2.759756        362.3509        6.527551        220.5895       0.2851918E-09
    1 t   12    9.354628        2.921118        342.3347        6.375615        217.5525       0.3063158E-09
    1 t   13    9.129638        3.078930        324.7881        6.242827        214.6415       0.2895338E-09
    1 t   14    8.927040        3.233613        309.2516        6.124291        211.7558       0.5409595E-09
    1 t   15    8.743264        3.385461        295.3807        6.015315        208.8238       0.7037035E-09
    1 t   16    8.575360        3.534670        282.9119        5.912591        205.8075       0.6729044E-09
    1 t   17    8.420903        3.681368        271.6381        5.814160        202.6964       0.5707150E-09
    1 t   18    8.277915        3.825650        261.3935        5.719043        199.4997       0.5418021E-09
    1 t   19    8.144789        3.967592        252.0421        5.626870        196.2393       0.2966179E-09
    1 t   20    8.020226        4.107268        243.4709        5.537617        192.9436       0.1807366E-10
    1 t   21    7.903170        4.244752        235.5850        5.451436        189.6443       0.2162726E-09
    1 t   22    7.792761        4.380124        228.3040        5.368563        186.3730       0.6476479E-09
    1 t   23    7.688297        4.513470        221.5590        5.289262        183.1595       0.4853435E-09
    1 t   24    7.589202        4.644883        215.2907        5.213791        180.0308       0.8071386E-09
    2 t    1    57.96419        2.172019        460.4012        1.279139        202.9205      -0.1343535E-09
    2 t    2    35.45946        2.214545        451.5599        2.117361        203.9335      -0.1184475E-09
    2 t    3    26.05175        2.277810        439.0183        2.935844        205.5332      -0.1040758E-09
    2 t    4    21.00472        2.361249        423.5046        3.729383        207.7835      -0.8869498E-10
    2 t    5    17.93476        2.464171        405.8160        4.492044        210.7176      -0.6468882E-10
    2 t    6    15.92386        2.585676        386.7460        5.212543        214.2893      -0.4879116E-10
    2 t    7    14.54142        2.724461        367.0451        5.869057        218.3147      -0.3936878E-10
    2 t    8    13.55624        2.878530        347.3995        6.428897        222.4440       0.8792444E-10
    2 t    9    12.83085        3.045029        328.4041        6.858253        226.2291       0.4730428E-09
    2 t   10    12.27748        3.220410        310.5195        7.138163        229.2890       0.5868700E-09
    2 t   11    11.83833        3.400955        294.0350        7.274607        231.4569       0.3765868E-09
    2 t   12    11.47552        3.583396        279.0649        7.295962        232.7985       0.6188286E-09
    2 t   13    11.16498        3.765339        265.5803        7.241695        233.5142       0.6704418E-09
    2 t   14    10.89202        3.945382        253.4609        7.149582        233.8157       0.7043802E-09
    2 t   15    10.64789        4.122946        242.5450        7.047057        233.8480       0.6395055E-09
    2 t   16    10.42721        4.297983        232.6673        6.948984        233.6747       0.5252223E-09
    2 t   17    10.22641        4.470683        223.6795        6.860322        233.3019       0.7881202E-09
    2 t   18    10.04277        4.641281        215.4578        6.780424        232.7125       0.6351804E-09
    2 t   19    9.874035        4.809964        207.9018        6.706590        231.8917       0.4567102E-09
    2 t   20    9.718249        4.976848        200.9304        6.636148        230.8399       0.4945621E-09
    2 t   21    9.573721        5.141996        194.4770        6.567328        229.5769       0.2172860E-09
    2 t   22    9.439001        5.305436        188.4859        6.499395        228.1388      -0.8117404E-10
    2 t   23    9.312876        5.467190        182.9093        6.432439        226.5718      -0.8563142E-10
    2 t   24    9.194343        5.627290        177.7054        6.367034        224.9251      -0.8310057E-10
    3 t    1    85.09770        3.188758        313.6017       0.8736455        214.6681      -0.7611669E-10
    3 t    2    51.52443        3.217849        310.7666        1.450902        215.5003      -0.7478437E-10
    3 t    3    37.30009        3.261298        306.6264        2.021047        216.7283      -0.7304072E-10
    3 t    4    29.52361        3.318903        301.3044        2.582443        218.3287      -0.7116405E-10
    3 t    5    24.67630        3.390434        294.9475        3.134435        220.2705      -0.6852958E-10
    3 t    6    21.40480        3.475659        287.7153        3.677257        222.5142      -0.6545036E-10
    3 t    7    19.07760        3.574353        279.7709        4.211545        225.0079      -0.6516250E-10
    3 t    8    17.36041        3.686307        271.2742        4.737233        227.6782      -0.6936138E-10
    3 t    9    16.05959        3.811277        262.3792        5.251605        230.4159      -0.6878446E-10
    3 t   10    15.05476        3.948895        253.2354        5.746623        233.0566      -0.6915797E-10
    3 t   11    14.26639        4.098496        243.9919        6.206501        235.3680      -0.7296552E-10
    3 t   12    13.63882        4.258919        234.8014        6.607657        237.0620      -0.8135009E-10
    3 t   13    13.13096        4.428359        225.8173        6.923206        237.8500       0.1557849E-09
    3 t   14    12.71133        4.604385        217.1843        7.131640        237.5351       0.1015397E-08
    3 t   15    12.35562        4.784193        209.0217        7.225919        236.1050       0.5823057E-09
    3 t   16    12.04554        4.965040        201.4082        7.218343        233.7753       0.2824818E-09
    3 t   17    11.76823        5.144721        194.3740        7.138386        230.9508      -0.1345481E-09
    3 t   18    11.51547        5.321891        187.9031        7.023625        228.1053       0.5056600E-09
    3 t   19    11.28260        5.496121        181.9465        6.907864        225.6384       0.2067542E-09
    3 t   20    11.06724        5.667687        176.4388        6.812900        223.7875       0.2154280E-09
    3 t   21    10.86817        5.837239        171.3139        6.747250        222.6246       0.5759445E-09
    3 t   22    10.68452        6.005513        166.5137        6.709817        222.1039       0.2617915E-09
    3 t   23    10.51540        6.173143        161.9920        6.694569        222.1166       0.2985816E-09
    3 t   24    10.35979        6.340591        157.7140        6.694010        222.5296       0.3449167E-09
    4 t    1    114.2653        4.281718        233.5511       0.6249611        217.1393      -0.3210363E-09
    4 t    2    68.89241        4.302530        232.4214        1.038046        217.0389      -0.3195832E-09
    4 t    3    49.56441        4.333617        230.7541        1.446048        216.8907      -0.3305245E-09
    4 t    4    38.91672        4.374831        228.5803        1.847432        216.6989      -0.3150397E-09
    4 t    5    32.21332        4.425993        225.9380        2.241153        216.4713      -0.3039533E-09
    4 t    6    27.63255        4.486905        222.8708        2.626798        216.2215      -0.2937865E-09
    4 t    7    24.32429        4.557366        219.4250        3.004714        215.9707      -0.2807866E-09
    4 t    8    21.83857        4.637198        215.6475        3.376139        215.7507      -0.2735994E-09
    4 t    9    19.91507        4.726264        211.5836        3.743303        215.6056      -0.2643619E-09
    4 t   10    18.39289        4.824495        207.2756        4.109459        215.5947      -0.2584574E-09
    4 t   11    17.16743        4.931916        202.7609        4.478725        215.7927      -0.2213760E-09
    4 t   12    16.16790        5.048661        198.0723        4.855515        216.2865      -0.2075913E-09
    4 t   13    15.34479        5.174964        193.2381        5.243205        217.1649      -0.2070348E-09
    4 t   14    14.66238        5.311105        188.2847        5.641649        218.4944      -0.2077350E-09
    4 t   15    14.09393        5.457282        183.2414        6.043645        220.2777      -0.2153602E-09
    4 t   16    13.61848        5.613389        178.1455        6.431823        222.4051      -0.2231125E-09
    4 t   17    13.21855        5.778756        173.0476        6.779123        224.6323       0.1528491E-10
    4 t   18    12.87885        5.951980        168.0113        7.055430        226.6269       0.1680008E-09
    4 t   19    12.58585        6.130977        163.1061        7.238393        228.0871       0.3895919E-09
    4 t   20    12.32793        6.313302        158.3957        7.322150        228.8656       0.1430683E-09
    4 t   21    12.09580        6.496591        153.9269        7.319039        229.0150       0.5750999E-09
    4 t   22    11.88268        6.678972        149.7236        7.254311        228.7361      -0.2033195E-09
    4 t   23    11.68416        6.859269        145.7881        7.157200        228.2731      -0.1848883E-09
    4 t   24    11.49765        7.037001        142.1060        7.052676        227.8210      -0.1760259E-09
