    0 t    2    6.168363       0.3852321        2595.838        9.328053        253.2853      -0.1810990E-10
    0 t    3    6.812118       0.5956110        1678.948        7.737969        243.0661      -0.3642988E-10
    0 t    4    6.921167       0.7780444        1285.274        6.906677        231.2749       0.3103168E-09
    0 t    5    6.865347       0.9432736        1060.138        6.334621        219.3145       0.6657946E-09
    0 t    6    6.751891        1.096355        912.1131        5.924806        208.1623       0.1062661E-08
    0 t    7    6.622075        1.240703        805.9946        5.628745        198.2391       0.1434544E-08
    0 t    8    6.492887        1.378698        725.3218        5.411229        189.6056       0.1722126E-08
    0 t    9    6.371020        1.511977        661.3859        5.247653        182.1653       0.1745515E-08
    0 t   10    6.258699        1.641670        609.1357        5.121898        175.7752       0.2048060E-08
    0 t   11    6.156241        1.768585        565.4237        5.023581        170.2904       0.3000589E-08
    0 t   12    6.063181        1.893316        528.1739        4.945841        165.5784       0.1698959E-08
    0 t   13    5.978770        2.016314        495.9545        4.883940        161.5237       0.1306261E-08
    0 t   14    5.902187        2.137930        467.7422        4.834446        158.0269       0.1833081E-08
    0 t   15    5.832628        2.258440        442.7835        4.794779        155.0037       0.2079245E-08
    0 t   16    5.769351        2.378063        420.5102        4.762949        152.3833       0.2313545E-08
    0 t   17    5.711679        2.496976        400.4844        4.737399        150.1060       0.2306028E-08
    0 t   18    5.659007        2.615318        382.3627        4.716894        148.1218       0.2533305E-08
    0 t   19    5.610800        2.733203        365.8711        4.700450        146.3889       0.2537942E-08
    0 t   20    5.566580        2.850722        350.7883        4.687282        144.8723       0.2972040E-08
    0 t   21    5.525930        2.967948        336.9331        4.676756        143.5424       0.2883811E-08
    0 t   22    5.488477        3.084941        324.1553        4.668365        142.3744       0.3074649E-08
    0 t   23    5.453896        3.201749        312.3293        4.661697        141.3474       0.2863791E-08
    0 t   24    5.421899        3.318410        301.3492        4.656419        140.4436       0.4225577E-08
    1 t    1    32.84748        1.230852        812.4454        2.626747        267.0576       0.3347145E-10
    1 t    2    21.08027        1.316524        759.5760        4.187086        262.6888       0.3759325E-10
    1 t    3    16.44801        1.438116        695.3542        5.485297        258.6791       0.5048523E-10
    1 t    4    14.12777        1.588177        629.6529        6.455267        255.5867       0.2704336E-10
    1 t    5    12.79588        1.758107        568.7936        7.074707        252.9194       0.5596164E-09
    1 t    6    11.94389        1.939419        515.6183        7.373973        249.9264       0.5279113E-09
    1 t    7    11.34139        2.124908        470.6086        7.421931        246.2056       0.2831014E-09
    1 t    8    10.87576        2.309357        433.0209        7.305341        241.8511       0.1958785E-09
    1 t    9    10.49101        2.489737        401.6488        7.108999        237.2620       0.2484740E-09
    1 t   10    10.15970        2.664910        375.2472        6.896671        232.8317       0.4587233E-09
    1 t   11    9.868158        2.834957        352.7390        6.702068        228.7539       0.4908328E-09
    1 t   12    9.608769        3.000477        333.2803        6.534543        225.0278       0.6482407E-09
    1 t   13    9.376320        3.162123        316.2433        6.391006        221.5579       0.6887041E-09
    1 t   14    9.166671        3.320413        301.1673        6.264984        218.2361       0.5031884E-09
    1 t   15    8.976347        3.475713        287.7108        6.150793        214.9790       0.3125385E-09
    1 t   16    8.802427        3.628264        275.6139        6.044568        211.7346       0.9863252E-10
    1 t   17    8.642483        3.778236        264.6738        5.944022        208.4765       0.2514789E-10
    1 t   18    8.494517        3.925753        254.7282        5.847929        205.1967       0.2466300E-09
    1 t   19    8.356899        4.070917        245.6449        5.755686        201.8989       0.4927211E-09
    1 t   20    8.228295        4.213822        237.3142        5.667029        198.5940       0.6243580E-09
    1 t   21    8.107611        4.354556        229.6445        5.581866        195.2973       0.1258860E-08
    1 t   22    7.993947        4.493206        222.5582        5.500195        192.0261       0.8468417E-09
    1 t   23    7.886556        4.629859        215.9893        5.422057        188.7987       0.8082165E-09
    1 t   24    7.784816        4.764606        209.8810        5.347516        185.6329       0.6120322E-09
    2 t    1    58.29015        2.184233        457.8266        1.331450        212.7395      -0.1550960E-09
    2 t    2    35.68266        2.228485        448.7353        2.202874        213.4944      -0.1368779E-09
    2 t    3    26.24018        2.294285        435.8657        3.053028        214.7547      -0.1079017E-09
    2 t    4    21.18080        2.381044        419.9838        3.877942        216.6383      -0.7413923E-10
    2 t    5    18.10887        2.488093        401.9143        4.674321        219.2482      -0.5406632E-10
    2 t    6    16.10217        2.614631        382.4632        5.434043        222.6198      -0.4336035E-10
    2 t    7    14.72852        2.759516        362.3824        6.136539        226.6410      -0.3978051E-10
    2 t    8    13.75573        2.920890        342.3614        6.745559        230.9806       0.8136496E-12
    2 t    9    13.04511        3.095879        323.0100        7.218990        235.1217       0.1485949E-09
    2 t   10    12.50731        3.280695        304.8135        7.529153        238.5516       0.9651550E-09
    2 t   11    12.08286        3.471205        288.0844        7.677412        240.9770       0.1164120E-08
    2 t   12    11.73262        3.663679        272.9497        7.692955        242.3907       0.7958911E-09
    2 t   13    11.43184        3.855339        259.3805        7.620228        242.9776       0.3867395E-09
    2 t   14    11.16579        4.044547        247.2465        7.503541        242.9656      -0.1249677E-10
    2 t   15    10.92603        4.230644        236.3707        7.375496        242.5175      -0.1057674E-10
    2 t   16    10.70768        4.413590        226.5729        7.253221        241.7013       0.1336989E-09
    2 t   17    10.50760        4.593609        217.6938        7.141437        240.5166       0.4046805E-09
    2 t   18    10.32334        4.770948        209.6020        7.038099        238.9398       0.4274372E-09
    2 t   19    10.15281        4.945766        202.1931        6.939084        236.9597       0.2975380E-09
    2 t   20    9.994121        5.118126        195.3840        6.840892        234.5968       0.5782814E-09
    2 t   21    9.845602        5.288022        189.1066        6.741695        231.9083       0.4353083E-09
    2 t   22    9.705849        5.455425        183.3038        6.641400        228.9822       0.1981967E-09
    2 t   23    9.573717        5.620319        177.9258        6.541208        225.9246       0.4303308E-09
    2 t   24    9.448315        5.782731        172.9287        6.443004        222.8438       0.1206940E-08
    3 t    1    85.54470        3.205508        311.9630       0.9107631        217.2120      -0.4783185E-10
    3 t    2    51.81229        3.235827        309.0400        1.511766        218.0562      -0.4726046E-10
    3 t    3    37.52637        3.281082        304.7775        2.104334        219.3047      -0.4651538E-10
    3 t    4    29.72050        3.341036        299.3083        2.686649        220.9372      -0.6411379E-10
    3 t    5    24.85818        3.415423        292.7895        3.258225        222.9268      -0.5969365E-10
    3 t    6    21.57923        3.503982        285.3896        3.819931        225.2397      -0.5558338E-10
    3 t    7    19.24910        3.606486        277.2782        4.373643        227.8319      -0.5220012E-10
    3 t    8    17.53210        3.722762        268.6178        4.921255        230.6420      -0.4990181E-10
    3 t    9    16.23397        3.852661        259.5608        5.462661        233.5760      -0.4788877E-10
    3 t   10    15.23425        3.995976        250.2518        5.992444        236.4843      -0.4973406E-10
    3 t   11    14.45351        4.152253        240.8331        6.495840        239.1348      -0.6158370E-10
    3 t   12    13.83611        4.320524        231.4534        6.946302        241.2030      -0.7813071E-10
    3 t   13    13.34053        4.499034        222.2700        7.308289        242.3079      -0.1006124E-09
    3 t   14    12.93421        4.685117        213.4418        7.546931        242.1137       0.2010307E-09
    3 t   15    12.59114        4.875390        205.1118        7.641662        240.4771       0.7643054E-09
    3 t   16    12.29111        5.066263        197.3842        7.598404        237.5847       0.4389927E-09
    3 t   17    12.01978        5.254688        190.3063        7.454159        233.9857       0.6192978E-09
    3 t   18    11.76853        5.438843        183.8626        7.267030        230.4250       0.5044838E-09
    3 t   19    11.53359        5.618385        177.9871        7.092796        227.5397       0.2166244E-09
    3 t   20    11.31411        5.794109        172.5891        6.964833        225.6528      -0.9848150E-10
    3 t   21    11.11036        5.967316        167.5795        6.891181        224.7857      -0.1042840E-09
    3 t   22    10.92252        6.139287        162.8854        6.863823        224.7842      -0.1114273E-09
    3 t   23    10.75024        6.311008        158.4533        6.868751        225.4295      -0.1198814E-09
    3 t   24    10.59265        6.483107        154.2470        6.891931        226.4973       0.1769489E-09
    4 t    1    115.0855        4.312453        231.8866       0.6479315        215.0131      -0.2840598E-09
    4 t    2    69.39652        4.334013        230.7330        1.074585        214.9751      -0.3006083E-09
    4 t    3    49.93660        4.366159        229.0343        1.493648        214.9184      -0.2918666E-09
    4 t    4    39.21773        4.408669        226.8258        1.902801        214.8451      -0.2824641E-09
    4 t    5    32.47011        4.461275        224.1512        2.300435        214.7608      -0.2728117E-09
    4 t    6    27.85901        4.523676        221.0591        2.685853        214.6773      -0.2550295E-09
    4 t    7    24.52820        4.595571        217.6008        3.059474        214.6153      -0.2257572E-09
    4 t    8    22.02452        4.676682        213.8268        3.423057        214.6075      -0.2023393E-09
    4 t    9    20.08586        4.766797        209.7845        3.779951        214.7032      -0.1883256E-09
    4 t   10    18.55040        4.865809        205.5157        4.135372        214.9721      -0.1833002E-09
    4 t   11    17.31312        4.973769        201.0548        4.496647        215.5094      -0.1761870E-09
    4 t   12    16.30329        5.090937        196.4275        4.873247        216.4395      -0.1619430E-09
    4 t   13    15.47190        5.217830        191.6506        5.276069        217.9133      -0.1536515E-09
    4 t   14    14.78420        5.355234        186.7332        5.714895        220.0877      -0.1430319E-09
    4 t   15    14.21486        5.504105        181.6826        6.192470        223.0649      -0.1344967E-09
    4 t   16    13.74439        5.665285        176.5136        6.695104        226.7770      -0.1329562E-09
    4 t   17    13.35631        5.838982        171.2627        7.185134        230.8560      -0.1457347E-09
    4 t   18    13.03510        6.024192        165.9974        7.605911        234.6248       0.8376805E-10
    4 t   19    12.76544        6.218462        160.8115        7.901975        237.3146       0.1859798E-09
    4 t   20    12.53276        6.418197        155.8070        8.039950        238.3857       0.1768220E-09
    4 t   21    12.32435        6.619347        151.0723        8.017270        237.7330       0.8287387E-09
    4 t   22    12.13036        6.818183        146.6666        7.861784        235.7098       0.4294635E-09
    4 t   23    11.94432        7.012000        142.6127        7.625857        232.9958       0.4149130E-09
    4 t   24    11.76325        7.199558        138.8974        7.370842        230.3262      -0.2208557E-09
