    0 t    2    6.137284       0.3832911        2608.983        9.261546        255.9863       0.3246542E-09
    0 t    3    6.767978       0.5917517        1689.898        7.650294        245.2110      -0.6297991E-10
    0 t    4    6.864705       0.7716972        1295.845        6.795789        232.6952       0.3338706E-09
    0 t    5    6.796904       0.9338698        1070.813        6.201449        219.9240       0.6758904E-09
    0 t    6    6.671742        1.083341        923.0705        5.769385        207.9512       0.6954738E-09
    0 t    7    6.530323        1.223513        817.3189        5.450303        197.2536       0.9408286E-09
    0 t    8    6.389517        1.356749        737.0560        5.209351        187.9302       0.1183618E-08
    0 t    9    6.256033        1.484688        673.5423        5.023003        179.9078       0.1298728E-08
    0 t   10    6.132213        1.608493        621.7001        4.876279        173.0524       0.1288471E-08
    0 t   11    6.018538        1.729025        578.3605        4.759615        167.2160       0.1133958E-08
    0 t   12    5.914704        1.846952        541.4326        4.666548        162.2552       0.1989016E-08
    0 t   13    5.820091        1.962800        509.4762        4.592367        158.0383       0.1584957E-08
    0 t   14    5.733962        2.076994        481.4649        4.533415        154.4490       0.1812123E-08
    0 t   15    5.655559        2.189877        456.6466        4.486753        151.3866       0.2050322E-08
    0 t   16    5.584147        2.301724        434.4569        4.449985        148.7655       0.2265708E-08
    0 t   17    5.519035        2.412758        414.4635        4.421154        146.5141       0.2103875E-08
    0 t   18    5.459586        2.523155        396.3291        4.398668        144.5726       0.2049052E-08
    0 t   19    5.405220        2.633058        379.7865        4.381237        142.8915       0.1941775E-08
    0 t   20    5.355412        2.742580        364.6202        4.367826        141.4298       0.1764678E-08
    0 t   21    5.309694        2.851809        350.6546        4.357602        140.1537       0.1480940E-08
    0 t   22    5.267646        2.960817        337.7446        4.349902        139.0350       0.1114071E-08
    0 t   23    5.228895        3.069660        325.7690        4.344194        138.0504       0.6535277E-09
    0 t   24    5.193110        3.178382        314.6255        4.340056        137.1805       0.6939930E-09
    1 t    1    32.76631        1.227810        814.4580        2.590834        252.0726       0.9460606E-10
    1 t    2    21.01097        1.312196        762.0812        4.117539        247.5816       0.3790639E-10
    1 t    3    16.37177        1.431450        698.5922        5.363393        242.9448       0.5389946E-10
    1 t    4    14.03315        1.577539        633.8988        6.254043        238.5902       0.1499072E-09
    1 t    5    12.67266        1.741178        574.3239        6.768598        234.1641       0.3072179E-09
    1 t    6    11.78377        1.913419        522.6246        6.954794        229.3700       0.3746285E-09
    1 t    7    11.14033        2.087238        479.1020        6.914003        224.4817       0.3976972E-09
    1 t    8    10.63601        2.258449        442.7817        6.764736        220.1515       0.2731645E-09
    1 t    9    10.22073        2.425594        412.2701        6.600397        216.8760       0.2124369E-09
    1 t   10    9.870195        2.588973        386.2535        6.467358        214.7179       0.2531984E-09
    1 t   11    9.570786        2.749527        363.6989        6.373667        213.4191       0.3517421E-09
    1 t   12    9.313054        2.908136        343.8629        6.309562        212.6246       0.4661033E-09
    1 t   13    9.089440        3.065374        326.2245        6.261942        212.0198       0.4602122E-09
    1 t   14    8.893637        3.221513        310.4131        6.220237        211.3737       0.8320450E-09
    1 t   15    8.720402        3.376608        296.1552        6.177475        210.5351       0.1159771E-08
    1 t   16    8.565434        3.530578        283.2397        6.129676        209.4173       0.9992136E-09
    1 t   17    8.425253        3.683270        271.4979        6.074997        207.9809       0.1111791E-08
    1 t   18    8.297074        3.834504        260.7899        6.013020        206.2219       0.9438309E-09
    1 t   19    8.178685        3.984104        250.9975        5.944254        204.1610       0.7613210E-09
    1 t   20    8.068349        4.131912        242.0187        5.869791        201.8362       0.8848525E-09
    1 t   21    7.964707        4.277803        233.7648        5.791056        199.2964       0.7475772E-09
    1 t   22    7.866714        4.421691        226.1578        5.709619        196.5957       0.5200127E-09
    1 t   23    7.773567        4.563528        219.1287        5.627051        193.7894       0.2811604E-10
    1 t   24    7.684656        4.703304        212.6165        5.544815        190.9298       0.4040759E-10
    2 t    1    56.85276        2.130372        469.4017        1.305226        193.3767      -0.1260830E-09
    2 t    2    34.80889        2.173916        459.9994        2.175497        195.1615      -0.1133393E-09
    2 t    3    25.61088        2.239262        446.5756        3.048617        198.0751      -0.9118662E-10
    2 t    4    20.69581        2.326524        429.8258        3.927643        202.3488      -0.6773536E-10
    2 t    5    17.72845        2.435825        410.5386        4.808869        208.1620      -0.4982001E-10
    2 t    6    15.80872        2.566981        389.5627        5.668918        215.4509      -0.4050043E-10
    2 t    7    14.51153        2.718861        367.8011        6.455099        223.6752       0.4815460E-10
    2 t    8    13.60431        2.888737        346.1720        7.096597        231.7897       0.9901086E-10
    2 t    9    12.94541        3.072217        325.4979        7.536625        238.6177       0.4256205E-09
    2 t   10    12.44344        3.263941        306.3781        7.756483        243.3498       0.5161486E-09
    2 t   11    12.03889        3.458573        289.1366        7.775036        245.7433       0.6048984E-09
    2 t   12    11.69394        3.651603        273.8523        7.637601        246.0341       0.5779439E-09
    2 t   13    11.38599        3.839875        260.4251        7.405447        244.7709       0.4798439E-09
    2 t   14    11.10308        4.021832        248.6429        7.142387        242.6275       0.2122276E-09
    2 t   15    10.84009        4.197369        238.2445        6.898518        240.2026       0.3552943E-09
    2 t   16    10.59552        4.367355        228.9715        6.700964        237.8914       0.3784569E-09
    2 t   17    10.36911        4.533067        220.6012        6.556456        235.8809       0.4288438E-09
    2 t   18    10.16070        4.695782        212.9571        6.459863        234.2169      -0.2520412E-10
    2 t   19    9.969737        4.856583        205.9061        6.401615        232.8713      -0.2841417E-10
    2 t   20    9.795292        5.016303        199.3500        6.371772        231.7854      -0.2752718E-10
    2 t   21    9.636174        5.175540        193.2166        6.361588        230.8899       0.1584843E-09
    2 t   22    9.491050        5.334691        187.4523        6.363836        230.1137       0.1906236E-09
    2 t   23    9.358532        5.493993        182.0170        6.372678        229.3866       0.4771067E-09
    2 t   24    9.237248        5.653549        176.8800        6.383435        228.6418       0.2637017E-09
    3 t    1    85.17124        3.191514        313.3309       0.9522971        220.9659      -0.8676786E-10
    3 t    2    51.60937        3.223155        310.2551        1.574745        221.7394      -0.8483868E-10
    3 t    3    37.40144        3.270159        305.7955        2.179655        222.8432      -0.8241496E-10
    3 t    4    29.64034        3.332025        300.1178        2.762193        224.2193      -0.7718807E-10
    3 t    5    24.80527        3.408153        293.4141        3.319726        225.8059      -0.7524454E-10
    3 t    6    21.54186        3.497914        285.8847        3.852417        227.5510      -0.7433850E-10
    3 t    7    19.21833        3.600720        277.7222        4.363663        229.4262      -0.7489769E-10
    3 t    8    17.50078        3.716113        269.0984        4.860072        231.4397      -0.7721083E-10
    3 t    9    16.19674        3.843826        260.1575        5.350344        233.6416      -0.8490549E-10
    3 t   10    15.18786        3.983808        251.0161        5.842054        236.1111      -0.7203132E-10
    3 t   11    14.39736        4.136122        241.7724        6.335582        238.9108      -0.5444269E-10
    3 t   12    13.77253        4.300672        232.5218        6.816729        242.0015       0.2044671E-09
    3 t   13    13.27456        4.476786        223.3745        7.253929        245.1554       0.2379520E-09
    3 t   14    12.87276        4.662858        214.4608        7.606416        247.9423       0.2480317E-09
    3 t   15    12.54187        4.856312        205.9176        7.839962        249.8276       0.4153643E-09
    3 t   16    12.26118        5.053926        197.8660        7.937812        250.3125       0.4424166E-09
    3 t   17    12.01429        5.252290        190.3932        7.901236        249.0379       0.5043162E-09
    3 t   18    11.78880        5.448208        183.5466        7.745581        245.8664       0.2387690E-09
    3 t   19    11.57595        5.639021        177.3357        7.497981        240.9762       0.2157979E-09
    3 t   20    11.37028        5.822878        171.7364        7.195680        234.9058       0.1773658E-09
    3 t   21    11.16922        5.998932        166.6963        6.880352        228.4364       0.1390382E-09
    3 t   22    10.97241        6.167331        162.1447        6.588171        222.3275      -0.2002746E-09
    3 t   23    10.78084        6.328969        158.0036        6.341888        217.0930       0.3700991E-10
    3 t   24    10.59595        6.485125        154.1990        6.149887        212.9525      -0.5617904E-12
    4 t    1    113.7048        4.260717        234.7023       0.7193737        231.0714      -0.2311915E-09
    4 t    2    68.60663        4.284682        233.3895        1.195959        231.1978      -0.2292038E-09
    4 t    3    49.41459        4.320517        231.4538        1.668042        231.3683      -0.2264463E-09
    4 t    4    38.85673        4.368087        228.9332        2.133778        231.5591      -0.2373892E-09
    4 t    5    32.22216        4.427208        225.8760        2.591204        231.7371      -0.2251271E-09
    4 t    6    27.69870        4.497645        222.3386        3.038127        231.8591      -0.2136777E-09
    4 t    7    24.44032        4.579106        218.3832        3.471986        231.8714      -0.2038765E-09
    4 t    8    21.99882        4.671226        214.0766        3.889736        231.7096      -0.1964591E-09
    4 t    9    20.11435        4.773558        209.4873        4.287818        231.3024      -0.1950763E-09
    4 t   10    18.62571        4.885563        204.6847        4.662298        230.5779      -0.1994824E-09
    4 t   11    17.42740        5.006601        199.7363        5.009268        229.4768      -0.2079334E-09
    4 t   12    16.44741        5.135941        194.7063        5.325584        227.9719      -0.2148610E-09
    4 t   13    15.63488        5.272796        189.6527        5.609947        226.0942      -0.2196642E-09
    4 t   14    14.95301        5.416381        184.6251        5.864176        223.9607      -0.2258851E-09
    4 t   15    14.37473        5.566010        179.6619        6.094267        221.7953      -0.2268393E-09
    4 t   16    13.88003        5.721196        174.7886        6.310431        219.9290      -0.7048740E-10
    4 t   17    13.45413        5.881747        170.0175        6.525033        218.7653       0.1460201E-09
    4 t   18    13.08609        6.047755        165.3506        6.747736        218.6992      -0.1160373E-10
    4 t   19    12.76747        6.219452        160.7859        6.979006        219.9928       0.1497157E-09
    4 t   20    12.49121        6.396919        156.3253        7.206045        222.6449       0.1541211E-09
    4 t   21    12.25067        6.579774        151.9809        7.405857        226.3350       0.1721671E-09
    4 t   22    12.03935        6.767031        147.7753        7.554900        230.5077       0.1933486E-09
    4 t   23    11.85099        6.957209        143.7358        7.638203        234.5579      -0.2501203E-09
    4 t   24    11.67998        7.148598        139.8876        7.652248        237.9962       0.4779097E-09
