    0 t    2    6.068850       0.3790172        2638.402        9.142860        246.8633       0.7658347E-09
    0 t    3    6.685230       0.5845167        1710.815        7.529718        234.5735       0.1541799E-08
    0 t    4    6.773096       0.7613989        1313.372        6.671519        220.9484       0.2599144E-08
    0 t    5    6.699438       0.9204783        1086.392        6.078739        207.6256       0.2219705E-08
    0 t    6    6.570863        1.066960        937.2420        5.653198        195.5532       0.9129874E-09
    0 t    7    6.428044        1.204350        830.3236        5.343810        185.0245       0.9298773E-09
    0 t    8    6.287407        1.335067        749.0262        5.113942        175.9854       0.9423065E-09
    0 t    9    6.155228        1.460765        684.5730        4.938537        168.2625       0.1103051E-08
    0 t   10    6.033453        1.582587        631.8766        4.801433        161.6654       0.1409417E-08
    0 t   11    5.922217        1.701354        587.7672        4.692302        156.0202       0.1694248E-08
    0 t   12    5.820940        1.817673        550.1541        4.604348        151.1767       0.2467283E-08
    0 t   13    5.728793        1.932010        517.5956        4.532876        147.0076       0.1869499E-08
    0 t   14    5.644901        2.044734        489.0611        4.474477        143.4063       0.2154412E-08
    0 t   15    5.568423        2.156137        463.7923        4.426580        140.2834       0.3091328E-08
    0 t   16    5.498583        2.266456        441.2175        4.387188        137.5648       0.3471017E-08
    0 t   17    5.434683        2.375882        420.8964        4.354722        135.1885       0.3170110E-08
    0 t   18    5.376099        2.484571        402.4839        4.327917        133.1030       0.3838277E-08
    0 t   19    5.322274        2.592653        385.7053        4.305751        131.2654       0.3208934E-08
    0 t   20    5.272719        2.700232        370.3386        4.287396        129.6398       0.3478984E-08
    0 t   21    5.226998        2.807394        356.2023        4.272176        128.1964       0.4140555E-08
    0 t   22    5.184726        2.914210        343.1462        4.259538        126.9098       0.4444985E-08
    0 t   23    5.145562        3.020739        331.0448        4.249029        125.7591       0.2987625E-08
    0 t   24    5.109206        3.127030        319.7923        4.240279        124.7263       0.3174016E-08
    1 t    1    32.90208        1.232898        811.0971        2.599379        254.4093       0.1531048E-10
    1 t    2    21.09804        1.317634        758.9362        4.137876        250.9487       0.5675453E-11
    1 t    3    16.44210        1.437600        695.6039        5.400716        247.6892       0.1316535E-10
    1 t    4    14.09851        1.584887        630.9599        6.313549        244.8272       0.1976997E-10
    1 t    5    12.73953        1.750365        571.3095        6.857602        241.7770       0.2467393E-09
    1 t    6    11.85681        1.925279        519.4052        7.080507        238.0615       0.4099028E-09
    1 t    7    11.22288        2.102703        475.5784        7.075477        233.8010       0.3009322E-09
    1 t    8    10.72930        2.278257        438.9320        6.947335        229.5467       0.3288656E-09
    1 t    9    10.32353        2.449990        408.1649        6.780991        225.8299       0.5012373E-09
    1 t   10    9.979463        2.617634        382.0243        6.625300        222.8789       0.6778416E-09
    1 t   11    9.682851        2.781721        359.4897        6.497285        220.6355       0.5969122E-09
    1 t   12    9.424561        2.942955        339.7945        6.396187        218.9041       0.6552451E-09
    1 t   13    9.197833        3.101929        322.3801        6.315159        217.4698       0.4357107E-09
    1 t   14    8.997271        3.259052        306.8376        6.247140        216.1521       0.4520201E-09
    1 t   15    8.818468        3.414580        292.8617        6.186701        214.8165       0.5915335E-09
    1 t   16    8.657805        3.568653        280.2178        6.130129        213.3688       0.7874387E-09
    1 t   17    8.512322        3.721334        268.7209        6.075001        211.7469       0.7824623E-09
    1 t   18    8.379589        3.872639        258.2219        6.019764        209.9131       0.5089974E-09
    1 t   19    8.257614        4.022552        248.5984        5.963425        207.8485       0.1926038E-09
    1 t   20    8.144751        4.171038        239.7485        5.905358        205.5492       0.1783308E-10
    1 t   21    8.039640        4.318049        231.5861        5.845200        203.0235       0.2437046E-09
    1 t   22    7.941150        4.463530        224.0379        5.782784        200.2897       0.7586069E-09
    1 t   23    7.848341        4.607425        217.0410        5.718115        197.3743       0.8182295E-09
    1 t   24    7.760426        4.749678        210.5406        5.651347        194.3099       0.6049337E-09
    2 t    1    57.62791        2.159418        463.0878        1.399605        209.9722      -0.1713085E-09
    2 t    2    35.32259        2.205998        453.3096        2.321844        211.4471      -0.1484095E-09
    2 t    3    26.02516        2.275485        439.4667        3.230199        213.8667      -0.1185321E-09
    2 t    4    21.06020        2.367486        422.3889        4.120945        217.4093      -0.8690961E-10
    2 t    5    18.06067        2.481470        402.9869        4.985439        222.1765      -0.6940991E-10
    2 t    6    16.11391        2.616536        382.1846        5.801317        228.0462      -0.5837807E-10
    2 t    7    14.78973        2.770983        360.8827        6.526875        234.5217       0.1300350E-10
    2 t    8    13.85465        2.941894        339.9171        7.109381        240.7369       0.4909058E-10
    2 t    9    13.16833        3.125122        319.9875        7.507378        245.7351       0.5608707E-10
    2 t   10    12.64131        3.315843        301.5824        7.709848        248.8546       0.3679349E-09
    2 t   11    12.21577        3.509385        284.9502        7.739263        249.9301       0.4251121E-09
    2 t   12    11.85523        3.701967        270.1266        7.642026        249.2341       0.4019165E-09
    2 t   13    11.53791        3.891110        256.9961        7.473192        247.2690       0.4245753E-09
    2 t   14    11.25165        4.075648        245.3597        7.280374        244.5389       0.3979979E-09
    2 t   15    10.98996        4.255400        234.9955        7.093682        241.4056       0.3024351E-09
    2 t   16    10.74921        4.430706        225.6977        6.925609        238.0678       0.8276015E-10
    2 t   17    10.52694        4.602063        217.2939        6.777292        234.6170       0.1953173E-09
    2 t   18    10.32113        4.769924        209.6470        6.645180        231.1005       0.2057722E-09
    2 t   19    10.12998        4.934642        202.6489        6.525225        227.5628       0.6084425E-09
    2 t   20    9.951863        5.096485        196.2137        6.414633        224.0605       0.6491825E-09
    2 t   21    9.785362        5.255667        190.2708        6.312164        220.6628       0.3509330E-09
    2 t   22    9.629285        5.412390        184.7613        6.217793        217.4436       0.8780862E-09
    2 t   23    9.482658        5.566862        179.6344        6.132169        214.4722       0.4488670E-09
    2 t   24    9.344699        5.719314        174.8461        6.056124        211.8046       0.5008268E-09
    3 t    1    84.94490        3.183033        314.1658       0.9514924        220.0587      -0.6975503E-10
    3 t    2    51.47412        3.214707        311.0703        1.579418        221.0681      -0.7026821E-10
    3 t    3    37.30797        3.261986        306.5617        2.198516        222.5539      -0.6884568E-10
    3 t    4    29.57447        3.324620        300.7862        2.806763        224.4846      -0.6741563E-10
    3 t    5    24.76285        3.402326        293.9166        3.403526        226.8225      -0.6630389E-10
    3 t    6    21.52283        3.494824        286.1374        3.989714        229.5279      -0.6584809E-10
    3 t    7    19.22449        3.601875        277.6332        4.567558        232.5626      -0.6128994E-10
    3 t    8    17.53463        3.723301        268.5789        5.139566        235.8884      -0.5858029E-10
    3 t    9    16.26055        3.858969        259.1366        5.705999        239.4526      -0.5545121E-10
    3 t   10    15.28267        4.008677        249.4589        6.260376        243.1492      -0.5602038E-10
    3 t   11    14.52197        4.171920        239.6978        6.784088        246.7545      -0.6075972E-10
    3 t   12    13.92264        4.347546        230.0148        7.244100        249.8684       0.2703549E-10
    3 t   13    13.44257        4.533447        220.5827        7.598740        251.9261       0.2060239E-09
    3 t   14    13.04846        4.726502        211.5730        7.811223        252.3268       0.1336199E-09
    3 t   15    12.71380        4.922884        203.1330        7.863878        250.6507      -0.5071535E-10
    3 t   16    12.41824        5.118665        195.3634        7.767154        246.8840      -0.1499460E-09
    3 t   17    12.14756        5.310553        188.3043        7.561030        241.5414       0.2189839E-09
    3 t   18    11.89336        5.496533        181.9329        7.304705        235.5362       0.1668677E-09
    3 t   19    11.65204        5.676089        176.1777        7.054934        229.8013       0.3529064E-09
    3 t   20    11.42301        5.849879        170.9437        6.847074        224.9452       0.1248480E-10
    3 t   21    11.20683        6.019131        166.1369        6.691862        221.1803      -0.1466900E-10
    3 t   22    11.00406        6.185117        161.6784        6.584087        218.4504      -0.2822071E-10
    3 t   23    10.81476        6.348885        157.5080        6.512393        216.5802       0.1978072E-10
    3 t   24    10.63853        6.511188        153.5818        6.465158        215.3676      -0.2065436E-09
    4 t    1    114.7004        4.298023        232.6651       0.6957728        226.5059      -0.3071841E-09
    4 t    2    69.19096        4.321176        231.4185        1.154090        226.3490      -0.2998421E-09
    4 t    3    49.81698        4.355700        229.5842        1.604365        226.0999      -0.3070293E-09
    4 t    4    39.15271        4.401360        227.2025        2.043890        225.7447      -0.2989578E-09
    4 t    5    32.44524        4.457858        224.3230        2.470476        225.2689      -0.2910825E-09
    4 t    6    27.86624        4.524850        221.0018        2.882621        224.6611      -0.2798039E-09
    4 t    7    24.56233        4.601965        217.2985        3.279699        223.9176      -0.2610068E-09
    4 t    8    22.08173        4.688830        213.2728        3.662193        223.0484      -0.2472971E-09
    4 t    9    20.16299        4.785100        208.9820        4.031976        222.0836      -0.2496606E-09
    4 t   10    18.64452        4.890498        204.4781        4.392632        221.0819      -0.2435872E-09
    4 t   11    17.42135        5.004862        199.8057        4.749762        220.1402      -0.2419375E-09
    4 t   12    16.42261        5.128196        195.0004        5.111079        219.4026      -0.2425298E-09
    4 t   13    15.59907        5.260717        190.0882        5.485767        219.0658      -0.2479608E-09
    4 t   14    14.91571        5.402870        185.0868        5.882104        219.3701      -0.2545610E-09
    4 t   15    14.34692        5.555240        180.0102        6.301986        220.5520      -0.2615853E-09
    4 t   16    13.87299        5.718294        174.8773        6.732398        222.7358      -0.2667024E-09
    4 t   17    13.47738        5.891907        169.7243        7.138959        225.7805       0.3919150E-10
    4 t   18    13.14477        6.074874        164.6125        7.471819        229.2049       0.1938401E-09
    4 t   19    12.86049        6.264761        159.6230        7.686899        232.3430      -0.7638915E-10
    4 t   20    12.61116        6.458346        154.8384        7.767970        234.6679      -0.2277789E-09
    4 t   21    12.38596        6.652436        150.3209        7.732747        236.0181      -0.1811182E-09
    4 t   22    12.17735        6.844599        146.1006        7.621684        236.5638      -0.1501189E-09
    4 t   23    11.98096        7.033506        142.1766        7.479165        236.6037      -0.1417433E-09
    4 t   24    11.79471        7.218816        138.5269        7.338288        236.3760      -0.1561045E-09
