    0 t    2    6.182205       0.3860966        2590.026        9.319606        258.3945      -0.3024151E-09
    0 t    3    6.814712       0.5958379        1678.309        7.699337        246.9289       0.1140211E-09
    0 t    4    6.913740       0.7772095        1286.654        6.863872        234.3859       0.5584877E-09
    0 t    5    6.852626       0.9415259        1062.106        6.305716        222.2301       0.7588870E-09
    0 t    6    6.738179        1.094129        913.9692        5.914685        211.2341       0.1158951E-08
    0 t    7    6.609964        1.238434        807.4713        5.633842        201.6003       0.1730064E-08
    0 t    8    6.483449        1.376694        726.3777        5.425631        193.2633       0.1914187E-08
    0 t    9    6.364391        1.510403        662.0748        5.266216        186.0784       0.1904695E-08
    0 t   10    6.254560        1.640584        609.5389        5.141057        179.8946       0.1150210E-08
    0 t   11    6.154110        1.767973        565.6195        5.041192        174.5744       0.8243372E-09
    0 t   12    6.062563        1.893123        528.2277        4.960802        169.9964       0.7535970E-09
    0 t   13    5.979227        2.016468        495.9166        4.895836        166.0545       0.8828078E-09
    0 t   14    5.903358        2.138354        467.6494        4.843286        162.6565       0.1016421E-08
    0 t   15    5.834231        2.259061        442.6619        4.800810        159.7229       0.1153505E-08
    0 t   16    5.771174        2.378815        420.3774        4.766538        157.1857       0.1397783E-08
    0 t   17    5.713570        2.497803        400.3519        4.738958        154.9870       0.1550739E-08
    0 t   18    5.660860        2.616174        382.2375        4.716835        153.0776       0.1700395E-08
    0 t   19    5.612545        2.734053        365.7573        4.699162        151.4159       0.1849310E-08
    0 t   20    5.568178        2.851540        350.6877        4.685117        149.9670       0.1996707E-08
    0 t   21    5.527360        2.968716        336.8459        4.674029        148.7011       0.2329662E-08
    0 t   22    5.489736        3.085649        324.0810        4.665349        147.5933       0.2496015E-08
    0 t   23    5.454991        3.202392        312.2666        4.658630        146.6224       0.2238042E-08
    0 t   24    5.422845        3.318989        301.2966        4.653507        145.7704       0.1884179E-08
    1 t    1    32.09175        1.202534        831.5776        2.827559        260.1632       0.7653156E-10
    1 t    2    20.72621        1.294411        772.5519        4.473241        258.2346       0.1008687E-10
    1 t    3    16.28185        1.423588        702.4504        5.794236        256.5808       0.5033600E-10
    1 t    4    14.06373        1.580977        632.5205        6.722294        254.9198       0.1373655E-09
    1 t    5    12.78455        1.756551        569.2976        7.253183        252.3703       0.2613528E-09
    1 t    6    11.95365        1.941005        515.1971        7.445958        248.3454       0.3757824E-09
    1 t    7    11.35288        2.127060        470.1326        7.398997        243.0204       0.3357828E-09
    1 t    8    10.87926        2.310101        432.8815        7.222350        237.1791       0.3479221E-09
    1 t    9    10.48417        2.488113        401.9109        7.009122        231.6826       0.3286771E-09
    1 t   10    10.14464        2.660960        375.8042        6.814744        227.0227       0.2987671E-09
    1 t   11    9.848833        2.829405        353.4312        6.657618        223.2599       0.3124739E-09
    1 t   12    9.589205        2.994368        333.9603        6.534568        220.2107       0.3403648E-09
    1 t   13    9.359874        3.156576        316.7989        6.435413        217.6306       0.7249752E-09
    1 t   14    9.155873        3.316502        301.5225        6.350469        215.3064       0.9190722E-09
    1 t   15    8.972977        3.474408        287.8188        6.272783        213.0808       0.9491467E-09
    1 t   16    8.807648        3.630416        275.4505        6.198058        210.8491       0.8983770E-09
    1 t   17    8.656969        3.784569        264.2309        6.123952        208.5474       0.6570769E-09
    1 t   18    8.518565        3.936866        254.0091        6.049395        206.1420       0.2966736E-09
    1 t   19    8.390514        4.087292        244.6608        5.974087        203.6206       0.1797811E-09
    1 t   20    8.271266        4.235829        236.0813        5.898157        200.9860       0.3801488E-09
    1 t   21    8.159572        4.382464        228.1821        5.821954        198.2513       0.5805379E-09
    1 t   22    8.054423        4.527198        220.8872        5.745922        195.4364       0.6840151E-09
    1 t   23    7.955001        4.670040        214.1309        5.670529        192.5655       0.5256525E-09
    1 t   24    7.860639        4.811012        207.8565        5.596226        189.6647       0.8683153E-09
    2 t    1    57.33389        2.148400        465.4626        1.393644        203.4338      -0.1627573E-09
    2 t    2    35.14222        2.194733        455.6363        2.307012        204.6258      -0.1461660E-09
    2 t    3    25.89016        2.263681        441.7583        3.200799        206.5976      -0.1174800E-09
    2 t    4    20.94661        2.354718        424.6794        4.072412        209.5388      -0.8698846E-10
    2 t    5    17.95714        2.467246        405.3103        4.917695        213.6293      -0.6893837E-10
    2 t    6    16.01484        2.600450        384.5488        5.721491        218.9219      -0.5740825E-10
    2 t    7    14.69316        2.752891        363.2545        6.448105        225.1583      -0.3756575E-10
    2 t    8    13.76092        2.921992        342.2323        7.044496        231.6516       0.1054768E-09
    2 t    9    13.07873        3.103856        322.1798        7.463103        237.4514       0.2703062E-09
    2 t   10    12.55709        3.293752        303.6051        7.687556        241.7601       0.4164735E-09
    2 t   11    12.13793        3.487023        286.7775        7.739503        244.2510       0.5099157E-09
    2 t   12    11.78463        3.679920        271.7450        7.667037        245.0760       0.3612208E-09
    2 t   13    11.47543        3.870040        258.3953        7.526572        244.6610       0.3212364E-09
    2 t   14    11.19827        4.056315        246.5292        7.366277        243.4688       0.4368494E-09
    2 t   15    10.94676        4.238671        235.9230        7.216734        241.8458       0.3249595E-09
    2 t   16    10.71735        4.417573        226.3686        7.090891        239.9834       0.1001735E-09
    2 t   17    10.50768        4.593643        217.6921        6.989712        237.9537       0.3592549E-09
    2 t   18    10.31576        4.767445        209.7560        6.908358        235.7631       0.4016289E-09
    2 t   19    10.13973        4.939393        202.4540        6.840325        233.3921       0.3113006E-09
    2 t   20    9.977753        5.109744        195.7045        6.779497        230.8196       0.1543669E-09
    2 t   21    9.828081        5.278612        189.4437        6.720918        228.0351      -0.2725911E-10
    2 t   22    9.689093        5.446006        183.6208        6.660968        225.0455       0.1660883E-09
    2 t   23    9.559310        5.611862        178.1940        6.597327        221.8777       0.3799294E-09
    2 t   24    9.437430        5.776069        173.1281        6.528883        218.5795       0.1714444E-09
    3 t    1    83.78121        3.139427        318.5295       0.9991163        212.9794      -0.5029938E-10
    3 t    2    50.80080        3.172657        315.1932        1.655334        214.1032      -0.4549735E-10
    3 t    3    36.85225        3.222141        310.3526        2.297817        215.7460      -0.4527126E-10
    3 t    4    29.24417        3.287490        304.1835        2.923116        217.8606      -0.4517860E-10
    3 t    5    24.51482        3.368247        296.8903        3.529633        220.3913      -0.4536000E-10
    3 t    6    21.33266        3.463944        288.6882        4.117823        223.2801      -0.4595630E-10
    3 t    7    19.07650        3.574148        279.7870        4.689935        226.4713      -0.5786029E-10
    3 t    8    17.41779        3.698491        270.3805        5.248915        229.9117      -0.5500281E-10
    3 t    9    16.16657        3.836667        260.6429        5.795901        233.5380      -0.5602929E-10
    3 t   10    15.20511        3.988333        250.7313        6.326084        237.2444      -0.6226012E-10
    3 t   11    14.45577        4.152901        240.7955        6.824124        240.8291      -0.6722778E-10
    3 t   12    13.86404        4.329247        230.9871        7.262606        243.9470      -0.6844073E-10
    3 t   13    13.38922        4.515456        221.4616        7.607177        246.1120       0.3276913E-09
    3 t   14    12.99953        4.708778        212.3693        7.827064        246.7784       0.3201065E-09
    3 t   15    12.66978        4.905840        203.8387        7.904583        245.4766       0.2516432E-09
    3 t   16    12.38035        5.103044        195.9615        7.839830        241.9745       0.3844849E-09
    3 t   17    12.11665        5.297040        188.7847        7.652643        236.4500       0.3545229E-09
    3 t   18    11.86889        5.485226        182.3079        7.382796        229.5908       0.1214302E-09
    3 t   19    11.63171        5.666185        176.4856        7.083469        222.4503       0.1534549E-09
    3 t   20    11.40341        5.839840        171.2376        6.805617        216.0545       0.1217718E-09
    3 t   21    11.18460        6.007191        166.4672        6.582728        211.0545       0.1069354E-09
    3 t   22    10.97681        6.169802        162.0797        6.426957        207.6669       0.7824305E-10
    3 t   23    10.78147        6.329338        157.9944        6.335312        205.8189      -0.1404763E-09
    3 t   24    10.59947        6.487281        154.1478        6.297701        205.3101       0.5440100E-10
    4 t    1    112.6844        4.222480        236.8276       0.7554533        218.7914      -0.2729872E-09
    4 t    2    68.01324        4.247624        235.4258        1.253407        218.8352      -0.2708530E-09
    4 t    3    49.00981        4.285126        233.3654        1.742907        218.8689      -0.2679567E-09
    4 t    4    38.56004        4.334735        230.6946        2.220697        218.8555      -0.2803888E-09
    4 t    5    31.99588        4.396118        227.4734        2.683620        218.7481      -0.2779247E-09
    4 t    6    27.52145        4.468864        223.7705        3.128637        218.4926      -0.2728107E-09
    4 t    7    24.29827        4.552491        219.6600        3.552867        218.0327      -0.2584681E-09
    4 t    8    21.88211        4.646444        215.2184        3.953712        217.3169      -0.2381542E-09
    4 t    9    20.01556        4.750111        210.5214        4.329111        216.3090      -0.2247155E-09
    4 t   10    18.53908        4.862841        205.6411        4.678006        215.0045      -0.2157284E-09
    4 t   11    17.34864        4.983974        200.6431        5.001065        213.4495      -0.2115927E-09
    4 t   12    16.37362        5.112899        195.5838        5.301613        211.7637      -0.2128609E-09
    4 t   13    15.56471        5.249131        190.5077        5.586538        210.1602      -0.2099061E-09
    4 t   14    14.88682        5.392405        185.4460        5.866541        208.9543      -0.1543249E-09
    4 t   15    14.31469        5.542759        180.4155        6.154633        208.5476      -0.1569416E-09
    4 t   16    13.82992        5.700541        175.4219        6.461552        209.3657      -0.1606574E-09
    4 t   17    13.41870        5.866258        170.4664        6.788015        211.7292       0.3143936E-09
    4 t   18    13.06981        6.040232        165.5565        7.117737        215.6715       0.1472608E-09
    4 t   19    12.77305        6.222170        160.7156        7.419101        220.8081      -0.6638399E-11
    4 t   20    12.51856        6.410924        155.9837        7.658383        226.4117       0.2220033E-09
    4 t   21    12.29698        6.604644        151.4086        7.814467        231.6832       0.2402740E-09
    4 t   22    12.10008        6.801165        147.0336        7.883369        236.0130       0.2760521E-09
    4 t   23    11.92115        6.998395        142.8899        7.873356        239.0735      -0.1735316E-09
    4 t   24    11.75503        7.194528        138.9945        7.798433        240.7814       0.2577825E-09
