    0 t    2    6.106263       0.3813538        2622.237        9.227104        253.1084      -0.3752650E-09
    0 t    3    6.739786       0.5892867        1696.967        7.639741        242.3728       0.6356815E-10
    0 t    4    6.842327       0.7691815        1300.083        6.800238        229.8968       0.5412284E-09
    0 t    5    6.780393       0.9316013        1073.421        6.215095        217.1703       0.1082704E-08
    0 t    6    6.660449        1.081507        924.6356        5.789166        205.2560       0.1554560E-08
    0 t    7    6.523586        1.222250        818.1630        5.474966        194.6285       0.1849073E-08
    0 t    8    6.386801        1.356172        737.3695        5.238169        185.3765       0.2024228E-08
    0 t    9    6.256889        1.484891        673.4501        5.055088        177.4162       0.2117780E-08
    0 t   10    6.136223        1.609545        621.2938        4.910470        170.6077       0.1576953E-08
    0 t   11    6.025285        1.730964        577.7129        4.794613        164.8019       0.1464819E-08
    0 t   12    5.923767        1.849782        540.6043        4.701104        159.8577       0.1792176E-08
    0 t   13    5.831055        1.966498        508.5183        4.625422        155.6474       0.2388758E-08
    0 t   14    5.746435        2.081512        480.4199        4.564171        152.0589       0.2801798E-08
    0 t   15    5.669181        2.195152        455.5494        4.514681        148.9953       0.3609248E-08
    0 t   16    5.598600        2.307682        433.3353        4.474800        146.3741       0.3477105E-08
    0 t   17    5.534044        2.419319        413.3394        4.442769        144.1256       0.3117217E-08
    0 t   18    5.474920        2.530242        395.2191        4.417147        142.1914       0.3878679E-08
    0 t   19    5.420690        2.640594        378.7026        4.396750        140.5228       0.4293433E-08
    0 t   20    5.370867        2.750494        363.5710        4.380611        139.0792       0.3372411E-08
    0 t   21    5.325015        2.860038        349.6457        4.367937        137.8267       0.4191201E-08
    0 t   22    5.282744        2.969304        336.7793        4.358082        136.7370       0.4561197E-08
    0 t   23    5.243705        3.078354        324.8489        4.350520        135.7867       0.2702463E-08
    0 t   24    5.207586        3.187242        313.7509        4.344819        134.9559       0.2923314E-08
    1 t    1    32.19888        1.206548        828.8108        2.556043        244.5552       0.9943872E-11
    1 t    2    20.65304        1.289842        775.2887        4.066822        240.9309       0.1377835E-10
    1 t    3    16.10102        1.407777        710.3395        5.311942        237.3631       0.1879708E-10
    1 t    4    13.81310        1.552803        643.9969        6.224617        234.2214       0.1892635E-09
    1 t    5    12.49111        1.716233        582.6714        6.784972        231.1107       0.3894876E-09
    1 t    6    11.63726        1.889629        529.2044        7.032104        227.6057       0.4125749E-09
    1 t    7    11.02771        2.066136        483.9952        7.049642        223.7634       0.4427731E-09
    1 t    8    10.55507        2.241261        446.1774        6.937646        220.0750       0.4831672E-09
    1 t    9    10.16726        2.412904        414.4385        6.782944        217.0706       0.4954579E-09
    1 t   10    9.838821        2.580744        387.4852        6.639299        214.9984       0.5074810E-09
    1 t   11    9.556317        2.745370        364.2496        6.527032        213.7946       0.5054460E-09
    1 t   12    9.311310        2.907591        343.9273        6.445834        213.2272       0.5632440E-09
    1 t   13    9.097490        3.068088        325.9359        6.387613        213.0331       0.6735427E-09
    1 t   14    8.909682        3.227325        309.8541        6.343647        212.9869       0.6909968E-09
    1 t   15    8.743539        3.385567        295.3715        6.307079        212.9178       0.7079327E-09
    1 t   16    8.595418        3.542938        282.2517        6.273181        212.7052       0.6234082E-09
    1 t   17    8.462290        3.699461        270.3096        6.238916        212.2683       0.7310518E-09
    1 t   18    8.341649        3.855105        259.3963        6.202418        211.5565       0.6724568E-09
    1 t   19    8.231429        4.009797        249.3892        6.162603        210.5423       0.5781317E-09
    1 t   20    8.129929        4.163448        240.1855        6.118895        209.2153       0.6829684E-09
    1 t   21    8.035744        4.315957        231.6983        6.071061        207.5792       0.7305890E-09
    1 t   22    7.947715        4.467220        223.8529        6.019109        205.6488       0.7794239E-09
    1 t   23    7.864885        4.617137        216.5844        5.963225        203.4478       0.5755194E-09
    1 t   24    7.786464        4.765614        209.8365        5.903731        201.0070       0.9538824E-09
    2 t    1    56.73559        2.125981        470.3711        1.315178        190.4895      -0.1605170E-09
    2 t    2    34.74231        2.169758        460.8809        2.182211        192.0903      -0.1466768E-09
    2 t    3    25.56308        2.235084        447.4105        3.037382        194.6722      -0.1270689E-09
    2 t    4    20.65237        2.321640        430.7300        3.879051        198.4087      -0.1019820E-09
    2 t    5    17.67911        2.429045        411.6844        4.702895        203.4376      -0.8126654E-10
    2 t    6    15.74538        2.556696        391.1298        5.493962        209.7408      -0.3604540E-10
    2 t    7    14.42901        2.703400        369.9046        6.219517        216.9889      -0.1645428E-10
    2 t    8    13.50169        2.866946        348.8033        6.832811        224.4814      -0.8705035E-11
    2 t    9    12.82636        3.043965        328.5189        7.291904        231.3328       0.8390856E-09
    2 t   10    12.31527        3.230322        309.5667        7.579459        236.8249       0.6044412E-09
    2 t   11    11.91095        3.421817        292.2424        7.706995        240.6246       0.1062057E-09
    2 t   12    11.57612        3.614811        276.6397        7.705542        242.7526       0.3603965E-09
    2 t   13    11.28719        3.806556        262.7047        7.613748        243.4311       0.5198035E-09
    2 t   14    11.02975        3.995270        250.2960        7.468804        242.9511       0.3969139E-09
    2 t   15    10.79528        4.180017        239.2335        7.300716        241.5949       0.5644588E-09
    2 t   16    10.57888        4.360497        229.3317        7.129959        239.6045       0.4369882E-09
    2 t   17    10.37766        4.536804        220.4195        6.968231        237.1774       0.2942167E-09
    2 t   18    10.18983        4.709243        212.3483        6.820944        234.4733       0.4657952E-09
    2 t   19    10.01412        4.878202        204.9936        6.689870        231.6238       0.4569998E-09
    2 t   20    9.849550        5.044089        198.2518        6.575014        228.7371       0.3331997E-09
    2 t   21    9.695311        5.207302        192.0380        6.475632        225.9004       0.3801885E-09
    2 t   22    9.550690        5.368214        186.2817        6.390666        223.1807       0.4442380E-09
    2 t   23    9.415046        5.527170        180.9244        6.318876        220.6246       0.4876836E-09
    2 t   24    9.287791        5.684484        175.9175        6.258873        218.2601       0.1978313E-09
    3 t    1    84.12551        3.152329        317.2258       0.9638966        214.1280      -0.7246690E-10
    3 t    2    50.98880        3.184398        314.0311        1.598160        215.3429      -0.7242378E-10
    3 t    3    36.96721        3.232192        309.3875        2.220347        217.0993      -0.7254768E-10
    3 t    4    29.31417        3.295358        303.4571        2.826440        219.3196      -0.7304567E-10
    3 t    5    24.55269        3.373450        296.4325        3.413147        221.9047      -0.7416029E-10
    3 t    6    21.34500        3.465948        288.5213        3.977952        224.7378      -0.7615541E-10
    3 t    7    19.06653        3.572280        279.9332        4.518989        227.6911      -0.7929602E-10
    3 t    8    17.38643        3.691831        270.8683        5.034611        230.6325      -0.8131635E-10
    3 t    9    16.11294        3.823939        261.5105        5.522528        233.4321      -0.8374161E-10
    3 t   10    15.12707        3.967862        252.0249        5.978492        235.9662      -0.8849627E-10
    3 t   11    14.35069        4.122714        242.5587        6.394894        238.1181      -0.9105435E-10
    3 t   12    13.72993        4.287369        233.2433        6.760239        239.7777      -0.1671491E-10
    3 t   13    13.22591        4.460380        224.1962        7.060723        240.8449      -0.2782241E-10
    3 t   14    12.80955        4.639963        215.5190        7.284248        241.2420       0.7465279E-09
    3 t   15    12.45870        4.824108        207.2922        7.425216        240.9307       0.7542446E-09
    3 t   16    12.15650        5.010775        199.5699        7.487314        239.9248       0.3118506E-09
    3 t   17    11.89040        5.198131        192.3769        7.482680        238.2884      -0.1416521E-09
    3 t   18    11.65140        5.384712        185.7110        7.428139        236.1195       0.1796693E-09
    3 t   19    11.43321        5.569486        179.5498        7.340666        233.5278       0.1997677E-09
    3 t   20    11.23152        5.751813        173.8582        7.234083        230.6183       0.2116034E-09
    3 t   21    11.04338        5.931342        168.5959        7.117876        227.4861       0.2246172E-09
    3 t   22    10.86670        6.107909        163.7221        6.997768        224.2203       0.2219001E-09
    3 t   23    10.69992        6.281464        159.1986        6.877072        220.9102       0.2106475E-09
    3 t   24    10.54185        6.452018        154.9903        6.757978        217.6479      -0.2363004E-09
    4 t    1    114.1518        4.277466        233.7833       0.6779706        220.8928      -0.3541791E-09
    4 t    2    68.85256        4.300041        232.5559        1.126027        220.9267      -0.3513454E-09
    4 t    3    49.56604        4.333760        230.7465        1.568443        220.9690      -0.3613140E-09
    4 t    4    38.94897        4.378456        228.3910        2.003430        221.0104      -0.3570448E-09
    4 t    5    32.27107        4.433928        225.5337        2.429625        221.0407      -0.3467601E-09
    4 t    6    27.71284        4.499942        222.2251        2.846153        221.0496      -0.3368434E-09
    4 t    7    24.42508        4.576251        218.5195        3.252632        221.0282      -0.3226285E-09
    4 t    8    21.95822        4.662605        214.4724        3.649131        220.9700      -0.3108536E-09
    4 t    9    20.05198        4.758756        210.1389        4.036029        220.8714      -0.3022361E-09
    4 t   10    18.54530        4.864473        205.5721        4.413779        220.7319      -0.3007651E-09
    4 t   11    17.33316        4.979527        200.8223        4.782518        220.5525      -0.3025932E-09
    4 t   12    16.34412        5.103688        195.9368        5.141522        220.3347      -0.3009734E-09
    4 t   13    15.52781        5.236687        190.9604        5.488530        220.0780      -0.3083865E-09
    4 t   14    14.84753        5.378174        185.9367        5.819082        219.7776      -0.2814914E-09
    4 t   15    14.27567        5.527654        180.9086        6.126219        219.4252      -0.2805340E-09
    4 t   16    13.79084        5.684434        175.9190        6.401022        219.0129      -0.2744667E-09
    4 t   17    13.37600        5.847587        171.0107        6.634378        218.5442      -0.2097779E-09
    4 t   18    13.01735        6.015986        166.2238        6.819679        218.0462       0.5053951E-09
    4 t   19    12.70372        6.188397        161.5927        6.955334        217.5791      -0.2116178E-09
    4 t   20    12.42618        6.363618        157.1433        7.045609        217.2316       0.3923355E-09
    4 t   21    12.17777        6.540618        152.8908        7.099178        217.1029       0.4139955E-09
    4 t   22    11.95319        6.718604        148.8405        7.126241        217.2772      -0.3324807E-09
    4 t   23    11.74848        6.897030        144.9899        7.135776        217.8050      -0.3290971E-09
    4 t   24    11.56062        7.075544        141.3319        7.134109        218.6963      -0.2861748E-09
