    0 t    2    5.973350       0.3730529        2680.585        9.013133        249.1403       0.8747669E-09
    0 t    3    6.586328       0.5758693        1736.505        7.439471        238.1253       0.1960747E-08
    0 t    4    6.678359       0.7507491        1332.003        6.599177        225.5711       0.3063014E-08
    0 t    5    6.609525       0.9081246        1101.170        6.013699        213.0266       0.1518469E-08
    0 t    6    6.485069        1.053029        949.6411        5.591955        201.5198       0.9450314E-09
    0 t    7    6.345789        1.188939        841.0863        5.286895        191.4488       0.1311964E-08
    0 t    8    6.208464        1.318304        758.5503        5.063009        182.8243       0.1698695E-08
    0 t    9    6.079610        1.442819        693.0876        4.894992        175.5019       0.1547792E-08
    0 t   10    5.961276        1.563655        639.5271        4.766122        169.3005       0.1700509E-08
    0 t   11    5.853620        1.681647        594.6550        4.665593        164.0479       0.1997329E-08
    0 t   12    5.756043        1.797408        556.3568        4.586281        159.5930       0.2189083E-08
    0 t   13    5.667685        1.911402        523.1762        4.523281        155.8072       0.3045943E-08
    0 t   14    5.587635        2.023991        494.0734        4.473058        152.5827       0.3041152E-08
    0 t   15    5.515020        2.135459        468.2833        4.432966        149.8295       0.2891805E-08
    0 t   16    5.449038        2.246034        445.2292        4.400970        147.4729       0.2417203E-08
    0 t   17    5.388967        2.355896        424.4670        4.375478        145.4509       0.2147603E-08
    0 t   18    5.334163        2.465191        405.6481        4.355226        143.7120       0.2378437E-08
    0 t   19    5.284059        2.574037        388.4948        4.339210        142.2135       0.1863793E-08
    0 t   20    5.238152        2.682530        372.7825        4.326621        140.9197       0.1100563E-08
    0 t   21    5.196001        2.790745        358.3272        4.316811        139.8011       0.1195300E-08
    0 t   22    5.157215        2.898747        344.9766        4.309253        138.8327       0.7192867E-10
    0 t   23    5.121452        3.006585        332.6033        4.303524        137.9938       0.7886037E-10
    0 t   24    5.088408        3.114301        321.0993        4.299278        137.2667       0.2555132E-09
    1 t    1    32.52206        1.218658        820.5748        2.476518        254.0828       0.4647223E-10
    1 t    2    20.80891        1.299576        769.4816        3.960786        250.2653      -0.1228788E-11
    1 t    3    16.18144        1.414809        706.8093        5.205948        246.7299       0.2246875E-11
    1 t    4    13.85411        1.557413        642.0906        6.139758        243.9148       0.1337016E-09
    1 t    5    12.51209        1.719116        581.6943        6.732757        241.3162       0.2476111E-09
    1 t    6    11.64957        1.891629        528.6450        7.012733        238.2707       0.3893007E-09
    1 t    7    11.03737        2.067947        483.5713        7.050906        234.5401       0.4345233E-09
    1 t    8    10.56388        2.243133        445.8051        6.936933        230.3760       0.4277537E-09
    1 t    9    10.17383        2.414464        414.1707        6.754623        226.2339       0.4434922E-09
    1 t   10    9.839920        2.581032        387.4419        6.563058        222.4535       0.4465465E-09
    1 t   11    9.548158        2.743026        364.5609        6.391245        219.1319       0.4324679E-09
    1 t   12    9.290394        2.901060        344.7016        6.246097        216.1876       0.4558824E-09
    1 t   13    9.060950        3.055766        327.2502        6.123984        213.4739       0.4546337E-09
    1 t   14    8.855342        3.207642        311.7555        6.018642        210.8538       0.5472801E-09
    1 t   15    8.669854        3.357036        297.8818        5.924618        208.2273       0.5451854E-09
    1 t   16    8.501392        3.504181        285.3734        5.838092        205.5336       0.5237821E-09
    1 t   17    8.347392        3.649231        274.0303        5.756671        202.7429       0.6321559E-09
    1 t   18    8.205742        3.792295        263.6926        5.678947        199.8478       0.4102129E-09
    1 t   19    8.074712        3.933455        254.2294        5.604131        196.8555       0.3365909E-09
    1 t   20    7.952877        4.072777        245.5327        5.531790        193.7827       0.2211760E-09
    1 t   21    7.839064        4.210321        237.5116        5.461698        190.6513       0.6379121E-09
    1 t   22    7.732300        4.346140        230.0892        5.393741        187.4858       0.7677769E-09
    1 t   23    7.631776        4.480289        223.1999        5.327875        184.3114       0.6089218E-09
    1 t   24    7.536813        4.612818        216.7872        5.264089        181.1525       0.1043359E-08
    2 t    1    57.51985        2.155369        463.9578        1.286755        202.9621      -0.1468292E-09
    2 t    2    35.19728        2.198172        454.9236        2.132169        204.2152      -0.1295454E-09
    2 t    3    25.87014        2.261931        442.1001        2.961232        206.2066      -0.1096466E-09
    2 t    4    20.87076        2.346191        426.2228        3.770321        209.0350      -0.8806501E-10
    2 t    5    17.83451        2.450397        408.0972        4.554655        212.7668      -0.6385002E-10
    2 t    6    15.85073        2.573802        388.5303        5.302405        217.3626      -0.7565487E-11
    2 t    7    14.49201        2.715203        368.2966        5.988092        222.5789      -0.1996850E-11
    2 t    8    13.52820        2.872576        348.1195        6.572630        227.9134       0.3396800E-11
    2 t    9    12.82177        3.042875        328.6365        7.016305        232.7059       0.1892874E-09
    2 t   10    12.28452        3.222257        310.3415        7.297967        236.3913       0.5399253E-09
    2 t   11    11.85834        3.406702        293.5391        7.425041        238.7148       0.4217459E-09
    2 t   12    11.50531        3.592700        278.3422        7.429012        239.7556       0.4095191E-09
    2 t   13    11.20164        3.777703        264.7111        7.352832        239.7968       0.4508447E-09
    2 t   14    10.93302        3.960234        252.5103        7.237573        239.1602       0.6044331E-09
    2 t   15    10.69121        4.139721        241.5622        7.113204        238.0934       0.6184494E-09
    2 t   16    10.47133        4.316167        231.6871        6.995948        236.7347       0.4044943E-09
    2 t   17    10.27021        4.489832        222.7255        6.891020        235.1345       0.2922100E-09
    2 t   18    10.08548        4.661021        214.5453        6.797278        233.2943       0.5187202E-09
    2 t   19    9.915102        4.829969        207.0407        6.711085        231.2000       0.5656196E-09
    2 t   20    9.757242        4.996817        200.1274        6.628597        228.8424       0.4048309E-09
    2 t   21    9.610255        5.161618        193.7377        6.546757        226.2265       0.4351071E-09
    2 t   22    9.472671        5.324361        187.8160        6.463567        223.3741       0.4240941E-09
    2 t   23    9.343209        5.484998        182.3155        6.378026        220.3238       0.1969407E-09
    2 t   24    9.220773        5.643466        177.1961        6.289951        217.1280       0.2295713E-09
    3 t    1    84.69902        3.173819        315.0778       0.8877536        215.0603      -0.5265839E-10
    3 t    2    51.29273        3.203379        312.1704        1.474239        215.9853      -0.5199838E-10
    3 t    3    37.14256        3.247524        307.9269        2.053360        217.3475      -0.5115092E-10
    3 t    4    29.40925        3.306046        302.4761        2.623416        219.1182      -0.5026969E-10
    3 t    5    24.59096        3.378708        295.9711        3.183777        221.2625      -0.4953327E-10
    3 t    6    21.34083        3.465270        288.5778        3.734890        223.7397      -0.4912741E-10
    3 t    7    19.03042        3.565514        280.4645        4.277941        226.5032      -0.4923694E-10
    3 t    8    17.32719        3.679252        271.7944        4.813956        229.4952      -0.5003434E-10
    3 t    9    16.03863        3.806303        262.7221        5.342016        232.6340      -0.5506516E-10
    3 t   10    15.04528        3.946410        253.3949        5.856511        235.7905      -0.6131594E-10
    3 t   11    14.26844        4.099084        243.9569        6.344113        238.7596      -0.5210938E-10
    3 t   12    13.65315        4.263393        234.5549        6.782527        241.2418       0.5060778E-10
    3 t   13    13.15883        4.437759        225.3390        7.143475        242.8637       0.3721940E-10
    3 t   14    12.75415        4.619896        216.4551        7.400128        243.2482       0.1242528E-10
    3 t   15    12.41441        4.806957        208.0318        7.535547        242.1171       0.4283893E-09
    3 t   16    12.12031        4.995859        200.1658        7.548295        239.3903       0.3775534E-09
    3 t   17    11.85739        5.183696        192.9125        7.454152        235.2558       0.3836642E-09
    3 t   18    11.61558        5.368156        186.2837        7.283965        230.1746       0.2122804E-09
    3 t   19    11.38872        5.547818        180.2510        7.076754        224.7785       0.1992235E-09
    3 t   20    11.17375        5.722231        174.7570        6.869138        219.6849       0.1733888E-09
    3 t   21    10.96963        5.891729        169.7295        6.686495        215.3364       0.1504408E-09
    3 t   22    10.77632        6.057110        165.0952        6.540586        211.9540       0.7103419E-09
    3 t   23    10.59407        6.219326        160.7891        6.432819        209.5839       0.1930881E-09
    3 t   24    10.42302        6.379285        156.7574        6.359082        208.1710       0.2087154E-09
    4 t    1    115.2890        4.320077        231.4773       0.6464571        216.2380      -0.2736106E-09
    4 t    2    69.51792        4.341595        230.3301        1.072778        216.0672      -0.2870550E-09
    4 t    3    50.02284        4.373699        228.6394        1.492337        215.8059      -0.2926824E-09
    4 t    4    39.28465        4.416192        226.4395        1.902853        215.4496      -0.2838250E-09
    4 t    5    32.52504        4.468821        223.7726        2.302458        214.9943      -0.2752782E-09
    4 t    6    27.90594        4.531298        220.6873        2.689799        214.4393      -0.2674415E-09
    4 t    7    24.56947        4.603304        217.2353        3.064148        213.7887      -0.2606941E-09
    4 t    8    22.06139        4.684512        213.4694        3.425502        213.0550      -0.2553745E-09
    4 t    9    20.11877        4.774607        209.4413        3.774699        212.2620      -0.2462954E-09
    4 t   10    18.57897        4.873305        205.1996        4.113523        211.4486      -0.1983119E-09
    4 t   11    17.33612        4.980378        200.7880        4.444796        210.6738      -0.1787055E-09
    4 t   12    16.31849        5.095685        196.2445        4.772362        210.0206      -0.1788776E-09
    4 t   13    15.47593        5.219190        191.6006        5.100805        209.6000      -0.1803502E-09
    4 t   14    14.77243        5.350970        186.8820        5.434595        209.5493      -0.1830225E-09
    4 t   15    14.18152        5.491198        182.1096        5.776215        210.0192      -0.1867311E-09
    4 t   16    13.68316        5.640051        177.3034        6.123043        211.1403      -0.1479293E-09
    4 t   17    13.26151        5.797538        172.4870        6.463834        212.9636       0.4840100E-11
    4 t   18    12.90326        5.963262        167.6935        6.777581        215.3974       0.7730176E-11
    4 t   19    12.59661        6.136220        162.9668        7.038135        218.1943      -0.1057517E-09
    4 t   20    12.33084        6.314793        158.3583        7.224130        221.0304       0.2394324E-09
    4 t   21    12.09654        6.496988        153.9175        7.328070        223.6390       0.2702389E-09
    4 t   22    11.88599        6.680827        149.6821        7.358472        225.9013       0.2882626E-09
    4 t   23    11.69341        6.864703        145.6727        7.334867        227.8357      -0.1509597E-09
    4 t   24    11.51488        7.047548        141.8933        7.279880        229.5207      -0.1603205E-09
