    0 t    2    6.095834       0.3807024        2626.723        9.212039        254.7937       0.1392199E-08
    0 t    3    6.729598       0.5883960        1699.536        7.637259        244.2637       0.1592958E-09
    0 t    4    6.836116       0.7684833        1301.264        6.819830        232.2599       0.3584550E-09
    0 t    5    6.781364       0.9317347        1073.267        6.262843        220.1672       0.7456993E-09
    0 t    6    6.670806        1.083189        923.2000        5.865303        208.8840       0.1172360E-08
    0 t    7    6.544387        1.226148        815.5625        5.575686        198.7651       0.1634483E-08
    0 t    8    6.418156        1.362830        733.7671        5.357817        189.8459       0.1609271E-08
    0 t    9    6.298245        1.494706        669.0281        5.187508        182.0366       0.1754051E-08
    0 t   10    6.186602        1.622759        616.2344        5.049722        175.2161       0.1714172E-08
    0 t   11    6.083474        1.747680        572.1870        4.935383        169.2656       0.2138264E-08
    0 t   12    5.988451        1.869980        534.7650        4.838906        164.0761       0.2137074E-08
    0 t   13    5.900912        1.990057        502.4982        4.756663        159.5504       0.1793098E-08
    0 t   14    5.820198        2.108231        474.3312        4.686112        155.6016       0.2040899E-08
    0 t   15    5.745677        2.224772        449.4843        4.625345        152.1533       0.1985776E-08
    0 t   16    5.676769        2.339902        427.3683        4.572845        149.1381       0.2002152E-08
    0 t   17    5.612947        2.453813        407.5290        4.527368        146.4978       0.1934008E-08
    0 t   18    5.553735        2.566666        389.6104        4.487876        144.1818       0.1796385E-08
    0 t   19    5.498710        2.678600        373.3293        4.453493        142.1465       0.1561702E-08
    0 t   20    5.447487        2.789733        358.4573        4.423477        140.3546       0.1204716E-08
    0 t   21    5.399725        2.900164        344.8080        4.397201        138.7741       0.7192939E-09
    0 t   22    5.355116        3.009982        332.2279        4.374135        137.3777       0.7525633E-09
    0 t   23    5.313383        3.119260        320.5889        4.353830        136.1420       0.5692677E-10
    0 t   24    5.274280        3.228062        309.7834        4.335904        135.0469       0.6133559E-10
    1 t    1    32.67645        1.224443        816.6976        2.622669        259.1981       0.1667010E-10
    1 t    2    20.97451        1.309919        763.4062        4.173781        255.5367       0.2140461E-10
    1 t    3    16.36589        1.430936        698.8434        5.449739        251.9108       0.2758263E-10
    1 t    4    14.05186        1.579642        633.0547        6.379073        248.5233       0.3477160E-10
    1 t    5    12.71477        1.746963        572.4220        6.938975        244.7464       0.3871143E-09
    1 t    6    11.84881        1.923980        519.7560        7.164127        239.9365       0.5380800E-09
    1 t    7    11.22573        2.103238        475.4573        7.133628        234.0362       0.5496300E-09
    1 t    8    10.73565        2.279606        438.6722        6.950390        227.6327       0.4055507E-09
    1 t    9    10.32589        2.450550        408.0717        6.714130        221.5458       0.4289760E-09
    1 t   10    9.972026        2.615684        382.3092        6.493409        216.3307       0.3497100E-09
    1 t   11    9.662334        2.775827        360.2530        6.316638        212.1085       0.2325579E-09
    1 t   12    9.389875        2.932124        341.0497        6.184348        208.7127       0.1777098E-09
    1 t   13    9.149308        3.085564        324.0899        6.085890        205.8890       0.2015050E-09
    1 t   14    8.935956        3.236842        308.9431        6.009608        203.4087       0.4557589E-09
    1 t   15    8.745676        3.386395        295.2993        5.946506        201.1043       0.4579895E-09
    1 t   16    8.574880        3.534472        282.9277        5.890651        198.8679       0.3174986E-09
    1 t   17    8.420531        3.681205        271.6502        5.838524        196.6378       0.3441714E-09
    1 t   18    8.280108        3.826663        261.3243        5.788255        194.3861       0.4891781E-09
    1 t   19    8.151540        3.970880        251.8333        5.739017        192.1065       0.5417893E-09
    1 t   20    8.033134        4.113878        243.0796        5.690600        189.8062       0.6019620E-09
    1 t   21    7.923515        4.255679        234.9801        5.643129        187.5000       0.3168943E-09
    1 t   22    7.821557        4.396310        227.4635        5.596881        185.2055       0.1831213E-09
    1 t   23    7.726343        4.535805        220.4680        5.552172        182.9404       0.3908365E-09
    1 t   24    7.637115        4.674207        213.9400        5.509293        180.7210       0.7659089E-09
    2 t    1    58.40988        2.188719        456.8882        1.261177        195.1698      -0.1409730E-09
    2 t    2    35.71788        2.230685        448.2928        2.091352        195.9788      -0.1227055E-09
    2 t    3    26.22861        2.293274        436.0578        2.909653        197.3636      -0.9264350E-10
    2 t    4    21.13769        2.376197        420.8405        3.717256        199.5079      -0.6699235E-10
    2 t    5    18.04422        2.479211        403.3542        4.515573        202.6050      -0.2932261E-10
    2 t    6    16.02451        2.602021        384.3167        5.297392        206.7646      -0.1530536E-10
    2 t    7    14.64525        2.743915        364.4428        6.034600        211.8433      -0.1199318E-10
    2 t    8    13.67220        2.903153        344.4531        6.673982        217.2828      -0.9174105E-11
    2 t    9    12.96349        3.076509        325.0437        7.154500        222.1807       0.3431706E-12
    2 t   10    12.42632        3.259451        306.8001        7.437378        225.6783       0.1052711E-09
    2 t   11    11.99846        3.446958        290.1109        7.523083        227.3686       0.7198047E-09
    2 t   12    11.63914        3.634491        275.1417        7.447911        227.4162       0.9712724E-09
    2 t   13    11.32330        3.818732        261.8671        7.270449        226.3905       0.7809280E-09
    2 t   14    11.03706        3.997919        250.1302        7.053529        224.9685       0.5715262E-09
    2 t   15    10.77386        4.171723        239.7091        6.846249        223.6715       0.3549302E-09
    2 t   16    10.53100        4.340763        230.3742        6.675096        222.7627       0.2350462E-09
    2 t   17    10.30734        4.506063        221.9232        6.547033        222.2954       0.2672684E-09
    2 t   18    10.10202        4.668662        214.1941        6.457939        222.2106       0.2727941E-09
    2 t   19    9.914010        4.829437        207.0635        6.399705        222.4105       0.5009388E-09
    2 t   20    9.742083        4.989054        200.4388        6.364049        222.7953       0.5595683E-09
    2 t   21    9.584876        5.147987        194.2507        6.343934        223.2764      -0.7753102E-10
    2 t   22    9.440987        5.306552        188.4463        6.333812        223.7784      -0.5910496E-10
    2 t   23    9.309049        5.464944        182.9845        6.329450        224.2383      -0.5055653E-10
    2 t   24    9.187766        5.623265        177.8326        6.327658        224.6033      -0.5633852E-10
    3 t    1    85.24427        3.194251        313.0625       0.8874544        196.8133      -0.6086326E-10
    3 t    2    51.61928        3.223773        310.1955        1.470807        197.6726      -0.6040815E-10
    3 t    3    37.37392        3.267753        306.0207        2.042537        198.9486      -0.5989929E-10
    3 t    4    29.58549        3.325858        300.6742        2.599609        200.6295      -0.5952006E-10
    3 t    5    24.72919        3.397701        294.3167        3.140600        202.7059      -0.5947554E-10
    3 t    6    21.44928        3.482880        287.1187        3.666143        205.1771      -0.5996817E-10
    3 t    7    19.11330        3.581042        279.2483        4.179235        208.0569      -0.6117603E-10
    3 t    8    17.38692        3.691936        270.8606        4.685133        211.3778      -0.6322925E-10
    3 t    9    16.07722        3.815461        262.0915        5.190234        215.1854      -0.6620116E-10
    3 t   10    15.06530        3.951661        253.0582        5.699002        219.5108      -0.7010936E-10
    3 t   11    14.27375        4.100611        243.8661        6.208364        224.3088       0.9621846E-11
    3 t   12    13.64916        4.262146        234.6236        6.701333        229.3705      -0.1721518E-11
    3 t   13    13.15208        4.435480        225.4548        7.145683        234.2730      -0.1357219E-10
    3 t   14    12.75144        4.618914        216.5011        7.503180        238.4541      -0.4629501E-10
    3 t   15    12.42196        4.809882        207.9053        7.745111        241.4051      -0.1139536E-09
    3 t   16    12.14330        5.005336        199.7868        7.862095        242.8375       0.4200963E-09
    3 t   17    11.89979        5.202232        192.2252        7.863087        242.7230       0.8123149E-09
    3 t   18    11.67997        5.397912        185.2568        7.768911        241.2382       0.8229376E-09
    3 t   19    11.47598        5.590323        178.8805        7.606111        238.6937       0.8336121E-09
    3 t   20    11.28284        5.778098        173.0673        7.402476        235.4695       0.9059063E-09
    3 t   21    11.09775        5.960543        167.7700        7.183475        231.9528       0.4882439E-09
    3 t   22    10.91941        6.137540        162.9317        6.969480        228.4787       0.2082798E-09
    3 t   23    10.74751        6.309402        158.4936        6.774318        225.2892       0.1936489E-09
    3 t   24    10.58219        6.476704        154.3995        6.605451        222.5243       0.1840884E-09
    4 t    1    112.6696        4.221926        236.8587       0.7032131        210.2104      -0.3144713E-09
    4 t    2    67.97692        4.245355        235.5516        1.169212        210.6330      -0.3053014E-09
    4 t    3    48.95569        4.280394        233.6234        1.631069        211.2557      -0.2982116E-09
    4 t    4    38.49052        4.326919        231.1113        2.087248        212.0652      -0.2910008E-09
    4 t    5    31.91330        4.384771        228.0621        2.536286        213.0431      -0.2996761E-09
    4 t    6    27.42838        4.453752        224.5298        2.976757        214.1659      -0.2886683E-09
    4 t    7    24.19760        4.533630        220.5738        3.407206        215.4047      -0.2792099E-09
    4 t    8    21.77705        4.624134        216.2567        3.826077        216.7251      -0.2255953E-09
    4 t    9    19.90955        4.724955        211.6422        4.231660        218.0878      -0.1877076E-09
    4 t   10    18.43575        4.835736        206.7937        4.622071        219.4503      -0.1791652E-09
    4 t   11    17.25152        4.956073        201.7726        4.995316        220.7705      -0.1638325E-09
    4 t   12    16.28591        5.085512        196.6370        5.349422        222.0129      -0.1578634E-09
    4 t   13    15.48886        5.223551        191.4407        5.682644        223.1566      -0.1539318E-09
    4 t   14    14.82400        5.369650        186.2319        5.993675        224.2054      -0.1587119E-09
    4 t   15    14.26428        5.523244        181.0530        6.281772        225.1963      -0.1641752E-09
    4 t   16    13.78919        5.683754        175.9401        6.546668        226.2022      -0.3635275E-10
    4 t   17    13.38288        5.850599        170.9227        6.788212        227.3224      -0.2560511E-10
    4 t   18    13.03293        6.023187        166.0251        7.005798        228.6588      -0.5728390E-10
    4 t   19    12.72939        6.200901        161.2669        7.197902        230.2783      -0.1758440E-09
    4 t   20    12.46418        6.383076        156.6643        7.362119        232.1774      -0.2035324E-09
    4 t   21    12.23058        6.568980        152.2306        7.495799        234.2651       0.2194962E-09
    4 t   22    12.02296        6.757820        147.9767        7.596876        236.3727      -0.2008477E-09
    4 t   23    11.83661        6.948766        143.9105        7.664244        238.2826       0.4258942E-09
    4 t   24    11.66752        7.140968        140.0370        7.697478        239.7595       0.2319619E-09
