    0 t    2    6.098677       0.3808800        2625.499        9.212950        259.6475       0.1493718E-09
    0 t    3    6.729540       0.5883909        1699.550        7.618989        248.5564       0.1932008E-08
    0 t    4    6.828470       0.7676238        1302.721        6.767498        235.7446       0.1625365E-08
    0 t    5    6.761854       0.9290541        1076.364        6.168804        222.7938       0.1489315E-08
    0 t    6    6.636673        1.077646        927.9481        5.730946        210.8089       0.7852632E-09
    0 t    7    6.494565        1.216813        821.8190        5.407751        200.2540       0.8277106E-09
    0 t    8    6.352882        1.348970        741.3064        5.164915        191.1832       0.5644173E-09
    0 t    9    6.218601        1.475805        677.5965        4.978326        183.4761       0.4864514E-09
    0 t   10    6.094161        1.598511        625.5820        4.832228        176.9622       0.6107917E-09
    0 t   11    5.980041        1.717966        582.0837        4.716433        171.4691       0.7540121E-09
    0 t   12    5.875899        1.834834        545.0084        4.624072        166.8386       0.7302045E-09
    0 t   13    5.781061        1.949637        512.9159        4.550224        162.9313       0.1147118E-08
    0 t   14    5.694745        2.062789        484.7806        4.491161        159.6276       0.9359352E-09
    0 t   15    5.616157        2.174620        459.8504        4.443957        156.8260       0.1076290E-08
    0 t   16    5.544538        2.285398        437.5606        4.406278        154.4420       0.1687771E-08
    0 t   17    5.479180        2.395335        417.4782        4.376247        152.4052       0.1890440E-08
    0 t   18    5.419441        2.504602        399.2650        4.352353        150.6579       0.2095782E-08
    0 t   19    5.364736        2.613338        382.6524        4.333381        149.1523       0.2497504E-08
    0 t   20    5.314546        2.721652        367.4239        4.318358        147.8493       0.2142355E-08
    0 t   21    5.268404        2.829633        353.4027        4.306501        146.7164       0.1634647E-08
    0 t   22    5.225898        2.937352        340.4427        4.297184        145.7273       0.2753001E-08
    0 t   23    5.186659        3.044865        328.4218        4.289906        144.8599       0.2083877E-08
    0 t   24    5.150362        3.152219        317.2368        4.284264        144.0959       0.2223520E-08
    1 t    1    32.06974        1.201709        832.1483        2.507150        242.3803       0.4779211E-10
    1 t    2    20.55116        1.283479        779.1321        3.995354        239.6994       0.7425613E-12
    1 t    3    16.00597        1.399467        714.5578        5.229037        237.2000       0.2448271E-11
    1 t    4    13.72039        1.542380        648.3487        6.139277        235.1036       0.7856580E-10
    1 t    5    12.39992        1.703703        586.9567        6.701729        232.9409       0.6813979E-09
    1 t    6    11.54759        1.875069        533.3138        6.952739        230.2572       0.3759024E-09
    1 t    7    10.93979        2.049665        487.8846        6.976141        227.1063       0.3382769E-09
    1 t    8    10.46934        2.223059        449.8307        6.872717        223.9688       0.4354040E-09
    1 t    9    10.08426        2.393208        417.8493        6.728085        221.3392       0.4674703E-09
    1 t   10    9.758959        2.559796        390.6562        6.593219        219.4242       0.3836697E-09
    1 t   11    9.479654        2.723346        367.1953        6.485952        218.1394       0.2103014E-09
    1 t   12    9.237540        2.884555        346.6739        6.404828        217.2605       0.1029843E-09
    1 t   13    9.026007        3.043981        328.5171        6.341828        216.5552       0.3864320E-09
    1 t   14    8.839696        3.201975        312.3073        6.289024        215.8416       0.7418453E-09
    1 t   15    8.674187        3.358714        297.7330        6.240689        214.9993       0.1018365E-08
    1 t   16    8.525851        3.514263        284.5547        6.193322        213.9598       0.1062782E-08
    1 t   17    8.391743        3.668620        272.5820        6.145073        212.6929       0.5913959E-09
    1 t   18    8.269483        3.821753        261.6600        6.095158        211.1944       0.1699228E-09
    1 t   19    8.157158        3.973617        251.6599        6.043412        209.4775       0.1914576E-09
    1 t   20    8.053226        4.124167        242.4732        5.990006        207.5659       0.3760930E-09
    1 t   21    7.956449        4.273368        234.0075        5.935269        205.4892       0.6215092E-09
    1 t   22    7.865821        4.421189        226.1835        5.879594        203.2799       0.6730200E-09
    1 t   23    7.780526        4.567613        218.9327        5.823378        200.9714       0.5156846E-09
    1 t   24    7.699897        4.712632        212.1956        5.767004        198.5963       0.8599768E-09
    2 t    1    56.32512        2.110600        473.7989        1.296521        193.0934      -0.1648888E-09
    2 t    2    34.48674        2.153796        464.2964        2.154971        195.0253      -0.1504950E-09
    2 t    3    25.37211        2.218387        450.7781        3.006368        198.0662      -0.9735548E-10
    2 t    4    20.49700        2.304175        433.9949        3.849043        202.3429      -0.7919390E-10
    2 t    5    17.54689        2.410879        414.7865        4.676682        207.9265      -0.5398612E-10
    2 t    6    15.62973        2.537916        394.0240        5.470135        214.7067      -0.4289911E-10
    2 t    7    14.32542        2.683991        372.5795        6.191143        222.2475      -0.3017495E-10
    2 t    8    13.40614        2.846658        351.2892        6.788603        229.7684      -0.1756577E-10
    2 t    9    12.73486        3.022250        330.8793        7.220083        236.3885       0.2847476E-09
    2 t   10    12.22400        3.206382        311.8780        7.472475        241.4973       0.5961215E-09
    2 t   11    11.81677        3.394760        294.5717        7.565573        244.9417       0.6907806E-09
    2 t   12    11.47711        3.583895        279.0261        7.541155        246.9393       0.4937537E-09
    2 t   13    11.18312        3.771457        265.1495        7.447815        247.8719       0.4138736E-09
    2 t   14    10.92210        3.956275        252.7630        7.327791        248.1069       0.2180655E-09
    2 t   15    10.68694        4.138069        241.6586        7.209360        247.9049       0.3838119E-09
    2 t   16    10.47354        4.317077        231.6382        7.106123        247.4081       0.4152816E-09
    2 t   17    10.27913        4.493731        222.5322        7.020985        246.6717       0.4546830E-09
    2 t   18    10.10158        4.668458        214.2035        6.951121        245.7043       0.5455582E-09
    2 t   19    9.938936        4.841579        206.5442        6.891687        244.4964       0.4095997E-09
    2 t   20    9.789418        5.013295        199.4696        6.837870        243.0381       0.4590212E-09
    2 t   21    9.651360        5.183696        192.9126        6.785760        241.3274       0.5327704E-09
    2 t   22    9.523242        5.352786        186.8186        6.732572        239.3737       0.2732461E-09
    2 t   23    9.403712        5.520516        181.1425        6.676603        237.1987      -0.4065182E-10
    2 t   24    9.291584        5.686806        175.8456        6.617074        234.8353      -0.5248401E-10
    3 t    1    83.73480        3.137688        318.7060       0.9406963        224.6192      -0.5203957E-10
    3 t    2    50.74218        3.168996        315.5574        1.560840        225.7251      -0.5158713E-10
    3 t    3    36.77861        3.215703        310.9740        2.171347        227.3381      -0.5105180E-10
    3 t    4    29.15563        3.277536        305.1072        2.769973        229.4072      -0.5058701E-10
    3 t    5    24.41248        3.354186        298.1349        3.355863        231.8704      -0.5036854E-10
    3 t    6    21.21806        3.445336        290.2474        3.929578        234.6577      -0.5058081E-10
    3 t    7    18.95135        3.550700        281.6346        4.492658        237.6913      -0.5140743E-10
    3 t    8    17.28376        3.670030        272.4773        5.046414        240.8802      -0.5302972E-10
    3 t    9    16.02507        3.803085        262.9444        5.589605        244.1054      -0.5564156E-10
    3 t   10    15.05717        3.949527        253.1949        6.114977        247.1945      -0.6098191E-10
    3 t   11    14.30199        4.108723        243.3846        6.605798        249.8942      -0.6642972E-10
    3 t   12    13.70469        4.279489        233.6728        7.035017        251.8626      -0.3453019E-10
    3 t   13    13.22442        4.459876        224.2215        7.369686        252.7069      -0.6220142E-10
    3 t   14    12.82935        4.647134        215.1864        7.580168        252.0758      -0.7972106E-10
    3 t   15    12.49436        4.837917        206.7005        7.650356        249.7842       0.8557633E-09
    3 t   16    12.20006        5.028733        198.8573        7.585480        245.9374       0.3556123E-09
    3 t   17    11.93248        5.216527        191.6984        7.415183        240.9924       0.2982453E-09
    3 t   18    11.68284        5.399243        185.2112        7.187895        235.6647       0.5336362E-09
    3 t   19    11.44681        5.576111        179.3365        6.955060        230.6787       0.1101893E-09
    3 t   20    11.22310        5.747503        173.9886        6.754175        226.5273       0.3573674E-09
    3 t   21    11.01197        5.914471        169.0768        6.602309        223.4064      -0.1193918E-09
    3 t   22    10.81398        6.078279        164.5202        6.500623        221.2979      -0.1236564E-09
    3 t   23    10.62947        6.240105        160.2537        6.442174        220.0803       0.1375877E-09
    3 t   24    10.45835        6.400913        156.2277        6.417586        219.6011       0.1575258E-09
    4 t    1    113.6160        4.257390        234.8857       0.6792471        223.9939      -0.3385455E-09
    4 t    2    68.53160        4.279997        233.6450        1.127000        223.9204      -0.3360778E-09
    4 t    3    49.33682        4.313718        231.8186        1.567361        223.8030      -0.3326628E-09
    4 t    4    38.76999        4.358337        229.4453        1.997830        223.6346      -0.3406185E-09
    4 t    5    32.12297        4.413579        226.5735        2.416365        223.4095      -0.3312693E-09
    4 t    6    27.58466        4.479128        223.2578        2.821534        223.1253      -0.3170422E-09
    4 t    7    24.30973        4.554638        219.5564        3.212678        222.7867      -0.3092883E-09
    4 t    8    21.85064        4.639761        215.5284        3.590116        222.4094      -0.2751121E-09
    4 t    9    19.94838        4.734170        211.2303        3.955399        222.0249      -0.2439287E-09
    4 t   10    18.44284        4.837596        206.7142        4.311593        221.6862      -0.2336677E-09
    4 t   11    17.22992        4.949869        202.0256        4.663564        221.4735      -0.2275458E-09
    4 t   12    16.23932        5.070964        197.2012        5.018077        221.5000      -0.2192952E-09
    4 t   13    15.42213        5.201044        192.2691        5.383317        221.9119      -0.2042750E-09
    4 t   14    14.74347        5.340479        187.2491        5.767022        222.8757      -0.1841178E-09
    4 t   15    14.17787        5.489784        182.1565        6.172153        224.5344      -0.1741498E-09
    4 t   16    13.70589        5.649416        177.0094        6.589924        226.9176      -0.1695200E-09
    4 t   17    13.31151        5.819396        171.8391        6.993505        229.8239      -0.1499439E-09
    4 t   18    12.98028        5.998852        166.6985        7.339852        232.7661      -0.1062875E-09
    4 t   19    12.69834        6.185773        161.6613        7.583856        235.0927       0.8677957E-09
    4 t   20    12.45269        6.377192        156.8088        7.696898        236.2599       0.7894943E-09
    4 t   21    12.23202        6.569754        152.2127        7.677483        236.0689      -0.1549503E-09
    4 t   22    12.02757        6.760411        147.9200        7.550378        234.7228      -0.1946640E-09
    4 t   23    11.83355        6.946968        143.9477        7.357183        232.6979       0.2012250E-09
    4 t   24    11.64688        7.128336        140.2852        7.142074        230.5219       0.1990106E-09
