ANISOTROPIC_PREM
   1    1.00000  0
    30  40 120 6371.00000
  10    0.00000  305.37500
 12.97031  0.00000 -8.83810  0.00000
 11.52123  0.00000 -6.36400  0.00000
  3.58339  0.00000 -4.44750  0.00000
1327.70000
 84.60000
 11.37619  0.00000 -6.36400  0.00000
  3.62971  0.00000 -4.44750  0.00000
  1.01463  0.00000
  10  305.37500  610.75000
 12.88234  0.00000 -8.83810  0.00000
 11.48339  0.00000 -6.36400  0.00000
  3.63447  0.00000 -4.44750  0.00000
1327.70000
 84.60000
 11.34828  0.00000 -6.36400  0.00000
  3.59931  0.00000 -4.44750  0.00000
  0.98624  0.00000
  10  610.75000  916.12500
 12.94379  0.00000 -8.83810  0.00000
 11.09701  0.00000 -6.36400  0.00000
  3.64199  0.00000 -4.44750  0.00000
1327.70000
 84.60000
 11.48142  0.00000 -6.36400  0.00000
  3.71839  0.00000 -4.44750  0.00000
  0.99886  0.00000
  10  916.12500 1239.25096
 12.85424  0.00000 -8.83810  0.00000
 11.12577  0.00000 -6.36400  0.00000
  3.74860  0.00000 -4.44750  0.00000
1327.70000
 84.60000
 11.02603  0.00000 -6.36400  0.00000
  3.62871  0.00000 -4.44750  0.00000
  1.00077  0.00000
  10 1239.25096 1503.81250
 12.75580 -1.26380 -3.64260 -5.52810
 11.28541 -4.03620  4.80230-13.57320
  0.00000  0.00000  0.00000  0.00000
57823.00000
  0.00000
 10.88371 -4.03620  4.80230-13.57320
  0.00000  0.00000  0.00000  0.00000
  1.01689  0.00000
  10 1503.81250 1786.12500
 12.65436 -1.26380 -3.64260 -5.52810
 11.08402 -4.03620  4.80230-13.57320
  0.00000  0.00000  0.00000  0.00000
57823.00000
  0.00000
 11.25524 -4.03620  4.80230-13.57320
  0.00000  0.00000  0.00000  0.00000
  0.98320  0.00000
  10 1786.12500 2068.43750
 12.48435 -1.26380 -3.64260 -5.52810
 10.98368 -4.03620  4.80230-13.57320
  0.00000  0.00000  0.00000  0.00000
57823.00000
  0.00000
 11.25001 -4.03620  4.80230-13.57320
  0.00000  0.00000  0.00000  0.00000
  0.97574  0.00000
  10 2068.43750 2350.75000
 12.65181 -1.26380 -3.64260 -5.52810
 11.03254 -4.03620  4.80230-13.57320
  0.00000  0.00000  0.00000  0.00000
57823.00000
  0.00000
 10.84500 -4.03620  4.80230-13.57320
  0.00000  0.00000  0.00000  0.00000
  1.00033  0.00000
  10 2350.75000 2633.06250
 12.54764 -1.26380 -3.64260 -5.52810
 10.94172 -4.03620  4.80230-13.57320
  0.00000  0.00000  0.00000  0.00000
57823.00000
  0.00000
 11.17749 -4.03620  4.80230-13.57320
  0.00000  0.00000  0.00000  0.00000
  0.99276  0.00000
  10 2633.06250 2915.37500
 12.55089 -1.26380 -3.64260 -5.52810
 11.08665 -4.03620  4.80230-13.57320
  0.00000  0.00000  0.00000  0.00000
57823.00000
  0.00000
 10.82868 -4.03620  4.80230-13.57320
  0.00000  0.00000  0.00000  0.00000
  0.98961  0.00000
  10 2915.37500 3197.68750
 12.46660 -1.26380 -3.64260 -5.52810
 11.14691 -4.03620  4.80230-13.57320
  0.00000  0.00000  0.00000  0.00000
57823.00000
  0.00000
 10.88968 -4.03620  4.80230-13.57320
  0.00000  0.00000  0.00000  0.00000
  1.01361  0.00000
  10 3197.68750 3495.52804
 12.53059 -1.26380 -3.64260 -5.52810
 11.05511 -4.03620  4.80230-13.57320
  0.00000  0.00000  0.00000  0.00000
57823.00000
  0.00000
 10.88678 -4.03620  4.80230-13.57320
  0.00000  0.00000  0.00000  0.00000
  1.00917  0.00000
  10 3495.52804 3634.20356
  8.24299 -6.47610  5.52830 -3.08070
 15.82836 -5.31810  5.52420 -2.55140
  6.56921  1.46720 -2.08340  0.97830
57823.00000
312.00000
 15.10691 -5.31810  5.52420 -2.55140
  7.18678  1.46720 -2.08340  0.97830
  0.97920  0.00000
  10 3634.20356 3876.25000
  8.12877 -6.47610  5.52830 -3.08070
 24.42857-40.46730 51.48320-26.64190
 11.51403-13.78180 17.45750 -9.27770
57823.00000
312.00000
 24.80080-40.46730 51.48320-26.64190
 11.02616-13.78180 17.45750 -9.27770
  1.00241  0.00000
  10 3876.25000 4122.50000
  8.14827 -6.47610  5.52830 -3.08070
 25.08930-40.46730 51.48320-26.64190
 11.50028-13.78180 17.45750 -9.27770
57823.00000
312.00000
 25.49625-40.46730 51.48320-26.64190
 11.13478-13.78180 17.45750 -9.27770
  1.01489  0.00000
  10 4122.50000 4368.75000
  7.77880 -6.47610  5.52830 -3.08070
 25.58669-40.46730 51.48320-26.64190
 11.19283-13.78180 17.45750 -9.27770
57823.00000
312.00000
 24.86955-40.46730 51.48320-26.64190
 11.25073-13.78180 17.45750 -9.27770
  1.02048  0.00000
  10 4368.75000 4615.00000
  7.97613 -6.47610  5.52830 -3.08070
 24.50720-40.46730 51.48320-26.64190
 11.24837-13.78180 17.45750 -9.27770
57823.00000
312.00000
 24.47522-40.46730 51.48320-26.64190
 10.99210-13.78180 17.45750 -9.27770
  0.97501  0.00000
  10 4615.00000 4861.25000
  7.90819 -6.47610  5.52830 -3.08070
 24.94586-40.46730 51.48320-26.64190
 11.28120-13.78180 17.45750 -9.27770
57823.00000
312.00000
 24.67034-40.46730 51.48320-26.64190
 11.41802-13.78180 17.45750 -9.27770
  1.01538  0.00000
  10 4861.25000 5107.50000
  7.77627 -6.47610  5.52830 -3.08070
 25.10878-40.46730 51.48320-26.64190
 11.44979-13.78180 17.45750 -9.27770
57823.00000
312.00000
 24.35737-40.46730 51.48320-26.64190
 11.29912-13.78180 17.45750 -9.27770
  0.97716  0.00000
  10 5107.50000 5353.75000
  7.92504 -6.47610  5.52830 -3.08070
 24.76212-40.46730 51.48320-26.64190
 11.14603-13.78180 17.45750 -9.27770
57823.00000
312.00000
 24.40044-40.46730 51.48320-26.64190
 11.39841-13.78180 17.45750 -9.27770
  1.00911  0.00000
  10 5353.75000 5600.00000
  7.78117 -6.47610  5.52830 -3.08070
 25.47633-40.46730 51.48320-26.64190
 11.21953-13.78180 17.45750 -9.27770
57823.00000
312.00000
 24.87421-40.46730 51.48320-26.64190
 11.13541-13.78180 17.45750 -9.27770
  1.00490  0.00000
   5 5600.00000 5704.80891
  7.85635 -6.47610  5.52830 -3.08070
 29.26068-23.60270  5.52420 -2.55140
 22.17929-17.24730 -2.08340  0.97830
57823.00000
312.00000
 29.28990-23.60270  5.52420 -2.55140
 22.35748-17.24730 -2.08340  0.97830
  1.02260  0.00000
   5 5704.80891 5771.00000
  5.45066 -1.48360  0.00000  0.00000
 19.07395 -9.86720  0.00000  0.00000
  9.84111 -4.93240  0.00000  0.00000
57823.00000
143.00000
 18.84036 -9.86720  0.00000  0.00000
  9.81442 -4.93240  0.00000  0.00000
  1.00659  0.00000
  10 5771.00000 5975.49547
 11.41778 -8.02980  0.00000  0.00000
 40.47951-32.61660  0.00000  0.00000
 22.37430-18.58560  0.00000  0.00000
57823.00000
143.00000
 39.47060-32.61660  0.00000  0.00000
 22.15688-18.58560  0.00000  0.00000
  0.97850  0.00000
  10 5975.49547 6168.44098
  7.26337 -3.80450  0.00000  0.00000
 19.54718-12.25690  0.00000  0.00000
  8.69468 -4.45970  0.00000  0.00000
57823.00000
143.00000
 19.69992-12.25690  0.00000  0.00000
  9.16566 -4.45970  0.00000  0.00000
  1.00852  0.00000
  10 6168.44098 6291.00000
  2.55588  0.69240  0.00000  0.00000
  1.26771  7.21800  0.00000  0.00000
  5.54641 -1.46780  0.00000  0.00000
57823.00000
 80.00000
  3.78375  4.61720  0.00000  0.00000
 -0.77413  5.71760  0.00000  0.00000
  3.35707 -2.47780
   5 6291.00000 6346.60000
  2.59818  0.69240  0.00000  0.00000
  0.38711  7.21800  0.00000  0.00000
  5.77130 -1.46780  0.00000  0.00000
57823.00000
600.00000
  3.45919  4.61720  0.00000  0.00000
 -1.32326  5.71760  0.00000  0.00000
  3.38382 -2.47780
   5 6346.60000 6356.00000
  2.90000  0.00000  0.00000  0.00000
  6.80000  0.00000  0.00000  0.00000
  3.90000  0.00000  0.00000  0.00000
57823.00000
600.00000
  6.80000  0.00000  0.00000  0.00000
  3.90000  0.00000  0.00000  0.00000
  1.00000  0.00000
   5 6356.00000 6368.00000
  2.60000  0.00000  0.00000  0.00000
  5.80000  0.00000  0.00000  0.00000
  3.20000  0.00000  0.00000  0.00000
57823.00000
600.00000
  5.80000  0.00000  0.00000  0.00000
  3.20000  0.00000  0.00000  0.00000
  1.00000  0.00000
   5 6368.00000 6371.00000
  1.02000  0.00000  0.00000  0.00000
  1.45000  0.00000  0.00000  0.00000
  0.00000  0.00000  0.00000  0.00000
57823.00000
  0.00000
  1.45000  0.00000  0.00000  0.00000
  0.00000  0.00000  0.00000  0.00000
  1.00000  0.00000
