ANISOTROPIC_PREM
   1    1.00000  0
    30  40 120 6371.00000
  10    0.00000  305.37500
 12.92875  0.00000 -8.83810  0.00000
 11.51860  0.00000 -6.36400  0.00000
  3.72287  0.00000 -4.44750  0.00000
1327.70000
 84.60000
 11.10688  0.00000 -6.36400  0.00000
  3.58042  0.00000 -4.44750  0.00000
  1.00175  0.00000
  10  305.37500  610.75000
 13.11629  0.00000 -8.83810  0.00000
 11.36490  0.00000 -6.36400  0.00000
  3.74782  0.00000 -4.44750  0.00000
1327.70000
 84.60000
 11.30423  0.00000 -6.36400  0.00000
  3.67230  0.00000 -4.44750  0.00000
  0.99085  0.00000
  10  610.75000  916.12500
 13.03941  0.00000 -8.83810  0.00000
 11.01260  0.00000 -6.36400  0.00000
  3.58503  0.00000 -4.44750  0.00000
1327.70000
 84.60000
 11.07762  0.00000 -6.36400  0.00000
  3.70324  0.00000 -4.44750  0.00000
  1.01185  0.00000
  10  916.12500 1230.43861
 13.10778  0.00000 -8.83810  0.00000
 11.15627  0.00000 -6.36400  0.00000
  3.73434  0.00000 -4.44750  0.00000
1327.70000
 84.60000
 11.41860  0.00000 -6.36400  0.00000
  3.65488  0.00000 -4.44750  0.00000
  0.98301  0.00000
  10 1230.43861 1503.81250
 12.53274 -1.26380 -3.64260 -5.52810
 11.09626 -4.03620  4.80230-13.57320
  0.00000  0.00000  0.00000  0.00000
57823.00000
  0.00000
 11.23205 -4.03620  4.80230-13.57320
  0.00000  0.00000  0.00000  0.00000
  0.98463  0.00000
  10 1503.81250 1786.12500
 12.81589 -1.26380 -3.64260 -5.52810
 10.91503 -4.03620  4.80230-13.57320
  0.00000  0.00000  0.00000  0.00000
57823.00000
  0.00000
 10.81337 -4.03620  4.80230-13.57320
  0.00000  0.00000  0.00000  0.00000
  0.99273  0.00000
  10 1786.12500 2068.43750
 12.77176 -1.26380 -3.64260 -5.52810
 11.27866 -4.03620  4.80230-13.57320
  0.00000  0.00000  0.00000  0.00000
57823.00000
  0.00000
 11.06485 -4.03620  4.80230-13.57320
  0.00000  0.00000  0.00000  0.00000
  0.99392  0.00000
  10 2068.43750 2350.75000
 12.50703 -1.26380 -3.64260 -5.52810
 11.26366 -4.03620  4.80230-13.57320
  0.00000  0.00000  0.00000  0.00000
57823.00000
  0.00000
 11.19213 -4.03620  4.80230-13.57320
  0.00000  0.00000  0.00000  0.00000
  0.98531  0.00000
  10 2350.75000 2633.06250
 12.65479 -1.26380 -3.64260 -5.52810
 11.21232 -4.03620  4.80230-13.57320
  0.00000  0.00000  0.00000  0.00000
57823.00000
  0.00000
 11.27184 -4.03620  4.80230-13.57320
  0.00000  0.00000  0.00000  0.00000
  1.02094  0.00000
  10 2633.06250 2915.37500
 12.49183 -1.26380 -3.64260 -5.52810
 11.03613 -4.03620  4.80230-13.57320
  0.00000  0.00000  0.00000  0.00000
57823.00000
  0.00000
 10.94620 -4.03620  4.80230-13.57320
  0.00000  0.00000  0.00000  0.00000
  1.01640  0.00000
  10 2915.37500 3197.68750
 12.58913 -1.26380 -3.64260 -5.52810
 11.19756 -4.03620  4.80230-13.57320
  0.00000  0.00000  0.00000  0.00000
57823.00000
  0.00000
 10.90445 -4.03620  4.80230-13.57320
  0.00000  0.00000  0.00000  0.00000
  0.98034  0.00000
  10 3197.68750 3480.37390
 12.53941 -1.26380 -3.64260 -5.52810
 10.89563 -4.03620  4.80230-13.57320
  0.00000  0.00000  0.00000  0.00000
57823.00000
  0.00000
 11.20501 -4.03620  4.80230-13.57320
  0.00000  0.00000  0.00000  0.00000
  0.99347  0.00000
  10 3480.37390 3625.23765
  8.06431 -6.47610  5.52830 -3.08070
 15.12710 -5.31810  5.52420 -2.55140
  7.15268  1.46720 -2.08340  0.97830
57823.00000
312.00000
 15.94961 -5.31810  5.52420 -2.55140
  7.23535  1.46720 -2.08340  0.97830
  0.98663  0.00000
  10 3625.23765 3876.25000
  7.90648 -6.47610  5.52830 -3.08070
 24.90192-40.46730 51.48320-26.64190
 11.11498-13.78180 17.45750 -9.27770
57823.00000
312.00000
 24.54268-40.46730 51.48320-26.64190
 11.13725-13.78180 17.45750 -9.27770
  0.99755  0.00000
  10 3876.25000 4122.50000
  7.95530 -6.47610  5.52830 -3.08070
 25.27235-40.46730 51.48320-26.64190
 11.23800-13.78180 17.45750 -9.27770
57823.00000
312.00000
 24.87455-40.46730 51.48320-26.64190
 11.35982-13.78180 17.45750 -9.27770
  0.98882  0.00000
  10 4122.50000 4368.75000
  8.09106 -6.47610  5.52830 -3.08070
 24.93362-40.46730 51.48320-26.64190
 11.32658-13.78180 17.45750 -9.27770
57823.00000
312.00000
 25.23620-40.46730 51.48320-26.64190
 11.42307-13.78180 17.45750 -9.27770
  1.00009  0.00000
  10 4368.75000 4615.00000
  7.93293 -6.47610  5.52830 -3.08070
 24.49173-40.46730 51.48320-26.64190
 11.38800-13.78180 17.45750 -9.27770
57823.00000
312.00000
 25.38973-40.46730 51.48320-26.64190
 11.24248-13.78180 17.45750 -9.27770
  1.02113  0.00000
  10 4615.00000 4861.25000
  8.17798 -6.47610  5.52830 -3.08070
 24.75841-40.46730 51.48320-26.64190
 11.34313-13.78180 17.45750 -9.27770
57823.00000
312.00000
 24.54157-40.46730 51.48320-26.64190
 11.41888-13.78180 17.45750 -9.27770
  0.99413  0.00000
  10 4861.25000 5107.50000
  7.82333 -6.47610  5.52830 -3.08070
 24.74050-40.46730 51.48320-26.64190
 10.84046-13.78180 17.45750 -9.27770
57823.00000
312.00000
 25.15072-40.46730 51.48320-26.64190
 10.85157-13.78180 17.45750 -9.27770
  1.00751  0.00000
  10 5107.50000 5353.75000
  8.08974 -6.47610  5.52830 -3.08070
 24.71875-40.46730 51.48320-26.64190
 11.11539-13.78180 17.45750 -9.27770
57823.00000
312.00000
 25.31176-40.46730 51.48320-26.64190
 11.01898-13.78180 17.45750 -9.27770
  1.00478  0.00000
  10 5353.75000 5600.00000
  7.94191 -6.47610  5.52830 -3.08070
 24.57451-40.46730 51.48320-26.64190
 11.14378-13.78180 17.45750 -9.27770
57823.00000
312.00000
 25.00810-40.46730 51.48320-26.64190
 11.02615-13.78180 17.45750 -9.27770
  1.01260  0.00000
   5 5600.00000 5728.00777
  7.94453 -6.47610  5.52830 -3.08070
 29.18377-23.60270  5.52420 -2.55140
 22.07507-17.24730 -2.08340  0.97830
57823.00000
312.00000
 28.91085-23.60270  5.52420 -2.55140
 22.11476-17.24730 -2.08340  0.97830
  0.97808  0.00000
   5 5728.00777 5771.00000
  5.38712 -1.48360  0.00000  0.00000
 19.04272 -9.86720  0.00000  0.00000
 10.00687 -4.93240  0.00000  0.00000
57823.00000
143.00000
 18.62138 -9.86720  0.00000  0.00000
 10.21156 -4.93240  0.00000  0.00000
  1.01224  0.00000
  10 5771.00000 5973.90940
 11.29616 -8.02980  0.00000  0.00000
 40.23303-32.61660  0.00000  0.00000
 22.46380-18.58560  0.00000  0.00000
57823.00000
143.00000
 39.28086-32.61660  0.00000  0.00000
 21.86058-18.58560  0.00000  0.00000
  1.02231  0.00000
  10 5973.90940 6167.36513
  7.06772 -3.80450  0.00000  0.00000
 20.91022-12.25690  0.00000  0.00000
  9.25880 -4.45970  0.00000  0.00000
57823.00000
143.00000
 20.93027-12.25690  0.00000  0.00000
  9.11205 -4.45970  0.00000  0.00000
  1.00518  0.00000
  10 6167.36513 6291.00000
  2.44549  0.69240  0.00000  0.00000
  0.85816  7.21800  0.00000  0.00000
  6.15145 -1.46780  0.00000  0.00000
57823.00000
 80.00000
  3.03774  4.61720  0.00000  0.00000
 -1.37319  5.71760  0.00000  0.00000
  3.35862 -2.47780
   5 6291.00000 6346.60000
  2.49084  0.69240  0.00000  0.00000
  0.78451  7.21800  0.00000  0.00000
  5.61264 -1.46780  0.00000  0.00000
57823.00000
600.00000
  2.98811  4.61720  0.00000  0.00000
 -1.17969  5.71760  0.00000  0.00000
  3.37655 -2.47780
   5 6346.60000 6356.00000
  2.90000  0.00000  0.00000  0.00000
  6.80000  0.00000  0.00000  0.00000
  3.90000  0.00000  0.00000  0.00000
57823.00000
600.00000
  6.80000  0.00000  0.00000  0.00000
  3.90000  0.00000  0.00000  0.00000
  1.00000  0.00000
   5 6356.00000 6368.00000
  2.60000  0.00000  0.00000  0.00000
  5.80000  0.00000  0.00000  0.00000
  3.20000  0.00000  0.00000  0.00000
57823.00000
600.00000
  5.80000  0.00000  0.00000  0.00000
  3.20000  0.00000  0.00000  0.00000
  1.00000  0.00000
   5 6368.00000 6371.00000
  1.02000  0.00000  0.00000  0.00000
  1.45000  0.00000  0.00000  0.00000
  0.00000  0.00000  0.00000  0.00000
57823.00000
  0.00000
  1.45000  0.00000  0.00000  0.00000
  0.00000  0.00000  0.00000  0.00000
  1.00000  0.00000
