ANISOTROPIC_PREM
   1    1.00000  0
    30  40 120 6371.00000
  10    0.00000  305.37500
 12.81445  0.00000 -8.83810  0.00000
 11.39664  0.00000 -6.36400  0.00000
  3.64977  0.00000 -4.44750  0.00000
1327.70000
 84.60000
 11.53349  0.00000 -6.36400  0.00000
  3.64041  0.00000 -4.44750  0.00000
  1.00075  0.00000
  10  305.37500  610.75000
 13.07784  0.00000 -8.83810  0.00000
 11.01419  0.00000 -6.36400  0.00000
  3.65608  0.00000 -4.44750  0.00000
1327.70000
 84.60000
 11.45765  0.00000 -6.36400  0.00000
  3.75332  0.00000 -4.44750  0.00000
  1.02251  0.00000
  10  610.75000  916.12500
 13.37334  0.00000 -8.83810  0.00000
 11.35982  0.00000 -6.36400  0.00000
  3.62093  0.00000 -4.44750  0.00000
1327.70000
 84.60000
 11.36616  0.00000 -6.36400  0.00000
  3.71153  0.00000 -4.44750  0.00000
  1.01803  0.00000
  10  916.12500 1204.12332
 13.09335  0.00000 -8.83810  0.00000
 11.43634  0.00000 -6.36400  0.00000
  3.71555  0.00000 -4.44750  0.00000
1327.70000
 84.60000
 11.19217  0.00000 -6.36400  0.00000
  3.58889  0.00000 -4.44750  0.00000
  0.99123  0.00000
  10 1204.12332 1503.81250
 12.38196 -1.26380 -3.64260 -5.52810
 11.19894 -4.03620  4.80230-13.57320
  0.00000  0.00000  0.00000  0.00000
57823.00000
  0.00000
 10.83918 -4.03620  4.80230-13.57320
  0.00000  0.00000  0.00000  0.00000
  0.97686  0.00000
  10 1503.81250 1786.12500
 12.44273 -1.26380 -3.64260 -5.52810
 11.01771 -4.03620  4.80230-13.57320
  0.00000  0.00000  0.00000  0.00000
57823.00000
  0.00000
 10.94509 -4.03620  4.80230-13.57320
  0.00000  0.00000  0.00000  0.00000
  1.00479  0.00000
  10 1786.12500 2068.43750
 12.63058 -1.26380 -3.64260 -5.52810
 11.20833 -4.03620  4.80230-13.57320
  0.00000  0.00000  0.00000  0.00000
57823.00000
  0.00000
 11.16789 -4.03620  4.80230-13.57320
  0.00000  0.00000  0.00000  0.00000
  1.00374  0.00000
  10 2068.43750 2350.75000
 12.76212 -1.26380 -3.64260 -5.52810
 11.07144 -4.03620  4.80230-13.57320
  0.00000  0.00000  0.00000  0.00000
57823.00000
  0.00000
 11.01084 -4.03620  4.80230-13.57320
  0.00000  0.00000  0.00000  0.00000
  0.98708  0.00000
  10 2350.75000 2633.06250
 12.52991 -1.26380 -3.64260 -5.52810
 10.90158 -4.03620  4.80230-13.57320
  0.00000  0.00000  0.00000  0.00000
57823.00000
  0.00000
 11.19094 -4.03620  4.80230-13.57320
  0.00000  0.00000  0.00000  0.00000
  1.00518  0.00000
  10 2633.06250 2915.37500
 12.55072 -1.26380 -3.64260 -5.52810
 10.95141 -4.03620  4.80230-13.57320
  0.00000  0.00000  0.00000  0.00000
57823.00000
  0.00000
 10.91966 -4.03620  4.80230-13.57320
  0.00000  0.00000  0.00000  0.00000
  1.02408  0.00000
  10 2915.37500 3197.68750
 12.71987 -1.26380 -3.64260 -5.52810
 11.08913 -4.03620  4.80230-13.57320
  0.00000  0.00000  0.00000  0.00000
57823.00000
  0.00000
 11.18983 -4.03620  4.80230-13.57320
  0.00000  0.00000  0.00000  0.00000
  0.98222  0.00000
  10 3197.68750 3480.54017
 12.35522 -1.26380 -3.64260 -5.52810
 11.07047 -4.03620  4.80230-13.57320
  0.00000  0.00000  0.00000  0.00000
57823.00000
  0.00000
 11.19812 -4.03620  4.80230-13.57320
  0.00000  0.00000  0.00000  0.00000
  0.99074  0.00000
  10 3480.54017 3628.36458
  8.25231 -6.47610  5.52830 -3.08070
 15.80302 -5.31810  5.52420 -2.55140
  6.74666  1.46720 -2.08340  0.97830
57823.00000
312.00000
 15.69347 -5.31810  5.52420 -2.55140
  6.83948  1.46720 -2.08340  0.97830
  1.01740  0.00000
  10 3628.36458 3876.25000
  7.98217 -6.47610  5.52830 -3.08070
 25.24281-40.46730 51.48320-26.64190
 11.19594-13.78180 17.45750 -9.27770
57823.00000
312.00000
 24.55145-40.46730 51.48320-26.64190
 11.39659-13.78180 17.45750 -9.27770
  0.98296  0.00000
  10 3876.25000 4122.50000
  7.91155 -6.47610  5.52830 -3.08070
 24.57192-40.46730 51.48320-26.64190
 10.99981-13.78180 17.45750 -9.27770
57823.00000
312.00000
 24.58494-40.46730 51.48320-26.64190
 11.01372-13.78180 17.45750 -9.27770
  0.98144  0.00000
  10 4122.50000 4368.75000
  8.14663 -6.47610  5.52830 -3.08070
 24.81898-40.46730 51.48320-26.64190
 11.33601-13.78180 17.45750 -9.27770
57823.00000
312.00000
 24.38718-40.46730 51.48320-26.64190
 11.09697-13.78180 17.45750 -9.27770
  0.98360  0.00000
  10 4368.75000 4615.00000
  7.87752 -6.47610  5.52830 -3.08070
 25.30447-40.46730 51.48320-26.64190
 11.14447-13.78180 17.45750 -9.27770
57823.00000
312.00000
 24.38326-40.46730 51.48320-26.64190
 10.90579-13.78180 17.45750 -9.27770
  1.01348  0.00000
  10 4615.00000 4861.25000
  7.82610 -6.47610  5.52830 -3.08070
 24.90018-40.46730 51.48320-26.64190
 11.08531-13.78180 17.45750 -9.27770
57823.00000
312.00000
 25.24779-40.46730 51.48320-26.64190
 11.16904-13.78180 17.45750 -9.27770
  0.98137  0.00000
  10 4861.25000 5107.50000
  7.88469 -6.47610  5.52830 -3.08070
 24.62077-40.46730 51.48320-26.64190
 11.27058-13.78180 17.45750 -9.27770
57823.00000
312.00000
 24.94178-40.46730 51.48320-26.64190
 11.46866-13.78180 17.45750 -9.27770
  0.97956  0.00000
  10 5107.50000 5353.75000
  8.08228 -6.47610  5.52830 -3.08070
 25.46282-40.46730 51.48320-26.64190
 11.18748-13.78180 17.45750 -9.27770
57823.00000
312.00000
 25.25762-40.46730 51.48320-26.64190
 11.01528-13.78180 17.45750 -9.27770
  1.00635  0.00000
  10 5353.75000 5600.00000
  7.81999 -6.47610  5.52830 -3.08070
 24.89453-40.46730 51.48320-26.64190
 10.97803-13.78180 17.45750 -9.27770
57823.00000
312.00000
 24.70683-40.46730 51.48320-26.64190
 11.35110-13.78180 17.45750 -9.27770
  1.01334  0.00000
   5 5600.00000 5728.60563
  7.97981 -6.47610  5.52830 -3.08070
 29.06795-23.60270  5.52420 -2.55140
 22.29485-17.24730 -2.08340  0.97830
57823.00000
312.00000
 29.10781-23.60270  5.52420 -2.55140
 22.14116-17.24730 -2.08340  0.97830
  1.01282  0.00000
   5 5728.60563 5771.00000
  5.24378 -1.48360  0.00000  0.00000
 19.10720 -9.86720  0.00000  0.00000
 10.23694 -4.93240  0.00000  0.00000
57823.00000
143.00000
 19.49877 -9.86720  0.00000  0.00000
 10.19781 -4.93240  0.00000  0.00000
  0.99666  0.00000
  10 5771.00000 5964.57184
 11.34827 -8.02980  0.00000  0.00000
 39.31864-32.61660  0.00000  0.00000
 22.66584-18.58560  0.00000  0.00000
57823.00000
143.00000
 40.66180-32.61660  0.00000  0.00000
 22.36440-18.58560  0.00000  0.00000
  1.02083  0.00000
  10 5964.57184 6153.77209
  6.89516 -3.80450  0.00000  0.00000
 19.99159-12.25690  0.00000  0.00000
  8.96100 -4.45970  0.00000  0.00000
57823.00000
143.00000
 19.69710-12.25690  0.00000  0.00000
  8.59734 -4.45970  0.00000  0.00000
  0.98254  0.00000
  10 6153.77209 6291.00000
  2.84534  0.69240  0.00000  0.00000
  1.02262  7.21800  0.00000  0.00000
  5.96471 -1.46780  0.00000  0.00000
57823.00000
 80.00000
  3.93006  4.61720  0.00000  0.00000
 -0.89312  5.71760  0.00000  0.00000
  3.36592 -2.47780
   5 6291.00000 6346.60000
  2.92218  0.69240  0.00000  0.00000
  1.18556  7.21800  0.00000  0.00000
  5.62203 -1.46780  0.00000  0.00000
57823.00000
600.00000
  3.65961  4.61720  0.00000  0.00000
 -0.81723  5.71760  0.00000  0.00000
  3.36274 -2.47780
   5 6346.60000 6356.00000
  2.90000  0.00000  0.00000  0.00000
  6.80000  0.00000  0.00000  0.00000
  3.90000  0.00000  0.00000  0.00000
57823.00000
600.00000
  6.80000  0.00000  0.00000  0.00000
  3.90000  0.00000  0.00000  0.00000
  1.00000  0.00000
   5 6356.00000 6368.00000
  2.60000  0.00000  0.00000  0.00000
  5.80000  0.00000  0.00000  0.00000
  3.20000  0.00000  0.00000  0.00000
57823.00000
600.00000
  5.80000  0.00000  0.00000  0.00000
  3.20000  0.00000  0.00000  0.00000
  1.00000  0.00000
   5 6368.00000 6371.00000
  1.02000  0.00000  0.00000  0.00000
  1.45000  0.00000  0.00000  0.00000
  0.00000  0.00000  0.00000  0.00000
57823.00000
  0.00000
  1.45000  0.00000  0.00000  0.00000
  0.00000  0.00000  0.00000  0.00000
  1.00000  0.00000
