ANISOTROPIC_PREM
   1    1.00000  0
    30  40 120 6371.00000
  10    0.00000  305.37500
 13.09607  0.00000 -8.83810  0.00000
 10.98648  0.00000 -6.36400  0.00000
  3.62014  0.00000 -4.44750  0.00000
1327.70000
 84.60000
 11.02055  0.00000 -6.36400  0.00000
  3.69933  0.00000 -4.44750  0.00000
  0.97766  0.00000
  10  305.37500  610.75000
 13.51621  0.00000 -8.83810  0.00000
 11.33512  0.00000 -6.36400  0.00000
  3.71024  0.00000 -4.44750  0.00000
1327.70000
 84.60000
 11.31130  0.00000 -6.36400  0.00000
  3.69264  0.00000 -4.44750  0.00000
  1.01184  0.00000
  10  610.75000  916.12500
 13.39154  0.00000 -8.83810  0.00000
 11.20350  0.00000 -6.36400  0.00000
  3.59228  0.00000 -4.44750  0.00000
1327.70000
 84.60000
 11.00781  0.00000 -6.36400  0.00000
  3.71154  0.00000 -4.44750  0.00000
  1.00707  0.00000
  10  916.12500 1230.85111
 13.04390  0.00000 -8.83810  0.00000
 11.42025  0.00000 -6.36400  0.00000
  3.67355  0.00000 -4.44750  0.00000
1327.70000
 84.60000
 11.20194  0.00000 -6.36400  0.00000
  3.66040  0.00000 -4.44750  0.00000
  0.99349  0.00000
  10 1230.85111 1503.81250
 12.53974 -1.26380 -3.64260 -5.52810
 11.17548 -4.03620  4.80230-13.57320
  0.00000  0.00000  0.00000  0.00000
57823.00000
  0.00000
 11.08525 -4.03620  4.80230-13.57320
  0.00000  0.00000  0.00000  0.00000
  0.99228  0.00000
  10 1503.81250 1786.12500
 12.48829 -1.26380 -3.64260 -5.52810
 11.26183 -4.03620  4.80230-13.57320
  0.00000  0.00000  0.00000  0.00000
57823.00000
  0.00000
 11.12450 -4.03620  4.80230-13.57320
  0.00000  0.00000  0.00000  0.00000
  0.97663  0.00000
  10 1786.12500 2068.43750
 12.79377 -1.26380 -3.64260 -5.52810
 11.14726 -4.03620  4.80230-13.57320
  0.00000  0.00000  0.00000  0.00000
57823.00000
  0.00000
 10.87948 -4.03620  4.80230-13.57320
  0.00000  0.00000  0.00000  0.00000
  1.02467  0.00000
  10 2068.43750 2350.75000
 12.57059 -1.26380 -3.64260 -5.52810
 11.24817 -4.03620  4.80230-13.57320
  0.00000  0.00000  0.00000  0.00000
57823.00000
  0.00000
 10.82885 -4.03620  4.80230-13.57320
  0.00000  0.00000  0.00000  0.00000
  1.01683  0.00000
  10 2350.75000 2633.06250
 12.77581 -1.26380 -3.64260 -5.52810
 10.94757 -4.03620  4.80230-13.57320
  0.00000  0.00000  0.00000  0.00000
57823.00000
  0.00000
 11.08440 -4.03620  4.80230-13.57320
  0.00000  0.00000  0.00000  0.00000
  1.02371  0.00000
  10 2633.06250 2915.37500
 12.92688 -1.26380 -3.64260 -5.52810
 10.97547 -4.03620  4.80230-13.57320
  0.00000  0.00000  0.00000  0.00000
57823.00000
  0.00000
 11.19344 -4.03620  4.80230-13.57320
  0.00000  0.00000  0.00000  0.00000
  1.01590  0.00000
  10 2915.37500 3197.68750
 12.95281 -1.26380 -3.64260 -5.52810
 10.85654 -4.03620  4.80230-13.57320
  0.00000  0.00000  0.00000  0.00000
57823.00000
  0.00000
 11.17801 -4.03620  4.80230-13.57320
  0.00000  0.00000  0.00000  0.00000
  0.99794  0.00000
  10 3197.68750 3406.30106
 12.55570 -1.26380 -3.64260 -5.52810
 11.20096 -4.03620  4.80230-13.57320
  0.00000  0.00000  0.00000  0.00000
57823.00000
  0.00000
 10.99047 -4.03620  4.80230-13.57320
  0.00000  0.00000  0.00000  0.00000
  1.01726  0.00000
  10 3406.30106 3612.30835
  7.93064 -6.47610  5.52830 -3.08070
 14.91543 -5.31810  5.52420 -2.55140
  6.79639  1.46720 -2.08340  0.97830
57823.00000
312.00000
 15.49451 -5.31810  5.52420 -2.55140
  6.83156  1.46720 -2.08340  0.97830
  0.98492  0.00000
  10 3612.30835 3876.25000
  7.97894 -6.47610  5.52830 -3.08070
 25.02145-40.46730 51.48320-26.64190
 11.37284-13.78180 17.45750 -9.27770
57823.00000
312.00000
 25.24796-40.46730 51.48320-26.64190
 10.83955-13.78180 17.45750 -9.27770
  1.00862  0.00000
  10 3876.25000 4122.50000
  7.96178 -6.47610  5.52830 -3.08070
 24.96418-40.46730 51.48320-26.64190
 10.95525-13.78180 17.45750 -9.27770
57823.00000
312.00000
 25.44633-40.46730 51.48320-26.64190
 11.25120-13.78180 17.45750 -9.27770
  0.98686  0.00000
  10 4122.50000 4368.75000
  7.98175 -6.47610  5.52830 -3.08070
 25.35896-40.46730 51.48320-26.64190
 11.13997-13.78180 17.45750 -9.27770
57823.00000
312.00000
 24.94115-40.46730 51.48320-26.64190
 11.46995-13.78180 17.45750 -9.27770
  0.99462  0.00000
  10 4368.75000 4615.00000
  8.00377 -6.47610  5.52830 -3.08070
 24.81002-40.46730 51.48320-26.64190
 11.17959-13.78180 17.45750 -9.27770
57823.00000
312.00000
 25.42795-40.46730 51.48320-26.64190
 11.35209-13.78180 17.45750 -9.27770
  1.01858  0.00000
  10 4615.00000 4861.25000
  8.15176 -6.47610  5.52830 -3.08070
 24.50988-40.46730 51.48320-26.64190
 11.23198-13.78180 17.45750 -9.27770
57823.00000
312.00000
 24.72648-40.46730 51.48320-26.64190
 11.49633-13.78180 17.45750 -9.27770
  0.99625  0.00000
  10 4861.25000 5107.50000
  7.93007 -6.47610  5.52830 -3.08070
 24.81116-40.46730 51.48320-26.64190
 11.31135-13.78180 17.45750 -9.27770
57823.00000
312.00000
 24.61381-40.46730 51.48320-26.64190
 11.45547-13.78180 17.45750 -9.27770
  1.01969  0.00000
  10 5107.50000 5353.75000
  7.95059 -6.47610  5.52830 -3.08070
 24.42382-40.46730 51.48320-26.64190
 11.35900-13.78180 17.45750 -9.27770
57823.00000
312.00000
 24.71140-40.46730 51.48320-26.64190
 11.13826-13.78180 17.45750 -9.27770
  1.00498  0.00000
  10 5353.75000 5600.00000
  7.97418 -6.47610  5.52830 -3.08070
 24.72796-40.46730 51.48320-26.64190
 11.29374-13.78180 17.45750 -9.27770
57823.00000
312.00000
 25.21130-40.46730 51.48320-26.64190
 10.99875-13.78180 17.45750 -9.27770
  0.98969  0.00000
   5 5600.00000 5722.33358
  7.86899 -6.47610  5.52830 -3.08070
 29.41841-23.60270  5.52420 -2.55140
 22.53307-17.24730 -2.08340  0.97830
57823.00000
312.00000
 29.69673-23.60270  5.52420 -2.55140
 22.08101-17.24730 -2.08340  0.97830
  0.98802  0.00000
   5 5722.33358 5771.00000
  5.41734 -1.48360  0.00000  0.00000
 18.64346 -9.86720  0.00000  0.00000
 10.19784 -4.93240  0.00000  0.00000
57823.00000
143.00000
 19.06627 -9.86720  0.00000  0.00000
  9.85759 -4.93240  0.00000  0.00000
  0.97517  0.00000
  10 5771.00000 6000.54363
 11.26764 -8.02980  0.00000  0.00000
 40.64741-32.61660  0.00000  0.00000
 22.16952-18.58560  0.00000  0.00000
57823.00000
143.00000
 40.08024-32.61660  0.00000  0.00000
 22.48928-18.58560  0.00000  0.00000
  1.00360  0.00000
  10 6000.54363 6153.63734
  7.46228 -3.80450  0.00000  0.00000
 20.45580-12.25690  0.00000  0.00000
  9.25772 -4.45970  0.00000  0.00000
57823.00000
143.00000
 19.76182-12.25690  0.00000  0.00000
  9.33640 -4.45970  0.00000  0.00000
  1.01693  0.00000
  10 6153.63734 6291.00000
  2.49165  0.69240  0.00000  0.00000
  0.59539  7.21800  0.00000  0.00000
  5.87146 -1.46780  0.00000  0.00000
57823.00000
 80.00000
  3.59983  4.61720  0.00000  0.00000
 -1.42018  5.71760  0.00000  0.00000
  3.35563 -2.47780
   5 6291.00000 6346.60000
  2.19006  0.69240  0.00000  0.00000
  1.23177  7.21800  0.00000  0.00000
  5.69933 -1.46780  0.00000  0.00000
57823.00000
600.00000
  3.51095  4.61720  0.00000  0.00000
 -0.86546  5.71760  0.00000  0.00000
  3.36775 -2.47780
   5 6346.60000 6356.00000
  2.90000  0.00000  0.00000  0.00000
  6.80000  0.00000  0.00000  0.00000
  3.90000  0.00000  0.00000  0.00000
57823.00000
600.00000
  6.80000  0.00000  0.00000  0.00000
  3.90000  0.00000  0.00000  0.00000
  1.00000  0.00000
   5 6356.00000 6368.00000
  2.60000  0.00000  0.00000  0.00000
  5.80000  0.00000  0.00000  0.00000
  3.20000  0.00000  0.00000  0.00000
57823.00000
600.00000
  5.80000  0.00000  0.00000  0.00000
  3.20000  0.00000  0.00000  0.00000
  1.00000  0.00000
   5 6368.00000 6371.00000
  1.02000  0.00000  0.00000  0.00000
  1.45000  0.00000  0.00000  0.00000
  0.00000  0.00000  0.00000  0.00000
57823.00000
  0.00000
  1.45000  0.00000  0.00000  0.00000
  0.00000  0.00000  0.00000  0.00000
  1.00000  0.00000
