ANISOTROPIC_PREM
   1    1.00000  0
    30  40 120 6371.00000
  10    0.00000  305.37500
 13.36012  0.00000 -8.83810  0.00000
 11.16597  0.00000 -6.36400  0.00000
  3.74809  0.00000 -4.44750  0.00000
1327.70000
 84.60000
 11.48342  0.00000 -6.36400  0.00000
  3.60564  0.00000 -4.44750  0.00000
  1.00005  0.00000
  10  305.37500  610.75000
 13.08090  0.00000 -8.83810  0.00000
 11.01489  0.00000 -6.36400  0.00000
  3.66228  0.00000 -4.44750  0.00000
1327.70000
 84.60000
 11.27585  0.00000 -6.36400  0.00000
  3.71045  0.00000 -4.44750  0.00000
  1.01075  0.00000
  10  610.75000  916.12500
 13.38754  0.00000 -8.83810  0.00000
 11.11983  0.00000 -6.36400  0.00000
  3.57872  0.00000 -4.44750  0.00000
1327.70000
 84.60000
 11.00473  0.00000 -6.36400  0.00000
  3.72328  0.00000 -4.44750  0.00000
  0.99619  0.00000
  10  916.12500 1225.24549
 13.34851  0.00000 -8.83810  0.00000
 11.52177  0.00000 -6.36400  0.00000
  3.75623  0.00000 -4.44750  0.00000
1327.70000
 84.60000
 11.42456  0.00000 -6.36400  0.00000
  3.70303  0.00000 -4.44750  0.00000
  1.01062  0.00000
  10 1225.24549 1503.81250
 12.38071 -1.26380 -3.64260 -5.52810
 11.00004 -4.03620  4.80230-13.57320
  0.00000  0.00000  0.00000  0.00000
57823.00000
  0.00000
 10.81858 -4.03620  4.80230-13.57320
  0.00000  0.00000  0.00000  0.00000
  0.98874  0.00000
  10 1503.81250 1786.12500
 12.71116 -1.26380 -3.64260 -5.52810
 10.87713 -4.03620  4.80230-13.57320
  0.00000  0.00000  0.00000  0.00000
57823.00000
  0.00000
 11.21369 -4.03620  4.80230-13.57320
  0.00000  0.00000  0.00000  0.00000
  1.02136  0.00000
  10 1786.12500 2068.43750
 12.51237 -1.26380 -3.64260 -5.52810
 10.94880 -4.03620  4.80230-13.57320
  0.00000  0.00000  0.00000  0.00000
57823.00000
  0.00000
 10.80577 -4.03620  4.80230-13.57320
  0.00000  0.00000  0.00000  0.00000
  1.00210  0.00000
  10 2068.43750 2350.75000
 12.76997 -1.26380 -3.64260 -5.52810
 11.24170 -4.03620  4.80230-13.57320
  0.00000  0.00000  0.00000  0.00000
57823.00000
  0.00000
 11.13280 -4.03620  4.80230-13.57320
  0.00000  0.00000  0.00000  0.00000
  0.98708  0.00000
  10 2350.75000 2633.06250
 12.64767 -1.26380 -3.64260 -5.52810
 10.89136 -4.03620  4.80230-13.57320
  0.00000  0.00000  0.00000  0.00000
57823.00000
  0.00000
 10.89171 -4.03620  4.80230-13.57320
  0.00000  0.00000  0.00000  0.00000
  0.99686  0.00000
  10 2633.06250 2915.37500
 12.60057 -1.26380 -3.64260 -5.52810
 11.17486 -4.03620  4.80230-13.57320
  0.00000  0.00000  0.00000  0.00000
57823.00000
  0.00000
 10.97736 -4.03620  4.80230-13.57320
  0.00000  0.00000  0.00000  0.00000
  1.01975  0.00000
  10 2915.37500 3197.68750
 12.83251 -1.26380 -3.64260 -5.52810
 10.88952 -4.03620  4.80230-13.57320
  0.00000  0.00000  0.00000  0.00000
57823.00000
  0.00000
 11.24607 -4.03620  4.80230-13.57320
  0.00000  0.00000  0.00000  0.00000
  1.01535  0.00000
  10 3197.68750 3424.63936
 12.39887 -1.26380 -3.64260 -5.52810
 11.24015 -4.03620  4.80230-13.57320
  0.00000  0.00000  0.00000  0.00000
57823.00000
  0.00000
 11.04299 -4.03620  4.80230-13.57320
  0.00000  0.00000  0.00000  0.00000
  0.99922  0.00000
  10 3424.63936 3633.84196
  8.01500 -6.47610  5.52830 -3.08070
 15.43048 -5.31810  5.52420 -2.55140
  7.19353  1.46720 -2.08340  0.97830
57823.00000
312.00000
 15.60475 -5.31810  5.52420 -2.55140
  6.76160  1.46720 -2.08340  0.97830
  0.99259  0.00000
  10 3633.84196 3876.25000
  7.88944 -6.47610  5.52830 -3.08070
 24.33378-40.46730 51.48320-26.64190
 11.43524-13.78180 17.45750 -9.27770
57823.00000
312.00000
 25.27778-40.46730 51.48320-26.64190
 10.80967-13.78180 17.45750 -9.27770
  0.99381  0.00000
  10 3876.25000 4122.50000
  7.73572 -6.47610  5.52830 -3.08070
 25.52285-40.46730 51.48320-26.64190
 11.32162-13.78180 17.45750 -9.27770
57823.00000
312.00000
 24.43531-40.46730 51.48320-26.64190
 11.14704-13.78180 17.45750 -9.27770
  1.02406  0.00000
  10 4122.50000 4368.75000
  8.11507 -6.47610  5.52830 -3.08070
 24.76821-40.46730 51.48320-26.64190
 10.88596-13.78180 17.45750 -9.27770
57823.00000
312.00000
 25.39119-40.46730 51.48320-26.64190
 11.01044-13.78180 17.45750 -9.27770
  0.98061  0.00000
  10 4368.75000 4615.00000
  8.01454 -6.47610  5.52830 -3.08070
 25.24533-40.46730 51.48320-26.64190
 11.02859-13.78180 17.45750 -9.27770
57823.00000
312.00000
 25.47665-40.46730 51.48320-26.64190
 11.13257-13.78180 17.45750 -9.27770
  1.01945  0.00000
  10 4615.00000 4861.25000
  8.17819 -6.47610  5.52830 -3.08070
 24.98133-40.46730 51.48320-26.64190
 11.15759-13.78180 17.45750 -9.27770
57823.00000
312.00000
 24.52567-40.46730 51.48320-26.64190
 11.45689-13.78180 17.45750 -9.27770
  1.01788  0.00000
  10 4861.25000 5107.50000
  8.03051 -6.47610  5.52830 -3.08070
 24.46122-40.46730 51.48320-26.64190
 11.17045-13.78180 17.45750 -9.27770
57823.00000
312.00000
 25.00770-40.46730 51.48320-26.64190
 10.95436-13.78180 17.45750 -9.27770
  0.98622  0.00000
  10 5107.50000 5353.75000
  7.90699 -6.47610  5.52830 -3.08070
 24.49161-40.46730 51.48320-26.64190
 11.38297-13.78180 17.45750 -9.27770
57823.00000
312.00000
 24.69899-40.46730 51.48320-26.64190
 11.25626-13.78180 17.45750 -9.27770
  0.99247  0.00000
  10 5353.75000 5600.00000
  8.20314 -6.47610  5.52830 -3.08070
 24.55615-40.46730 51.48320-26.64190
 11.00124-13.78180 17.45750 -9.27770
57823.00000
312.00000
 25.22357-40.46730 51.48320-26.64190
 11.25847-13.78180 17.45750 -9.27770
  1.00348  0.00000
   5 5600.00000 5685.52136
  7.81308 -6.47610  5.52830 -3.08070
 28.90702-23.60270  5.52420 -2.55140
 22.44618-17.24730 -2.08340  0.97830
57823.00000
312.00000
 28.76201-23.60270  5.52420 -2.55140
 22.21265-17.24730 -2.08340  0.97830
  1.01512  0.00000
   5 5685.52136 5771.00000
  5.15871 -1.48360  0.00000  0.00000
 18.63898 -9.86720  0.00000  0.00000
  9.91417 -4.93240  0.00000  0.00000
57823.00000
143.00000
 19.10851 -9.86720  0.00000  0.00000
  9.96776 -4.93240  0.00000  0.00000
  1.02252  0.00000
  10 5771.00000 5949.74077
 11.46686 -8.02980  0.00000  0.00000
 38.82881-32.61660  0.00000  0.00000
 22.63904-18.58560  0.00000  0.00000
57823.00000
143.00000
 40.26717-32.61660  0.00000  0.00000
 22.84187-18.58560  0.00000  0.00000
  1.02459  0.00000
  10 5949.74077 6164.09105
  7.04234 -3.80450  0.00000  0.00000
 21.17574-12.25690  0.00000  0.00000
  8.66321 -4.45970  0.00000  0.00000
57823.00000
143.00000
 20.80255-12.25690  0.00000  0.00000
  8.80130 -4.45970  0.00000  0.00000
  0.98906  0.00000
  10 6164.09105 6291.00000
  2.44452  0.69240  0.00000  0.00000
  0.34862  7.21800  0.00000  0.00000
  5.84269 -1.46780  0.00000  0.00000
57823.00000
 80.00000
  3.11478  4.61720  0.00000  0.00000
 -0.94060  5.71760  0.00000  0.00000
  3.35410 -2.47780
   5 6291.00000 6346.60000
  2.70614  0.69240  0.00000  0.00000
  0.84171  7.21800  0.00000  0.00000
  5.59640 -1.46780  0.00000  0.00000
57823.00000
600.00000
  3.99883  4.61720  0.00000  0.00000
 -0.84982  5.71760  0.00000  0.00000
  3.36814 -2.47780
   5 6346.60000 6356.00000
  2.90000  0.00000  0.00000  0.00000
  6.80000  0.00000  0.00000  0.00000
  3.90000  0.00000  0.00000  0.00000
57823.00000
600.00000
  6.80000  0.00000  0.00000  0.00000
  3.90000  0.00000  0.00000  0.00000
  1.00000  0.00000
   5 6356.00000 6368.00000
  2.60000  0.00000  0.00000  0.00000
  5.80000  0.00000  0.00000  0.00000
  3.20000  0.00000  0.00000  0.00000
57823.00000
600.00000
  5.80000  0.00000  0.00000  0.00000
  3.20000  0.00000  0.00000  0.00000
  1.00000  0.00000
   5 6368.00000 6371.00000
  1.02000  0.00000  0.00000  0.00000
  1.45000  0.00000  0.00000  0.00000
  0.00000  0.00000  0.00000  0.00000
57823.00000
  0.00000
  1.45000  0.00000  0.00000  0.00000
  0.00000  0.00000  0.00000  0.00000
  1.00000  0.00000
