ANISOTROPIC_PREM
   1    1.00000  0
    30  40 120 6371.00000
  10    0.00000  305.37500
 13.03501  0.00000 -8.83810  0.00000
 11.20674  0.00000 -6.36400  0.00000
  3.72495  0.00000 -4.44750  0.00000
1327.70000
 84.60000
 11.06211  0.00000 -6.36400  0.00000
  3.63119  0.00000 -4.44750  0.00000
  0.98560  0.00000
  10  305.37500  610.75000
 13.40906  0.00000 -8.83810  0.00000
 11.15967  0.00000 -6.36400  0.00000
  3.73613  0.00000 -4.44750  0.00000
1327.70000
 84.60000
 11.40342  0.00000 -6.36400  0.00000
  3.60274  0.00000 -4.44750  0.00000
  1.01493  0.00000
  10  610.75000  916.12500
 13.20495  0.00000 -8.83810  0.00000
 11.33030  0.00000 -6.36400  0.00000
  3.70175  0.00000 -4.44750  0.00000
1327.70000
 84.60000
 11.10695  0.00000 -6.36400  0.00000
  3.74011  0.00000 -4.44750  0.00000
  0.98987  0.00000
  10  916.12500 1206.55318
 12.95366  0.00000 -8.83810  0.00000
 11.22355  0.00000 -6.36400  0.00000
  3.68011  0.00000 -4.44750  0.00000
1327.70000
 84.60000
 11.27292  0.00000 -6.36400  0.00000
  3.67516  0.00000 -4.44750  0.00000
  0.97638  0.00000
  10 1206.55318 1503.81250
 12.82463 -1.26380 -3.64260 -5.52810
 11.29205 -4.03620  4.80230-13.57320
  0.00000  0.00000  0.00000  0.00000
57823.00000
  0.00000
 11.19523 -4.03620  4.80230-13.57320
  0.00000  0.00000  0.00000  0.00000
  1.00467  0.00000
  10 1503.81250 1786.12500
 12.71819 -1.26380 -3.64260 -5.52810
 11.13843 -4.03620  4.80230-13.57320
  0.00000  0.00000  0.00000  0.00000
57823.00000
  0.00000
 10.80764 -4.03620  4.80230-13.57320
  0.00000  0.00000  0.00000  0.00000
  1.01719  0.00000
  10 1786.12500 2068.43750
 12.39282 -1.26380 -3.64260 -5.52810
 10.89962 -4.03620  4.80230-13.57320
  0.00000  0.00000  0.00000  0.00000
57823.00000
  0.00000
 10.96183 -4.03620  4.80230-13.57320
  0.00000  0.00000  0.00000  0.00000
  0.99405  0.00000
  10 2068.43750 2350.75000
 12.60655 -1.26380 -3.64260 -5.52810
 11.01330 -4.03620  4.80230-13.57320
  0.00000  0.00000  0.00000  0.00000
57823.00000
  0.00000
 11.22883 -4.03620  4.80230-13.57320
  0.00000  0.00000  0.00000  0.00000
  1.01249  0.00000
  10 2350.75000 2633.06250
 12.75143 -1.26380 -3.64260 -5.52810
 10.97513 -4.03620  4.80230-13.57320
  0.00000  0.00000  0.00000  0.00000
57823.00000
  0.00000
 11.21058 -4.03620  4.80230-13.57320
  0.00000  0.00000  0.00000  0.00000
  1.00056  0.00000
  10 2633.06250 2915.37500
 12.87794 -1.26380 -3.64260 -5.52810
 11.18384 -4.03620  4.80230-13.57320
  0.00000  0.00000  0.00000  0.00000
57823.00000
  0.00000
 11.06615 -4.03620  4.80230-13.57320
  0.00000  0.00000  0.00000  0.00000
  1.00205  0.00000
  10 2915.37500 3197.68750
 12.39114 -1.26380 -3.64260 -5.52810
 11.21436 -4.03620  4.80230-13.57320
  0.00000  0.00000  0.00000  0.00000
57823.00000
  0.00000
 11.20852 -4.03620  4.80230-13.57320
  0.00000  0.00000  0.00000  0.00000
  1.02297  0.00000
  10 3197.68750 3433.20636
 12.89134 -1.26380 -3.64260 -5.52810
 11.21627 -4.03620  4.80230-13.57320
  0.00000  0.00000  0.00000  0.00000
57823.00000
  0.00000
 11.23534 -4.03620  4.80230-13.57320
  0.00000  0.00000  0.00000  0.00000
  1.01520  0.00000
  10 3433.20636 3615.23987
  7.82487 -6.47610  5.52830 -3.08070
 15.61200 -5.31810  5.52420 -2.55140
  6.74894  1.46720 -2.08340  0.97830
57823.00000
312.00000
 15.83622 -5.31810  5.52420 -2.55140
  6.67866  1.46720 -2.08340  0.97830
  0.97662  0.00000
  10 3615.23987 3876.25000
  8.14776 -6.47610  5.52830 -3.08070
 24.64103-40.46730 51.48320-26.64190
 10.88655-13.78180 17.45750 -9.27770
57823.00000
312.00000
 25.43122-40.46730 51.48320-26.64190
 11.34420-13.78180 17.45750 -9.27770
  1.01047  0.00000
  10 3876.25000 4122.50000
  7.94769 -6.47610  5.52830 -3.08070
 24.62398-40.46730 51.48320-26.64190
 10.94910-13.78180 17.45750 -9.27770
57823.00000
312.00000
 24.42049-40.46730 51.48320-26.64190
 10.83369-13.78180 17.45750 -9.27770
  0.99825  0.00000
  10 4122.50000 4368.75000
  8.06167 -6.47610  5.52830 -3.08070
 25.41206-40.46730 51.48320-26.64190
 11.16681-13.78180 17.45750 -9.27770
57823.00000
312.00000
 25.14814-40.46730 51.48320-26.64190
 11.07381-13.78180 17.45750 -9.27770
  1.02238  0.00000
  10 4368.75000 4615.00000
  7.93005 -6.47610  5.52830 -3.08070
 24.98713-40.46730 51.48320-26.64190
 11.32429-13.78180 17.45750 -9.27770
57823.00000
312.00000
 25.20996-40.46730 51.48320-26.64190
 11.41627-13.78180 17.45750 -9.27770
  0.98607  0.00000
  10 4615.00000 4861.25000
  7.95520 -6.47610  5.52830 -3.08070
 25.32585-40.46730 51.48320-26.64190
 10.96993-13.78180 17.45750 -9.27770
57823.00000
312.00000
 25.08840-40.46730 51.48320-26.64190
 11.29729-13.78180 17.45750 -9.27770
  0.98835  0.00000
  10 4861.25000 5107.50000
  7.79050 -6.47610  5.52830 -3.08070
 25.03932-40.46730 51.48320-26.64190
 11.00011-13.78180 17.45750 -9.27770
57823.00000
312.00000
 25.31292-40.46730 51.48320-26.64190
 11.29365-13.78180 17.45750 -9.27770
  0.97907  0.00000
  10 5107.50000 5353.75000
  7.93271 -6.47610  5.52830 -3.08070
 25.22447-40.46730 51.48320-26.64190
 11.39516-13.78180 17.45750 -9.27770
57823.00000
312.00000
 24.40806-40.46730 51.48320-26.64190
 10.96518-13.78180 17.45750 -9.27770
  0.99643  0.00000
  10 5353.75000 5600.00000
  8.00460 -6.47610  5.52830 -3.08070
 24.97345-40.46730 51.48320-26.64190
 11.11386-13.78180 17.45750 -9.27770
57823.00000
312.00000
 25.25697-40.46730 51.48320-26.64190
 11.13034-13.78180 17.45750 -9.27770
  0.98045  0.00000
   5 5600.00000 5703.78081
  8.04938 -6.47610  5.52830 -3.08070
 29.57209-23.60270  5.52420 -2.55140
 22.41699-17.24730 -2.08340  0.97830
57823.00000
312.00000
 29.52938-23.60270  5.52420 -2.55140
 22.39560-17.24730 -2.08340  0.97830
  1.00669  0.00000
   5 5703.78081 5771.00000
  5.37776 -1.48360  0.00000  0.00000
 19.16602 -9.86720  0.00000  0.00000
  9.83627 -4.93240  0.00000  0.00000
57823.00000
143.00000
 18.85030 -9.86720  0.00000  0.00000
 10.25537 -4.93240  0.00000  0.00000
  1.01515  0.00000
  10 5771.00000 5958.14313
 11.31027 -8.02980  0.00000  0.00000
 39.63655-32.61660  0.00000  0.00000
 21.93532-18.58560  0.00000  0.00000
57823.00000
143.00000
 39.23366-32.61660  0.00000  0.00000
 22.04183-18.58560  0.00000  0.00000
  1.00984  0.00000
  10 5958.14313 6150.61014
  7.30410 -3.80450  0.00000  0.00000
 20.11787-12.25690  0.00000  0.00000
  8.96453 -4.45970  0.00000  0.00000
57823.00000
143.00000
 20.62366-12.25690  0.00000  0.00000
  8.71212 -4.45970  0.00000  0.00000
  1.01331  0.00000
  10 6150.61014 6291.00000
  2.52664  0.69240  0.00000  0.00000
  0.32134  7.21800  0.00000  0.00000
  5.84303 -1.46780  0.00000  0.00000
57823.00000
 80.00000
  3.40285  4.61720  0.00000  0.00000
 -1.24440  5.71760  0.00000  0.00000
  3.36122 -2.47780
   5 6291.00000 6346.60000
  2.70131  0.69240  0.00000  0.00000
  0.68538  7.21800  0.00000  0.00000
  5.62884 -1.46780  0.00000  0.00000
57823.00000
600.00000
  3.95428  4.61720  0.00000  0.00000
 -0.91177  5.71760  0.00000  0.00000
  3.38446 -2.47780
   5 6346.60000 6356.00000
  2.90000  0.00000  0.00000  0.00000
  6.80000  0.00000  0.00000  0.00000
  3.90000  0.00000  0.00000  0.00000
57823.00000
600.00000
  6.80000  0.00000  0.00000  0.00000
  3.90000  0.00000  0.00000  0.00000
  1.00000  0.00000
   5 6356.00000 6368.00000
  2.60000  0.00000  0.00000  0.00000
  5.80000  0.00000  0.00000  0.00000
  3.20000  0.00000  0.00000  0.00000
57823.00000
600.00000
  5.80000  0.00000  0.00000  0.00000
  3.20000  0.00000  0.00000  0.00000
  1.00000  0.00000
   5 6368.00000 6371.00000
  1.02000  0.00000  0.00000  0.00000
  1.45000  0.00000  0.00000  0.00000
  0.00000  0.00000  0.00000  0.00000
57823.00000
  0.00000
  1.45000  0.00000  0.00000  0.00000
  0.00000  0.00000  0.00000  0.00000
  1.00000  0.00000
