ANISOTROPIC_PREM
   1    1.00000  0
    30  40 120 6371.00000
  10    0.00000  305.37500
 12.77904  0.00000 -8.83810  0.00000
 11.03834  0.00000 -6.36400  0.00000
  3.59720  0.00000 -4.44750  0.00000
1327.70000
 84.60000
 10.99193  0.00000 -6.36400  0.00000
  3.58936  0.00000 -4.44750  0.00000
  1.00649  0.00000
  10  305.37500  610.75000
 12.99241  0.00000 -8.83810  0.00000
 11.21395  0.00000 -6.36400  0.00000
  3.74972  0.00000 -4.44750  0.00000
1327.70000
 84.60000
 10.99618  0.00000 -6.36400  0.00000
  3.75296  0.00000 -4.44750  0.00000
  0.98551  0.00000
  10  610.75000  916.12500
 13.34402  0.00000 -8.83810  0.00000
 11.37078  0.00000 -6.36400  0.00000
  3.65877  0.00000 -4.44750  0.00000
1327.70000
 84.60000
 10.99874  0.00000 -6.36400  0.00000
  3.68007  0.00000 -4.44750  0.00000
  1.01264  0.00000
  10  916.12500 1213.59330
 13.06586  0.00000 -8.83810  0.00000
 11.21464  0.00000 -6.36400  0.00000
  3.68169  0.00000 -4.44750  0.00000
1327.70000
 84.60000
 11.12156  0.00000 -6.36400  0.00000
  3.61524  0.00000 -4.44750  0.00000
  0.97833  0.00000
  10 1213.59330 1503.81250
 12.64953 -1.26380 -3.64260 -5.52810
 10.81755 -4.03620  4.80230-13.57320
  0.00000  0.00000  0.00000  0.00000
57823.00000
  0.00000
 11.23362 -4.03620  4.80230-13.57320
  0.00000  0.00000  0.00000  0.00000
  0.98802  0.00000
  10 1503.81250 1786.12500
 12.42139 -1.26380 -3.64260 -5.52810
 11.06682 -4.03620  4.80230-13.57320
  0.00000  0.00000  0.00000  0.00000
57823.00000
  0.00000
 11.06830 -4.03620  4.80230-13.57320
  0.00000  0.00000  0.00000  0.00000
  1.01524  0.00000
  10 1786.12500 2068.43750
 12.64269 -1.26380 -3.64260 -5.52810
 11.12971 -4.03620  4.80230-13.57320
  0.00000  0.00000  0.00000  0.00000
57823.00000
  0.00000
 11.07482 -4.03620  4.80230-13.57320
  0.00000  0.00000  0.00000  0.00000
  0.98467  0.00000
  10 2068.43750 2350.75000
 12.72626 -1.26380 -3.64260 -5.52810
 11.05589 -4.03620  4.80230-13.57320
  0.00000  0.00000  0.00000  0.00000
57823.00000
  0.00000
 11.21391 -4.03620  4.80230-13.57320
  0.00000  0.00000  0.00000  0.00000
  1.00697  0.00000
  10 2350.75000 2633.06250
 12.26001 -1.26380 -3.64260 -5.52810
 11.25749 -4.03620  4.80230-13.57320
  0.00000  0.00000  0.00000  0.00000
57823.00000
  0.00000
 10.87220 -4.03620  4.80230-13.57320
  0.00000  0.00000  0.00000  0.00000
  1.00123  0.00000
  10 2633.06250 2915.37500
 12.66986 -1.26380 -3.64260 -5.52810
 11.08800 -4.03620  4.80230-13.57320
  0.00000  0.00000  0.00000  0.00000
57823.00000
  0.00000
 10.94844 -4.03620  4.80230-13.57320
  0.00000  0.00000  0.00000  0.00000
  1.02124  0.00000
  10 2915.37500 3197.68750
 12.79221 -1.26380 -3.64260 -5.52810
 11.22456 -4.03620  4.80230-13.57320
  0.00000  0.00000  0.00000  0.00000
57823.00000
  0.00000
 11.08609 -4.03620  4.80230-13.57320
  0.00000  0.00000  0.00000  0.00000
  0.98816  0.00000
  10 3197.68750 3468.52195
 12.65924 -1.26380 -3.64260 -5.52810
 10.89827 -4.03620  4.80230-13.57320
  0.00000  0.00000  0.00000  0.00000
57823.00000
  0.00000
 11.24355 -4.03620  4.80230-13.57320
  0.00000  0.00000  0.00000  0.00000
  0.97830  0.00000
  10 3468.52195 3618.17809
  7.91187 -6.47610  5.52830 -3.08070
 14.89497 -5.31810  5.52420 -2.55140
  7.20580  1.46720 -2.08340  0.97830
57823.00000
312.00000
 15.47270 -5.31810  5.52420 -2.55140
  7.01255  1.46720 -2.08340  0.97830
  1.01175  0.00000
  10 3618.17809 3876.25000
  8.19308 -6.47610  5.52830 -3.08070
 25.36798-40.46730 51.48320-26.64190
 11.06419-13.78180 17.45750 -9.27770
57823.00000
312.00000
 24.30060-40.46730 51.48320-26.64190
 11.40429-13.78180 17.45750 -9.27770
  1.01361  0.00000
  10 3876.25000 4122.50000
  7.82180 -6.47610  5.52830 -3.08070
 24.81646-40.46730 51.48320-26.64190
 11.45716-13.78180 17.45750 -9.27770
57823.00000
312.00000
 25.35022-40.46730 51.48320-26.64190
 10.92342-13.78180 17.45750 -9.27770
  1.02039  0.00000
  10 4122.50000 4368.75000
  8.00718 -6.47610  5.52830 -3.08070
 24.51819-40.46730 51.48320-26.64190
 11.25333-13.78180 17.45750 -9.27770
57823.00000
312.00000
 24.60585-40.46730 51.48320-26.64190
 10.83059-13.78180 17.45750 -9.27770
  1.02160  0.00000
  10 4368.75000 4615.00000
  8.24318 -6.47610  5.52830 -3.08070
 25.49388-40.46730 51.48320-26.64190
 10.83415-13.78180 17.45750 -9.27770
57823.00000
312.00000
 25.34126-40.46730 51.48320-26.64190
 10.87142-13.78180 17.45750 -9.27770
  0.97570  0.00000
  10 4615.00000 4861.25000
  7.93170 -6.47610  5.52830 -3.08070
 24.76365-40.46730 51.48320-26.64190
 11.45727-13.78180 17.45750 -9.27770
57823.00000
312.00000
 24.81325-40.46730 51.48320-26.64190
 11.15787-13.78180 17.45750 -9.27770
  0.98672  0.00000
  10 4861.25000 5107.50000
  7.93162 -6.47610  5.52830 -3.08070
 25.25413-40.46730 51.48320-26.64190
 11.29362-13.78180 17.45750 -9.27770
57823.00000
312.00000
 25.38993-40.46730 51.48320-26.64190
 11.23757-13.78180 17.45750 -9.27770
  1.00584  0.00000
  10 5107.50000 5353.75000
  7.86032 -6.47610  5.52830 -3.08070
 25.21612-40.46730 51.48320-26.64190
 11.48962-13.78180 17.45750 -9.27770
57823.00000
312.00000
 25.24081-40.46730 51.48320-26.64190
 11.21175-13.78180 17.45750 -9.27770
  1.02245  0.00000
  10 5353.75000 5600.00000
  7.81520 -6.47610  5.52830 -3.08070
 25.38457-40.46730 51.48320-26.64190
 10.95980-13.78180 17.45750 -9.27770
57823.00000
312.00000
 25.01547-40.46730 51.48320-26.64190
 11.05155-13.78180 17.45750 -9.27770
  1.02251  0.00000
   5 5600.00000 5729.09569
  8.11413 -6.47610  5.52830 -3.08070
 29.41151-23.60270  5.52420 -2.55140
 22.12481-17.24730 -2.08340  0.97830
57823.00000
312.00000
 28.88003-23.60270  5.52420 -2.55140
 22.64360-17.24730 -2.08340  0.97830
  1.00283  0.00000
   5 5729.09569 5771.00000
  5.25581 -1.48360  0.00000  0.00000
 19.35196 -9.86720  0.00000  0.00000
 10.22369 -4.93240  0.00000  0.00000
57823.00000
143.00000
 18.64629 -9.86720  0.00000  0.00000
 10.02810 -4.93240  0.00000  0.00000
  1.02078  0.00000
  10 5771.00000 5982.53936
 11.17733 -8.02980  0.00000  0.00000
 39.41120-32.61660  0.00000  0.00000
 22.55684-18.58560  0.00000  0.00000
57823.00000
143.00000
 38.97184-32.61660  0.00000  0.00000
 22.22597-18.58560  0.00000  0.00000
  1.00708  0.00000
  10 5982.53936 6166.05557
  7.17261 -3.80450  0.00000  0.00000
 19.99080-12.25690  0.00000  0.00000
  8.54104 -4.45970  0.00000  0.00000
57823.00000
143.00000
 19.59720-12.25690  0.00000  0.00000
  8.99756 -4.45970  0.00000  0.00000
  0.99450  0.00000
  10 6166.05557 6291.00000
  2.48957  0.69240  0.00000  0.00000
  1.29962  7.21800  0.00000  0.00000
  6.02776 -1.46780  0.00000  0.00000
57823.00000
 80.00000
  3.11395  4.61720  0.00000  0.00000
 -0.91833  5.71760  0.00000  0.00000
  3.36804 -2.47780
   5 6291.00000 6346.60000
  2.75529  0.69240  0.00000  0.00000
  0.74551  7.21800  0.00000  0.00000
  6.02585 -1.46780  0.00000  0.00000
57823.00000
600.00000
  3.25465  4.61720  0.00000  0.00000
 -0.96746  5.71760  0.00000  0.00000
  3.37345 -2.47780
   5 6346.60000 6356.00000
  2.90000  0.00000  0.00000  0.00000
  6.80000  0.00000  0.00000  0.00000
  3.90000  0.00000  0.00000  0.00000
57823.00000
600.00000
  6.80000  0.00000  0.00000  0.00000
  3.90000  0.00000  0.00000  0.00000
  1.00000  0.00000
   5 6356.00000 6368.00000
  2.60000  0.00000  0.00000  0.00000
  5.80000  0.00000  0.00000  0.00000
  3.20000  0.00000  0.00000  0.00000
57823.00000
600.00000
  5.80000  0.00000  0.00000  0.00000
  3.20000  0.00000  0.00000  0.00000
  1.00000  0.00000
   5 6368.00000 6371.00000
  1.02000  0.00000  0.00000  0.00000
  1.45000  0.00000  0.00000  0.00000
  0.00000  0.00000  0.00000  0.00000
57823.00000
  0.00000
  1.45000  0.00000  0.00000  0.00000
  0.00000  0.00000  0.00000  0.00000
  1.00000  0.00000
