ANISOTROPIC_PREM
   1    1.00000  0
    30  40 120 6371.00000
  10    0.00000  305.37500
 13.07534  0.00000 -8.83810  0.00000
 10.98249  0.00000 -6.36400  0.00000
  3.65552  0.00000 -4.44750  0.00000
1327.70000
 84.60000
 11.24974  0.00000 -6.36400  0.00000
  3.65074  0.00000 -4.44750  0.00000
  0.97569  0.00000
  10  305.37500  610.75000
 13.21210  0.00000 -8.83810  0.00000
 11.41654  0.00000 -6.36400  0.00000
  3.74239  0.00000 -4.44750  0.00000
1327.70000
 84.60000
 11.05689  0.00000 -6.36400  0.00000
  3.75440  0.00000 -4.44750  0.00000
  0.99584  0.00000
  10  610.75000  916.12500
 12.83297  0.00000 -8.83810  0.00000
 11.48361  0.00000 -6.36400  0.00000
  3.68681  0.00000 -4.44750  0.00000
1327.70000
 84.60000
 11.50117  0.00000 -6.36400  0.00000
  3.63542  0.00000 -4.44750  0.00000
  1.02192  0.00000
  10  916.12500 1218.52246
 13.08972  0.00000 -8.83810  0.00000
 11.11774  0.00000 -6.36400  0.00000
  3.71505  0.00000 -4.44750  0.00000
1327.70000
 84.60000
 11.48163  0.00000 -6.36400  0.00000
  3.75326  0.00000 -4.44750  0.00000
  0.99215  0.00000
  10 1218.52246 1503.81250
 12.38660 -1.26380 -3.64260 -5.52810
 10.85392 -4.03620  4.80230-13.57320
  0.00000  0.00000  0.00000  0.00000
57823.00000
  0.00000
 11.04436 -4.03620  4.80230-13.57320
  0.00000  0.00000  0.00000  0.00000
  1.01399  0.00000
  10 1503.81250 1786.12500
 12.70870 -1.26380 -3.64260 -5.52810
 10.90754 -4.03620  4.80230-13.57320
  0.00000  0.00000  0.00000  0.00000
57823.00000
  0.00000
 11.22871 -4.03620  4.80230-13.57320
  0.00000  0.00000  0.00000  0.00000
  0.98374  0.00000
  10 1786.12500 2068.43750
 12.68507 -1.26380 -3.64260 -5.52810
 10.95082 -4.03620  4.80230-13.57320
  0.00000  0.00000  0.00000  0.00000
57823.00000
  0.00000
 11.00843 -4.03620  4.80230-13.57320
  0.00000  0.00000  0.00000  0.00000
  0.99210  0.00000
  10 2068.43750 2350.75000
 12.37250 -1.26380 -3.64260 -5.52810
 11.23371 -4.03620  4.80230-13.57320
  0.00000  0.00000  0.00000  0.00000
57823.00000
  0.00000
 11.13732 -4.03620  4.80230-13.57320
  0.00000  0.00000  0.00000  0.00000
  0.98223  0.00000
  10 2350.75000 2633.06250
 12.75640 -1.26380 -3.64260 -5.52810
 11.06897 -4.03620  4.80230-13.57320
  0.00000  0.00000  0.00000  0.00000
57823.00000
  0.00000
 11.00079 -4.03620  4.80230-13.57320
  0.00000  0.00000  0.00000  0.00000
  1.01084  0.00000
  10 2633.06250 2915.37500
 12.29759 -1.26380 -3.64260 -5.52810
 10.95186 -4.03620  4.80230-13.57320
  0.00000  0.00000  0.00000  0.00000
57823.00000
  0.00000
 11.05131 -4.03620  4.80230-13.57320
  0.00000  0.00000  0.00000  0.00000
  1.00997  0.00000
  10 2915.37500 3197.68750
 12.74346 -1.26380 -3.64260 -5.52810
 10.89104 -4.03620  4.80230-13.57320
  0.00000  0.00000  0.00000  0.00000
57823.00000
  0.00000
 10.91336 -4.03620  4.80230-13.57320
  0.00000  0.00000  0.00000  0.00000
  1.00942  0.00000
  10 3197.68750 3490.46310
 12.58547 -1.26380 -3.64260 -5.52810
 10.96162 -4.03620  4.80230-13.57320
  0.00000  0.00000  0.00000  0.00000
57823.00000
  0.00000
 11.24164 -4.03620  4.80230-13.57320
  0.00000  0.00000  0.00000  0.00000
  0.98767  0.00000
  10 3490.46310 3624.80617
  7.81418 -6.47610  5.52830 -3.08070
 15.54508 -5.31810  5.52420 -2.55140
  7.17819  1.46720 -2.08340  0.97830
57823.00000
312.00000
 15.10721 -5.31810  5.52420 -2.55140
  6.80209  1.46720 -2.08340  0.97830
  1.00962  0.00000
  10 3624.80617 3876.25000
  8.00602 -6.47610  5.52830 -3.08070
 24.71401-40.46730 51.48320-26.64190
 10.98803-13.78180 17.45750 -9.27770
57823.00000
312.00000
 24.41537-40.46730 51.48320-26.64190
 11.30940-13.78180 17.45750 -9.27770
  0.98636  0.00000
  10 3876.25000 4122.50000
  7.98093 -6.47610  5.52830 -3.08070
 24.89552-40.46730 51.48320-26.64190
 11.30961-13.78180 17.45750 -9.27770
57823.00000
312.00000
 24.48086-40.46730 51.48320-26.64190
 11.00284-13.78180 17.45750 -9.27770
  0.99623  0.00000
  10 4122.50000 4368.75000
  8.11689 -6.47610  5.52830 -3.08070
 24.87956-40.46730 51.48320-26.64190
 11.19524-13.78180 17.45750 -9.27770
57823.00000
312.00000
 24.32210-40.46730 51.48320-26.64190
 11.38258-13.78180 17.45750 -9.27770
  0.99360  0.00000
  10 4368.75000 4615.00000
  7.75609 -6.47610  5.52830 -3.08070
 25.36792-40.46730 51.48320-26.64190
 11.47575-13.78180 17.45750 -9.27770
57823.00000
312.00000
 25.22572-40.46730 51.48320-26.64190
 11.02633-13.78180 17.45750 -9.27770
  0.99277  0.00000
  10 4615.00000 4861.25000
  7.62518 -6.47610  5.52830 -3.08070
 24.86087-40.46730 51.48320-26.64190
 11.25111-13.78180 17.45750 -9.27770
57823.00000
312.00000
 25.03180-40.46730 51.48320-26.64190
 11.19691-13.78180 17.45750 -9.27770
  0.97788  0.00000
  10 4861.25000 5107.50000
  8.07296 -6.47610  5.52830 -3.08070
 24.76613-40.46730 51.48320-26.64190
 11.39109-13.78180 17.45750 -9.27770
57823.00000
312.00000
 25.30685-40.46730 51.48320-26.64190
 11.15910-13.78180 17.45750 -9.27770
  1.00658  0.00000
  10 5107.50000 5353.75000
  8.03204 -6.47610  5.52830 -3.08070
 25.15649-40.46730 51.48320-26.64190
 10.84799-13.78180 17.45750 -9.27770
57823.00000
312.00000
 24.96027-40.46730 51.48320-26.64190
 11.39755-13.78180 17.45750 -9.27770
  1.01037  0.00000
  10 5353.75000 5600.00000
  7.96932 -6.47610  5.52830 -3.08070
 24.63769-40.46730 51.48320-26.64190
 11.47669-13.78180 17.45750 -9.27770
57823.00000
312.00000
 25.28132-40.46730 51.48320-26.64190
 11.41282-13.78180 17.45750 -9.27770
  1.00568  0.00000
   5 5600.00000 5677.48392
  7.87437 -6.47610  5.52830 -3.08070
 29.24087-23.60270  5.52420 -2.55140
 22.08861-17.24730 -2.08340  0.97830
57823.00000
312.00000
 29.49015-23.60270  5.52420 -2.55140
 22.15360-17.24730 -2.08340  0.97830
  1.00742  0.00000
   5 5677.48392 5771.00000
  5.34145 -1.48360  0.00000  0.00000
 18.90654 -9.86720  0.00000  0.00000
  9.88530 -4.93240  0.00000  0.00000
57823.00000
143.00000
 19.37944 -9.86720  0.00000  0.00000
 10.03121 -4.93240  0.00000  0.00000
  0.98350  0.00000
  10 5771.00000 5947.39503
 11.33656 -8.02980  0.00000  0.00000
 39.94743-32.61660  0.00000  0.00000
 22.81736-18.58560  0.00000  0.00000
57823.00000
143.00000
 39.52190-32.61660  0.00000  0.00000
 22.76726-18.58560  0.00000  0.00000
  0.98247  0.00000
  10 5947.39503 6170.42835
  6.94267 -3.80450  0.00000  0.00000
 21.05163-12.25690  0.00000  0.00000
  8.48733 -4.45970  0.00000  0.00000
57823.00000
143.00000
 20.65067-12.25690  0.00000  0.00000
  8.89888 -4.45970  0.00000  0.00000
  1.00071  0.00000
  10 6170.42835 6291.00000
  2.94339  0.69240  0.00000  0.00000
  0.76987  7.21800  0.00000  0.00000
  6.07241 -1.46780  0.00000  0.00000
57823.00000
 80.00000
  3.20178  4.61720  0.00000  0.00000
 -0.79920  5.71760  0.00000  0.00000
  3.38651 -2.47780
   5 6291.00000 6346.60000
  2.93395  0.69240  0.00000  0.00000
  1.17265  7.21800  0.00000  0.00000
  6.09673 -1.46780  0.00000  0.00000
57823.00000
600.00000
  3.37244  4.61720  0.00000  0.00000
 -1.23596  5.71760  0.00000  0.00000
  3.35430 -2.47780
   5 6346.60000 6356.00000
  2.90000  0.00000  0.00000  0.00000
  6.80000  0.00000  0.00000  0.00000
  3.90000  0.00000  0.00000  0.00000
57823.00000
600.00000
  6.80000  0.00000  0.00000  0.00000
  3.90000  0.00000  0.00000  0.00000
  1.00000  0.00000
   5 6356.00000 6368.00000
  2.60000  0.00000  0.00000  0.00000
  5.80000  0.00000  0.00000  0.00000
  3.20000  0.00000  0.00000  0.00000
57823.00000
600.00000
  5.80000  0.00000  0.00000  0.00000
  3.20000  0.00000  0.00000  0.00000
  1.00000  0.00000
   5 6368.00000 6371.00000
  1.02000  0.00000  0.00000  0.00000
  1.45000  0.00000  0.00000  0.00000
  0.00000  0.00000  0.00000  0.00000
57823.00000
  0.00000
  1.45000  0.00000  0.00000  0.00000
  0.00000  0.00000  0.00000  0.00000
  1.00000  0.00000
