ANISOTROPIC_PREM
   1    1.00000  0
    30  40 120 6371.00000
  10    0.00000  305.37500
 12.98155  0.00000 -8.83810  0.00000
 11.16424  0.00000 -6.36400  0.00000
  3.68140  0.00000 -4.44750  0.00000
1327.70000
 84.60000
 11.25774  0.00000 -6.36400  0.00000
  3.66495  0.00000 -4.44750  0.00000
  1.00873  0.00000
  10  305.37500  610.75000
 13.26578  0.00000 -8.83810  0.00000
 11.46404  0.00000 -6.36400  0.00000
  3.64028  0.00000 -4.44750  0.00000
1327.70000
 84.60000
 11.39139  0.00000 -6.36400  0.00000
  3.73328  0.00000 -4.44750  0.00000
  1.01499  0.00000
  10  610.75000  916.12500
 13.44889  0.00000 -8.83810  0.00000
 11.29488  0.00000 -6.36400  0.00000
  3.58797  0.00000 -4.44750  0.00000
1327.70000
 84.60000
 11.24468  0.00000 -6.36400  0.00000
  3.72734  0.00000 -4.44750  0.00000
  0.97903  0.00000
  10  916.12500 1204.16900
 13.50044  0.00000 -8.83810  0.00000
 11.36762  0.00000 -6.36400  0.00000
  3.61976  0.00000 -4.44750  0.00000
1327.70000
 84.60000
 11.23860  0.00000 -6.36400  0.00000
  3.69422  0.00000 -4.44750  0.00000
  0.98659  0.00000
  10 1204.16900 1503.81250
 12.80652 -1.26380 -3.64260 -5.52810
 11.02448 -4.03620  4.80230-13.57320
  0.00000  0.00000  0.00000  0.00000
57823.00000
  0.00000
 10.86260 -4.03620  4.80230-13.57320
  0.00000  0.00000  0.00000  0.00000
  0.98538  0.00000
  10 1503.81250 1786.12500
 12.81702 -1.26380 -3.64260 -5.52810
 11.11345 -4.03620  4.80230-13.57320
  0.00000  0.00000  0.00000  0.00000
57823.00000
  0.00000
 10.80187 -4.03620  4.80230-13.57320
  0.00000  0.00000  0.00000  0.00000
  1.02087  0.00000
  10 1786.12500 2068.43750
 12.91859 -1.26380 -3.64260 -5.52810
 10.94489 -4.03620  4.80230-13.57320
  0.00000  0.00000  0.00000  0.00000
57823.00000
  0.00000
 11.17644 -4.03620  4.80230-13.57320
  0.00000  0.00000  0.00000  0.00000
  1.01057  0.00000
  10 2068.43750 2350.75000
 12.62202 -1.26380 -3.64260 -5.52810
 10.81171 -4.03620  4.80230-13.57320
  0.00000  0.00000  0.00000  0.00000
57823.00000
  0.00000
 10.96173 -4.03620  4.80230-13.57320
  0.00000  0.00000  0.00000  0.00000
  1.00269  0.00000
  10 2350.75000 2633.06250
 12.53882 -1.26380 -3.64260 -5.52810
 11.08475 -4.03620  4.80230-13.57320
  0.00000  0.00000  0.00000  0.00000
57823.00000
  0.00000
 11.27618 -4.03620  4.80230-13.57320
  0.00000  0.00000  0.00000  0.00000
  0.99023  0.00000
  10 2633.06250 2915.37500
 12.50117 -1.26380 -3.64260 -5.52810
 10.96309 -4.03620  4.80230-13.57320
  0.00000  0.00000  0.00000  0.00000
57823.00000
  0.00000
 10.92167 -4.03620  4.80230-13.57320
  0.00000  0.00000  0.00000  0.00000
  1.01674  0.00000
  10 2915.37500 3197.68750
 12.47861 -1.26380 -3.64260 -5.52810
 11.05623 -4.03620  4.80230-13.57320
  0.00000  0.00000  0.00000  0.00000
57823.00000
  0.00000
 10.97839 -4.03620  4.80230-13.57320
  0.00000  0.00000  0.00000  0.00000
  0.99677  0.00000
  10 3197.68750 3445.00867
 12.83712 -1.26380 -3.64260 -5.52810
 11.22148 -4.03620  4.80230-13.57320
  0.00000  0.00000  0.00000  0.00000
57823.00000
  0.00000
 11.05862 -4.03620  4.80230-13.57320
  0.00000  0.00000  0.00000  0.00000
  1.02117  0.00000
  10 3445.00867 3629.12290
  7.76121 -6.47610  5.52830 -3.08070
 15.28838 -5.31810  5.52420 -2.55140
  7.27122  1.46720 -2.08340  0.97830
57823.00000
312.00000
 15.73826 -5.31810  5.52420 -2.55140
  7.10509  1.46720 -2.08340  0.97830
  1.01030  0.00000
  10 3629.12290 3876.25000
  7.82851 -6.47610  5.52830 -3.08070
 24.61016-40.46730 51.48320-26.64190
 11.45662-13.78180 17.45750 -9.27770
57823.00000
312.00000
 24.90309-40.46730 51.48320-26.64190
 11.01540-13.78180 17.45750 -9.27770
  0.99890  0.00000
  10 3876.25000 4122.50000
  8.12586 -6.47610  5.52830 -3.08070
 24.78151-40.46730 51.48320-26.64190
 11.23498-13.78180 17.45750 -9.27770
57823.00000
312.00000
 24.45504-40.46730 51.48320-26.64190
 11.36150-13.78180 17.45750 -9.27770
  0.98131  0.00000
  10 4122.50000 4368.75000
  7.85830 -6.47610  5.52830 -3.08070
 25.51183-40.46730 51.48320-26.64190
 10.84027-13.78180 17.45750 -9.27770
57823.00000
312.00000
 24.70894-40.46730 51.48320-26.64190
 11.11659-13.78180 17.45750 -9.27770
  1.02380  0.00000
  10 4368.75000 4615.00000
  8.20055 -6.47610  5.52830 -3.08070
 25.50574-40.46730 51.48320-26.64190
 10.88762-13.78180 17.45750 -9.27770
57823.00000
312.00000
 24.95773-40.46730 51.48320-26.64190
 11.37869-13.78180 17.45750 -9.27770
  0.98299  0.00000
  10 4615.00000 4861.25000
  7.84144 -6.47610  5.52830 -3.08070
 25.37803-40.46730 51.48320-26.64190
 10.87343-13.78180 17.45750 -9.27770
57823.00000
312.00000
 25.16710-40.46730 51.48320-26.64190
 11.06813-13.78180 17.45750 -9.27770
  0.98513  0.00000
  10 4861.25000 5107.50000
  7.97265 -6.47610  5.52830 -3.08070
 25.45819-40.46730 51.48320-26.64190
 11.13511-13.78180 17.45750 -9.27770
57823.00000
312.00000
 25.27743-40.46730 51.48320-26.64190
 10.97735-13.78180 17.45750 -9.27770
  0.99656  0.00000
  10 5107.50000 5353.75000
  7.87002 -6.47610  5.52830 -3.08070
 24.63400-40.46730 51.48320-26.64190
 11.08632-13.78180 17.45750 -9.27770
57823.00000
312.00000
 24.51998-40.46730 51.48320-26.64190
 11.34044-13.78180 17.45750 -9.27770
  0.99521  0.00000
  10 5353.75000 5600.00000
  8.14207 -6.47610  5.52830 -3.08070
 24.48647-40.46730 51.48320-26.64190
 11.46784-13.78180 17.45750 -9.27770
57823.00000
312.00000
 24.41360-40.46730 51.48320-26.64190
 11.04603-13.78180 17.45750 -9.27770
  0.98234  0.00000
   5 5600.00000 5671.62186
  7.89762 -6.47610  5.52830 -3.08070
 28.97913-23.60270  5.52420 -2.55140
 22.14361-17.24730 -2.08340  0.97830
57823.00000
312.00000
 29.29742-23.60270  5.52420 -2.55140
 22.48801-17.24730 -2.08340  0.97830
  1.01147  0.00000
   5 5671.62186 5771.00000
  5.29324 -1.48360  0.00000  0.00000
 18.90614 -9.86720  0.00000  0.00000
 10.24597 -4.93240  0.00000  0.00000
57823.00000
143.00000
 19.41226 -9.86720  0.00000  0.00000
 10.11941 -4.93240  0.00000  0.00000
  0.98444  0.00000
  10 5771.00000 5941.18108
 11.25886 -8.02980  0.00000  0.00000
 39.07527-32.61660  0.00000  0.00000
 22.63067-18.58560  0.00000  0.00000
57823.00000
143.00000
 38.76207-32.61660  0.00000  0.00000
 22.06010-18.58560  0.00000  0.00000
  1.00719  0.00000
  10 5941.18108 6169.04775
  7.41520 -3.80450  0.00000  0.00000
 20.57963-12.25690  0.00000  0.00000
  9.25483 -4.45970  0.00000  0.00000
57823.00000
143.00000
 20.69380-12.25690  0.00000  0.00000
  8.68047 -4.45970  0.00000  0.00000
  1.01272  0.00000
  10 6169.04775 6291.00000
  2.30236  0.69240  0.00000  0.00000
  0.72956  7.21800  0.00000  0.00000
  5.94622 -1.46780  0.00000  0.00000
57823.00000
 80.00000
  3.81775  4.61720  0.00000  0.00000
 -1.28707  5.71760  0.00000  0.00000
  3.35497 -2.47780
   5 6291.00000 6346.60000
  2.64915  0.69240  0.00000  0.00000
  1.21087  7.21800  0.00000  0.00000
  5.96963 -1.46780  0.00000  0.00000
57823.00000
600.00000
  3.52860  4.61720  0.00000  0.00000
 -1.32986  5.71760  0.00000  0.00000
  3.37330 -2.47780
   5 6346.60000 6356.00000
  2.90000  0.00000  0.00000  0.00000
  6.80000  0.00000  0.00000  0.00000
  3.90000  0.00000  0.00000  0.00000
57823.00000
600.00000
  6.80000  0.00000  0.00000  0.00000
  3.90000  0.00000  0.00000  0.00000
  1.00000  0.00000
   5 6356.00000 6368.00000
  2.60000  0.00000  0.00000  0.00000
  5.80000  0.00000  0.00000  0.00000
  3.20000  0.00000  0.00000  0.00000
57823.00000
600.00000
  5.80000  0.00000  0.00000  0.00000
  3.20000  0.00000  0.00000  0.00000
  1.00000  0.00000
   5 6368.00000 6371.00000
  1.02000  0.00000  0.00000  0.00000
  1.45000  0.00000  0.00000  0.00000
  0.00000  0.00000  0.00000  0.00000
57823.00000
  0.00000
  1.45000  0.00000  0.00000  0.00000
  0.00000  0.00000  0.00000  0.00000
  1.00000  0.00000
