ANISOTROPIC_PREM
   1    1.00000  0
    30  40 120 6371.00000
  10    0.00000  305.37500
 12.88419  0.00000 -8.83810  0.00000
 11.11895  0.00000 -6.36400  0.00000
  3.58937  0.00000 -4.44750  0.00000
1327.70000
 84.60000
 11.53998  0.00000 -6.36400  0.00000
  3.72507  0.00000 -4.44750  0.00000
  1.00060  0.00000
  10  305.37500  610.75000
 12.98090  0.00000 -8.83810  0.00000
 11.49297  0.00000 -6.36400  0.00000
  3.65288  0.00000 -4.44750  0.00000
1327.70000
 84.60000
 11.45000  0.00000 -6.36400  0.00000
  3.62840  0.00000 -4.44750  0.00000
  1.00587  0.00000
  10  610.75000  916.12500
 13.12721  0.00000 -8.83810  0.00000
 11.00725  0.00000 -6.36400  0.00000
  3.58234  0.00000 -4.44750  0.00000
1327.70000
 84.60000
 11.37370  0.00000 -6.36400  0.00000
  3.67282  0.00000 -4.44750  0.00000
  0.99662  0.00000
  10  916.12500 1235.28108
 12.92475  0.00000 -8.83810  0.00000
 11.51199  0.00000 -6.36400  0.00000
  3.63081  0.00000 -4.44750  0.00000
1327.70000
 84.60000
 11.49398  0.00000 -6.36400  0.00000
  3.63936  0.00000 -4.44750  0.00000
  1.01739  0.00000
  10 1235.28108 1503.81250
 12.74399 -1.26380 -3.64260 -5.52810
 11.07767 -4.03620  4.80230-13.57320
  0.00000  0.00000  0.00000  0.00000
57823.00000
  0.00000
 10.81230 -4.03620  4.80230-13.57320
  0.00000  0.00000  0.00000  0.00000
  0.99770  0.00000
  10 1503.81250 1786.12500
 12.39895 -1.26380 -3.64260 -5.52810
 10.98631 -4.03620  4.80230-13.57320
  0.00000  0.00000  0.00000  0.00000
57823.00000
  0.00000
 10.83187 -4.03620  4.80230-13.57320
  0.00000  0.00000  0.00000  0.00000
  0.97577  0.00000
  10 1786.12500 2068.43750
 12.54254 -1.26380 -3.64260 -5.52810
 11.29354 -4.03620  4.80230-13.57320
  0.00000  0.00000  0.00000  0.00000
57823.00000
  0.00000
 11.03584 -4.03620  4.80230-13.57320
  0.00000  0.00000  0.00000  0.00000
  1.01865  0.00000
  10 2068.43750 2350.75000
 12.41649 -1.26380 -3.64260 -5.52810
 10.83538 -4.03620  4.80230-13.57320
  0.00000  0.00000  0.00000  0.00000
57823.00000
  0.00000
 10.97585 -4.03620  4.80230-13.57320
  0.00000  0.00000  0.00000  0.00000
  1.00781  0.00000
  10 2350.75000 2633.06250
 12.78330 -1.26380 -3.64260 -5.52810
 11.05655 -4.03620  4.80230-13.57320
  0.00000  0.00000  0.00000  0.00000
57823.00000
  0.00000
 11.25404 -4.03620  4.80230-13.57320
  0.00000  0.00000  0.00000  0.00000
  1.01615  0.00000
  10 2633.06250 2915.37500
 12.76095 -1.26380 -3.64260 -5.52810
 10.83579 -4.03620  4.80230-13.57320
  0.00000  0.00000  0.00000  0.00000
57823.00000
  0.00000
 11.04396 -4.03620  4.80230-13.57320
  0.00000  0.00000  0.00000  0.00000
  1.02259  0.00000
  10 2915.37500 3197.68750
 12.60494 -1.26380 -3.64260 -5.52810
 11.07973 -4.03620  4.80230-13.57320
  0.00000  0.00000  0.00000  0.00000
57823.00000
  0.00000
 11.06598 -4.03620  4.80230-13.57320
  0.00000  0.00000  0.00000  0.00000
  0.97755  0.00000
  10 3197.68750 3467.15984
 12.51077 -1.26380 -3.64260 -5.52810
 10.91611 -4.03620  4.80230-13.57320
  0.00000  0.00000  0.00000  0.00000
57823.00000
  0.00000
 11.21271 -4.03620  4.80230-13.57320
  0.00000  0.00000  0.00000  0.00000
  0.98675  0.00000
  10 3467.15984 3635.33896
  8.11526 -6.47610  5.52830 -3.08070
 15.56849 -5.31810  5.52420 -2.55140
  6.85218  1.46720 -2.08340  0.97830
57823.00000
312.00000
 15.31600 -5.31810  5.52420 -2.55140
  7.10828  1.46720 -2.08340  0.97830
  0.97817  0.00000
  10 3635.33896 3876.25000
  7.89140 -6.47610  5.52830 -3.08070
 25.60282-40.46730 51.48320-26.64190
 11.38121-13.78180 17.45750 -9.27770
57823.00000
312.00000
 25.46223-40.46730 51.48320-26.64190
 11.35646-13.78180 17.45750 -9.27770
  0.99608  0.00000
  10 3876.25000 4122.50000
  8.13548 -6.47610  5.52830 -3.08070
 25.44860-40.46730 51.48320-26.64190
 10.94819-13.78180 17.45750 -9.27770
57823.00000
312.00000
 24.62559-40.46730 51.48320-26.64190
 11.14543-13.78180 17.45750 -9.27770
  1.01819  0.00000
  10 4122.50000 4368.75000
  7.97202 -6.47610  5.52830 -3.08070
 24.88956-40.46730 51.48320-26.64190
 11.35427-13.78180 17.45750 -9.27770
57823.00000
312.00000
 24.65878-40.46730 51.48320-26.64190
 10.96493-13.78180 17.45750 -9.27770
  0.97908  0.00000
  10 4368.75000 4615.00000
  7.99134 -6.47610  5.52830 -3.08070
 25.21623-40.46730 51.48320-26.64190
 11.02289-13.78180 17.45750 -9.27770
57823.00000
312.00000
 24.73444-40.46730 51.48320-26.64190
 10.85179-13.78180 17.45750 -9.27770
  0.99866  0.00000
  10 4615.00000 4861.25000
  7.74519 -6.47610  5.52830 -3.08070
 25.29530-40.46730 51.48320-26.64190
 10.97581-13.78180 17.45750 -9.27770
57823.00000
312.00000
 25.01085-40.46730 51.48320-26.64190
 11.04671-13.78180 17.45750 -9.27770
  0.98128  0.00000
  10 4861.25000 5107.50000
  8.04771 -6.47610  5.52830 -3.08070
 24.94579-40.46730 51.48320-26.64190
 10.84680-13.78180 17.45750 -9.27770
57823.00000
312.00000
 24.61486-40.46730 51.48320-26.64190
 10.86032-13.78180 17.45750 -9.27770
  1.01364  0.00000
  10 5107.50000 5353.75000
  7.90851 -6.47610  5.52830 -3.08070
 24.98535-40.46730 51.48320-26.64190
 11.10138-13.78180 17.45750 -9.27770
57823.00000
312.00000
 25.15235-40.46730 51.48320-26.64190
 11.29282-13.78180 17.45750 -9.27770
  1.01707  0.00000
  10 5353.75000 5600.00000
  7.85564 -6.47610  5.52830 -3.08070
 24.55791-40.46730 51.48320-26.64190
 11.09186-13.78180 17.45750 -9.27770
57823.00000
312.00000
 24.54889-40.46730 51.48320-26.64190
 11.27487-13.78180 17.45750 -9.27770
  0.97716  0.00000
   5 5600.00000 5699.11995
  7.94906 -6.47610  5.52830 -3.08070
 29.13413-23.60270  5.52420 -2.55140
 22.44299-17.24730 -2.08340  0.97830
57823.00000
312.00000
 28.83382-23.60270  5.52420 -2.55140
 22.30354-17.24730 -2.08340  0.97830
  0.99932  0.00000
   5 5699.11995 5771.00000
  5.28733 -1.48360  0.00000  0.00000
 18.73034 -9.86720  0.00000  0.00000
  9.74606 -4.93240  0.00000  0.00000
57823.00000
143.00000
 19.47374 -9.86720  0.00000  0.00000
 10.13234 -4.93240  0.00000  0.00000
  0.98697  0.00000
  10 5771.00000 5976.95619
 11.25692 -8.02980  0.00000  0.00000
 40.14042-32.61660  0.00000  0.00000
 21.98823-18.58560  0.00000  0.00000
57823.00000
143.00000
 39.19469-32.61660  0.00000  0.00000
 22.38882-18.58560  0.00000  0.00000
  1.02262  0.00000
  10 5976.95619 6164.99880
  7.46394 -3.80450  0.00000  0.00000
 20.35246-12.25690  0.00000  0.00000
  8.49451 -4.45970  0.00000  0.00000
57823.00000
143.00000
 20.19352-12.25690  0.00000  0.00000
  8.51643 -4.45970  0.00000  0.00000
  1.02219  0.00000
  10 6164.99880 6291.00000
  2.43333  0.69240  0.00000  0.00000
  0.77128  7.21800  0.00000  0.00000
  5.60186 -1.46780  0.00000  0.00000
57823.00000
 80.00000
  3.67772  4.61720  0.00000  0.00000
 -1.33036  5.71760  0.00000  0.00000
  3.37411 -2.47780
   5 6291.00000 6346.60000
  2.64143  0.69240  0.00000  0.00000
  1.29435  7.21800  0.00000  0.00000
  5.95844 -1.46780  0.00000  0.00000
57823.00000
600.00000
  3.62242  4.61720  0.00000  0.00000
 -1.29484  5.71760  0.00000  0.00000
  3.39027 -2.47780
   5 6346.60000 6356.00000
  2.90000  0.00000  0.00000  0.00000
  6.80000  0.00000  0.00000  0.00000
  3.90000  0.00000  0.00000  0.00000
57823.00000
600.00000
  6.80000  0.00000  0.00000  0.00000
  3.90000  0.00000  0.00000  0.00000
  1.00000  0.00000
   5 6356.00000 6368.00000
  2.60000  0.00000  0.00000  0.00000
  5.80000  0.00000  0.00000  0.00000
  3.20000  0.00000  0.00000  0.00000
57823.00000
600.00000
  5.80000  0.00000  0.00000  0.00000
  3.20000  0.00000  0.00000  0.00000
  1.00000  0.00000
   5 6368.00000 6371.00000
  1.02000  0.00000  0.00000  0.00000
  1.45000  0.00000  0.00000  0.00000
  0.00000  0.00000  0.00000  0.00000
57823.00000
  0.00000
  1.45000  0.00000  0.00000  0.00000
  0.00000  0.00000  0.00000  0.00000
  1.00000  0.00000
