    0 t    2    6.116527       0.3819948        2617.837        9.258095        253.6911       0.1785845E-08
    0 t    3    6.759970       0.5910515        1691.900        7.701068        244.1987       0.5951412E-11
    0 t    4    6.875916       0.7729574        1293.732        6.900799        233.2379       0.2678437E-09
    0 t    5    6.829741       0.9383815        1065.665        6.354495        222.0427       0.5943549E-09
    0 t    6    6.726206        1.092185        915.5962        5.960605        211.4718       0.9231039E-09
    0 t    7    6.605075        1.237518        808.0690        5.669878        201.9110       0.1267279E-08
    0 t    8    6.482605        1.376515        726.4721        5.448680        193.4407       0.1175256E-08
    0 t    9    6.365274        1.510613        661.9829        5.274538        186.0048       0.1105051E-08
    0 t   10    6.255368        1.640796        609.4601        5.133291        179.5031       0.1003319E-08
    0 t   11    6.153402        1.767769        565.6846        5.016174        173.8278       0.1592725E-08
    0 t   12    6.059161        1.892060        528.5243        4.917623        168.8768       0.2251924E-08
    0 t   13    5.972157        2.014084        496.5037        4.833913        164.5573       0.1686576E-08
    0 t   14    5.891821        2.134175        468.5651        4.762383        160.7863       0.1936526E-08
    0 t   15    5.817579        2.252613        443.9290        4.701020        157.4908       0.1900276E-08
    0 t   16    5.748889        2.369629        422.0069        4.648235        154.6073       0.1886187E-08
    0 t   17    5.685251        2.485423        402.3461        4.602736        152.0802       0.1547073E-08
    0 t   18    5.626210        2.600161        384.5916        4.563454        149.8620       0.1364560E-08
    0 t   19    5.571354        2.713988        368.4615        4.529492        147.9115       0.1485101E-08
    0 t   20    5.520309        2.827026        353.7286        4.500098        146.1934       0.1145183E-08
    0 t   21    5.472742        2.939382        340.2076        4.474631        144.6772       0.6607195E-09
    0 t   22    5.428351        3.051146        327.7457        4.452550        143.3371       0.4041595E-10
    0 t   23    5.386863        3.162397        316.2159        4.433392        142.1505       0.4427517E-10
    0 t   24    5.348035        3.273202        305.5112        4.416764        141.0982       0.4814024E-10
    1 t    1    32.46477        1.216511        822.0227        2.659146        268.7536       0.6163611E-10
    1 t    2    20.86368        1.302997        767.4614        4.215329        264.3349       0.7150191E-10
    1 t    3    16.29758        1.424963        701.7726        5.482981        260.1830       0.6931739E-10
    1 t    4    14.00505        1.574380        635.1705        6.404406        256.8338       0.1732853E-09
    1 t    5    12.68147        1.742387        573.9253        6.972718        253.8609       0.1776435E-09
    1 t    6    11.82814        1.920623        520.6643        7.233149        250.6297       0.2086356E-09
    1 t    7    11.22088        2.102330        475.6627        7.264595        246.8241       0.4124186E-09
    1 t    8    10.75115        2.282897        438.0399        7.156199        242.5391       0.5320221E-09
    1 t    9    10.36508        2.459851        406.5286        6.986591        238.0943       0.5136986E-09
    1 t   10    10.03572        2.632390        379.8829        6.809257        233.7866       0.4988558E-09
    1 t   11    9.748895        2.800695        357.0543        6.649945        229.7593       0.4804008E-09
    1 t   12    9.496180        2.965319        337.2318        6.514701        226.0151       0.3296569E-09
    1 t   13    9.271688        3.126836        319.8121        6.400220        222.4874       0.8763146E-10
    1 t   14    9.070818        3.285693        304.3498        6.300858        219.0998       0.1775106E-10
    1 t   15    8.889809        3.442205        290.5115        6.211744        215.7939       0.1704088E-09
    1 t   16    8.725564        3.596582        278.0418        6.129562        212.5355       0.3344706E-09
    1 t   17    8.575544        3.748972        266.7398        6.052369        209.3113       0.6094153E-09
    1 t   18    8.437682        3.899486        256.4440        5.979174        206.1222       0.1010418E-08
    1 t   19    8.310300        4.048218        247.0223        5.909558        202.9773       0.7851567E-09
    1 t   20    8.192036        4.195254        238.3646        5.843396        199.8894       0.4989714E-09
    1 t   21    8.081778        4.340681        230.3786        5.780685        196.8716       0.9413040E-09
    1 t   22    7.978613        4.484587        222.9860        5.721443        193.9360       0.4703563E-09
    1 t   23    7.881782        4.627056        216.1201        5.665656        191.0925       0.7779127E-09
    1 t   24    7.790650        4.768176        209.7238        5.613265        188.3486       0.5895854E-09
    2 t    1    58.27605        2.183705        457.9374        1.353474        215.1129      -0.1499009E-09
    2 t    2    35.68555        2.228666        448.6989        2.237014        215.4233      -0.1309733E-09
    2 t    3    26.25328        2.295430        435.6482        3.095152        216.0253      -0.1082739E-09
    2 t    4    21.20065        2.383275        419.5907        3.921085        217.0380      -0.8146618E-10
    2 t    5    18.13220        2.491299        401.3971        4.706580        218.5519      -0.5884806E-10
    2 t    6    16.12488        2.618317        381.9247        5.436137        220.5716      -0.2973226E-10
    2 t    7    14.74503        2.762608        361.9768        6.081818        222.9518      -0.2526195E-10
    2 t    8    13.75912        2.921608        342.2772        6.605692        225.3752       0.3202234E-09
    2 t    9    13.02800        3.091818        323.4343        6.973996        227.4395       0.3877479E-09
    2 t   10    12.46327        3.269144        305.8905        7.175413        228.8440       0.4103427E-09
    2 t   11    12.00764        3.449593        289.8892        7.229558        229.5422       0.2623334E-09
    2 t   12    11.62475        3.629996        275.4824        7.180195        229.7401      -0.1778142E-10
    2 t   13    11.29268        3.808408        262.5769        7.078493        229.7557      -0.1278040E-10
    2 t   14    10.99884        3.984075        250.9993        6.966430        229.8585       0.4218874E-09
    2 t   15    10.73606        4.157086        240.5531        6.868771        230.1882       0.9046752E-09
    2 t   16    10.49989        4.327942        231.0567        6.794645        230.7649       0.6993776E-09
    2 t   17    10.28716        4.497238        222.3587        6.743580        231.5376       0.3348661E-09
    2 t   18    10.09518        4.665499        214.3393        6.711010        232.4275       0.3597484E-09
    2 t   19    9.921571        4.833120        206.9057        6.691549        233.3536       0.5889056E-09
    2 t   20    9.764172        5.000366        199.9854        6.680401        234.2434       0.4469085E-09
    2 t   21    9.621012        5.167396        193.5211        6.673736        235.0362       0.5150529E-09
    2 t   22    9.490325        5.334284        187.4666        6.668646        235.6823       0.5474233E-09
    2 t   23    9.370537        5.501041        181.7838        6.662964        236.1427      -0.5692437E-10
    2 t   24    9.260255        5.667631        176.4406        6.655095        236.3867      -0.2349021E-10
    3 t    1    83.98064        3.146900        317.7730       0.9040754        205.5163      -0.4494818E-10
    3 t    2    50.87045        3.177006        314.7617        1.501323        206.3276      -0.4456117E-10
    3 t    3    36.85027        3.221968        310.3693        2.091191        207.5515      -0.4408398E-10
    3 t    4    29.19161        3.281580        304.7312        2.672303        209.1976      -0.4362592E-10
    3 t    5    24.42292        3.355620        298.0075        3.244652        211.2808      -0.4331102E-10
    3 t    6    21.20911        3.443882        290.3700        3.809612        213.8211      -0.5605794E-10
    3 t    7    18.92737        3.546207        281.9914        4.369403        216.8407      -0.5078791E-10
    3 t    8    17.24824        3.662489        273.0384        4.925599        220.3524      -0.5386305E-10
    3 t    9    15.98098        3.792622        263.6698        5.476190        224.3334      -0.5369707E-10
    3 t   10    15.00699        3.936365        254.0415        6.011439        228.6831      -0.5347889E-10
    3 t   11    14.24760        4.093097        244.3138        6.510687        233.1800      -0.5621279E-10
    3 t   12    13.64728        4.261559        234.6559        6.944293        237.4800       0.5839430E-09
    3 t   13    13.16467        4.439727        225.2391        7.282900        241.1917       0.2683645E-09
    3 t   14    12.76818        4.624977        216.2173        7.509428        244.0000       0.1116961E-09
    3 t   15    12.43385        4.814485        207.7065        7.625411        245.7542       0.4829873E-09
    3 t   16    12.14414        5.005682        199.7730        7.648355        246.4710       0.4902082E-09
    3 t   17    11.88679        5.196552        192.4353        7.603683        246.2775       0.1004864E-09
    3 t   18    11.65360        5.385727        185.6760        7.516495        245.3442      -0.6138568E-10
    3 t   19    11.43919        5.572402        179.4558        7.406400        243.8402      -0.5419314E-10
    3 t   20    11.24004        5.756179        173.7263        7.286175        241.9147      -0.5080758E-10
    3 t   21    11.05374        5.936905        168.4379        7.163107        239.6993       0.1981100E-09
    3 t   22    10.87854        6.114565        163.5439        7.041278        237.3144       0.3922367E-09
    3 t   23    10.71314        6.289226        159.0021        6.923468        234.8748       0.6660647E-09
    3 t   24    10.55656        6.461019        154.7743        6.812160        232.4875       0.1938804E-09
    4 t    1    111.1788        4.166063        240.0348       0.7022678        222.2389      -0.2611726E-09
    4 t    2    67.08209        4.189471        238.6936        1.168586        222.6795      -0.2560791E-09
    4 t    3    48.31656        4.224513        236.7137        1.632269        223.3275      -0.2535203E-09
    4 t    4    37.99410        4.271114        234.1310        2.092554        224.1674      -0.2504646E-09
    4 t    5    31.50871        4.329182        230.9905        2.548928        225.1792      -0.2401028E-09
    4 t    6    27.08882        4.398615        227.3443        3.001132        226.3377      -0.2520302E-09
    4 t    7    23.90766        4.479308        223.2488        3.449115        227.6132      -0.2457203E-09
    4 t    8    21.52754        4.571154        218.7631        3.892916        228.9711      -0.2282249E-09
    4 t    9    19.69505        4.674050        213.9472        4.332428        230.3715      -0.2174284E-09
    4 t   10    18.25330        4.787879        208.8607        4.766981        231.7681      -0.2052993E-09
    4 t   11    17.09984        4.912499        203.5624        5.194674        233.1071      -0.1994542E-09
    4 t   12    16.16480        5.047691        198.1104        5.611378        234.3247      -0.1757012E-09
    4 t   13    15.39855        5.193095        192.5634        6.009503        235.3454      -0.1322510E-09
    4 t   14    14.76452        5.348104        186.9822        6.376970        236.0816      -0.1137722E-09
    4 t   15    14.23461        5.511753        181.4305        6.697376        236.4429      -0.1091834E-09
    4 t   16    13.78649        5.682639        175.9746        6.952650        236.3592       0.5889288E-09
    4 t   17    13.40197        5.858942        170.6793        7.128732        235.8213       0.5903147E-09
    4 t   18    13.06631        6.038612        165.6010        7.222598        234.9234       0.9508890E-10
    4 t   19    12.76802        6.219716        160.7791        7.246513        233.8716      -0.1378513E-09
    4 t   20    12.49878        6.400796        156.2306        7.225432        232.9311       0.2018533E-09
    4 t   21    12.25312        6.581087        151.9506        7.187803        232.3311       0.1867529E-09
    4 t   22    12.02768        6.760470        147.9187        7.155455        232.1844       0.1814389E-09
    4 t   23    11.82036        6.939227        144.1083        7.138569        232.4685      -0.1693147E-09
    4 t   24    11.62960        7.117759        140.4937        7.136750        233.0587      -0.1769776E-09
