    0 t    2    6.061669       0.3785687        2641.528        9.149398        244.2081       0.7364798E-09
    0 t    3    6.686618       0.5846381        1710.460        7.569241        233.8695       0.6617924E-09
    0 t    4    6.786844       0.7629444        1310.711        6.745806        222.1948       0.7285716E-09
    0 t    5    6.727200       0.9242928        1081.908        6.185152        210.5473       0.5008027E-09
    0 t    6    6.612885        1.073784        931.2862        5.786484        199.7926       0.7533839E-09
    0 t    7    6.483743        1.214785        823.1907        5.498542        190.2626       0.9359143E-09
    0 t    8    6.355811        1.349592        740.9647        5.285535        181.9757       0.8943918E-09
    0 t    9    6.235245        1.479755        675.7878        5.123420        174.8253       0.9706262E-09
    0 t   10    6.124006        1.606340        622.5332        4.996952        168.6727       0.1055894E-08
    0 t   11    6.022315        1.730110        577.9978        4.896564        163.3821       0.1229113E-08
    0 t   12    5.929702        1.851635        540.0632        4.816051        158.8304       0.1390181E-08
    0 t   13    5.845455        1.971354        507.2656        4.751143        154.9099       0.1550235E-08
    0 t   14    5.768806        2.089616        478.5569        4.698720        151.5270       0.1773927E-08
    0 t   15    5.699009        2.206701        453.1651        4.656391        148.6020       0.1912781E-08
    0 t   16    5.635371        2.322839        430.5078        4.622264        146.0667       0.1925390E-08
    0 t   17    5.577260        2.438212        410.1366        4.594819        143.8635       0.2128948E-08
    0 t   18    5.524105        2.552973        391.7002        4.572826        141.9440       0.1961678E-08
    0 t   19    5.475397        2.667244        374.9188        4.555280        140.2673       0.1914776E-08
    0 t   20    5.430681        2.781126        359.5666        4.541364        138.7989       0.1810172E-08
    0 t   21    5.389552        2.894701        345.4589        4.530409        137.5098       0.1639334E-08
    0 t   22    5.351652        3.008035        332.4429        4.521872        136.3757       0.1392191E-08
    0 t   23    5.316660        3.121183        320.3913        4.515307        135.3758       0.1055627E-08
    0 t   24    5.284293        3.234190        309.1964        4.510349        134.4925       0.1122262E-08
    1 t    1    33.08921        1.239910        806.5100        2.618720        262.0816       0.2338517E-10
    1 t    2    21.21970        1.325232        754.5850        4.164572        257.4804      -0.3391040E-11
    1 t    3    16.53700        1.445896        691.6125        5.429317        253.0048       0.1818963E-11
    1 t    4    14.17852        1.593881        627.3995        6.340539        249.1152       0.5145337E-10
    1 t    5    12.80954        1.759984        568.1868        6.880290        245.3522       0.4245394E-09
    1 t    6    11.91890        1.935361        516.6995        7.093804        241.1956       0.4839761E-09
    1 t    7    11.27742        2.112922        473.2782        7.072130        236.6065       0.3967066E-09
    1 t    8    10.77579        2.288129        437.0384        6.922551        231.9855       0.3026897E-09
    1 t    9    10.36141        2.458981        406.6725        6.735942        227.7919       0.1783958E-09
    1 t   10    10.00869        2.625302        380.9086        6.565407        224.2353       0.1248866E-09
    1 t   11    9.703895        2.787767        358.7101        6.427933        221.2499       0.2024747E-09
    1 t   12    9.438097        2.947182        339.3072        6.319903        218.6308       0.5245920E-09
    1 t   13    9.204451        3.104161        322.1483        6.231128        216.1581       0.7531979E-09
    1 t   14    8.997289        3.259059        306.8371        6.152003        213.6571       0.1057323E-08
    1 t   15    8.811872        3.412027        293.0809        6.075701        211.0122       0.9532812E-09
    1 t   16    8.644283        3.563079        280.6562        5.998150        208.1611       0.9822724E-09
    1 t   17    8.491329        3.712156        269.3852        5.917402        205.0847       0.7659315E-09
    1 t   18    8.350447        3.859171        259.1230        5.832965        201.7961       0.4941918E-09
    1 t   19    8.219598        4.004034        249.7481        5.745287        198.3312       0.2643751E-10
    1 t   20    8.097180        4.146677        241.1570        5.655372        194.7400       0.2336780E-09
    1 t   21    7.981940        4.287059        233.2602        5.564503        191.0796       0.4481957E-09
    1 t   22    7.872910        4.425174        225.9798        5.474046        187.4078       0.7216214E-09
    1 t   23    7.769343        4.561048        219.2478        5.385309        183.7785       0.5428068E-09
    1 t   24    7.670664        4.694740        213.0043        5.299450        180.2385       0.8837212E-09
    2 t    1    58.37020        2.187233        457.1987        1.324821        209.7332      -0.1423049E-09
    2 t    2    35.72874        2.231363        448.1566        2.201527        210.7564      -0.1238646E-09
    2 t    3    26.27511        2.297339        435.2862        3.071058        212.4641      -0.1003305E-09
    2 t    4    21.21579        2.384977        419.2913        3.932931        215.0108      -0.7885537E-10
    2 t    5    18.15214        2.494038        400.9561        4.782109        218.4984      -0.6281201E-10
    2 t    6    16.15987        2.623999        381.0977        5.598753        222.8521      -0.5170352E-10
    2 t    7    14.80341        2.773548        360.5490        6.339002        227.6722       0.4011680E-10
    2 t    8    13.84575        2.940005        340.1355        6.939951        232.1995       0.4574970E-10
    2 t    9    13.14305        3.119122        320.6031        7.343838        235.5363       0.1938326E-09
    2 t   10    12.60210        3.305557        302.5209        7.524408        237.0291       0.6148573E-09
    2 t   11    12.16166        3.493841        286.2179        7.497969        236.5390       0.8235438E-09
    2 t   12    11.78303        3.679421        271.7819        7.319902        234.4732       0.6626336E-09
    2 t   13    11.44407        3.859461        259.1036        7.068356        231.5796       0.4536057E-09
    2 t   14    11.13412        4.033075        247.9498        6.816095        228.5970       0.3337596E-09
    2 t   15    10.84913        4.200868        238.0460        6.607347        225.9926       0.4647854E-09
    2 t   16    10.58774        4.364150        229.1397        6.455580        223.9377       0.4071888E-09
    2 t   17    10.34907        4.524307        221.0283        6.355634        222.4252       0.2829461E-09
    2 t   18    10.13194        4.682492        213.5615        6.295857        221.3806      -0.3500512E-10
    2 t   19    9.934794        4.839561        206.6303        6.264625        220.7204      -0.3925144E-10
    2 t   20    9.755853        4.996106        200.1559        6.252526        220.3698      -0.2588713E-10
    2 t   21    9.593299        5.152512        194.0801        6.252533        220.2645       0.3382525E-09
    2 t   22    9.445367        5.309014        188.3589        6.259567        220.3477       0.3837128E-09
    2 t   23    9.310407        5.465741        182.9578        6.269992        220.5669       0.7511484E-09
    2 t   24    9.186913        5.622743        177.8491        6.281213        220.8722       0.5520446E-09
    3 t    1    86.01493        3.223128        310.2576       0.8760793        211.2955      -0.5542426E-10
    3 t    2    52.07562        3.252273        307.4772        1.452056        211.8854      -0.5415507E-10
    3 t    3    37.69353        3.295698        303.4259        2.017091        212.7580      -0.5383507E-10
    3 t    4    29.82781        3.353099        298.2315        2.569150        213.9041      -0.5206934E-10
    3 t    5    24.92170        3.424150        292.0432        3.108547        215.3222      -0.5040708E-10
    3 t    6    21.60748        3.508568        285.0166        3.638571        217.0270      -0.4910156E-10
    3 t    7    19.24754        3.606194        277.3007        4.165896        219.0597      -0.4836886E-10
    3 t    8    17.50532        3.717076        269.0287        4.700267        221.4960      -0.4837586E-10
    3 t    9    16.18704        3.841524        260.3133        5.252224        224.4383      -0.4922511E-10
    3 t   10    15.17358        3.980064        251.2523        5.826950        227.9727      -0.5455683E-10
    3 t   11    14.38709        4.133171        241.9450        6.413400        232.0646      -0.2165969E-10
    3 t   12    13.77272        4.300731        232.5186        6.974131        236.4158       0.1393316E-09
    3 t   13    13.28816        4.481374        223.1458        7.448978        240.4131       0.1170603E-09
    3 t   14    12.89847        4.672172        214.0332        7.777816        243.2963       0.3085804E-11
    3 t   15    12.57455        4.868965        205.3824        7.925383        244.4617       0.3412736E-09
    3 t   16    12.29325        5.067142        197.3499        7.891266        243.6895       0.3223004E-09
    3 t   17    12.03767        5.262512        190.0233        7.708872        241.2293       0.9234214E-09
    3 t   18    11.79717        5.452079        183.4163        7.438476        237.7397       0.2019725E-09
    3 t   19    11.56670        5.634513        177.4776        7.149049        234.0322       0.1939656E-09
    3 t   20    11.34524        5.810054        172.1154        6.893471        230.7341       0.4844939E-09
    3 t   21    11.13380        5.979908        167.2267        6.695829        228.1263      -0.8981239E-10
    3 t   22    10.93370        6.145568        162.7189        6.556861        226.2119       0.1852174E-09
    3 t   23    10.74577        6.308383        158.5192        6.466067        224.8589       0.2030865E-09
    3 t   24    10.57024        6.469394        154.5740        6.410521        223.9032       0.2340013E-09
    4 t    1    114.6991        4.297975        232.6677       0.6802630        219.7839      -0.2528014E-09
    4 t    2    69.18200        4.320616        231.4485        1.128665        219.7228      -0.2362438E-09
    4 t    3    49.80198        4.354388        229.6534        1.569573        219.6277      -0.2314318E-09
    4 t    4    39.13234        4.399070        227.3208        2.000334        219.4960      -0.2185625E-09
    4 t    5    32.41991        4.454377        224.4983        2.418660        219.3274      -0.2097857E-09
    4 t    6    27.83622        4.519976        221.2401        2.822783        219.1263      -0.2014273E-09
    4 t    7    24.52780        4.595497        217.6043        3.211653        218.9043      -0.2052145E-09
    4 t    8    22.04275        4.680553        213.6500        3.585196        218.6840      -0.1971853E-09
    4 t    9    20.11948        4.774775        209.4339        3.944667        218.5032      -0.1858451E-09
    4 t   10    18.59628        4.877844        205.0086        4.293080        218.4189      -0.1766101E-09
    4 t   11    17.36802        4.989543        200.4192        4.635711        218.5124      -0.1726334E-09
    4 t   12    16.36376        5.109821        195.7016        4.980552        218.8955      -0.1671728E-09
    4 t   13    15.53427        5.238864        190.8811        5.338420        219.7143      -0.1679264E-09
    4 t   14    14.84472        5.377154        185.9720        5.721972        221.1484      -0.1674614E-09
    4 t   15    14.27005        5.525477        180.9798        6.142140        223.3879      -0.1354135E-09
    4 t   16    13.79173        5.684799        175.9077        6.600375        226.5634       0.8050530E-10
    4 t   17    13.39498        5.855888        170.7683        7.077991        230.6148       0.2228589E-09
    4 t   18    13.06656        6.038728        165.5978        7.531402        235.1584       0.6611823E-11
    4 t   19    12.79326        6.232012        160.4618        7.904169        239.5085       0.6956622E-09
    4 t   20    12.56187        6.433105        155.4459        8.150280        242.9064       0.7377207E-09
    4 t   21    12.36004        6.638516        150.6361        8.248223        244.7737      -0.1322709E-09
    4 t   22    12.17721        6.844517        146.1023        8.199211        244.8159      -0.1274227E-09
    4 t   23    12.00501        7.047627        141.8917        8.020977        243.0251       0.5430048E-09
    4 t   24    11.83747        7.244983        138.0265        7.745298        239.6815      -0.1727739E-09
