    0 t    2    6.138683       0.3833785        2608.388        9.255267        253.3542       0.1749733E-08
    0 t    3    6.766879       0.5916556        1690.172        7.644141        241.3594       0.1340395E-09
    0 t    4    6.864474       0.7716713        1295.889        6.810201        228.1689       0.5626236E-09
    0 t    5    6.802645       0.9346586        1069.909        6.253393        215.3763       0.6979513E-09
    0 t    6    6.688032        1.085986        920.8221        5.865254        203.8196       0.1078592E-08
    0 t    7    6.560099        1.229091        813.6091        5.587179        193.6959       0.1703668E-08
    0 t    8    6.433997        1.366194        731.9606        5.379239        184.9084       0.1903179E-08
    0 t    9    6.315090        1.498703        667.2435        5.216087        177.2878       0.5915650E-08
    0 t   10    6.204814        1.627536        614.4258        5.082821        170.6733       0.1625918E-08
    0 t   11    6.103115        1.753323        570.3456        4.970979        164.9297       0.1775714E-08
    0 t   12    6.009435        1.876533        532.8976        4.875693        159.9437       0.2077098E-08
    0 t   13    5.923102        1.997540        500.6158        4.793993        155.6182       0.2450167E-08
    0 t   14    5.843457        2.116656        472.4432        4.723870        151.8684       0.2465023E-08
    0 t   15    5.769903        2.234152        447.5971        4.663805        148.6193       0.2561238E-08
    0 t   16    5.701901        2.350261        425.4846        4.612540        145.8044       0.2564182E-08
    0 t   17    5.638971        2.465190        405.6482        4.568973        143.3652       0.2432976E-08
    0 t   18    5.580679        2.579119        387.7294        4.532120        141.2504       0.2154474E-08
    0 t   19    5.526632        2.692202        371.4431        4.501093        139.4154       0.1684725E-08
    0 t   20    5.476474        2.804577        356.5600        4.475100        137.8214       0.1008841E-08
    0 t   21    5.429878        2.916359        342.8933        4.453436        136.4351       0.1103907E-08
    0 t   22    5.386548        3.027649        330.2893        4.435481        135.2278       0.7419433E-10
    0 t   23    5.346213        3.138532        318.6203        4.420691        134.1751       0.8067088E-10
    0 t   24    5.308625        3.249082        307.7793        4.408598        133.2558       0.8710911E-10
    1 t    1    31.99599        1.198945        834.0666        2.751250        254.8722       0.7799054E-10
    1 t    2    20.63325        1.288606        776.0325        4.377667        252.2955       0.1659317E-10
    1 t    3    16.18912        1.415481        706.4739        5.710334        250.0976       0.2212221E-10
    1 t    4    13.97617        1.571134        636.4831        6.668998        248.0624       0.1227360E-09
    1 t    5    12.70595        1.745752        572.8192        7.227504        245.0835       0.5654847E-09
    1 t    6    11.88369        1.929644        518.2303        7.420217        240.1988       0.4024619E-09
    1 t    7    11.28629        2.114585        472.9061        7.327322        233.3531       0.2730009E-09
    1 t    8    10.80717        2.294793        435.7692        7.061977        225.5363       0.3303749E-09
    1 t    9    10.39732        2.467503        405.2680        6.745981        218.1890       0.5111334E-09
    1 t   10    10.03676        2.632663        379.8435        6.468198        212.3124       0.5477119E-09
    1 t   11    9.717838        2.791772        358.1954        6.263608        208.1288       0.2713842E-09
    1 t   12    9.436447        2.946667        339.3665        6.128558        205.3600       0.1170611E-09
    1 t   13    9.188769        3.098872        322.6981        6.045240        203.5889       0.2012549E-09
    1 t   14    8.970767        3.249452        307.7442        5.995857        202.4426       0.4277364E-09
    1 t   15    8.778429        3.399077        294.1975        5.966963        201.6383       0.4759448E-09
    1 t   16    8.608035        3.548138        281.8380        5.949454        200.9761       0.3695880E-09
    1 t   17    8.456295        3.696840        270.5013        5.937468        200.3197       0.3200534E-09
    1 t   18    8.320375        3.845273        260.0596        5.927320        199.5796       0.4696583E-09
    1 t   19    8.197874        3.993451        250.4100        5.916740        198.6994       0.5390271E-09
    1 t   20    8.086771        4.141346        241.4674        5.904363        197.6471       0.4596047E-09
    1 t   21    7.985371        4.288902        233.1599        5.889400        196.4079       0.5475407E-09
    1 t   22    7.892257        4.436048        225.4259        5.871433        194.9797       0.6059587E-09
    1 t   23    7.806238        4.582708        218.2116        5.850284        193.3693       0.7285119E-09
    1 t   24    7.726314        4.728800        211.4701        5.825929        191.5899       0.5773803E-09
    2 t    1    58.06817        2.175915        459.5768        1.250500        187.5298      -0.1387035E-09
    2 t    2    35.50653        2.217486        450.9612        2.069715        188.3170      -0.1150633E-09
    2 t    3    26.06948        2.279360        438.7196        2.873590        189.7218      -0.9519839E-10
    2 t    4    21.00424        2.361196        423.5141        3.666695        192.0191      -0.7447795E-10
    2 t    5    17.92507        2.462839        406.0354        4.458616        195.5700      -0.5214055E-10
    2 t    6    15.91567        2.584347        386.9449        5.254466        200.7491      -0.2707988E-10
    2 t    7    14.54783        2.725663        366.8832        6.036477        207.7203       0.7799743E-11
    2 t    8    13.59057        2.885820        346.5220        6.749006        216.0772       0.7291484E-11
    2 t    9    12.90280        3.062106        326.5726        7.313929        224.7015       0.4178151E-09
    2 t   10    12.39044        3.250038        307.6887        7.675426        232.2293       0.7147779E-09
    2 t   11    11.98942        3.444360        290.3297        7.828606        237.7518       0.7196126E-09
    2 t   12    11.65765        3.640270        274.7049        7.811277        241.0711       0.5200552E-09
    2 t   13    11.36918        3.834206        260.8102        7.681023        242.4966       0.3775062E-09
    2 t   14    11.10928        4.024079        248.5041        7.494940        242.5313       0.7794157E-10
    2 t   15    10.87031        4.209069        237.5823        7.296171        241.6442      -0.2175033E-10
    2 t   16    10.64852        4.389205        227.8317        7.109384        240.1735       0.2106234E-09
    2 t   17    10.44200        4.564932        219.0613        6.944171        238.3274       0.3596720E-09
    2 t   18    10.24948        4.736812        211.1124        6.801379        236.2280       0.7425503E-09
    2 t   19    10.06990        4.905377        203.8579        6.678276        233.9522       0.6524520E-09
    2 t   20    9.902243        5.071074        197.1969        6.571410        231.5575       0.3411747E-09
    2 t   21    9.745525        5.234271        191.0486        6.477753        229.0935       0.3891580E-09
    2 t   22    9.598824        5.395269        185.3476        6.394965        226.6064      -0.6349698E-10
    2 t   23    9.461284        5.554315        180.0402        6.321323        224.1394      -0.6698552E-10
    2 t   24    9.332131        5.711622        175.0816        6.255576        221.7318      -0.7343605E-10
    3 t    1    82.70766        3.099199        322.6640       0.9714964        204.7409      -0.5443617E-10
    3 t    2    50.14251        3.131545        319.3312        1.613036        206.2320      -0.5372509E-10
    3 t    3    36.36839        3.179836        314.4817        2.245712        208.4177      -0.4865075E-10
    3 t    4    28.85564        3.243813        308.2792        2.866661        211.2354      -0.4777668E-10
    3 t    5    24.18662        3.323153        300.9190        3.473787        214.6015      -0.4711688E-10
    3 t    6    21.04661        3.417496        292.6119        4.066052        218.4151      -0.4689550E-10
    3 t    7    18.82201        3.526467        283.5699        4.643689        222.5643      -0.4732755E-10
    3 t    8    17.18809        3.649716        273.9939        5.208000        226.9348      -0.4861223E-10
    3 t    9    15.95698        3.786926        264.0664        5.760162        231.4148      -0.5093187E-10
    3 t   10    15.01238        3.937779        253.9502        6.298314        235.8856      -0.6349945E-10
    3 t   11    14.27799        4.101827        243.7938        6.812891        240.1919      -0.7795551E-10
    3 t   12    13.70069        4.278237        233.7411        7.282245        244.0962       0.6748531E-11
    3 t   13    13.24103        4.465480        223.9401        7.673030        247.2512       0.5941581E-10
    3 t   14    12.86797        4.661124        214.5405        7.948406        249.2339       0.5268100E-09
    3 t   15    12.55633        4.861910        205.6805        8.081038        249.6556       0.4822969E-09
    3 t   16    12.28596        5.064137        197.4670        8.064626        248.3162       0.3693208E-09
    3 t   17    12.04172        5.264283        189.9594        7.920223        245.3500       0.5501482E-09
    3 t   18    11.81362        5.459679        183.1609        7.693535        241.2598       0.1223795E-09
    3 t   19    11.59635        5.648958        177.0238        7.439406        236.7456       0.1078460E-09
    3 t   20    11.38812        5.832014        171.4673        7.201046        232.4191       0.9649069E-10
    3 t   21    11.18900        6.009554        166.4017        6.999818        228.6366       0.8743481E-10
    3 t   22    10.99954        6.182577        161.7448        6.839339        225.5214      -0.1475883E-09
    3 t   23    10.82016        6.352050        157.4295        6.714588        223.0637      -0.1423079E-09
    3 t   24    10.65093        6.518776        153.4030        6.618459        221.1991      -0.1390743E-09
    4 t    1    112.1020        4.200655        238.0581       0.6825839        216.5980      -0.3376110E-09
    4 t    2    67.62511        4.223384        236.7770        1.133715        216.8535      -0.3350588E-09
    4 t    3    48.69193        4.257332        234.8889        1.579192        217.2218      -0.3275097E-09
    4 t    4    38.27182        4.302335        232.4319        2.017209        217.6868      -0.3232402E-09
    4 t    5    31.71982        4.358187        229.4532        2.446398        218.2292      -0.3285869E-09
    4 t    6    27.24920        4.424657        226.0062        2.865935        218.8289      -0.3245527E-09
    4 t    7    24.02611        4.501499        222.1482        3.275644        219.4674      -0.3132345E-09
    4 t    8    21.60910        4.588473        217.9374        3.676115        220.1309      -0.2902870E-09
    4 t    9    19.74273        4.685364        213.4306        4.068854        220.8141      -0.2552960E-09
    4 t   10    18.26904        4.792009        208.6808        4.456480        221.5248      -0.2036478E-09
    4 t   11    17.08532        4.908326        203.7354        4.842982        222.2908      -0.1756232E-09
    4 t   12    16.12209        5.034355        198.6352        5.233954        223.1669      -0.1600133E-09
    4 t   13    15.33094        5.170293        193.4127        5.636540        224.2433      -0.1492392E-09
    4 t   14    14.67734        5.316526        188.0928        6.058376        225.6479      -0.1476187E-09
    4 t   15    14.13609        5.473608        182.6949        6.504239        227.5288      -0.1454830E-09
    4 t   16    13.68815        5.642105        177.2388        6.969163        229.9921      -0.1525955E-09
    4 t   17    13.31803        5.822248        171.7550        7.429777        232.9857      -0.7765087E-11
    4 t   18    13.01178        6.013410        166.2950        7.841736        236.1878       0.1854150E-09
    4 t   19    12.75567        6.213704        160.9346        8.151651        239.0349       0.1189747E-08
    4 t   20    12.53632        6.420019        155.7628        8.318542        240.9423       0.9940071E-09
    4 t   21    12.34150        6.628555        150.8624        8.330050        241.5772      -0.2193812E-09
    4 t   22    12.16139        6.835626        146.2924        8.207495        241.0044      -0.2190372E-09
    4 t   23    11.98938        7.038450        142.0767        8.000013        239.6258      -0.2329106E-09
    4 t   24    11.82219        7.235636        138.2049        7.765508        237.9312      -0.2581220E-09
