    0 t    2    6.111318       0.3816695        2620.068        9.222569        258.1438       0.1033248E-08
    0 t    3    6.740684       0.5893653        1696.741        7.628920        249.1034       0.1817322E-09
    0 t    4    6.841190       0.7690538        1300.299        6.797025        238.4956       0.3293444E-09
    0 t    5    6.779868       0.9315292        1073.504        6.223464        227.4593       0.6401137E-09
    0 t    6    6.661816        1.081729        924.4459        5.804160        216.8460       0.7599595E-09
    0 t    7    6.526705        1.222835        817.7720        5.488923        207.1041       0.1035862E-08
    0 t    8    6.390746        1.357010        736.9144        5.244956        198.3974       0.1358996E-08
    0 t    9    6.260516        1.485752        673.0599        5.051147        190.7393       0.1738693E-08
    0 t   10    6.138482        1.610137        621.0652        4.894329        184.0725       0.1542224E-08
    0 t   11    6.025333        1.730978        577.7082        4.766098        178.3080       0.7897290E-09
    0 t   12    5.920982        1.848912        540.8586        4.660715        173.3452       0.9584705E-09
    0 t   13    5.825001        1.964456        509.0468        4.573938        169.0833       0.1100653E-08
    0 t   14    5.736823        2.078031        481.2248        4.502449        165.4272       0.1290688E-08
    0 t   15    5.655836        2.189984        456.6243        4.443559        162.2910       0.1492808E-08
    0 t   16    5.581425        2.300602        434.6688        4.395067        159.5992       0.1461393E-08
    0 t   17    5.513004        2.410121        414.9169        4.355161        157.2863       0.1312175E-08
    0 t   18    5.450024        2.518736        397.0245        4.322353        155.2964       0.1230518E-08
    0 t   19    5.391980        2.626609        380.7191        4.295420        153.5820       0.1082311E-08
    0 t   20    5.338410        2.733873        365.7815        4.273359        152.1028       0.8368979E-09
    0 t   21    5.288896        2.840639        352.0335        4.255347        150.8249       0.5100619E-09
    0 t   22    5.243063        2.947000        339.3282        4.240706        149.7196       0.5519605E-10
    0 t   23    5.200570        3.053032        327.5432        4.228878        148.7625       0.6131517E-10
    0 t   24    5.161115        3.158800        316.5759        4.219404        147.9330       0.6761595E-10
    1 t    1    32.76112        1.227616        814.5871        2.686732        266.0009       0.1060883E-10
    1 t    2    21.05249        1.314789        760.5783        4.237834        261.0336       0.1302660E-10
    1 t    3    16.43427        1.436915        695.9354        5.466703        255.7426       0.4655761E-10
    1 t    4    14.09996        1.585050        630.8948        6.312031        250.6699       0.1974103E-09
    1 t    5    12.73329        1.749508        571.5892        6.778226        245.6675       0.2543169E-09
    1 t    6    11.83396        1.921570        520.4079        6.935687        240.5946       0.2996369E-09
    1 t    7    11.18089        2.094836        477.3643        6.893534        235.6677       0.2909935E-09
    1 t    8    10.67022        2.265713        441.3621        6.760279        231.2946       0.3375704E-09
    1 t    9    10.25176        2.432958        411.0223        6.611780        227.7418       0.2828282E-09
    1 t   10    9.899652        2.596700        385.1042        6.482758        225.0011       0.3680602E-09
    1 t   11    9.598684        2.757542        362.6419        6.379205        222.8786       0.5853809E-09
    1 t   12    9.338412        2.916054        342.9292        6.294964        221.1338       0.8721540E-09
    1 t   13    9.110923        3.072619        325.4553        6.222079        219.5624       0.8200447E-09
    1 t   14    8.910000        3.227440        309.8431        6.154708        218.0203       0.5971649E-09
    1 t   15    8.730740        3.380612        295.8044        6.089609        216.4191       0.5883940E-09
    1 t   16    8.569296        3.532170        283.1121        6.025467        214.7112       0.5713673E-09
    1 t   17    8.422657        3.682135        271.5816        5.962069        212.8765       0.5048773E-09
    1 t   18    8.288471        3.830528        261.0606        5.899694        210.9114       0.4314733E-09
    1 t   19    8.164884        3.977381        251.4218        5.838723        208.8219       0.1815231E-09
    1 t   20    8.050421        4.122731        242.5577        5.779455        206.6187       0.5572888E-09
    1 t   21    7.943893        4.266624        234.3773        5.722029        204.3151       0.8400376E-09
    1 t   22    7.844324        4.409106        226.8033        5.666433        201.9251       0.7241039E-09
    1 t   23    7.750902        4.550222        219.7695        5.612532        199.4632       0.8755004E-09
    1 t   24    7.662938        4.690012        213.2191        5.560106        196.9438       0.6376552E-09
    2 t    1    57.03907        2.137353        467.8685        1.367875        207.8254      -0.1260561E-09
    2 t    2    34.95318        2.182927        458.1005        2.273844        209.0185      -0.1086811E-09
    2 t    3    25.74590        2.251068        444.2335        3.171134        210.9921      -0.9296476E-10
    2 t    4    20.82893        2.341488        427.0788        4.053088        213.8872      -0.7665065E-10
    2 t    5    17.85794        2.453616        407.5617        4.902225        217.7414      -0.5717979E-10
    2 t    6    15.92716        2.586213        386.6658        5.681712        222.3520      -0.4471924E-10
    2 t    7    14.60766        2.736871        365.3807        6.336584        227.1988       0.1208876E-09
    2 t    8    13.66573        2.901778        344.6163        6.814303        231.5758       0.2783362E-09
    2 t    9    12.96198        3.076149        325.0818        7.093770        234.9241       0.4228019E-09
    2 t   10    12.41021        3.255225        307.1984        7.197860        237.0884       0.3362127E-09
    2 t   11    11.95775        3.435261        291.0987        7.181171        238.2911       0.8388956E-10
    2 t   12    11.57359        3.614019        276.7002        7.105426        238.9092       0.3070671E-09
    2 t   13    11.24007        3.790665        263.8059        7.018552        239.2590       0.4464253E-09
    2 t   14    10.94699        3.965291        252.1883        6.946504        239.5055       0.2383102E-09
    2 t   15    10.68777        4.138391        241.6398        6.896676        239.6780       0.1305553E-09
    2 t   16    10.45756        4.310493        231.9920        6.865712        239.7256       0.4561736E-09
    2 t   17    10.25225        4.481980        223.1157        6.846100        239.5659       0.3441831E-09
    2 t   18    10.06820        4.653035        214.9135        6.829928        239.1124       0.3659328E-09
    2 t   19    9.902146        4.823657        207.3116        6.810464        238.2884       0.1803022E-09
    2 t   20    9.751151        4.993698        200.2524        6.782559        237.0330      -0.3002540E-10
    2 t   21    9.612636        5.162897        193.6897        6.742598        235.3052       0.4106963E-09
    2 t   22    9.484348        5.330925        187.5847        6.688344        233.0877       0.7875386E-09
    2 t   23    9.364347        5.497407        181.9039        6.618834        230.3923       0.9158606E-09
    2 t   24    9.250998        5.661965        176.6171        6.534340        227.2634       0.8319682E-09
    3 t    1    83.59572        3.132476        319.2362       0.9401205        215.2097      -0.5524500E-10
    3 t    2    50.65908        3.163806        316.0750        1.563684        216.2565      -0.5403175E-10
    3 t    3    36.72128        3.210690        311.4596        2.183473        217.8182      -0.5167171E-10
    3 t    4    29.11558        3.273034        305.5269        2.799782        219.8856      -0.5219722E-10
    3 t    5    24.38760        3.350767        298.4391        3.414139        222.4459      -0.7004121E-10
    3 t    6    21.20901        3.443867        290.3713        4.028565        225.4775      -0.6582239E-10
    3 t    7    18.96013        3.552345        281.5042        4.643529        228.9351      -0.6501347E-10
    3 t    8    17.31267        3.676169        272.0223        5.254105        232.7208      -0.7165764E-10
    3 t    9    16.07554        3.815062        262.1190        5.844813        236.6391      -0.7455231E-10
    3 t   10    15.12830        3.968186        252.0043        6.386145        240.3594      -0.6315940E-10
    3 t   11    14.38934        4.133817        241.9072        6.837854        243.4301       0.1899994E-09
    3 t   12    13.79986        4.309207        232.0613        7.161206        245.3761       0.5252555E-09
    3 t   13    13.31619        4.490826        222.6762        7.334322        245.8469       0.2047536E-09
    3 t   14    12.90603        4.674910        213.9079        7.361229        244.7335       0.4851897E-09
    3 t   15    12.54654        4.858119        205.8410        7.270597        242.2027       0.3052253E-09
    3 t   16    12.22265        5.038043        198.4898        7.106098        238.6425       0.1062699E-09
    3 t   17    11.92536        5.213410        191.8130        6.912904        234.5413      -0.1019536E-09
    3 t   18    11.64980        5.383973        185.7364        6.726346        230.3567       0.1324540E-09
    3 t   19    11.39359        5.550189        180.1740        6.567432        226.4349       0.1269880E-09
    3 t   20    11.15549        5.712880        175.0431        6.444872        222.9993       0.1804300E-09
    3 t   21    10.93471        5.872978        170.2714        6.359723        220.1789       0.1917767E-09
    3 t   22    10.73056        6.031391        165.7992        6.309377        218.0413      -0.1290819E-09
    3 t   23    10.54231        6.188941        161.5785        6.289857        216.6151       0.1737342E-09
    3 t   24    10.36919        6.346343        157.5711        6.296731        215.8994       0.1948006E-09
    4 t    1    111.9133        4.193587        238.4593       0.7223295        226.0082      -0.2228753E-09
    4 t    2    67.53314        4.217640        237.0994        1.199715        226.0966      -0.2210038E-09
    4 t    3    48.64884        4.253565        235.0969        1.671068        226.2110      -0.2126040E-09
    4 t    4    38.26160        4.301186        232.4940        2.134425        226.3315      -0.1979886E-09
    4 t    5    31.73507        4.360282        229.3429        2.588277        226.4347      -0.2054789E-09
    4 t    6    27.28582        4.430604        225.7029        3.031717        226.4967      -0.1924294E-09
    4 t    7    24.08155        4.511887        221.6368        3.464583        226.4967      -0.1810876E-09
    4 t    8    21.68163        4.603873        217.2084        3.887560        226.4213      -0.1762037E-09
    4 t    9    19.83108        4.706332        212.4797        4.302173        226.2692      -0.1774023E-09
    4 t   10    18.37225        4.819081        207.5084        4.710486        226.0564      -0.1805958E-09
    4 t   11    17.20248        4.941985        202.3478        5.114231        225.8175      -0.1874373E-09
    4 t   12    16.25204        5.074933        197.0469        5.512983        225.6023      -0.1916458E-09
    4 t   13    15.47165        5.217744        191.6537        5.901286        225.4595      -0.1927121E-09
    4 t   14    14.82499        5.370008        186.2195        6.265620        225.4089      -0.1986731E-09
    4 t   15    14.28396        5.530862        180.8036        6.583859        225.4114       0.1386530E-09
    4 t   16    13.82577        5.698831        175.4746        6.830354        225.3671       0.4383799E-09
    4 t   17    13.43151        5.871858        170.3038        6.986287        225.1636      -0.5535772E-10
    4 t   18    13.08577        6.047608        165.3546        7.049185        224.7503       0.1216326E-09
    4 t   19    12.77663        6.223914        160.6706        7.034541        224.1798       0.4341991E-09
    4 t   20    12.49557        6.399154        156.2707        6.968717        223.5804       0.9426797E-10
    4 t   21    12.23694        6.572395        152.1515        6.878730        223.0915      -0.2722000E-09
    4 t   22    11.99714        6.743306        148.2952        6.785091        222.8108      -0.2843993E-09
    4 t   23    11.77392        6.911962        144.6767        6.699844        222.7786      -0.2792068E-09
    4 t   24    11.56570        7.078650        141.2699        6.628210        222.9898      -0.2558410E-09
