    0 t    2    6.050805       0.3778903        2646.271        9.137350        244.5535       0.9877936E-09
    0 t    3    6.676806       0.5837801        1712.974        7.567069        234.2287       0.3329838E-09
    0 t    4    6.779450       0.7621132        1312.141        6.749988        222.7301       0.2261242E-09
    0 t    5    6.721997       0.9235779        1082.746        6.189926        211.3278       0.5112407E-09
    0 t    6    6.608791        1.073119        931.8630        5.785526        200.7774       0.8160286E-09
    0 t    7    6.479327        1.213958        823.7517        5.486603        191.3514       0.1461938E-08
    0 t    8    6.349614        1.348276        741.6880        5.258793        183.0579       0.2271946E-08
    0 t    9    6.225932        1.477544        676.7987        5.079276        175.8061       0.1127288E-08
    0 t   10    6.110426        1.602778        623.9168        4.933801        169.4826       0.1103804E-08
    0 t   11    6.003513        1.724709        579.8079        4.813617        163.9773       0.1195980E-08
    0 t   12    5.904918        1.843896        542.3299        4.713188        159.1887       0.1451937E-08
    0 t   13    5.814109        1.960783        510.0004        4.628768        155.0259       0.1665100E-08
    0 t   14    5.730481        2.075734        481.7574        4.557625        151.4075       0.1970077E-08
    0 t   15    5.653428        2.189052        456.8187        4.497634        148.2615       0.2068450E-08
    0 t   16    5.582378        2.300995        434.5946        4.447068        145.5248       0.2072719E-08
    0 t   17    5.516796        2.411779        414.6317        4.404489        143.1422       0.2264484E-08
    0 t   18    5.456195        2.521588        396.5755        4.368684        141.0663       0.2439842E-08
    0 t   19    5.400128        2.630578        380.1446        4.338627        139.2560       0.2593097E-08
    0 t   20    5.348190        2.738881        365.1126        4.313443        137.6760       0.2693140E-08
    0 t   21    5.300014        2.846610        351.2951        4.292393        136.2962       0.2265028E-08
    0 t   22    5.255266        2.953859        338.5402        4.274846        135.0906       0.2600716E-08
    0 t   23    5.213648        3.060709        326.7217        4.260267        134.0369       0.3343193E-08
    0 t   24    5.174886        3.167228        315.7335        4.248202        133.1161       0.4205892E-08
    1 t    1    33.72763        1.263833        791.2439        2.620119        268.4548       0.5446046E-10
    1 t    2    21.60283        1.349159        741.2025        4.163072        264.7989      -0.1210641E-11
    1 t    3    16.80924        1.469700        680.4111        5.420641        261.0993       0.2440607E-11
    1 t    4    14.38721        1.617341        618.2989        6.321945        257.5250       0.1479251E-09
    1 t    5    12.97590        1.782841        560.9024        6.851275        253.5398       0.2828738E-09
    1 t    6    12.05442        1.957366        510.8906        7.055625        248.7188       0.2830264E-09
    1 t    7    11.38929        2.133882        468.6294        7.028026        243.2252       0.3623230E-09
    1 t    8    10.86917        2.307957        433.2836        6.877774        237.6883       0.4174813E-09
    1 t    9    10.44044        2.477737        403.5942        6.696493        232.7421       0.3359529E-09
    1 t   10    10.07688        2.643187        378.3311        6.536693        228.6852       0.2139130E-09
    1 t   11    9.764254        2.805107        356.4926        6.414415        225.4744       0.3154426E-09
    1 t   12    9.493255        2.964406        337.3357        6.325387        222.8924       0.7737965E-09
    1 t   13    9.256714        3.121786        320.3294        6.259050        220.6911       0.1061101E-08
    1 t   14    9.048716        3.277687        305.0932        6.205517        218.6587       0.6672722E-09
    1 t   15    8.864314        3.432333        291.3471        6.157580        216.6352       0.4810154E-09
    1 t   16    8.699406        3.585800        278.8778        6.110595        214.5071       0.4310658E-09
    1 t   17    8.550619        3.738076        267.5173        6.061791        212.1979       0.6181962E-09
    1 t   18    8.415194        3.889094        257.1293        6.009611        209.6588       0.7015055E-09
    1 t   19    8.290879        4.038757        247.6009        5.953236        206.8626       0.5844007E-09
    1 t   20    8.175834        4.186956        238.8370        5.892277        203.7993       0.6799920E-09
    1 t   21    8.068547        4.333575        230.7564        5.826597        200.4733       0.5225964E-09
    1 t   22    7.967774        4.478495        223.2893        5.756224        196.9016       0.8562317E-09
    1 t   23    7.872489        4.621601        216.3752        5.681316        193.1122       0.9212637E-09
    1 t   24    7.781838        4.762783        209.9613        5.602153        189.1428       0.6824417E-09
    2 t    1    59.58466        2.232740        447.8801        1.312105        214.9870      -0.1378631E-09
    2 t    2    36.45113        2.276478        439.2750        2.183767        215.8580      -0.1181858E-09
    2 t    3    26.78582        2.341992        426.9869        3.053082        217.3897      -0.1003565E-09
    2 t    4    21.60948        2.429234        411.6524        3.920639        219.7941      -0.8330529E-10
    2 t    5    18.47294        2.538114        393.9933        4.781132        223.2337      -0.6381739E-10
    2 t    6    16.43223        2.668225        374.7810        5.612348        227.6705      -0.5087303E-10
    2 t    7    15.04218        2.818283        354.8259        6.365974        232.6812       0.1784646E-10
    2 t    8    14.06010        2.985519        334.9502        6.974218        237.4006       0.3436716E-10
    2 t    9    13.33842        3.165486        315.9073        7.376282        240.7755       0.1336405E-09
    2 t   10    12.78149        3.352611        298.2750        7.546077        242.0235       0.6752448E-09
    2 t   11    12.32666        3.541242        282.3868        7.503949        240.9780       0.3664036E-09
    2 t   12    11.93472        3.726789        268.3275        7.312411        238.1300      -0.1873620E-10
    2 t   13    11.58370        3.906552        255.9802        7.055423        234.3391       0.1746861E-09
    2 t   14    11.26327        4.079858        245.1066        6.805343        230.3805       0.2703575E-09
    2 t   15    10.96939        4.247434        235.4362        6.600599        226.6674       0.4264394E-09
    2 t   16    10.70032        4.410555        226.7288        6.448212        223.2851       0.4718714E-09
    2 t   17    10.45458        4.570430        218.7978        6.338874        220.1567       0.3991338E-09
    2 t   18    10.23035        4.727971        211.5072        6.259235        217.1728       0.2895272E-09
    2 t   19    10.02554        4.883769        204.7599        6.197630        214.2497      -0.2679826E-10
    2 t   20    9.837973        5.038161        198.4851        6.145605        211.3450      -0.1944535E-10
    2 t   21    9.665545        5.191314        192.6294        6.097745        208.4558       0.3667463E-09
    2 t   22    9.506350        5.343291        187.1506        6.051061        205.6115       0.7846139E-09
    2 t   23    9.358720        5.494104        182.0133        6.004391        202.8653       0.9981115E-09
    2 t   24    9.221239        5.643752        177.1871        5.957884        200.2846       0.1123284E-08
    3 t    1    87.43219        3.276236        305.2283       0.8414843        208.2227      -0.5751188E-10
    3 t    2    52.90810        3.304264        302.6393        1.398089        208.9332      -0.5636812E-10
    3 t    3    38.27056        3.346150        298.8509        1.949056        209.9955      -0.5481531E-10
    3 t    4    30.26055        3.401745        293.9667        2.494048        211.4093      -0.5302620E-10
    3 t    5    25.26206        3.470915        288.1084        3.034730        213.1821      -0.4981510E-10
    3 t    6    21.88480        3.553600        281.4048        3.575406        215.3371      -0.4703084E-10
    3 t    7    19.48073        3.649883        273.9814        4.123454        217.9224      -0.4591998E-10
    3 t    8    17.70780        3.760070        265.9525        4.688927        221.0176      -0.4857798E-10
    3 t    9    16.36908        3.884727        257.4184        5.281793        224.7212      -0.5309726E-10
    3 t   10    15.34336        4.024595        248.4722        5.904451        229.0881      -0.5273016E-10
    3 t   11    14.55097        4.180251        239.2201        6.538934        233.9842      -0.5500965E-10
    3 t   12    13.93513        4.351444        229.8088        7.136442        238.8942       0.1148926E-10
    3 t   13    13.45124        4.536373        220.4404        7.624691        242.8611       0.1414452E-09
    3 t   14    13.06200        4.731404        211.3537        7.934762        244.7098       0.4001125E-09
    3 t   15    12.73603        4.931492        202.7784        8.024784        243.4302       0.8355832E-09
    3 t   16    12.44811        5.130974        194.8948        7.888146        238.5475       0.6651774E-09
    3 t   17    12.17952        5.324524        187.8102        7.559567        230.5067       0.1075292E-09
    3 t   18    11.91875        5.508269        181.5452        7.120288        220.8358      -0.1119511E-09
    3 t   19    11.66162        5.680756        176.0329        6.675824        211.5397      -0.1211220E-09
    3 t   20    11.40951        5.842966        171.1460        6.307313        204.0524       0.3666048E-10
    3 t   21    11.16615        5.997280        166.7422        6.045473        198.8393       0.4286636E-10
    3 t   22    10.93507        6.146338        162.6985        5.883941        195.7360       0.4107466E-10
    3 t   23    10.71855        6.292402        158.9218        5.802383        194.3679       0.6315735E-10
    3 t   24    10.51765        6.437203        155.3470        5.779761        194.3581      -0.1876904E-09
    4 t    1    117.3710        4.398095        227.3712       0.6561826        215.0802      -0.2973122E-09
    4 t    2    70.77234        4.419937        226.2476        1.088958        214.8874      -0.2904473E-09
    4 t    3    50.92439        4.452526        224.5916        1.514798        214.5757      -0.2813710E-09
    4 t    4    39.99152        4.495655        222.4370        1.931095        214.1201      -0.2629314E-09
    4 t    5    33.10899        4.549054        219.8259        2.335431        213.4901      -0.2440799E-09
    4 t    6    28.40540        4.612397        216.8070        2.725657        212.6533      -0.2293275E-09
    4 t    7    25.00716        4.685309        213.4331        3.100030        211.5795      -0.2230456E-09
    4 t    8    22.45164        4.767377        209.7589        3.457426        210.2479      -0.2060642E-09
    4 t    9    20.47089        4.858172        205.8387        3.797690        208.6561      -0.1946674E-09
    4 t   10    18.89912        4.957280        201.7235        4.122180        206.8335      -0.1808989E-09
    4 t   11    17.62840        5.064345        197.4589        4.434595        204.8590      -0.1698711E-09
    4 t   12    16.58578        5.179148        193.0820        4.742097        202.8838      -0.1668143E-09
    4 t   13    15.72060        5.301703        188.6187        5.056558        201.1599      -0.1654020E-09
    4 t   14    14.99720        5.432387        184.0811        5.395096        200.0681      -0.1630969E-09
    4 t   15    14.39034        5.572052        179.4671        5.777538        200.1267      -0.1670433E-09
    4 t   16    13.88194        5.721983        174.7646        6.216351        201.9221      -0.1732245E-09
    4 t   17    13.45811        5.883483        169.9673        6.696695        205.8613       0.1946088E-10
    4 t   18    13.10599        6.056953        165.0995        7.160651        211.7590       0.1615458E-09
    4 t   19    12.81162        6.240955        160.2319        7.526315        218.6495       0.8624635E-09
    4 t   20    12.56017        6.432234        155.4670        7.738187        225.2483       0.2999090E-09
    4 t   21    12.33827        6.626822        150.9019        7.795332        230.6538       0.2366167E-09
    4 t   22    12.13587        6.821280        146.6001        7.736270        234.5771      -0.1581525E-09
    4 t   23    11.94656        7.013315        142.5859        7.609475        237.1165      -0.1668769E-09
    4 t   24    11.76683        7.201748        138.8552        7.453557        238.4821      -0.1894577E-09
