ANISOTROPIC_PREM
   1    1.00000  0
    30  40 120 6371.00000
  10    0.00000  305.37500
 13.23022  0.00000 -8.83810  0.00000
 11.18091  0.00000 -6.36400  0.00000
  3.64896  0.00000 -4.44750  0.00000
1327.70000
 84.60000
 11.00250  0.00000 -6.36400  0.00000
  3.65333  0.00000 -4.44750  0.00000
  1.01517  0.00000
  10  305.37500  610.75000
 13.11873  0.00000 -8.83810  0.00000
 11.15818  0.00000 -6.36400  0.00000
  3.58559  0.00000 -4.44750  0.00000
1327.70000
 84.60000
 10.99561  0.00000 -6.36400  0.00000
  3.70158  0.00000 -4.44750  0.00000
  0.99817  0.00000
  10  610.75000  916.12500
 13.32666  0.00000 -8.83810  0.00000
 11.48006  0.00000 -6.36400  0.00000
  3.59234  0.00000 -4.44750  0.00000
1327.70000
 84.60000
 11.08224  0.00000 -6.36400  0.00000
  3.59407  0.00000 -4.44750  0.00000
  1.01362  0.00000
  10  916.12500 1203.11969
 13.23146  0.00000 -8.83810  0.00000
 11.46387  0.00000 -6.36400  0.00000
  3.65906  0.00000 -4.44750  0.00000
1327.70000
 84.60000
 11.15417  0.00000 -6.36400  0.00000
  3.61608  0.00000 -4.44750  0.00000
  1.01244  0.00000
  10 1203.11969 1503.81250
 12.85704 -1.26380 -3.64260 -5.52810
 11.20569 -4.03620  4.80230-13.57320
  0.00000  0.00000  0.00000  0.00000
57823.00000
  0.00000
 11.29767 -4.03620  4.80230-13.57320
  0.00000  0.00000  0.00000  0.00000
  0.99753  0.00000
  10 1503.81250 1786.12500
 12.38561 -1.26380 -3.64260 -5.52810
 10.97670 -4.03620  4.80230-13.57320
  0.00000  0.00000  0.00000  0.00000
57823.00000
  0.00000
 11.27249 -4.03620  4.80230-13.57320
  0.00000  0.00000  0.00000  0.00000
  0.98917  0.00000
  10 1786.12500 2068.43750
 12.80839 -1.26380 -3.64260 -5.52810
 11.11833 -4.03620  4.80230-13.57320
  0.00000  0.00000  0.00000  0.00000
57823.00000
  0.00000
 11.17924 -4.03620  4.80230-13.57320
  0.00000  0.00000  0.00000  0.00000
  0.98212  0.00000
  10 2068.43750 2350.75000
 12.86625 -1.26380 -3.64260 -5.52810
 11.09644 -4.03620  4.80230-13.57320
  0.00000  0.00000  0.00000  0.00000
57823.00000
  0.00000
 11.10815 -4.03620  4.80230-13.57320
  0.00000  0.00000  0.00000  0.00000
  1.02050  0.00000
  10 2350.75000 2633.06250
 12.65164 -1.26380 -3.64260 -5.52810
 10.92450 -4.03620  4.80230-13.57320
  0.00000  0.00000  0.00000  0.00000
57823.00000
  0.00000
 11.26890 -4.03620  4.80230-13.57320
  0.00000  0.00000  0.00000  0.00000
  0.97896  0.00000
  10 2633.06250 2915.37500
 12.34250 -1.26380 -3.64260 -5.52810
 11.08943 -4.03620  4.80230-13.57320
  0.00000  0.00000  0.00000  0.00000
57823.00000
  0.00000
 11.08185 -4.03620  4.80230-13.57320
  0.00000  0.00000  0.00000  0.00000
  1.01128  0.00000
  10 2915.37500 3197.68750
 12.36667 -1.26380 -3.64260 -5.52810
 11.26537 -4.03620  4.80230-13.57320
  0.00000  0.00000  0.00000  0.00000
57823.00000
  0.00000
 10.92368 -4.03620  4.80230-13.57320
  0.00000  0.00000  0.00000  0.00000
  0.97888  0.00000
  10 3197.68750 3484.34106
 12.56664 -1.26380 -3.64260 -5.52810
 10.86301 -4.03620  4.80230-13.57320
  0.00000  0.00000  0.00000  0.00000
57823.00000
  0.00000
 10.89661 -4.03620  4.80230-13.57320
  0.00000  0.00000  0.00000  0.00000
  1.00850  0.00000
  10 3484.34106 3614.28985
  7.88418 -6.47610  5.52830 -3.08070
 15.02955 -5.31810  5.52420 -2.55140
  7.02287  1.46720 -2.08340  0.97830
57823.00000
312.00000
 15.75041 -5.31810  5.52420 -2.55140
  7.26485  1.46720 -2.08340  0.97830
  0.97801  0.00000
  10 3614.28985 3876.25000
  7.89505 -6.47610  5.52830 -3.08070
 24.72328-40.46730 51.48320-26.64190
 11.40127-13.78180 17.45750 -9.27770
57823.00000
312.00000
 24.98897-40.46730 51.48320-26.64190
 10.86539-13.78180 17.45750 -9.27770
  0.98056  0.00000
  10 3876.25000 4122.50000
  8.00280 -6.47610  5.52830 -3.08070
 25.35062-40.46730 51.48320-26.64190
 11.16501-13.78180 17.45750 -9.27770
57823.00000
312.00000
 25.37242-40.46730 51.48320-26.64190
 10.99704-13.78180 17.45750 -9.27770
  0.99877  0.00000
  10 4122.50000 4368.75000
  8.03843 -6.47610  5.52830 -3.08070
 24.87899-40.46730 51.48320-26.64190
 11.22474-13.78180 17.45750 -9.27770
57823.00000
312.00000
 25.33293-40.46730 51.48320-26.64190
 11.18784-13.78180 17.45750 -9.27770
  0.97905  0.00000
  10 4368.75000 4615.00000
  8.06838 -6.47610  5.52830 -3.08070
 24.39774-40.46730 51.48320-26.64190
 11.13541-13.78180 17.45750 -9.27770
57823.00000
312.00000
 25.16770-40.46730 51.48320-26.64190
 11.45637-13.78180 17.45750 -9.27770
  0.97660  0.00000
  10 4615.00000 4861.25000
  7.83180 -6.47610  5.52830 -3.08070
 24.72714-40.46730 51.48320-26.64190
 11.00377-13.78180 17.45750 -9.27770
57823.00000
312.00000
 25.29442-40.46730 51.48320-26.64190
 10.98673-13.78180 17.45750 -9.27770
  1.00698  0.00000
  10 4861.25000 5107.50000
  7.96192 -6.47610  5.52830 -3.08070
 25.35015-40.46730 51.48320-26.64190
 11.24553-13.78180 17.45750 -9.27770
57823.00000
312.00000
 25.17864-40.46730 51.48320-26.64190
 11.45563-13.78180 17.45750 -9.27770
  1.01976  0.00000
  10 5107.50000 5353.75000
  7.85748 -6.47610  5.52830 -3.08070
 25.23067-40.46730 51.48320-26.64190
 11.21601-13.78180 17.45750 -9.27770
57823.00000
312.00000
 24.86875-40.46730 51.48320-26.64190
 11.42724-13.78180 17.45750 -9.27770
  0.99916  0.00000
  10 5353.75000 5600.00000
  8.00828 -6.47610  5.52830 -3.08070
 24.70241-40.46730 51.48320-26.64190
 11.39955-13.78180 17.45750 -9.27770
57823.00000
312.00000
 25.32457-40.46730 51.48320-26.64190
 11.06474-13.78180 17.45750 -9.27770
  1.01688  0.00000
   5 5600.00000 5707.70928
  7.93494 -6.47610  5.52830 -3.08070
 29.52597-23.60270  5.52420 -2.55140
 22.60459-17.24730 -2.08340  0.97830
57823.00000
312.00000
 29.73028-23.60270  5.52420 -2.55140
 22.17849-17.24730 -2.08340  0.97830
  1.01045  0.00000
   5 5707.70928 5771.00000
  5.32420 -1.48360  0.00000  0.00000
 18.91157 -9.86720  0.00000  0.00000
 10.02500 -4.93240  0.00000  0.00000
57823.00000
143.00000
 19.37902 -9.86720  0.00000  0.00000
  9.80838 -4.93240  0.00000  0.00000
  1.02165  0.00000
  10 5771.00000 5996.42611
 11.09366 -8.02980  0.00000  0.00000
 39.03239-32.61660  0.00000  0.00000
 22.55399-18.58560  0.00000  0.00000
57823.00000
143.00000
 38.90336-32.61660  0.00000  0.00000
 21.88622-18.58560  0.00000  0.00000
  1.02372  0.00000
  10 5996.42611 6157.48842
  7.15803 -3.80450  0.00000  0.00000
 21.23940-12.25690  0.00000  0.00000
  8.84812 -4.45970  0.00000  0.00000
57823.00000
143.00000
 21.17793-12.25690  0.00000  0.00000
  9.37894 -4.45970  0.00000  0.00000
  1.00441  0.00000
  10 6157.48842 6291.00000
  2.85890  0.69240  0.00000  0.00000
  0.54996  7.21800  0.00000  0.00000
  5.97531 -1.46780  0.00000  0.00000
57823.00000
 80.00000
  3.56301  4.61720  0.00000  0.00000
 -1.32225  5.71760  0.00000  0.00000
  3.38987 -2.47780
   5 6291.00000 6346.60000
  2.75067  0.69240  0.00000  0.00000
  0.96190  7.21800  0.00000  0.00000
  6.18720 -1.46780  0.00000  0.00000
57823.00000
600.00000
  4.06323  4.61720  0.00000  0.00000
 -0.76894  5.71760  0.00000  0.00000
  3.37806 -2.47780
   5 6346.60000 6356.00000
  2.90000  0.00000  0.00000  0.00000
  6.80000  0.00000  0.00000  0.00000
  3.90000  0.00000  0.00000  0.00000
57823.00000
600.00000
  6.80000  0.00000  0.00000  0.00000
  3.90000  0.00000  0.00000  0.00000
  1.00000  0.00000
   5 6356.00000 6368.00000
  2.60000  0.00000  0.00000  0.00000
  5.80000  0.00000  0.00000  0.00000
  3.20000  0.00000  0.00000  0.00000
57823.00000
600.00000
  5.80000  0.00000  0.00000  0.00000
  3.20000  0.00000  0.00000  0.00000
  1.00000  0.00000
   5 6368.00000 6371.00000
  1.02000  0.00000  0.00000  0.00000
  1.45000  0.00000  0.00000  0.00000
  0.00000  0.00000  0.00000  0.00000
57823.00000
  0.00000
  1.45000  0.00000  0.00000  0.00000
  0.00000  0.00000  0.00000  0.00000
  1.00000  0.00000
