ANISOTROPIC_PREM
   1    1.00000  0
    30  40 120 6371.00000
  10    0.00000  305.37500
 13.23655  0.00000 -8.83810  0.00000
 11.45730  0.00000 -6.36400  0.00000
  3.62831  0.00000 -4.44750  0.00000
1327.70000
 84.60000
 11.49218  0.00000 -6.36400  0.00000
  3.67487  0.00000 -4.44750  0.00000
  1.00796  0.00000
  10  305.37500  610.75000
 13.32727  0.00000 -8.83810  0.00000
 11.45985  0.00000 -6.36400  0.00000
  3.69827  0.00000 -4.44750  0.00000
1327.70000
 84.60000
 11.49081  0.00000 -6.36400  0.00000
  3.66244  0.00000 -4.44750  0.00000
  1.00785  0.00000
  10  610.75000  916.12500
 13.21474  0.00000 -8.83810  0.00000
 11.18914  0.00000 -6.36400  0.00000
  3.75016  0.00000 -4.44750  0.00000
1327.70000
 84.60000
 11.22859  0.00000 -6.36400  0.00000
  3.70363  0.00000 -4.44750  0.00000
  1.01765  0.00000
  10  916.12500 1206.20247
 13.53772  0.00000 -8.83810  0.00000
 11.53540  0.00000 -6.36400  0.00000
  3.69641  0.00000 -4.44750  0.00000
1327.70000
 84.60000
 11.45548  0.00000 -6.36400  0.00000
  3.65156  0.00000 -4.44750  0.00000
  0.97967  0.00000
  10 1206.20247 1503.81250
 12.48687 -1.26380 -3.64260 -5.52810
 10.99186 -4.03620  4.80230-13.57320
  0.00000  0.00000  0.00000  0.00000
57823.00000
  0.00000
 11.20673 -4.03620  4.80230-13.57320
  0.00000  0.00000  0.00000  0.00000
  1.00163  0.00000
  10 1503.81250 1786.12500
 12.63132 -1.26380 -3.64260 -5.52810
 11.18025 -4.03620  4.80230-13.57320
  0.00000  0.00000  0.00000  0.00000
57823.00000
  0.00000
 11.09692 -4.03620  4.80230-13.57320
  0.00000  0.00000  0.00000  0.00000
  1.01050  0.00000
  10 1786.12500 2068.43750
 12.82806 -1.26380 -3.64260 -5.52810
 11.02686 -4.03620  4.80230-13.57320
  0.00000  0.00000  0.00000  0.00000
57823.00000
  0.00000
 10.96248 -4.03620  4.80230-13.57320
  0.00000  0.00000  0.00000  0.00000
  0.98896  0.00000
  10 2068.43750 2350.75000
 12.88692 -1.26380 -3.64260 -5.52810
 10.86262 -4.03620  4.80230-13.57320
  0.00000  0.00000  0.00000  0.00000
57823.00000
  0.00000
 10.92543 -4.03620  4.80230-13.57320
  0.00000  0.00000  0.00000  0.00000
  1.00318  0.00000
  10 2350.75000 2633.06250
 12.66343 -1.26380 -3.64260 -5.52810
 11.07703 -4.03620  4.80230-13.57320
  0.00000  0.00000  0.00000  0.00000
57823.00000
  0.00000
 11.16067 -4.03620  4.80230-13.57320
  0.00000  0.00000  0.00000  0.00000
  0.98089  0.00000
  10 2633.06250 2915.37500
 12.85383 -1.26380 -3.64260 -5.52810
 11.14273 -4.03620  4.80230-13.57320
  0.00000  0.00000  0.00000  0.00000
57823.00000
  0.00000
 11.16529 -4.03620  4.80230-13.57320
  0.00000  0.00000  0.00000  0.00000
  0.99554  0.00000
  10 2915.37500 3197.68750
 12.65359 -1.26380 -3.64260 -5.52810
 11.09750 -4.03620  4.80230-13.57320
  0.00000  0.00000  0.00000  0.00000
57823.00000
  0.00000
 10.83946 -4.03620  4.80230-13.57320
  0.00000  0.00000  0.00000  0.00000
  1.00603  0.00000
  10 3197.68750 3427.94015
 12.51541 -1.26380 -3.64260 -5.52810
 10.96524 -4.03620  4.80230-13.57320
  0.00000  0.00000  0.00000  0.00000
57823.00000
  0.00000
 11.15364 -4.03620  4.80230-13.57320
  0.00000  0.00000  0.00000  0.00000
  1.00379  0.00000
  10 3427.94015 3610.91042
  7.77491 -6.47610  5.52830 -3.08070
 15.92095 -5.31810  5.52420 -2.55140
  6.79180  1.46720 -2.08340  0.97830
57823.00000
312.00000
 14.98614 -5.31810  5.52420 -2.55140
  7.23634  1.46720 -2.08340  0.97830
  0.98305  0.00000
  10 3610.91042 3876.25000
  7.84820 -6.47610  5.52830 -3.08070
 25.34837-40.46730 51.48320-26.64190
 10.99906-13.78180 17.45750 -9.27770
57823.00000
312.00000
 24.67023-40.46730 51.48320-26.64190
 11.47142-13.78180 17.45750 -9.27770
  0.98427  0.00000
  10 3876.25000 4122.50000
  8.30633 -6.47610  5.52830 -3.08070
 24.81864-40.46730 51.48320-26.64190
 11.25140-13.78180 17.45750 -9.27770
57823.00000
312.00000
 25.32883-40.46730 51.48320-26.64190
 11.26637-13.78180 17.45750 -9.27770
  0.99611  0.00000
  10 4122.50000 4368.75000
  7.88351 -6.47610  5.52830 -3.08070
 24.66070-40.46730 51.48320-26.64190
 10.86991-13.78180 17.45750 -9.27770
57823.00000
312.00000
 25.10707-40.46730 51.48320-26.64190
 11.06927-13.78180 17.45750 -9.27770
  0.97729  0.00000
  10 4368.75000 4615.00000
  7.79328 -6.47610  5.52830 -3.08070
 25.35873-40.46730 51.48320-26.64190
 11.09637-13.78180 17.45750 -9.27770
57823.00000
312.00000
 25.46936-40.46730 51.48320-26.64190
 11.15456-13.78180 17.45750 -9.27770
  1.02164  0.00000
  10 4615.00000 4861.25000
  8.07906 -6.47610  5.52830 -3.08070
 24.66572-40.46730 51.48320-26.64190
 11.23847-13.78180 17.45750 -9.27770
57823.00000
312.00000
 25.46814-40.46730 51.48320-26.64190
 11.17961-13.78180 17.45750 -9.27770
  0.97775  0.00000
  10 4861.25000 5107.50000
  8.03635 -6.47610  5.52830 -3.08070
 24.66332-40.46730 51.48320-26.64190
 11.21718-13.78180 17.45750 -9.27770
57823.00000
312.00000
 24.53446-40.46730 51.48320-26.64190
 10.87826-13.78180 17.45750 -9.27770
  1.01500  0.00000
  10 5107.50000 5353.75000
  7.94970 -6.47610  5.52830 -3.08070
 24.68091-40.46730 51.48320-26.64190
 11.42109-13.78180 17.45750 -9.27770
57823.00000
312.00000
 24.74406-40.46730 51.48320-26.64190
 10.96515-13.78180 17.45750 -9.27770
  1.02384  0.00000
  10 5353.75000 5600.00000
  8.24163 -6.47610  5.52830 -3.08070
 25.07200-40.46730 51.48320-26.64190
 11.41878-13.78180 17.45750 -9.27770
57823.00000
312.00000
 25.15550-40.46730 51.48320-26.64190
 11.23865-13.78180 17.45750 -9.27770
  1.01218  0.00000
   5 5600.00000 5711.26530
  8.13497 -6.47610  5.52830 -3.08070
 29.03078-23.60270  5.52420 -2.55140
 22.07299-17.24730 -2.08340  0.97830
57823.00000
312.00000
 29.54434-23.60270  5.52420 -2.55140
 22.18898-17.24730 -2.08340  0.97830
  0.98811  0.00000
   5 5711.26530 5771.00000
  5.34427 -1.48360  0.00000  0.00000
 19.46162 -9.86720  0.00000  0.00000
 10.10548 -4.93240  0.00000  0.00000
57823.00000
143.00000
 18.91993 -9.86720  0.00000  0.00000
  9.76125 -4.93240  0.00000  0.00000
  1.01269  0.00000
  10 5771.00000 5961.56856
 11.00362 -8.02980  0.00000  0.00000
 39.28531-32.61660  0.00000  0.00000
 22.79660-18.58560  0.00000  0.00000
57823.00000
143.00000
 39.25162-32.61660  0.00000  0.00000
 22.62503-18.58560  0.00000  0.00000
  0.99761  0.00000
  10 5961.56856 6150.99917
  7.32251 -3.80450  0.00000  0.00000
 21.17305-12.25690  0.00000  0.00000
  8.75882 -4.45970  0.00000  0.00000
57823.00000
143.00000
 20.93774-12.25690  0.00000  0.00000
  8.61134 -4.45970  0.00000  0.00000
  0.99155  0.00000
  10 6150.99917 6291.00000
  2.48152  0.69240  0.00000  0.00000
  0.70346  7.21800  0.00000  0.00000
  5.60062 -1.46780  0.00000  0.00000
57823.00000
 80.00000
  2.98339  4.61720  0.00000  0.00000
 -1.36955  5.71760  0.00000  0.00000
  3.38640 -2.47780
   5 6291.00000 6346.60000
  2.30998  0.69240  0.00000  0.00000
  1.08908  7.21800  0.00000  0.00000
  6.09128 -1.46780  0.00000  0.00000
57823.00000
600.00000
  4.04546  4.61720  0.00000  0.00000
 -0.78659  5.71760  0.00000  0.00000
  3.38266 -2.47780
   5 6346.60000 6356.00000
  2.90000  0.00000  0.00000  0.00000
  6.80000  0.00000  0.00000  0.00000
  3.90000  0.00000  0.00000  0.00000
57823.00000
600.00000
  6.80000  0.00000  0.00000  0.00000
  3.90000  0.00000  0.00000  0.00000
  1.00000  0.00000
   5 6356.00000 6368.00000
  2.60000  0.00000  0.00000  0.00000
  5.80000  0.00000  0.00000  0.00000
  3.20000  0.00000  0.00000  0.00000
57823.00000
600.00000
  5.80000  0.00000  0.00000  0.00000
  3.20000  0.00000  0.00000  0.00000
  1.00000  0.00000
   5 6368.00000 6371.00000
  1.02000  0.00000  0.00000  0.00000
  1.45000  0.00000  0.00000  0.00000
  0.00000  0.00000  0.00000  0.00000
57823.00000
  0.00000
  1.45000  0.00000  0.00000  0.00000
  0.00000  0.00000  0.00000  0.00000
  1.00000  0.00000
