ANISOTROPIC_PREM
   1    1.00000  0
    30  40 120 6371.00000
  10    0.00000  305.37500
 13.32748  0.00000 -8.83810  0.00000
 11.34938  0.00000 -6.36400  0.00000
  3.59186  0.00000 -4.44750  0.00000
1327.70000
 84.60000
 11.38412  0.00000 -6.36400  0.00000
  3.68844  0.00000 -4.44750  0.00000
  1.01242  0.00000
  10  305.37500  610.75000
 13.25051  0.00000 -8.83810  0.00000
 11.15092  0.00000 -6.36400  0.00000
  3.70726  0.00000 -4.44750  0.00000
1327.70000
 84.60000
 11.46033  0.00000 -6.36400  0.00000
  3.62303  0.00000 -4.44750  0.00000
  0.98093  0.00000
  10  610.75000  916.12500
 13.44346  0.00000 -8.83810  0.00000
 11.03039  0.00000 -6.36400  0.00000
  3.57969  0.00000 -4.44750  0.00000
1327.70000
 84.60000
 11.14482  0.00000 -6.36400  0.00000
  3.70386  0.00000 -4.44750  0.00000
  1.01837  0.00000
  10  916.12500 1228.61583
 12.92356  0.00000 -8.83810  0.00000
 11.22601  0.00000 -6.36400  0.00000
  3.64413  0.00000 -4.44750  0.00000
1327.70000
 84.60000
 11.08075  0.00000 -6.36400  0.00000
  3.60216  0.00000 -4.44750  0.00000
  1.02357  0.00000
  10 1228.61583 1503.81250
 12.57201 -1.26380 -3.64260 -5.52810
 11.05178 -4.03620  4.80230-13.57320
  0.00000  0.00000  0.00000  0.00000
57823.00000
  0.00000
 11.09570 -4.03620  4.80230-13.57320
  0.00000  0.00000  0.00000  0.00000
  1.01941  0.00000
  10 1503.81250 1786.12500
 12.62090 -1.26380 -3.64260 -5.52810
 11.23982 -4.03620  4.80230-13.57320
  0.00000  0.00000  0.00000  0.00000
57823.00000
  0.00000
 11.28700 -4.03620  4.80230-13.57320
  0.00000  0.00000  0.00000  0.00000
  0.98539  0.00000
  10 1786.12500 2068.43750
 12.44901 -1.26380 -3.64260 -5.52810
 10.95948 -4.03620  4.80230-13.57320
  0.00000  0.00000  0.00000  0.00000
57823.00000
  0.00000
 11.01344 -4.03620  4.80230-13.57320
  0.00000  0.00000  0.00000  0.00000
  1.02190  0.00000
  10 2068.43750 2350.75000
 12.55600 -1.26380 -3.64260 -5.52810
 10.96179 -4.03620  4.80230-13.57320
  0.00000  0.00000  0.00000  0.00000
57823.00000
  0.00000
 10.84651 -4.03620  4.80230-13.57320
  0.00000  0.00000  0.00000  0.00000
  0.99072  0.00000
  10 2350.75000 2633.06250
 12.87185 -1.26380 -3.64260 -5.52810
 10.84391 -4.03620  4.80230-13.57320
  0.00000  0.00000  0.00000  0.00000
57823.00000
  0.00000
 10.89614 -4.03620  4.80230-13.57320
  0.00000  0.00000  0.00000  0.00000
  0.97768  0.00000
  10 2633.06250 2915.37500
 12.66832 -1.26380 -3.64260 -5.52810
 11.00607 -4.03620  4.80230-13.57320
  0.00000  0.00000  0.00000  0.00000
57823.00000
  0.00000
 11.15820 -4.03620  4.80230-13.57320
  0.00000  0.00000  0.00000  0.00000
  0.97769  0.00000
  10 2915.37500 3197.68750
 12.77748 -1.26380 -3.64260 -5.52810
 10.91090 -4.03620  4.80230-13.57320
  0.00000  0.00000  0.00000  0.00000
57823.00000
  0.00000
 10.86301 -4.03620  4.80230-13.57320
  0.00000  0.00000  0.00000  0.00000
  1.02373  0.00000
  10 3197.68750 3480.80413
 12.51293 -1.26380 -3.64260 -5.52810
 11.08253 -4.03620  4.80230-13.57320
  0.00000  0.00000  0.00000  0.00000
57823.00000
  0.00000
 11.01028 -4.03620  4.80230-13.57320
  0.00000  0.00000  0.00000  0.00000
  0.99755  0.00000
  10 3480.80413 3610.69859
  8.05022 -6.47610  5.52830 -3.08070
 15.32356 -5.31810  5.52420 -2.55140
  7.24255  1.46720 -2.08340  0.97830
57823.00000
312.00000
 15.31029 -5.31810  5.52420 -2.55140
  6.75643  1.46720 -2.08340  0.97830
  1.02093  0.00000
  10 3610.69859 3876.25000
  7.83432 -6.47610  5.52830 -3.08070
 24.56429-40.46730 51.48320-26.64190
 11.13010-13.78180 17.45750 -9.27770
57823.00000
312.00000
 25.50767-40.46730 51.48320-26.64190
 10.97517-13.78180 17.45750 -9.27770
  0.97682  0.00000
  10 3876.25000 4122.50000
  7.83260 -6.47610  5.52830 -3.08070
 24.31197-40.46730 51.48320-26.64190
 11.43710-13.78180 17.45750 -9.27770
57823.00000
312.00000
 24.36293-40.46730 51.48320-26.64190
 11.04980-13.78180 17.45750 -9.27770
  1.01289  0.00000
  10 4122.50000 4368.75000
  8.22672 -6.47610  5.52830 -3.08070
 25.58926-40.46730 51.48320-26.64190
 11.38546-13.78180 17.45750 -9.27770
57823.00000
312.00000
 24.34525-40.46730 51.48320-26.64190
 11.02053-13.78180 17.45750 -9.27770
  0.98185  0.00000
  10 4368.75000 4615.00000
  7.87959 -6.47610  5.52830 -3.08070
 25.55572-40.46730 51.48320-26.64190
 10.95460-13.78180 17.45750 -9.27770
57823.00000
312.00000
 25.46562-40.46730 51.48320-26.64190
 10.90290-13.78180 17.45750 -9.27770
  0.99036  0.00000
  10 4615.00000 4861.25000
  7.84733 -6.47610  5.52830 -3.08070
 24.48274-40.46730 51.48320-26.64190
 11.27576-13.78180 17.45750 -9.27770
57823.00000
312.00000
 24.91589-40.46730 51.48320-26.64190
 10.96039-13.78180 17.45750 -9.27770
  0.99744  0.00000
  10 4861.25000 5107.50000
  7.87705 -6.47610  5.52830 -3.08070
 25.40571-40.46730 51.48320-26.64190
 11.39705-13.78180 17.45750 -9.27770
57823.00000
312.00000
 24.51880-40.46730 51.48320-26.64190
 11.41190-13.78180 17.45750 -9.27770
  1.01657  0.00000
  10 5107.50000 5353.75000
  7.76183 -6.47610  5.52830 -3.08070
 25.52291-40.46730 51.48320-26.64190
 11.26610-13.78180 17.45750 -9.27770
57823.00000
312.00000
 25.27506-40.46730 51.48320-26.64190
 11.25658-13.78180 17.45750 -9.27770
  1.01868  0.00000
  10 5353.75000 5600.00000
  8.01361 -6.47610  5.52830 -3.08070
 24.67089-40.46730 51.48320-26.64190
 11.37772-13.78180 17.45750 -9.27770
57823.00000
312.00000
 24.74137-40.46730 51.48320-26.64190
 11.01383-13.78180 17.45750 -9.27770
  1.01073  0.00000
   5 5600.00000 5679.34306
  7.83391 -6.47610  5.52830 -3.08070
 29.64601-23.60270  5.52420 -2.55140
 22.32076-17.24730 -2.08340  0.97830
57823.00000
312.00000
 29.42599-23.60270  5.52420 -2.55140
 22.58781-17.24730 -2.08340  0.97830
  0.99121  0.00000
   5 5679.34306 5771.00000
  5.30040 -1.48360  0.00000  0.00000
 19.11828 -9.86720  0.00000  0.00000
  9.96970 -4.93240  0.00000  0.00000
57823.00000
143.00000
 19.17504 -9.86720  0.00000  0.00000
 10.09760 -4.93240  0.00000  0.00000
  1.01620  0.00000
  10 5771.00000 5946.86492
 11.47057 -8.02980  0.00000  0.00000
 39.75110-32.61660  0.00000  0.00000
 22.62295-18.58560  0.00000  0.00000
57823.00000
143.00000
 39.09151-32.61660  0.00000  0.00000
 22.20989-18.58560  0.00000  0.00000
  0.98570  0.00000
  10 5946.86492 6146.45719
  7.38677 -3.80450  0.00000  0.00000
 19.67387-12.25690  0.00000  0.00000
  9.05115 -4.45970  0.00000  0.00000
57823.00000
143.00000
 21.01724-12.25690  0.00000  0.00000
  9.40334 -4.45970  0.00000  0.00000
  1.00427  0.00000
  10 6146.45719 6291.00000
  2.47666  0.69240  0.00000  0.00000
  0.77747  7.21800  0.00000  0.00000
  6.10191 -1.46780  0.00000  0.00000
57823.00000
 80.00000
  3.49947  4.61720  0.00000  0.00000
 -1.24466  5.71760  0.00000  0.00000
  3.34637 -2.47780
   5 6291.00000 6346.60000
  2.62178  0.69240  0.00000  0.00000
  1.42056  7.21800  0.00000  0.00000
  5.81731 -1.46780  0.00000  0.00000
57823.00000
600.00000
  3.89647  4.61720  0.00000  0.00000
 -1.12997  5.71760  0.00000  0.00000
  3.38594 -2.47780
   5 6346.60000 6356.00000
  2.90000  0.00000  0.00000  0.00000
  6.80000  0.00000  0.00000  0.00000
  3.90000  0.00000  0.00000  0.00000
57823.00000
600.00000
  6.80000  0.00000  0.00000  0.00000
  3.90000  0.00000  0.00000  0.00000
  1.00000  0.00000
   5 6356.00000 6368.00000
  2.60000  0.00000  0.00000  0.00000
  5.80000  0.00000  0.00000  0.00000
  3.20000  0.00000  0.00000  0.00000
57823.00000
600.00000
  5.80000  0.00000  0.00000  0.00000
  3.20000  0.00000  0.00000  0.00000
  1.00000  0.00000
   5 6368.00000 6371.00000
  1.02000  0.00000  0.00000  0.00000
  1.45000  0.00000  0.00000  0.00000
  0.00000  0.00000  0.00000  0.00000
57823.00000
  0.00000
  1.45000  0.00000  0.00000  0.00000
  0.00000  0.00000  0.00000  0.00000
  1.00000  0.00000
