ANISOTROPIC_PREM
   1    1.00000  0
    30  40 120 6371.00000
  10    0.00000  305.37500
 12.88151  0.00000 -8.83810  0.00000
 11.38749  0.00000 -6.36400  0.00000
  3.68074  0.00000 -4.44750  0.00000
1327.70000
 84.60000
 11.21727  0.00000 -6.36400  0.00000
  3.72747  0.00000 -4.44750  0.00000
  1.01620  0.00000
  10  305.37500  610.75000
 13.15442  0.00000 -8.83810  0.00000
 11.17039  0.00000 -6.36400  0.00000
  3.62223  0.00000 -4.44750  0.00000
1327.70000
 84.60000
 11.33755  0.00000 -6.36400  0.00000
  3.60762  0.00000 -4.44750  0.00000
  0.99055  0.00000
  10  610.75000  916.12500
 13.20846  0.00000 -8.83810  0.00000
 10.99552  0.00000 -6.36400  0.00000
  3.57867  0.00000 -4.44750  0.00000
1327.70000
 84.60000
 11.49193  0.00000 -6.36400  0.00000
  3.62526  0.00000 -4.44750  0.00000
  0.98145  0.00000
  10  916.12500 1208.06242
 13.06517  0.00000 -8.83810  0.00000
 11.37587  0.00000 -6.36400  0.00000
  3.68057  0.00000 -4.44750  0.00000
1327.70000
 84.60000
 11.07072  0.00000 -6.36400  0.00000
  3.72182  0.00000 -4.44750  0.00000
  0.98004  0.00000
  10 1208.06242 1503.81250
 12.45667 -1.26380 -3.64260 -5.52810
 11.07348 -4.03620  4.80230-13.57320
  0.00000  0.00000  0.00000  0.00000
57823.00000
  0.00000
 10.94145 -4.03620  4.80230-13.57320
  0.00000  0.00000  0.00000  0.00000
  1.00860  0.00000
  10 1503.81250 1786.12500
 12.69077 -1.26380 -3.64260 -5.52810
 11.21436 -4.03620  4.80230-13.57320
  0.00000  0.00000  0.00000  0.00000
57823.00000
  0.00000
 11.12302 -4.03620  4.80230-13.57320
  0.00000  0.00000  0.00000  0.00000
  0.98209  0.00000
  10 1786.12500 2068.43750
 12.34443 -1.26380 -3.64260 -5.52810
 10.85840 -4.03620  4.80230-13.57320
  0.00000  0.00000  0.00000  0.00000
57823.00000
  0.00000
 10.88963 -4.03620  4.80230-13.57320
  0.00000  0.00000  0.00000  0.00000
  1.02115  0.00000
  10 2068.43750 2350.75000
 12.68492 -1.26380 -3.64260 -5.52810
 11.28693 -4.03620  4.80230-13.57320
  0.00000  0.00000  0.00000  0.00000
57823.00000
  0.00000
 10.94249 -4.03620  4.80230-13.57320
  0.00000  0.00000  0.00000  0.00000
  0.98725  0.00000
  10 2350.75000 2633.06250
 12.53033 -1.26380 -3.64260 -5.52810
 10.97005 -4.03620  4.80230-13.57320
  0.00000  0.00000  0.00000  0.00000
57823.00000
  0.00000
 11.25355 -4.03620  4.80230-13.57320
  0.00000  0.00000  0.00000  0.00000
  1.01240  0.00000
  10 2633.06250 2915.37500
 12.56832 -1.26380 -3.64260 -5.52810
 10.88249 -4.03620  4.80230-13.57320
  0.00000  0.00000  0.00000  0.00000
57823.00000
  0.00000
 10.96465 -4.03620  4.80230-13.57320
  0.00000  0.00000  0.00000  0.00000
  1.00555  0.00000
  10 2915.37500 3197.68750
 12.62561 -1.26380 -3.64260 -5.52810
 10.84920 -4.03620  4.80230-13.57320
  0.00000  0.00000  0.00000  0.00000
57823.00000
  0.00000
 10.87261 -4.03620  4.80230-13.57320
  0.00000  0.00000  0.00000  0.00000
  0.99224  0.00000
  10 3197.68750 3489.17615
 12.74001 -1.26380 -3.64260 -5.52810
 10.97437 -4.03620  4.80230-13.57320
  0.00000  0.00000  0.00000  0.00000
57823.00000
  0.00000
 11.04842 -4.03620  4.80230-13.57320
  0.00000  0.00000  0.00000  0.00000
  1.00656  0.00000
  10 3489.17615 3628.17277
  7.79522 -6.47610  5.52830 -3.08070
 14.99169 -5.31810  5.52420 -2.55140
  6.68852  1.46720 -2.08340  0.97830
57823.00000
312.00000
 14.80832 -5.31810  5.52420 -2.55140
  7.22655  1.46720 -2.08340  0.97830
  0.97590  0.00000
  10 3628.17277 3876.25000
  8.00227 -6.47610  5.52830 -3.08070
 25.05258-40.46730 51.48320-26.64190
 11.32981-13.78180 17.45750 -9.27770
57823.00000
312.00000
 24.61501-40.46730 51.48320-26.64190
 11.36736-13.78180 17.45750 -9.27770
  1.01322  0.00000
  10 3876.25000 4122.50000
  7.69461 -6.47610  5.52830 -3.08070
 25.55918-40.46730 51.48320-26.64190
 11.25546-13.78180 17.45750 -9.27770
57823.00000
312.00000
 25.55492-40.46730 51.48320-26.64190
 11.34391-13.78180 17.45750 -9.27770
  0.98360  0.00000
  10 4122.50000 4368.75000
  7.86497 -6.47610  5.52830 -3.08070
 24.58488-40.46730 51.48320-26.64190
 11.20583-13.78180 17.45750 -9.27770
57823.00000
312.00000
 25.39473-40.46730 51.48320-26.64190
 10.89508-13.78180 17.45750 -9.27770
  1.00562  0.00000
  10 4368.75000 4615.00000
  8.00562 -6.47610  5.52830 -3.08070
 24.73541-40.46730 51.48320-26.64190
 10.86163-13.78180 17.45750 -9.27770
57823.00000
312.00000
 24.50676-40.46730 51.48320-26.64190
 11.45126-13.78180 17.45750 -9.27770
  0.98088  0.00000
  10 4615.00000 4861.25000
  8.08739 -6.47610  5.52830 -3.08070
 24.66263-40.46730 51.48320-26.64190
 11.09175-13.78180 17.45750 -9.27770
57823.00000
312.00000
 24.63798-40.46730 51.48320-26.64190
 11.43946-13.78180 17.45750 -9.27770
  1.00352  0.00000
  10 4861.25000 5107.50000
  7.92380 -6.47610  5.52830 -3.08070
 24.67622-40.46730 51.48320-26.64190
 11.13113-13.78180 17.45750 -9.27770
57823.00000
312.00000
 24.41565-40.46730 51.48320-26.64190
 11.48795-13.78180 17.45750 -9.27770
  1.01168  0.00000
  10 5107.50000 5353.75000
  7.95828 -6.47610  5.52830 -3.08070
 25.17065-40.46730 51.48320-26.64190
 11.22180-13.78180 17.45750 -9.27770
57823.00000
312.00000
 24.60121-40.46730 51.48320-26.64190
 10.91614-13.78180 17.45750 -9.27770
  1.01483  0.00000
  10 5353.75000 5600.00000
  7.91103 -6.47610  5.52830 -3.08070
 25.39576-40.46730 51.48320-26.64190
 11.29116-13.78180 17.45750 -9.27770
57823.00000
312.00000
 25.30074-40.46730 51.48320-26.64190
 11.09295-13.78180 17.45750 -9.27770
  0.98181  0.00000
   5 5600.00000 5671.15743
  7.82904 -6.47610  5.52830 -3.08070
 29.36851-23.60270  5.52420 -2.55140
 22.47865-17.24730 -2.08340  0.97830
57823.00000
312.00000
 29.72919-23.60270  5.52420 -2.55140
 22.20879-17.24730 -2.08340  0.97830
  0.99884  0.00000
   5 5671.15743 5771.00000
  5.41635 -1.48360  0.00000  0.00000
 18.99427 -9.86720  0.00000  0.00000
 10.03489 -4.93240  0.00000  0.00000
57823.00000
143.00000
 19.22332 -9.86720  0.00000  0.00000
 10.17719 -4.93240  0.00000  0.00000
  0.99555  0.00000
  10 5771.00000 5999.75222
 11.22142 -8.02980  0.00000  0.00000
 39.55946-32.61660  0.00000  0.00000
 22.11164-18.58560  0.00000  0.00000
57823.00000
143.00000
 38.90261-32.61660  0.00000  0.00000
 22.76824-18.58560  0.00000  0.00000
  0.99495  0.00000
  10 5999.75222 6147.95540
  6.88978 -3.80450  0.00000  0.00000
 20.48514-12.25690  0.00000  0.00000
  8.86328 -4.45970  0.00000  0.00000
57823.00000
143.00000
 20.39486-12.25690  0.00000  0.00000
  8.95449 -4.45970  0.00000  0.00000
  1.01653  0.00000
  10 6147.95540 6291.00000
  2.91986  0.69240  0.00000  0.00000
  0.60177  7.21800  0.00000  0.00000
  6.04115 -1.46780  0.00000  0.00000
57823.00000
 80.00000
  3.79426  4.61720  0.00000  0.00000
 -1.27200  5.71760  0.00000  0.00000
  3.35388 -2.47780
   5 6291.00000 6346.60000
  2.93913  0.69240  0.00000  0.00000
  0.54128  7.21800  0.00000  0.00000
  5.83547 -1.46780  0.00000  0.00000
57823.00000
600.00000
  3.10863  4.61720  0.00000  0.00000
 -1.39472  5.71760  0.00000  0.00000
  3.38061 -2.47780
   5 6346.60000 6356.00000
  2.90000  0.00000  0.00000  0.00000
  6.80000  0.00000  0.00000  0.00000
  3.90000  0.00000  0.00000  0.00000
57823.00000
600.00000
  6.80000  0.00000  0.00000  0.00000
  3.90000  0.00000  0.00000  0.00000
  1.00000  0.00000
   5 6356.00000 6368.00000
  2.60000  0.00000  0.00000  0.00000
  5.80000  0.00000  0.00000  0.00000
  3.20000  0.00000  0.00000  0.00000
57823.00000
600.00000
  5.80000  0.00000  0.00000  0.00000
  3.20000  0.00000  0.00000  0.00000
  1.00000  0.00000
   5 6368.00000 6371.00000
  1.02000  0.00000  0.00000  0.00000
  1.45000  0.00000  0.00000  0.00000
  0.00000  0.00000  0.00000  0.00000
57823.00000
  0.00000
  1.45000  0.00000  0.00000  0.00000
  0.00000  0.00000  0.00000  0.00000
  1.00000  0.00000
