ANISOTROPIC_PREM
   1    1.00000  0
    30  40 120 6371.00000
  10    0.00000  305.37500
 13.23064  0.00000 -8.83810  0.00000
 11.47908  0.00000 -6.36400  0.00000
  3.59762  0.00000 -4.44750  0.00000
1327.70000
 84.60000
 11.29980  0.00000 -6.36400  0.00000
  3.57972  0.00000 -4.44750  0.00000
  1.02026  0.00000
  10  305.37500  610.75000
 13.41079  0.00000 -8.83810  0.00000
 11.52977  0.00000 -6.36400  0.00000
  3.70615  0.00000 -4.44750  0.00000
1327.70000
 84.60000
 11.04487  0.00000 -6.36400  0.00000
  3.68836  0.00000 -4.44750  0.00000
  1.02076  0.00000
  10  610.75000  916.12500
 12.93012  0.00000 -8.83810  0.00000
 11.45038  0.00000 -6.36400  0.00000
  3.61456  0.00000 -4.44750  0.00000
1327.70000
 84.60000
 11.01799  0.00000 -6.36400  0.00000
  3.62267  0.00000 -4.44750  0.00000
  0.98708  0.00000
  10  916.12500 1203.16787
 13.19848  0.00000 -8.83810  0.00000
 11.08533  0.00000 -6.36400  0.00000
  3.66609  0.00000 -4.44750  0.00000
1327.70000
 84.60000
 11.30361  0.00000 -6.36400  0.00000
  3.60216  0.00000 -4.44750  0.00000
  0.97594  0.00000
  10 1203.16787 1503.81250
 12.64135 -1.26380 -3.64260 -5.52810
 11.10952 -4.03620  4.80230-13.57320
  0.00000  0.00000  0.00000  0.00000
57823.00000
  0.00000
 11.04125 -4.03620  4.80230-13.57320
  0.00000  0.00000  0.00000  0.00000
  1.00851  0.00000
  10 1503.81250 1786.12500
 12.71100 -1.26380 -3.64260 -5.52810
 11.03664 -4.03620  4.80230-13.57320
  0.00000  0.00000  0.00000  0.00000
57823.00000
  0.00000
 10.94849 -4.03620  4.80230-13.57320
  0.00000  0.00000  0.00000  0.00000
  0.98853  0.00000
  10 1786.12500 2068.43750
 12.83763 -1.26380 -3.64260 -5.52810
 11.00130 -4.03620  4.80230-13.57320
  0.00000  0.00000  0.00000  0.00000
57823.00000
  0.00000
 10.82110 -4.03620  4.80230-13.57320
  0.00000  0.00000  0.00000  0.00000
  0.97572  0.00000
  10 2068.43750 2350.75000
 12.49648 -1.26380 -3.64260 -5.52810
 11.16553 -4.03620  4.80230-13.57320
  0.00000  0.00000  0.00000  0.00000
57823.00000
  0.00000
 11.11337 -4.03620  4.80230-13.57320
  0.00000  0.00000  0.00000  0.00000
  0.97986  0.00000
  10 2350.75000 2633.06250
 12.44355 -1.26380 -3.64260 -5.52810
 11.20177 -4.03620  4.80230-13.57320
  0.00000  0.00000  0.00000  0.00000
57823.00000
  0.00000
 10.87228 -4.03620  4.80230-13.57320
  0.00000  0.00000  0.00000  0.00000
  0.99594  0.00000
  10 2633.06250 2915.37500
 12.52843 -1.26380 -3.64260 -5.52810
 11.13190 -4.03620  4.80230-13.57320
  0.00000  0.00000  0.00000  0.00000
57823.00000
  0.00000
 10.82694 -4.03620  4.80230-13.57320
  0.00000  0.00000  0.00000  0.00000
  0.98103  0.00000
  10 2915.37500 3197.68750
 12.71124 -1.26380 -3.64260 -5.52810
 10.89144 -4.03620  4.80230-13.57320
  0.00000  0.00000  0.00000  0.00000
57823.00000
  0.00000
 10.95134 -4.03620  4.80230-13.57320
  0.00000  0.00000  0.00000  0.00000
  0.98535  0.00000
  10 3197.68750 3473.58821
 12.69491 -1.26380 -3.64260 -5.52810
 11.13286 -4.03620  4.80230-13.57320
  0.00000  0.00000  0.00000  0.00000
57823.00000
  0.00000
 10.96635 -4.03620  4.80230-13.57320
  0.00000  0.00000  0.00000  0.00000
  1.01225  0.00000
  10 3473.58821 3630.72146
  7.90459 -6.47610  5.52830 -3.08070
 14.78478 -5.31810  5.52420 -2.55140
  6.65343  1.46720 -2.08340  0.97830
57823.00000
312.00000
 14.95119 -5.31810  5.52420 -2.55140
  7.25343  1.46720 -2.08340  0.97830
  0.99778  0.00000
  10 3630.72146 3876.25000
  8.22224 -6.47610  5.52830 -3.08070
 24.53609-40.46730 51.48320-26.64190
 11.21236-13.78180 17.45750 -9.27770
57823.00000
312.00000
 24.36600-40.46730 51.48320-26.64190
 10.98513-13.78180 17.45750 -9.27770
  0.98068  0.00000
  10 3876.25000 4122.50000
  7.93023 -6.47610  5.52830 -3.08070
 25.51468-40.46730 51.48320-26.64190
 11.00191-13.78180 17.45750 -9.27770
57823.00000
312.00000
 25.32187-40.46730 51.48320-26.64190
 11.06499-13.78180 17.45750 -9.27770
  0.98577  0.00000
  10 4122.50000 4368.75000
  7.89108 -6.47610  5.52830 -3.08070
 24.82898-40.46730 51.48320-26.64190
 11.35935-13.78180 17.45750 -9.27770
57823.00000
312.00000
 24.82334-40.46730 51.48320-26.64190
 10.85181-13.78180 17.45750 -9.27770
  1.02151  0.00000
  10 4368.75000 4615.00000
  8.06255 -6.47610  5.52830 -3.08070
 24.50620-40.46730 51.48320-26.64190
 10.94664-13.78180 17.45750 -9.27770
57823.00000
312.00000
 24.62981-40.46730 51.48320-26.64190
 10.98702-13.78180 17.45750 -9.27770
  0.97539  0.00000
  10 4615.00000 4861.25000
  7.75062 -6.47610  5.52830 -3.08070
 25.17754-40.46730 51.48320-26.64190
 11.35849-13.78180 17.45750 -9.27770
57823.00000
312.00000
 24.98141-40.46730 51.48320-26.64190
 11.42577-13.78180 17.45750 -9.27770
  1.00709  0.00000
  10 4861.25000 5107.50000
  7.90774 -6.47610  5.52830 -3.08070
 24.54663-40.46730 51.48320-26.64190
 11.23867-13.78180 17.45750 -9.27770
57823.00000
312.00000
 24.65685-40.46730 51.48320-26.64190
 11.47490-13.78180 17.45750 -9.27770
  1.00723  0.00000
  10 5107.50000 5353.75000
  8.08276 -6.47610  5.52830 -3.08070
 25.12523-40.46730 51.48320-26.64190
 10.86992-13.78180 17.45750 -9.27770
57823.00000
312.00000
 25.36327-40.46730 51.48320-26.64190
 11.26829-13.78180 17.45750 -9.27770
  1.00901  0.00000
  10 5353.75000 5600.00000
  8.07610 -6.47610  5.52830 -3.08070
 24.67169-40.46730 51.48320-26.64190
 11.20587-13.78180 17.45750 -9.27770
57823.00000
312.00000
 24.93338-40.46730 51.48320-26.64190
 11.03858-13.78180 17.45750 -9.27770
  1.00391  0.00000
   5 5600.00000 5714.11823
  7.86114 -6.47610  5.52830 -3.08070
 28.77631-23.60270  5.52420 -2.55140
 22.44834-17.24730 -2.08340  0.97830
57823.00000
312.00000
 29.41094-23.60270  5.52420 -2.55140
 22.07741-17.24730 -2.08340  0.97830
  1.01423  0.00000
   5 5714.11823 5771.00000
  5.19601 -1.48360  0.00000  0.00000
 19.56415 -9.86720  0.00000  0.00000
 10.22691 -4.93240  0.00000  0.00000
57823.00000
143.00000
 19.57880 -9.86720  0.00000  0.00000
 10.18591 -4.93240  0.00000  0.00000
  1.01609  0.00000
  10 5771.00000 5985.18440
 11.22726 -8.02980  0.00000  0.00000
 38.86586-32.61660  0.00000  0.00000
 22.65003-18.58560  0.00000  0.00000
57823.00000
143.00000
 39.42209-32.61660  0.00000  0.00000
 21.99088-18.58560  0.00000  0.00000
  1.00734  0.00000
  10 5985.18440 6159.36527
  6.99361 -3.80450  0.00000  0.00000
 20.41520-12.25690  0.00000  0.00000
  9.18535 -4.45970  0.00000  0.00000
57823.00000
143.00000
 19.91172-12.25690  0.00000  0.00000
  8.73266 -4.45970  0.00000  0.00000
  0.98398  0.00000
  10 6159.36527 6291.00000
  2.80956  0.69240  0.00000  0.00000
  0.64412  7.21800  0.00000  0.00000
  5.85624 -1.46780  0.00000  0.00000
57823.00000
 80.00000
  4.17239  4.61720  0.00000  0.00000
 -1.05137  5.71760  0.00000  0.00000
  3.37944 -2.47780
   5 6291.00000 6346.60000
  2.53348  0.69240  0.00000  0.00000
  1.02349  7.21800  0.00000  0.00000
  5.55624 -1.46780  0.00000  0.00000
57823.00000
600.00000
  3.69751  4.61720  0.00000  0.00000
 -1.25434  5.71760  0.00000  0.00000
  3.35889 -2.47780
   5 6346.60000 6356.00000
  2.90000  0.00000  0.00000  0.00000
  6.80000  0.00000  0.00000  0.00000
  3.90000  0.00000  0.00000  0.00000
57823.00000
600.00000
  6.80000  0.00000  0.00000  0.00000
  3.90000  0.00000  0.00000  0.00000
  1.00000  0.00000
   5 6356.00000 6368.00000
  2.60000  0.00000  0.00000  0.00000
  5.80000  0.00000  0.00000  0.00000
  3.20000  0.00000  0.00000  0.00000
57823.00000
600.00000
  5.80000  0.00000  0.00000  0.00000
  3.20000  0.00000  0.00000  0.00000
  1.00000  0.00000
   5 6368.00000 6371.00000
  1.02000  0.00000  0.00000  0.00000
  1.45000  0.00000  0.00000  0.00000
  0.00000  0.00000  0.00000  0.00000
57823.00000
  0.00000
  1.45000  0.00000  0.00000  0.00000
  0.00000  0.00000  0.00000  0.00000
  1.00000  0.00000
