    0 t    2    6.186666       0.3863752        2588.158        9.333008        257.5701      -0.2598884E-09
    0 t    3    6.822118       0.5964854        1676.487        7.714842        246.9564       0.9180559E-10
    0 t    4    6.922334       0.7781756        1285.057        6.873157        234.8666       0.5986773E-09
    0 t    5    6.860205       0.9425672        1060.932        6.302425        222.6636       0.9778348E-09
    0 t    6    6.742867        1.094890        913.3338        5.896056        211.2087       0.1209383E-08
    0 t    7    6.610405        1.238517        807.4175        5.598806        200.8419       0.1380290E-08
    0 t    8    6.478652        1.375676        726.9155        5.373176        191.6118       0.1638305E-08
    0 t    9    6.353557        1.507832        663.2036        5.195085        183.4558       0.1510148E-08
    0 t   10    6.237001        1.635979        611.2549        5.050088        176.2815       0.1471386E-08
    0 t   11    6.129232        1.760826        567.9153        4.929675        169.9919       0.6816579E-09
    0 t   12    6.029884        1.882918        531.0905        4.828635        164.4923       0.5238801E-09
    0 t   13    5.938383        2.002694        499.3275        4.743484        159.6915       0.6170894E-09
    0 t   14    5.854110        2.120515        471.5835        4.671649        155.5037       0.1154821E-08
    0 t   15    5.776455        2.236689        447.0894        4.611059        151.8499       0.8537798E-09
    0 t   16    5.704842        2.351474        425.2652        4.559972        148.6584       0.9577808E-09
    0 t   17    5.638734        2.465087        405.6653        4.516889        145.8658       0.1741049E-08
    0 t   18    5.577635        2.577711        387.9410        4.480517        143.4165       0.1910258E-08
    0 t   19    5.521088        2.689502        371.8161        4.449746        141.2624       0.3013609E-08
    0 t   20    5.468677        2.800584        357.0683        4.423631        139.3623       0.3260556E-08
    0 t   21    5.420022        2.911066        343.5168        4.401373        137.6810       0.2602840E-08
    0 t   22    5.374778        3.021034        331.0125        4.382301        136.1887       0.3021737E-08
    0 t   23    5.332632        3.130560        319.4317        4.365856        134.8600       0.3223320E-08
    0 t   24    5.293303        3.239705        308.6701        4.351574        133.6735       0.2080569E-08
    1 t    1    32.90381        1.232963        811.0544        2.714913        259.0880       0.1020275E-10
    1 t    2    21.15656        1.321288        756.8371        4.304688        255.2141       0.1320282E-10
    1 t    3    16.53489        1.445712        691.7005        5.584053        251.0318       0.1712174E-10
    1 t    4    14.20933        1.597344        626.0391        6.470133        246.5714       0.2048121E-09
    1 t    5    12.85260        1.765900        566.2834        6.939079        241.2212       0.3538583E-09
    1 t    6    11.95630        1.941434        515.0832        7.042322        234.7262       0.3827675E-09
    1 t    7    11.29470        2.116159        472.5543        6.897612        227.7661       0.3368332E-09
    1 t    8    10.76440        2.285711        437.5006        6.652045        221.5748       0.2729512E-09
    1 t    9    10.31996        2.449142        408.3062        6.421953        217.0417       0.2757868E-09
    1 t   10    9.941243        2.607609        383.4930        6.258298        214.3076       0.3643977E-09
    1 t   11    9.617178        2.762855        361.9445        6.161986        213.0288       0.7558614E-09
    1 t   12    9.339351        2.916347        342.8947        6.114695        212.7436       0.7729169E-09
    1 t   13    9.100388        3.069066        325.8320        6.097295        213.0519       0.3059028E-09
    1 t   14    8.893790        3.221569        310.4078        6.095548        213.6535       0.9024478E-10
    1 t   15    8.713980        3.374122        296.3734        6.100165        214.3346       0.2461918E-09
    1 t   16    8.556288        3.526808        283.5425        6.105456        214.9451       0.5296996E-09
    1 t   17    8.416855        3.679599        271.7688        6.108063        215.3810       0.7487484E-09
    1 t   18    8.292520        3.832400        260.9331        6.106056        215.5703       0.1157076E-08
    1 t   19    8.180693        3.985082        250.9359        6.098364        215.4646       0.1840467E-08
    1 t   20    8.079252        4.137495        241.6921        6.084425        215.0329       0.1364029E-08
    1 t   21    7.986450        4.289481        233.1284        6.063993        214.2579       0.9905436E-09
    1 t   22    7.900845        4.440875        225.1808        6.037022        213.1338       0.1502339E-08
    1 t   23    7.821243        4.591517        217.7930        6.003615        211.6648       0.8186819E-09
    1 t   24    7.746651        4.741247        210.9150        5.963998        209.8646       0.4278828E-09
    2 t    1    57.05588        2.137983        467.7307        1.300322        201.0793      -0.1445747E-09
    2 t    2    34.92817        2.181365        458.4285        2.167883        202.3409      -0.1272929E-09
    2 t    3    25.69395        2.246526        445.1317        3.042803        204.6012      -0.1036740E-09
    2 t    4    20.76042        2.333787        428.4881        3.936704        208.2710      -0.8800450E-10
    2 t    5    17.78613        2.443750        409.2072        4.858063        213.7854      -0.7432220E-10
    2 t    6    15.87035        2.576988        388.0499        5.792013        221.3446      -0.6018443E-10
    2 t    7    14.58789        2.733167        365.8760        6.678663        230.4913      -0.4204330E-10
    2 t    8    13.70419        2.909944        343.6492        7.423318        239.9219       0.5613497E-10
    2 t    9    13.07381        3.102690        322.3010        7.946738        248.0099       0.6088463E-09
    2 t   10    12.60156        3.305415        302.5339        8.221564        253.5948       0.8991045E-09
    2 t   11    12.22504        3.512049        284.7341        8.264773        256.2312       0.4343736E-09
    2 t   12    11.90428        3.717282        269.0137        8.117947        255.9990       0.4868681E-09
    2 t   13    11.61484        3.917055        255.2938        7.838612        253.3360       0.4041756E-09
    2 t   14    11.34340        4.108884        243.3751        7.493603        248.9466       0.3857782E-09
    2 t   15    11.08427        4.291919        232.9960        7.143744        243.6253       0.1758746E-09
    2 t   16    10.83625        4.466584        223.8848        6.828391        238.0306       0.3021850E-09
    2 t   17    10.59994        4.633977        215.7973        6.562923        232.5755       0.3136982E-09
    2 t   18    10.37618        4.795366        208.5347        6.347081        227.4661       0.1972224E-09
    2 t   19    10.16543        4.951913        201.9421        6.174285        222.7875      -0.7564614E-10
    2 t   20    9.967712        5.104602        195.9017        6.037082        218.5701       0.6090697E-10
    2 t   21    9.782703        5.254240        190.3225        5.929167        214.8230       0.2121114E-09
    2 t   22    9.609902        5.401495        185.1339        5.845693        211.5470       0.5738558E-09
    2 t   23    9.448708        5.546932        180.2798        5.783003        208.7393       0.6492090E-09
    2 t   24    9.298490        5.691032        175.7151        5.738262        206.3939       0.5142105E-09
    3 t    1    85.07701        3.187983        313.6780       0.9869157        223.6611      -0.6626953E-10
    3 t    2    51.57154        3.220792        310.4827        1.633713        224.5682      -0.6661764E-10
    3 t    3    37.39495        3.269591        305.8486        2.264385        225.8542      -0.6728786E-10
    3 t    4    29.65712        3.333912        299.9480        2.873738        227.4350      -0.6843979E-10
    3 t    5    24.84176        3.413167        292.9830        3.457981        229.2091      -0.7026769E-10
    3 t    6    21.59598        3.506702        285.1682        4.015318        231.0697      -0.7118305E-10
    3 t    7    19.28839        3.613848        276.7134        4.546580        232.9216      -0.7230817E-10
    3 t    8    17.58499        3.733994        267.8098        5.055734        234.7019      -0.7904641E-10
    3 t    9    16.29299        3.866669        258.6205        5.549770        236.4011      -0.7951282E-10
    3 t   10    15.29381        4.011599        249.2772        6.036965        238.0749      -0.7582107E-10
    3 t   11    14.51072        4.168687        239.8837        6.522024        239.8280      -0.7912697E-10
    3 t   12    13.89150        4.337821        230.5305        6.997585        241.7430      -0.8616827E-10
    3 t   13    13.39815        4.518467        221.3140        7.436243        243.7525       0.1641010E-09
    3 t   14    13.00059        4.709162        212.3520        7.792869        245.5311       0.6771640E-09
    3 t   15    12.67345        4.907259        203.7798        8.021725        246.5306       0.1009839E-08
    3 t   16    12.39524        5.109181        195.7261        8.096631        246.1777       0.3388994E-09
    3 t   17    12.14870        5.311050        188.2867        8.020053        244.1087       0.3072886E-09
    3 t   18    11.92119        5.509392        181.5082        7.820826        240.3341       0.9672548E-10
    3 t   19    11.70461        5.701696        175.3864        7.545275        235.2723       0.8795057E-10
    3 t   20    11.49488        5.886686        169.8749        7.243236        229.6022       0.4760498E-10
    3 t   21    11.29078        6.064221        164.9016        6.953851        224.0010       0.7557046E-11
    3 t   22    11.09268        6.234927        160.3868        6.699027        218.9447      -0.2507874E-09
    3 t   23    10.90146        6.399781        156.2553        6.485938        214.6674      -0.7496647E-10
    3 t   24    10.71799        6.559821        152.4432        6.313156        211.2220      -0.1093133E-09
    4 t    1    114.1255        4.276479        233.8372       0.7090033        223.7141      -0.2858352E-09
    4 t    2    68.85316        4.300079        232.5539        1.176690        223.7366      -0.2785743E-09
    4 t    3    49.58360        4.335295        230.6648        1.637172        223.7569      -0.2865391E-09
    4 t    4    38.97974        4.381915        228.2107        2.088080        223.7606      -0.2786872E-09
    4 t    5    32.31292        4.439677        225.2416        2.527517        223.7302      -0.2709840E-09
    4 t    6    27.76415        4.508274        221.8144        2.954125        223.6469      -0.2595045E-09
    4 t    7    24.48445        4.587375        217.9896        3.367127        223.4923      -0.2537886E-09
    4 t    8    22.02430        4.676635        213.8289        3.766336        223.2497      -0.2534511E-09
    4 t    9    20.12344        4.775715        209.3927        4.152138        222.9062      -0.2546905E-09
    4 t   10    18.62085        4.884288        204.7381        4.525491        222.4551      -0.2578824E-09
    4 t   11    17.41160        5.002063        199.9175        4.887948        221.8996      -0.2633645E-09
    4 t   12    16.42451        5.128791        194.9777        5.241715        221.2597      -0.2686611E-09
    4 t   13    15.60967        5.264292        189.9590        5.589702        220.5815      -0.2669988E-09
    4 t   14    14.93115        5.408463        184.8954        5.935293        219.9507      -0.2514742E-09
    4 t   15    14.36252        5.561282        179.8147        6.281323        219.5037      -0.2392333E-09
    4 t   16    13.88384        5.722765        174.7407        6.627487        219.4245      -0.2533177E-09
    4 t   17    13.47951        5.892841        169.6974        6.966018        219.9083      -0.2664158E-09
    4 t   18    13.13661        6.071102        164.7147        7.277905        221.0845      -0.3062213E-10
    4 t   19    12.84361        6.256540        159.8328        7.534939        222.9333       0.1065155E-08
    4 t   20    12.58985        6.447432        155.1005        7.710704        225.2755       0.3778197E-09
    4 t   21    12.36572        6.641565        150.5669        7.794203        227.8587       0.1873689E-09
    4 t   22    12.16332        6.836711        146.2692        7.794833        230.4612       0.2022286E-09
    4 t   23    11.97680        7.031066        142.2259        7.735605        232.9260      -0.2013440E-09
    4 t   24    11.80229        7.223456        138.4379        7.641603        235.1336       0.2419321E-09
