    0 t    2    6.140141       0.3834695        2607.769        9.252656        255.0678       0.1336248E-08
    0 t    3    6.764863       0.5914793        1690.676        7.623844        243.1843      -0.1264350E-09
    0 t    4    6.854999       0.7706061        1297.680        6.757628        229.9148       0.2691885E-09
    0 t    5    6.781381       0.9317370        1073.264        6.156795        216.8275       0.5934254E-09
    0 t    6    6.651411        1.080040        925.8920        5.720579        204.8504       0.7861531E-09
    0 t    7    6.505928        1.218942        820.3836        5.397298        194.2996       0.7087524E-09
    0 t    8    6.361460        1.350791        740.3068        5.151066        185.1641       0.2163137E-08
    0 t    9    6.224462        1.477195        676.9585        4.958159        177.3151       0.1220457E-08
    0 t   10    6.097115        1.599286        625.2789        4.803730        170.5978       0.1463465E-08
    0 t   11    5.979816        1.717901        582.1057        4.678455        164.8610       0.8205278E-09
    0 t   12    5.872221        1.833686        545.3497        4.576150        159.9665       0.7405900E-09
    0 t   13    5.773705        1.947156        513.5694        4.492387        155.7909       0.8266524E-09
    0 t   14    5.683545        2.058732        485.7358        4.423774        152.2261       0.7342452E-09
    0 t   15    5.601012        2.168756        461.0938        4.367600        149.1787       0.6285394E-09
    0 t   16    5.525403        2.277511        439.0759        4.321651        146.5692       0.4136954E-09
    0 t   17    5.456062        2.385228        419.2472        4.284100        144.3302       0.2500591E-09
    0 t   18    5.392383        2.492097        401.2685        4.253443        142.4052       0.4132234E-10
    0 t   19    5.333817        2.598276        384.8706        4.228444        140.7466       0.2756801E-10
    0 t   20    5.279865        2.703891        369.8374        4.208086        139.3150       0.2843779E-10
    0 t   21    5.230079        2.809048        355.9925        4.191538        138.0770       0.2621068E-10
    0 t   22    5.184057        2.913834        343.1904        4.178118        137.0048       0.2914704E-10
    0 t   23    5.141440        3.018319        331.3102        4.167271        136.0751       0.3213884E-10
    0 t   24    5.101905        3.122561        320.2499        4.158543        135.2682       0.3516957E-10
    1 t    1    32.74636        1.227063        814.9543        2.666755        254.7564       0.4164704E-10
    1 t    2    21.03854        1.313918        761.0826        4.238084        252.3212      -0.1058621E-11
    1 t    3    16.43135        1.436659        696.0592        5.520451        250.0267       0.6362525E-11
    1 t    4    14.11765        1.587039        630.1044        6.439099        247.7880       0.9131200E-10
    1 t    5    12.77750        1.755582        569.6115        6.975140        244.8770       0.1385387E-09
    1 t    6    11.90552        1.933188        517.2802        7.176122        240.7849       0.2405188E-09
    1 t    7    11.27573        2.112606        473.3491        7.138046        235.7236       0.3936054E-09
    1 t    8    10.78116        2.289271        436.8203        6.973937        230.4492       0.6348230E-09
    1 t    9    10.37113        2.461286        406.2917        6.778522        225.7001       0.6049792E-09
    1 t   10    10.02138        2.628629        380.4264        6.605382        221.7987       0.4235164E-09
    1 t   11    9.719021        2.792112        358.1518        6.469826        218.6639       0.2050944E-09
    1 t   12    9.455544        2.952630        338.6811        6.366340        216.0258       0.1619998E-10
    1 t   13    9.224268        3.110844        321.4562        6.283454        213.6004       0.1522947E-09
    1 t   14    9.019581        3.267134        306.0787        6.210861        211.1648       0.3096180E-09
    1 t   15    8.836751        3.421660        292.2558        6.141332        208.5724       0.7400165E-09
    1 t   16    8.671846        3.574440        279.7641        6.070511        205.7439       0.9589778E-09
    1 t   17    8.521648        3.725411        268.4268        5.996199        202.6529       0.8493125E-09
    1 t   18    8.383558        3.874473        258.0996        5.917672        199.3115       0.7227129E-09
    1 t   19    8.255502        4.021524        248.6620        5.835174        195.7584       0.6771579E-09
    1 t   20    8.135835        4.166473        240.0112        5.749545        192.0489       0.7787714E-09
    1 t   21    8.023268        4.309256        232.0586        5.661952        188.2456       0.6523235E-09
    1 t   22    7.916796        4.449841        224.7271        5.573687        184.4119       0.7486940E-09
    1 t   23    7.815639        4.588227        217.9491        5.486021        180.6066       0.8742741E-09
    1 t   24    7.719195        4.724443        211.6652        5.400100        176.8804       0.9182785E-09
    2 t    1    57.60032        2.158384        463.3096        1.336730        199.9744      -0.1641263E-09
    2 t    2    35.27301        2.202901        453.9468        2.220288        201.2657      -0.1473863E-09
    2 t    3    25.95582        2.269423        440.6407        3.095574        203.4143      -0.1228865E-09
    2 t    4    20.97351        2.357741        424.1348        3.962615        206.6234      -0.9719594E-10
    2 t    5    17.95984        2.467616        405.2494        4.817459        211.0538      -0.7489117E-10
    2 t    6    16.00315        2.598551        384.8298        5.641397        216.6707      -0.4168263E-10
    2 t    7    14.67390        2.749282        363.7313        6.391070        223.0380       0.7578384E-10
    2 t    8    13.73830        2.917189        342.7958        7.004168        229.2381       0.8438489E-10
    2 t    9    13.05456        3.098120        322.7764        7.426053        234.1414       0.7577257E-10
    2 t   10    12.53117        3.286953        304.2331        7.636280        236.9065       0.2351951E-09
    2 t   11    12.10848        3.478563        287.4751        7.654317        237.3078       0.4365355E-09
    2 t   12    11.74872        3.668709        272.5754        7.529086        235.7222       0.2199454E-09
    2 t   13    11.42960        3.854581        259.4315        7.323038        232.8873      -0.2406003E-10
    2 t   14    11.13920        4.034915        247.8367        7.094570        229.5850       0.2686577E-09
    2 t   15    10.87194        4.209703        237.5465        6.884438        226.4002       0.7250739E-09
    2 t   16    10.62544        4.379692        228.3266        6.712396        223.6489       0.5459753E-09
    2 t   17    10.39849        4.545909        219.9780        6.582517        221.4366       0.8852299E-09
    2 t   18    10.19009        4.709366        212.3428        6.490588        219.7484       0.5497944E-09
    2 t   19    9.999180        4.870926        205.2998        6.429398        218.5154       0.4005556E-09
    2 t   20    9.824501        5.031262        198.7573        6.391424        217.6486       0.4323745E-09
    2 t   21    9.664711        5.190866        192.6461        6.369864        217.0548      -0.5373120E-10
    2 t   22    9.518421        5.350076        186.9132        6.358906        216.6423      -0.4286793E-10
    2 t   23    9.384254        5.509093        181.5181        6.353720        216.3238      -0.2229629E-10
    2 t   24    9.260877        5.668012        176.4287        6.350362        216.0187      -0.1554751E-10
    3 t    1    84.11896        3.152083        317.2505       0.9695769        207.2529      -0.6504144E-10
    3 t    2    50.98772        3.184331        314.0377        1.606263        208.0953      -0.6154378E-10
    3 t    3    36.96895        3.232344        309.3730        2.229151        209.3186      -0.5966748E-10
    3 t    4    29.31744        3.295726        303.4232        2.834247        210.8815      -0.5770136E-10
    3 t    5    24.55667        3.373997        296.3844        3.419120        212.7415      -0.5601683E-10
    3 t    6    21.34925        3.466639        288.4639        3.983326        214.8657      -0.5311129E-10
    3 t    7    19.07119        3.573152        279.8649        4.528603        217.2426      -0.5320278E-10
    3 t    8    17.39242        3.693104        270.7749        5.058428        219.8907      -0.5459143E-10
    3 t    9    16.12227        3.826154        261.3591        5.576235        222.8521      -0.6151332E-10
    3 t   10    15.14287        3.972006        251.7619        6.081531        226.1582      -0.6810496E-10
    3 t   11    14.37692        4.130249        242.1161        6.564274        229.7549      -0.7361286E-10
    3 t   12    13.77055        4.300052        232.5553        7.000969        233.4112       0.1617334E-09
    3 t   13    13.28366        4.479857        223.2214        7.358412        236.6885       0.2211927E-09
    3 t   14    12.88498        4.667283        214.2574        7.606638        239.0475       0.4367953E-10
    3 t   15    12.54983        4.859393        205.7870        7.732709        240.0539      -0.8729970E-10
    3 t   16    12.25942        5.053199        197.8944        7.745149        239.5344       0.2345035E-09
    3 t   17    12.00021        5.246136        190.6165        7.667893        237.5935       0.3964029E-09
    3 t   18    11.76309        5.436326        183.9478        7.530015        234.5235       0.2190392E-09
    3 t   19    11.54222        5.622589        177.8540        7.357418        230.6913      -0.8636434E-10
    3 t   20    11.33403        5.804312        172.2857        7.169302        226.4601      -0.9132336E-10
    3 t   21    11.13636        5.981281        167.1883        6.978767        222.1545       0.5517955E-10
    3 t   22    10.94791        6.153556        162.5077        6.795048        218.0498       0.3398416E-09
    3 t   23    10.76795        6.321401        158.1928        6.625276        214.3652       0.3392294E-09
    3 t   24    10.59613        6.485237        154.1964        6.475073        211.2550       0.3491628E-09
    4 t    1    111.3335        4.171859        239.7013       0.6892388        208.0244      -0.2340565E-09
    4 t    2    67.16802        4.194837        238.3883        1.147300        208.3990      -0.2317433E-09
    4 t    3    48.37078        4.229253        236.4484        1.603424        208.9565      -0.2284739E-09
    4 t    4    38.02912        4.275052        233.9153        2.057229        209.6918      -0.2244767E-09
    4 t    5    31.53049        4.332174        230.8310        2.508659        210.5989      -0.2152016E-09
    4 t    6    27.10082        4.400563        227.2436        2.957978        211.6702      -0.2273836E-09
    4 t    7    23.91228        4.480173        223.2057        3.405706        212.8961      -0.2188508E-09
    4 t    8    21.52667        4.570969        218.7720        3.852459        214.2643      -0.2261785E-09
    4 t    9    19.69036        4.672935        213.9983        4.298697        215.7573      -0.2180925E-09
    4 t   10    18.24635        4.786058        208.9402        4.744342        217.3501      -0.2071430E-09
    4 t   11    17.09222        4.910310        203.6531        5.188193        219.0072      -0.1967513E-09
    4 t   12    16.15814        5.045612        198.1920        5.627043        220.6777      -0.1493440E-09
    4 t   13    15.39462        5.191766        192.6127        6.054375        222.2890      -0.1428529E-09
    4 t   14    14.76521        5.348353        186.9735        6.458717        223.7386      -0.1422859E-09
    4 t   15    14.24193        5.514588        181.3372        6.822376        224.8881      -0.1424622E-09
    4 t   16    13.80234        5.689174        175.7725        7.122231        225.5766       0.6185097E-10
    4 t   17    13.42775        5.870212        170.3516        7.334756        225.6777       0.3987003E-09
    4 t   18    13.10244        6.055311        165.1443        7.445803        225.2065       0.9391496E-10
    4 t   19    12.81367        6.241956        160.2062        7.461335        224.4161      -0.1796381E-09
    4 t   20    12.55206        6.428082        155.5674        7.410610        223.7686      -0.1947070E-09
    4 t   21    12.31169        6.612544        151.2277        7.335250        223.7303       0.6924675E-10
    4 t   22    12.08946        6.795193        147.1629        7.270119        224.5366       0.3386817E-10
    4 t   23    11.88390        6.976526        143.3378        7.231111        226.1122      -0.3388810E-11
    4 t   24    11.69404        7.157202        139.7194        7.216486        228.1637      -0.2801880E-10
