    0 t    2    6.165910       0.3850789        2596.870        9.316209        250.1407       0.2549989E-08
    0 t    3    6.806475       0.5951176        1680.340        7.724021        239.7021       0.1267736E-08
    0 t    4    6.914171       0.7772579        1286.574        6.897455        227.7217       0.2058326E-08
    0 t    5    6.858282       0.9423030        1061.230        6.327661        215.5308       0.1107949E-08
    0 t    6    6.744393        1.095138        913.1272        5.909735        204.0339       0.7840134E-09
    0 t    7    6.612356        1.238882        807.1793        5.593402        193.6443       0.8664568E-09
    0 t    8    6.478478        1.375639        726.9350        5.345951        184.4668       0.7281800E-09
    0 t    9    6.349413        1.506849        663.6366        5.146598        176.4637       0.7614177E-09
    0 t   10    6.227718        1.633544        612.1660        4.982739        169.5413       0.8440021E-09
    0 t   11    6.114196        1.756506        569.3119        4.846638        163.5862       0.9710686E-09
    0 t   12    6.008889        1.876362        532.9461        4.733179        158.4810       0.1157917E-08
    0 t   13    5.911504        1.993629        501.5979        4.638610        154.1127       0.1080750E-08
    0 t   14    5.821597        2.108738        474.2172        4.559927        150.3767       0.1180177E-08
    0 t   15    5.738662        2.222055        450.0338        4.494607        147.1797       0.1036940E-08
    0 t   16    5.662175        2.333887        428.4698        4.440498        144.4402       0.8667593E-09
    0 t   17    5.591616        2.444488        409.0836        4.395760        142.0882       0.7642814E-09
    0 t   18    5.526488        2.554074        391.5313        4.358834        140.0641       0.3240370E-09
    0 t   19    5.466320        2.662822        375.5414        4.328406        138.3179       0.2567734E-10
    0 t   20    5.410676        2.770881        360.8960        4.303376        136.8074       0.2871935E-10
    0 t   21    5.359154        2.878374        347.4184        4.282832        135.4975       0.3180951E-10
    0 t   22    5.311386        2.985403        334.9632        4.266016        134.3586       0.3547068E-10
    0 t   23    5.267037        3.092052        323.4098        4.252302        133.3660       0.3874461E-10
    0 t   24    5.225805        3.198393        312.6570        4.241171        132.4988       0.4323391E-10
    1 t    1    32.93967        1.234306        810.1716        2.712078        257.4698       0.5657899E-10
    1 t    2    21.17344        1.322342        756.2339        4.281749        252.8566      -0.2092478E-11
    1 t    3    16.53619        1.445826        691.6460        5.531608        248.1191       0.7226745E-11
    1 t    4    14.19611        1.595858        626.6222        6.398209        243.6729       0.1663470E-09
    1 t    5    12.82918        1.762683        567.3171        6.879338        239.1782       0.3545476E-09
    1 t    6    11.93097        1.937322        516.1765        7.037706        234.3552       0.3725291E-09
    1 t    7    11.27776        2.112987        473.2637        6.980889        229.4300       0.3842591E-09
    1 t    8    10.76473        2.285780        437.4873        6.825732        224.9573       0.3294712E-09
    1 t    9    10.34226        2.454434        407.4259        6.660449        221.3633       0.1722872E-09
    1 t   10    9.985875        2.619316        381.7790        6.527350        218.7055       0.1901640E-09
    1 t   11    9.681616        2.781367        359.5355        6.433039        216.7620       0.2657691E-09
    1 t   12    9.419745        2.941451        339.9682        6.367935        215.2208       0.3593899E-09
    1 t   13    9.192540        3.100144        322.5657        6.319628        213.8021       0.3984046E-09
    1 t   14    8.993628        3.257733        306.9619        6.278224        212.3018       0.3902928E-09
    1 t   15    8.817753        3.414304        292.8855        6.237285        210.5913       0.8516506E-09
    1 t   16    8.660635        3.569819        280.1262        6.193217        208.6050       0.1326409E-08
    1 t   17    8.518826        3.724177        268.5157        6.144419        206.3243       0.8454419E-09
    1 t   18    8.389575        3.877253        257.9145        6.090585        203.7647       0.7165662E-09
    1 t   19    8.270701        4.028928        248.2050        6.032196        200.9643       0.3816877E-09
    1 t   20    8.160487        4.179097        239.2861        5.970181        197.9744       0.3836535E-09
    1 t   21    8.057581        4.327685        231.0704        5.905677        194.8524       0.4073160E-09
    1 t   22    7.960923        4.474644        223.4815        5.839856        191.6554       0.6624220E-09
    1 t   23    7.869686        4.619955        216.4523        5.773814        188.4364       0.7151118E-09
    1 t   24    7.783214        4.763625        209.9241        5.708497        185.2411       0.5336290E-09
    2 t    1    57.54641        2.156364        463.7436        1.333286        198.4691      -0.1671890E-09
    2 t    2    35.23950        2.200808        454.3785        2.218618        199.6879      -0.1487886E-09
    2 t    3    25.93231        2.267367        441.0403        3.101071        201.7288      -0.1174916E-09
    2 t    4    20.95776        2.355970        424.4535        3.980572        204.7830      -0.8708598E-10
    2 t    5    17.95152        2.466473        405.4372        4.849200        208.9696      -0.6570124E-10
    2 t    6    16.00164        2.598306        384.8662        5.679011        214.1706      -0.4908656E-10
    2 t    7    14.67698        2.749860        363.6549        6.415203        219.8669       0.7294202E-10
    2 t    8    13.74186        2.917945        342.7070        6.990427        225.1745       0.9114807E-10
    2 t    9    13.05348        3.097865        322.8030        7.357123        229.2006       0.7198986E-09
    2 t   10    12.52084        3.284244        304.4841        7.509925        231.4560       0.6661121E-09
    2 t   11    12.08597        3.472098        288.0103        7.483701        231.9958       0.3447634E-09
    2 t   12    11.71336        3.657667        273.3984        7.338073        231.2822       0.4420302E-09
    2 t   13    11.38277        3.838789        260.4988        7.138547        229.9348       0.4725511E-09
    2 t   14    11.08374        4.014828        249.0767        6.938803        228.4966       0.4934164E-09
    2 t   15    10.81132        4.186227        238.8786        6.770872        227.3119       0.3977038E-09
    2 t   16    10.56302        4.353962        229.6759        6.646406        226.5296       0.4227408E-09
    2 t   17    10.33722        4.519123        221.2819        6.564160        226.1705       0.1218313E-09
    2 t   18    10.13236        4.682685        213.5527        6.517215        226.1914      -0.4553825E-10
    2 t   19    9.946839        4.845429        206.3801        6.497341        226.5240      -0.5107705E-10
    2 t   20    9.778947        5.007932        199.6832        6.496902        227.0918       0.1057897E-09
    2 t   21    9.626976        5.170599        193.4012        6.509420        227.8162       0.3115141E-09
    2 t   22    9.489257        5.333684        187.4877        6.529585        228.6185       0.3824107E-09
    2 t   23    9.364203        5.497322        181.9067        6.553092        229.4208       0.4699827E-09
    2 t   24    9.250325        5.661553        176.6300        6.576459        230.1463       0.2756257E-09
    3 t    1    84.55956        3.168593        315.5974       0.9370644        204.9553      -0.6171926E-10
    3 t    2    51.23491        3.199768        312.5227        1.553201        205.8852      -0.5976656E-10
    3 t    3    37.12759        3.246216        308.0510        2.157329        207.2519      -0.5351874E-10
    3 t    4    29.42301        3.307594        302.3346        2.746356        209.0272      -0.5180392E-10
    3 t    5    24.62586        3.383503        295.5517        3.318891        211.1825      -0.5070240E-10
    3 t    6    21.39171        3.473533        287.8913        3.875615        213.6975      -0.5178914E-10
    3 t    7    19.09343        3.577320        279.5389        4.419284        216.5674      -0.5108355E-10
    3 t    8    17.39939        3.694583        270.6665        4.953908        219.8063      -0.5153710E-10
    3 t    9    16.11800        3.825140        261.4284        5.482344        223.4348      -0.5797732E-10
    3 t   10    15.13070        3.968816        251.9643        6.001892        227.4441      -0.6597426E-10
    3 t   11    14.35952        4.125249        242.4096        6.499239        231.7358      -0.8460889E-11
    3 t   12    13.74984        4.293588        232.9055        6.949213        236.0725       0.2222954E-09
    3 t   13    13.26117        4.472271        223.6001        7.321985        240.1005       0.4165476E-09
    3 t   14    12.86230        4.659067        214.6352        7.595913        243.4548       0.5743432E-09
    3 t   15    12.52920        4.851406        206.1258        7.765857        245.8673       0.2880959E-09
    3 t   16    12.24385        5.046780        198.1461        7.841208        247.1937       0.3217278E-09
    3 t   17    11.99309        5.243021        190.7297        7.837881        247.3690      -0.6181838E-10
    3 t   18    11.76748        5.438359        183.8790        7.771137        246.3560       0.6278388E-09
    3 t   19    11.56022        5.631360        177.5770        7.652365        244.1301       0.6778720E-09
    3 t   20    11.36628        5.820829        171.7968        7.489572        240.7090       0.3504316E-09
    3 t   21    11.18193        6.005757        166.5069        7.290086        236.2097       0.3596141E-09
    3 t   22    11.00445        6.185339        161.6726        7.063676        230.8957       0.3457298E-09
    3 t   23    10.83211        6.359068        157.2558        6.824164        225.1717       0.3291216E-09
    3 t   24    10.66407        6.526820        153.2140        6.588193        219.5052       0.3013380E-09
    4 t    1    111.9952        4.196654        238.2851       0.7509297        225.1960      -0.2850569E-09
    4 t    2    67.59800        4.221691        236.8719        1.250465        225.6290      -0.2832897E-09
    4 t    3    48.71336        4.259206        234.7856        1.748430        226.2659      -0.2809043E-09
    4 t    4    38.33248        4.309153        232.0642        2.244259        227.0900      -0.2730847E-09
    4 t    5    31.81650        4.371471        228.7560        2.737323        228.0762      -0.2735530E-09
    4 t    6    27.38113        4.446079        224.9173        3.226739        229.1877      -0.2457296E-09
    4 t    7    24.19355        4.532871        220.6107        3.711045        230.3719      -0.2106242E-09
    4 t    8    21.81263        4.631689        215.9040        4.187724        231.5541      -0.1969327E-09
    4 t    9    19.98262        4.742295        210.8684        4.652582        232.6311      -0.1854461E-09
    4 t   10    18.54470        4.864315        205.5788        5.098998        233.4653      -0.1852998E-09
    4 t   11    17.39459        4.997174        200.1131        5.517209        233.8835      -0.1786836E-09
    4 t   12    16.46043        5.140008        194.5522        5.893928        233.6869      -0.1731777E-09
    4 t   13    15.69058        5.291580        188.9795        6.212922        232.6805      -0.1463845E-09
    4 t   14    15.04648        5.450236        183.4783        6.457494        230.7333      -0.1443582E-09
    4 t   15    14.49854        5.613948        178.1278        6.615658        227.8634      -0.1433544E-09
    4 t   16    14.02396        5.780521        172.9948        6.687411        224.3209      -0.1438728E-10
    4 t   17    13.60563        5.947978        168.1244        6.690498        220.5998       0.2157222E-09
    4 t   18    13.23160        6.115000        163.5323        6.658947        217.3296       0.5177438E-09
    4 t   19    12.89427        6.281219        159.2048        6.632425        215.0895       0.3250645E-09
    4 t   20    12.58936        6.447183        155.1065        6.642482        214.2609      -0.1659551E-09
    4 t   21    12.31446        6.614031        151.1937        6.704117        214.9841       0.4138525E-09
    4 t   22    12.06786        6.783054        147.4262        6.814994        217.1779      -0.1616627E-09
    4 t   23    11.84776        6.955311        143.7750        6.959527        220.5691       0.3928462E-09
    4 t   24    11.65183        7.131366        140.2256        7.115109        224.7293       0.4917857E-09
