    0 t    2    6.089680       0.3803181        2629.378        9.148304        245.2850       0.1413048E-08
    0 t    3    6.696405       0.5854938        1707.960        7.502668        233.2662       0.1484694E-08
    0 t    4    6.774027       0.7615036        1313.191        6.632724        220.1321       0.1891501E-08
    0 t    5    6.693245       0.9196274        1087.397        6.043707        207.4344       0.2759074E-08
    0 t    6    6.560931        1.065348        938.6607        5.628600        195.9937       0.8785697E-09
    0 t    7    6.416838        1.202250        831.7736        5.330173        186.0246       0.8529459E-09
    0 t    8    6.276420        1.332734        750.3373        5.109507        177.4493       0.8032973E-09
    0 t    9    6.145275        1.458403        685.6816        4.941337        170.1001       0.8567164E-09
    0 t   10    6.024948        1.580357        632.7685        4.809934        163.8019       0.1072944E-08
    0 t   11    5.915355        1.699383        588.4490        4.705452        158.3968       0.1304819E-08
    0 t   12    5.815799        1.816067        550.6404        4.621457        153.7485       0.1447266E-08
    0 t   13    5.725395        1.930864        517.9028        4.553502        149.7414       0.1359118E-08
    0 t   14    5.643237        2.044131        489.2053        4.498340        146.2779       0.1524980E-08
    0 t   15    5.568472        2.156156        463.7882        4.453505        143.2758       0.1616387E-08
    0 t   16    5.500320        2.267172        441.0781        4.417068        140.6662       0.1424729E-08
    0 t   17    5.438083        2.377368        420.6333        4.387493        138.3914       0.1718534E-08
    0 t   18    5.381136        2.486900        402.1071        4.363543        136.4028       0.1830328E-08
    0 t   19    5.328929        2.595894        385.2237        4.344218        134.6597       0.2140139E-08
    0 t   20    5.280971        2.704458        369.7599        4.328699        133.1279       0.2139297E-08
    0 t   21    5.236831        2.812675        355.5334        4.316320        131.7784       0.1929927E-08
    0 t   22    5.196127        2.920618        342.3933        4.306531        130.5869       0.2683551E-08
    0 t   23    5.158520        3.028346        330.2132        4.298884        129.5324       0.3583146E-08
    0 t   24    5.123711        3.135907        318.8870        4.293006        128.5974       0.3802736E-08
    1 t    1    32.78724        1.228595        813.9380        2.742467        265.9829      -0.7168343E-11
    1 t    2    21.10206        1.317885        758.7917        4.355056        262.5633      -0.6491402E-11
    1 t    3    16.51408        1.443893        692.5723        5.661579        259.5692       0.1605532E-10
    1 t    4    14.21423        1.597895        625.8232        6.585489        257.1299       0.1723651E-09
    1 t    5    12.88280        1.770049        564.9561        7.117510        254.5291       0.2528576E-09
    1 t    6    12.01630        1.951177        512.5112        7.316995        251.1438       0.2972923E-09
    1 t    7    11.39071        2.134148        468.5710        7.282398        246.9109       0.3254540E-09
    1 t    8    10.89967        2.314435        432.0710        7.118317        242.2179       0.3991557E-09
    1 t    9    10.49176        2.489916        401.6200        6.909172        237.5442       0.3414342E-09
    1 t   10    10.14161        2.660167        375.9162        6.705255        233.1818       0.3209623E-09
    1 t   11    9.835628        2.825612        353.9057        6.525727        229.1826       0.2908800E-09
    1 t   12    9.565266        2.986893        334.7961        6.371319        225.4516       0.5735539E-09
    1 t   13    9.324262        3.144566        318.0089        6.235862        221.8501       0.6638295E-09
    1 t   14    9.107610        3.299020        303.1203        6.112559        218.2549       0.5016352E-09
    1 t   15    8.911203        3.450488        289.8141        5.996198        214.5793       0.6147119E-09
    1 t   16    8.731670        3.599099        277.8473        5.883426        210.7755       0.7466253E-09
    1 t   17    8.566266        3.744917        267.0286        5.772423        206.8293       0.7126209E-09
    1 t   18    8.412773        3.887975        257.2033        5.662473        202.7540       0.6541758E-09
    1 t   19    8.269410        4.028299        248.2438        5.553623        198.5827       0.5261475E-09
    1 t   20    8.134761        4.165922        240.0429        5.446411        194.3615       0.5935194E-09
    1 t   21    8.007703        4.300896        232.5097        5.341658        190.1425       0.8571388E-09
    1 t   22    7.887356        4.433293        225.5659        5.240298        185.9783       0.7168173E-09
    1 t   23    7.773025        4.563210        219.1440        5.143242        181.9168       0.8333919E-09
    1 t   24    7.664168        4.690765        213.1849        5.051287        177.9986       0.6326393E-09
    2 t    1    58.54964        2.193957        455.7975        1.406855        219.1771      -0.1569680E-09
    2 t    2    35.87852        2.240717        446.2857        2.327846        219.9374      -0.1406256E-09
    2 t    3    26.42272        2.310245        432.8545        3.225645        221.2302      -0.1114474E-09
    2 t    4    21.36605        2.401869        416.3425        4.092901        223.1770      -0.8569896E-10
    2 t    5    18.30252        2.514700        397.6617        4.918661        225.8392      -0.6549565E-10
    2 t    6    16.30435        2.647460        377.7205        5.681396        229.1304      -0.4923348E-10
    2 t    7    14.93469        2.798143        357.3798        6.344634        232.7295      -0.3910309E-10
    2 t    8    13.95737        2.963706        337.4154        6.864153        236.0876       0.3255296E-10
    2 t    9    13.23145        3.140100        318.4612        7.207625        238.6001       0.4654484E-09
    2 t   10    12.66789        3.322815        300.9496        7.372034        239.8556       0.5253137E-09
    2 t   11    12.20978        3.507665        285.0899        7.384932        239.7666       0.2170250E-09
    2 t   12    11.82142        3.691409        270.8993        7.291829        238.5209      -0.1247704E-10
    2 t   13    11.48125        3.872002        258.2643        7.140227        236.4450       0.3101029E-09
    2 t   14    11.17665        4.048483        247.0061        6.968218        233.8821       0.3275186E-09
    2 t   15    10.90029        4.220679        236.9287        6.800523        231.1280       0.4881441E-09
    2 t   16    10.64774        4.388884        227.8484        6.650322        228.4147       0.4036733E-09
    2 t   17    10.41611        4.553615        219.6058        6.523186        225.9130       0.2735844E-09
    2 t   18    10.20330        4.715471        212.0679        6.420372        223.7389       0.2805539E-09
    2 t   19    10.00765        4.875052        205.1260        6.340797        221.9578      -0.2427628E-10
    2 t   20    9.827719        5.032909        198.6922        6.282056        220.5903       0.2850014E-09
    2 t   21    9.662214        5.189526        192.6958        6.240981        219.6206       0.3053373E-09
    2 t   22    9.509922        5.345299        187.0803        6.214057        219.0058       0.3333247E-09
    2 t   23    9.369682        5.500539        181.8004        6.197736        218.6857       0.8495224E-09
    2 t   24    9.240383        5.655468        176.8200        6.188687        218.5913       0.5346791E-09
    3 t    1    85.24009        3.194094        313.0778       0.9636264        216.5630      -0.5048543E-10
    3 t    2    51.65767        3.226171        309.9650        1.599115        217.3541      -0.5022395E-10
    3 t    3    37.44571        3.274030        305.4340        2.224703        218.5068      -0.4997972E-10
    3 t    4    29.68802        3.337384        299.6358        2.837301        219.9796      -0.4990950E-10
    3 t    5    24.86147        3.415875        292.7507        3.434400        221.7172      -0.5020217E-10
    3 t    6    21.61067        3.509087        284.9744        4.013762        223.6507      -0.5106001E-10
    3 t    7    19.30277        3.616542        276.5072        4.572639        225.6989      -0.6070592E-10
    3 t    8    17.60233        3.737676        267.5459        5.106408        227.7697      -0.6097933E-10
    3 t    9    16.31447        3.871766        258.2801        5.606743        229.7619      -0.6343847E-10
    3 t   10    15.31752        4.017818        248.8913        6.060302        231.5713      -0.7443342E-10
    3 t   11    14.53078        4.174451        239.5524        6.449866        233.1065      -0.6700903E-10
    3 t   12    13.89801        4.339855        230.4224        6.759598        234.3205      -0.5299905E-10
    3 t   13    13.37875        4.511923        221.6350        6.982841        235.2422       0.2024742E-09
    3 t   14    12.94370        4.688555        213.2854        7.126934        235.9785       0.7709131E-09
    3 t   15    12.57202        4.867986        205.4238        7.210455        236.6644       0.4772473E-09
    3 t   16    12.24917        5.048973        198.0601        7.254747        237.3904       0.2302762E-09
    3 t   17    11.96503        5.230754        191.1770        7.276060        238.1574      -0.5452469E-10
    3 t   18    11.71234        5.412873        184.7448        7.282553        238.8810      -0.5733561E-10
    3 t   19    11.48556        5.594989        178.7313        7.275750        239.4297       0.2062827E-09
    3 t   20    11.28021        5.776751        173.1077        7.253740        239.6713       0.2220154E-09
    3 t   21    11.09254        5.957746        167.8487        7.214057        239.5071       0.2373795E-09
    3 t   22    10.91937        6.137514        162.9324        7.155525        238.8921       0.6306097E-09
    3 t   23    10.75805        6.315591        158.3383        7.079100        237.8399      -0.1049132E-09
    3 t   24    10.60647        6.491566        154.0460        6.987947        236.4150       0.2625075E-09
    4 t    1    111.9715        4.195768        238.3354       0.6903639        217.3495      -0.2246174E-09
    4 t    2    67.55153        4.218788        237.0349        1.149685        217.6175      -0.2221088E-09
    4 t    3    48.64567        4.253288        235.1122        1.608061        218.0325      -0.2186069E-09
    4 t    4    38.24436        4.299248        232.5988        2.065951        218.6116      -0.2048470E-09
    4 t    5    31.70876        4.356669        229.5332        2.524560        219.3792      -0.1999187E-09
    4 t    6    27.25496        4.425592        225.9585        2.985876        220.3674      -0.1804761E-09
    4 t    7    24.05075        4.506117        221.9206        3.452515        221.6141      -0.1666228E-09
    4 t    8    21.65590        4.598411        217.4664        3.927215        223.1574      -0.1545201E-09
    4 t    9    19.81578        4.702701        212.6437        4.411763        225.0236      -0.1517227E-09
    4 t   10    18.37282        4.819230        207.5020        4.905140        227.2055      -0.1503033E-09
    4 t   11    17.22394        4.948150        202.0957        5.400848        229.6312      -0.1476196E-09
    4 t   12    16.29822        5.089353        196.4886        5.884027        232.1308      -0.1443290E-09
    4 t   13    15.54428        5.242239        190.7582        6.330077        234.4224      -0.1413431E-09
    4 t   14    14.92294        5.405489        184.9971        6.707260        236.1507      -0.1435122E-09
    4 t   15    14.40307        5.576982        179.3085        6.984741        236.9984      -0.1558417E-09
    4 t   16    13.95951        5.753958        173.7934        7.144275        236.8397      -0.1671197E-09
    4 t   17    13.57245        5.933469        168.5355        7.190316        235.8491      -0.3529445E-10
    4 t   18    13.22726        6.112995        163.5859        7.152052        234.4744       0.1671856E-09
    4 t   19    12.91429        6.290969        158.9580        7.073901        233.2621       0.3013699E-10
    4 t   20    12.62795        6.466948        154.6324        6.998890        232.6464       0.3044893E-09
    4 t   21    12.36543        6.641407        150.5705        6.955537        232.8356       0.3068921E-09
    4 t   22    12.12524        6.815305        146.7286        6.954683        233.8250      -0.1829978E-09
    4 t   23    11.90633        6.989693        143.0678        6.993634        235.4662      -0.1955363E-09
    4 t   24    11.70752        7.165448        139.5586        7.061951        237.5282      -0.2185632E-09
