    0 t    2    6.073817       0.3793274        2636.245        9.172694        241.4788       0.2037186E-08
    0 t    3    6.702964       0.5860673        1706.289        7.600726        231.0564       0.8087623E-09
    0 t    4    6.807923       0.7653140        1306.653        6.789852        219.5663       0.2551984E-09
    0 t    5    6.753612       0.9279217        1077.677        6.241533        208.3117       0.5625534E-09
    0 t    6    6.644677        1.078946        926.8303        5.852243        198.0300       0.8327857E-09
    0 t    7    6.520494        1.221671        818.5509        5.570179        188.9515       0.1119047E-08
    0 t    8    6.396863        1.358309        736.2097        5.360052        181.0421       0.2118875E-08
    0 t    9    6.279861        1.490343        670.9866        5.198386        174.1762       0.2386210E-08
    0 t   10    6.171448        1.618784        617.7476        5.070289        168.2147       0.1527226E-08
    0 t   11    6.071866        1.744346        573.2809        4.966399        163.0303       0.1862011E-08
    0 t   12    5.980675        1.867552        535.4603        4.880684        158.5125       0.2049011E-08
    0 t   13    5.897195        1.988803        502.8150        4.809073        154.5671       0.2051967E-08
    0 t   14    5.820700        2.108413        474.2903        4.748684        151.1138       0.2356775E-08
    0 t   15    5.750489        2.226635        449.1082        4.697388        148.0846       0.2005825E-08
    0 t   16    5.685919        2.343674        426.6806        4.653553        145.4216       0.1861010E-08
    0 t   17    5.626411        2.459699        406.5537        4.615906        143.0758       0.1741373E-08
    0 t   18    5.571450        2.574853        388.3716        4.583430        141.0052       0.1534473E-08
    0 t   19    5.520580        2.689254        371.8503        4.555305        139.1744       0.1203726E-08
    0 t   20    5.473396        2.803001        356.7605        4.530863        137.5528       0.7229482E-09
    0 t   21    5.429543        2.916180        342.9144        4.509558        136.1145       0.5984418E-10
    0 t   22    5.388705        3.028862        330.1570        4.490937        134.8372       0.6684886E-10
    0 t   23    5.350604        3.141110        318.3588        4.474625        133.7017       0.7248259E-10
    0 t   24    5.314991        3.252978        307.4106        4.460306        132.6915       0.7812198E-10
    1 t    1    32.77398        1.228098        814.2674        2.705347        270.8464       0.1733242E-09
    1 t    2    21.07382        1.316121        759.8085        4.291682        267.2141      -0.3601004E-11
    1 t    3    16.47318        1.440317        694.2916        5.583654        263.9395      -0.3045904E-11
    1 t    4    14.16579        1.592450        627.9632        6.519277        261.2522       0.8319571E-10
    1 t    5    12.83438        1.763396        567.0875        7.091611        258.5032       0.1992941E-09
    1 t    6    11.97557        1.944564        514.2541        7.347614        255.0027       0.4229675E-09
    1 t    7    11.36318        2.128991        469.7060        7.366558        250.5173       0.4259921E-09
    1 t    8    10.88756        2.311862        432.5517        7.237431        245.3019       0.3726651E-09
    1 t    9    10.49428        2.490514        401.5236        7.040550        239.8585       0.3469984E-09
    1 t   10    10.15632        2.664024        375.3720        6.833131        234.6370       0.4647291E-09
    1 t   11    9.859792        2.832554        353.0383        6.644776        229.8719       0.4566524E-09
    1 t   12    9.596730        2.996717        333.6985        6.483960        225.5952       0.4747621E-09
    1 t   13    9.361684        3.157187        316.7377        6.348230        221.7278       0.4988944E-09
    1 t   14    9.150394        3.314517        301.7030        6.231720        218.1581       0.6063437E-09
    1 t   15    8.959314        3.469117        288.2578        6.128801        214.7838       0.1100850E-08
    1 t   16    8.785458        3.621270        276.1462        6.035214        211.5254       0.1389349E-08
    1 t   17    8.626320        3.771170        265.1697        5.948109        208.3283       0.1459439E-08
    1 t   18    8.479812        3.918957        255.1700        5.865747        205.1588       0.1393283E-08
    1 t   19    8.344207        4.064735        246.0185        5.787170        202.0002       0.1111442E-08
    1 t   20    8.218083        4.208593        237.6091        5.711938        198.8483       0.1063628E-08
    1 t   21    8.100268        4.350612        229.8527        5.639923        195.7075       0.1236256E-08
    1 t   22    7.989799        4.490874        222.6738        5.571161        192.5880       0.6822053E-09
    1 t   23    7.885877        4.629461        216.0079        5.505751        189.5025       0.4240900E-10
    1 t   24    7.787841        4.766457        209.7994        5.443786        186.4647       0.2707112E-10
    2 t    1    58.66346        2.198221        454.9132        1.378811        223.0094      -0.1568952E-09
    2 t    2    35.93093        2.243990        445.6347        2.275806        223.3425      -0.1349485E-09
    2 t    3    26.44102        2.311845        432.5549        3.143092        224.0123      -0.1145433E-09
    2 t    4    21.35792        2.400955        416.5009        3.974116        225.1773      -0.9424234E-10
    2 t    5    18.27082        2.510344        398.3518        4.763304        226.9794      -0.7559271E-10
    2 t    6    16.25138        2.638858        378.9518        5.500875        229.4832      -0.6301736E-10
    2 t    7    14.86443        2.784981        359.0689        6.166925        232.5921      -0.5086909E-10
    2 t    8    13.87660        2.946554        339.3795        6.730780        235.9819       0.1841190E-09
    2 t    9    13.14933        3.120611        320.4501        7.160664        239.1374       0.3017832E-09
    2 t   10    12.59438        3.303533        302.7062        7.438514        241.5170      -0.2731737E-10
    2 t   11    12.15356        3.491515        286.4086        7.567687        242.7336      -0.1438460E-10
    2 t   12    11.78833        3.681078        271.6596        7.569513        242.6344       0.5204549E-09
    2 t   13    11.47358        3.869413        258.4371        7.475039        241.2829       0.9115951E-09
    2 t   14    11.19336        4.054535        246.6374        7.318000        238.9073       0.8683700E-09
    2 t   15    10.93801        4.235285        236.1116        7.130140        235.8422       0.1359531E-09
    2 t   16    10.70197        4.411237        226.6938        6.937918        232.4581      -0.1947020E-10
    2 t   17    10.48227        4.582535        218.2198        6.760322        229.0862       0.4491799E-09
    2 t   18    10.27736        4.749697        210.5397        6.608240        225.9649       0.2857649E-09
    2 t   19    10.08642        4.913423        203.5241        6.485513        223.2247       0.2743672E-09
    2 t   20    9.908814        5.074439        197.0661        6.391007        220.9047       0.4257048E-09
    2 t   21    9.743914        5.233406        191.0802        6.320789        218.9836       0.3188238E-09
    2 t   22    9.590996        5.390869        185.4989        6.269831        217.4073       0.3708447E-09
    2 t   23    9.449241        5.547245        180.2697        6.233075        216.1091       0.4493636E-09
    2 t   24    9.317769        5.702832        175.3515        6.205997        215.0220       0.5056252E-09
    3 t    1    86.16097        3.228601        309.7317       0.9515474        216.7650      -0.4467992E-10
    3 t    2    52.20327        3.260245        306.7254        1.576024        217.2964      -0.4295516E-10
    3 t    3    37.82672        3.307343        302.3575        2.185968        218.0634      -0.4226449E-10
    3 t    4    29.97338        3.369464        296.7831        2.776110        219.0286      -0.4158968E-10
    3 t    5    25.08109        3.446050        290.1873        3.341605        220.1424      -0.4110265E-10
    3 t    6    21.77906        3.536430        282.7711        3.878066        221.3458      -0.4098202E-10
    3 t    7    19.42705        3.639826        274.7384        4.381623        222.5773      -0.4139194E-10
    3 t    8    17.68568        3.755373        266.2851        4.849082        223.7864      -0.4569476E-10
    3 t    9    16.35818        3.882138        257.5900        5.278243        224.9508      -0.4955813E-10
    3 t   10    15.32260        4.019150        248.8088        5.668316        226.0950      -0.5150521E-10
    3 t   11    14.49941        4.165437        240.0709        6.020232        227.3011      -0.5676315E-10
    3 t   12    13.83466        4.320073        231.4776        6.336455        228.6988       0.5753730E-10
    3 t   13    13.29062        4.482202        223.1046        6.619999        230.4280       0.4031736E-09
    3 t   14    12.84012        4.651036        215.0059        6.872885        232.5787       0.4201353E-10
    3 t   15    12.46309        4.825808        207.2192        7.094890        235.1363      -0.5864310E-10
    3 t   16    12.14423        5.005720        199.7715        7.283519        237.9605      -0.5755344E-10
    3 t   17    11.87156        5.189892        192.6822        7.435178        240.8115       0.1068559E-09
    3 t   18    11.63549        5.377357        185.9650        7.546584        243.4056       0.5122871E-09
    3 t   19    11.42826        5.567078        179.6274        7.615566        245.4693       0.5744908E-09
    3 t   20    11.24356        5.757983        173.6719        7.641173        246.7739       0.6333356E-09
    3 t   21    11.07623        5.948986        168.0959        7.623585        247.1522       0.4756150E-09
    3 t   22    10.92205        6.139024        162.8924        7.564285        246.5099      -0.5620788E-10
    3 t   23    10.77764        6.327090        158.0505        7.466618        244.8389      -0.6776309E-10
    3 t   24    10.64034        6.512296        153.5557        7.336503        242.2307      -0.8529991E-10
    4 t    1    112.0414        4.198385        238.1868       0.6915913        218.2973      -0.2285142E-09
    4 t    2    67.59421        4.221454        236.8852        1.152456        218.7831      -0.2264249E-09
    4 t    3    48.67728        4.256052        234.9595        1.613318        219.5245      -0.2182260E-09
    4 t    4    38.27049        4.302185        232.4400        2.074691        220.5362      -0.2044452E-09
    4 t    5    31.73210        4.359875        229.3644        2.537447        221.8360      -0.2066674E-09
    4 t    6    27.27700        4.429171        225.7759        3.002656        223.4414      -0.1824125E-09
    4 t    7    24.07225        4.510145        221.7224        3.471199        225.3641      -0.1650387E-09
    4 t    8    21.67696        4.602883        217.2552        3.943058        227.5993      -0.1622658E-09
    4 t    9    19.83578        4.707448        212.4293        4.416272        230.1102      -0.1585731E-09
    4 t   10    18.39030        4.823816        207.3047        4.885662        232.8090      -0.1564672E-09
    4 t   11    17.23659        4.951783        201.9475        5.341690        235.5393      -0.1560884E-09
    4 t   12    16.30299        5.090845        196.4310        5.770135        238.0702      -0.1558415E-09
    4 t   13    15.53792        5.240095        190.8362        6.153317        240.1168      -0.1588813E-09
    4 t   14    14.90275        5.398173        185.2479        6.473223        241.3932      -0.1578809E-09
    4 t   15    14.36776        5.563309        179.7491        6.715999        241.6883      -0.1704178E-09
    4 t   16    13.90985        5.733487        174.4139        6.876411        240.9412      -0.1716071E-09
    4 t   17    13.51121        5.906699        169.2993        6.960551        239.2795       0.3271581E-09
    4 t   18    13.15853        6.081231        164.4404        6.985458        237.0007       0.7059786E-10
    4 t   19    12.84228        6.255895        159.8492        6.975384        234.5007      -0.1676887E-09
    4 t   20    12.55608        6.430140        155.5176        6.955996        232.1798      -0.1613298E-09
    4 t   21    12.29581        6.604017        151.4230        6.948829        230.3668      -0.1694836E-09
    4 t   22    12.05891        6.778022        147.5357        6.967861        229.2805      -0.1730401E-09
    4 t   23    11.84364        6.952896        143.8250        7.018501        229.0226       0.1215190E-09
    4 t   24    11.64864        7.129411        140.2640        7.098159        229.5810       0.9614060E-09
