    0 s    2    4.988982       0.3115763        3209.487        6.365659        510.3182       0.3758644E-02
    0 s    3    5.404485       0.4725360        2116.241        6.689156        415.2092       0.7913696E-02
    0 s    4    5.802410       0.6522791        1533.086        7.474351        369.9901       0.7712486E-02
    0 s    5    6.157110       0.8459645        1182.083        7.813735        351.7272       0.6656203E-02
    0 s    6    6.422960        1.042944        958.8240        7.770410        343.0651       0.5436842E-02
    0 s    7    6.588676        1.234446        810.0803        7.405885        337.7976       0.4057683E-02
    0 s    8    6.655005        1.413123        707.6527        6.792490        333.8945       0.2591706E-02
    0 s    9    6.635927        1.574845        634.9833        6.115724        330.6326       0.1363050E-02
    0 s   10    6.560402        1.720807        581.1226        5.572389        327.1613       0.6095501E-03
    0 s   11    6.458089        1.855301        538.9960        5.202565        322.5940       0.2475474E-03
    0 s   12    6.347424        1.982075        504.5218        4.947656        316.4924       0.9565218E-04
    0 s   13    6.236608        2.103269        475.4504        4.750375        308.8165       0.3591245E-04
    0 s   14    6.128460        2.219892        450.4723        4.579064        299.7623       0.1319886E-04
    0 s   15    6.023659        2.332408        428.7414        4.420650        289.6744       0.4760313E-05
    0 s   16    5.922250        2.441087        409.6536        4.271780        278.9789       0.1686882E-05
    0 s   17    5.824212        2.546172        392.7464        4.133261        268.1099       0.5881928E-06
    0 s   18    5.729612        2.647948        377.6509        4.007075        257.4463       0.2021951E-06
    0 s   19    5.638600        2.746746        364.0672        3.894952        247.2739       0.6876074E-07
    0 s   20    5.551366        2.842930        351.7497        3.797816        237.7762       0.2329601E-07
    0 s   21    5.468083        2.936879        340.4975        3.715718        229.0459       0.8013985E-08
    0 s   22    5.388881        3.028961        330.1462        3.647996        221.1066       0.2961077E-08
    0 s   23    5.313828        3.119521        320.5620        3.593499        213.9352       0.1346574E-08
    0 s   24    5.242928        3.208873        311.6359        3.550804        207.4809       0.8789374E-09
    0 s   25    5.176125        3.297292        303.2791        3.518389        201.6790       0.4292681E-09
    0 s   26    5.113315        3.385018        295.4194        3.494751        196.4607       0.2518898E-09
    1 s    2    10.76932       0.6725754        1486.822        10.74903        306.5456      -0.3521922E-04
    1 s    3    10.62727       0.9291849        1076.212        9.733454        280.8880       0.3404095E-03
    1 s    4    10.31013        1.159015        862.8015        8.586249        269.3999       0.5947252E-03
    1 s    5    9.864276        1.355316        737.8355        6.957138        287.5956       0.1720690E-02
    1 s    6    9.296136        1.509483        662.4783        5.496694        339.1308       0.4089185E-02
    1 s    7    8.786694        1.646263        607.4362        5.470744        365.5216       0.6285004E-02
    1 s    8    8.444530        1.793110        557.6903        6.131648        371.6140       0.8225934E-02
    1 s    9    8.255545        1.959214        510.4088        6.911319        370.1765       0.9791390E-02
    1 s   10    8.170641        2.143177        466.5971        7.510953        364.8372       0.1077648E-01
    1 s   11    8.142109        2.339092        427.5164        7.861732        355.3972       0.1121591E-01
    1 s   12    8.137375        2.541013        393.5438        7.997059        336.5869       0.1108974E-01
    1 s   13    8.133498        2.742987        364.5661        7.848055        289.9463       0.9662309E-02
    1 s   14    8.095497        2.932406        341.0169        6.986586        202.8267       0.4699421E-02
    1 s   15    7.995724        3.096007        322.9966        6.170343        163.8254       0.1012788E-02
    1 s   16    7.877163        3.246881        307.9879        5.920083        156.2070       0.2463711E-03
    1 s   17    7.763148        3.393817        294.6535        5.828979        154.0958       0.7504147E-04
    1 s   18    7.658019        3.539164        282.5526        5.786897        153.4377       0.2601461E-04
    1 s   19    7.562070        3.683730        271.4640        5.764363        153.3777       0.9695798E-05
    1 s   20    7.474596        3.827843        261.2437        5.749556        153.6140       0.3767511E-05
    1 s   21    7.394620        3.971613        251.7869        5.736351        153.9893       0.1499839E-05
    1 s   22    7.321131        4.115032        243.0115        5.721246        154.4025       0.6052806E-06
    1 s   23    7.253172        4.258026        234.8506        5.702260        154.7833       0.2459427E-06
    1 s   24    7.189884        4.400485        227.2477        5.678381        155.0819       0.1001459E-06
    1 s   25    7.130518        4.542279        220.1538        5.649233        155.2643       0.4072168E-07
    1 s   26    7.074429        4.683277        213.5257        5.614848        155.3083       0.1648411E-07
    2 s    1    10.67860       0.4001458        2499.089        12.86241        380.0328       0.1704602E-03
    2 s    2    15.29256       0.9550644        1047.050        19.63608        97.55968      -0.2202791E-01
    2 s    3    14.00414        1.224438        816.7010        5.737753        393.0131       0.1115019E-02
    2 s    4    12.08058        1.358041        736.3550        5.041776        358.9355       0.2427514E-02
    2 s    5    10.85288        1.491146        670.6250        5.721309        293.4133       0.2551410E-02
    2 s    6    10.17243        1.651774        605.4097        6.912645        233.5014       0.1546471E-02
    2 s    7    9.766111        1.829765        546.5181        7.152302        207.8704       0.9573736E-03
    2 s    8    9.454137        2.007490        498.1346        6.999374        194.3308       0.7709436E-03
    2 s    9    9.186499        2.180149        458.6842        6.774625        185.0652       0.7502882E-03
    2 s   10    8.948527        2.347218        426.0363        6.558950        178.3736       0.8376839E-03
    2 s   11    8.734831        2.509371        398.5062        6.382660        174.0987       0.1068402E-02
    2 s   12    8.544208        2.668052        374.8052        6.282801        173.5399       0.1635250E-02
    2 s   13    8.381616        2.826663        353.7740        6.400106        184.3141       0.3381142E-02
    2 s   14    8.273121        2.996746        333.6953        7.208088        246.8408       0.8609513E-02
    2 s   15    8.241929        3.191340        313.3480        7.973745        338.8521       0.1256398E-01
    2 s   16    8.242654        3.397532        294.3313        8.184156        370.3258       0.1354327E-01
    2 s   17    8.250426        3.606841        277.2509        8.248302        379.2469       0.1388937E-01
    2 s   18    8.259687        3.817226        261.9704        8.274593        382.3766       0.1408436E-01
    2 s   19    8.269028        4.028113        248.2552        8.289063        383.7299       0.1422201E-01
    2 s   20    8.278080        4.239318        235.8870        8.299828        384.4521       0.1432787E-01
    2 s   21    8.286780        4.450787        224.6794        8.309748        384.9329       0.1441155E-01
    2 s   22    8.295158        4.662509        214.4768        8.319757        385.3148       0.1447772E-01
    2 s   23    8.303260        4.874488        205.1497        8.329945        385.6288       0.1452839E-01
    2 s   24    8.311113        5.086720        196.5903        8.339773        385.7815       0.1456127E-01
    2 s   25    8.318686        5.299165        188.7090        8.346225        385.0786       0.1455066E-01
    2 s   26    8.324956        5.511126        181.4511        8.218280        357.9403       0.1345975E-01
    3 s    1    25.17841       0.9434788        1059.907        5.299948        692.8970       0.1216908E-02
    3 s    2    17.55056        1.096083        912.3393        7.082112        306.0932      -0.7656350E-03
    3 s    3    16.62429        1.453529        687.9807        17.48649        89.79395      -0.1696494E-01
    3 s    4    16.79313        1.887803        529.7162        16.65955        89.76274      -0.1469250E-01
    3 s    5    16.76353        2.303248        434.1695        16.01911        90.33406      -0.1311938E-01
    3 s    6    15.40204        2.500945        399.8489        5.463849        269.7019       0.8457796E-03
    3 s    7    14.08262        2.638501        379.0031        5.465645        266.2211       0.9624395E-03
    3 s    8    13.07215        2.775739        360.2645        5.456410        262.9299       0.1015578E-02
    3 s    9    12.27556        2.913248        343.2595        5.496400        259.5610       0.1008922E-02
    3 s   10    11.63678        3.052351        327.6163        5.588443        255.8502       0.9505086E-03
    3 s   11    11.11834        3.194112        313.0760        5.712303        251.6676       0.8533311E-03
    3 s   12    10.69298        3.339037        299.4876        5.844971        247.0256       0.7331010E-03
    3 s   13    10.34001        3.487122        286.7695        5.969073        242.0357       0.6053390E-03
    3 s   14    10.04351        3.638028        274.8742        6.074810        236.8562       0.4828540E-03
    3 s   15    9.791272        3.791258        263.7647        6.158885        231.6496       0.3742853E-03
    3 s   16    9.573976        3.946288        253.4027        6.222307        226.5539       0.2839044E-03
    3 s   17    9.384560        4.102650        243.7449        6.268178        221.6683       0.2124003E-03
    3 s   18    9.217668        4.259958        234.7441        6.300037        217.0515       0.1581327E-03
    3 s   19    9.069213        4.417909        226.3514        6.320944        212.7277       0.1183619E-03
    3 s   20    8.936029        4.576263        218.5189        6.333170        208.6957       0.9017678E-04
    3 s   21    8.815626        4.734827        211.2009        6.338242        204.9392       0.7108344E-04
    3 s   22    8.706010        4.893440        204.3552        6.337137        201.4357       0.5940101E-04
    3 s   23    8.605560        5.051956        197.9432        6.330534        198.1651       0.5486773E-04
    3 s   24    8.512946        5.210249        191.9294        6.319211        195.1295       0.6108459E-04
    3 s   25    8.427109        5.368233        186.2810        6.306201        192.4752       0.1044714E-03
    3 s   26    8.348145        5.526477        180.9471        6.422263        197.1413       0.1207429E-02
    4 s    1    37.43914        1.402909        712.8044        12.31815        377.5226       0.3262040E-03
    4 s    2    27.60266        1.723866        580.0916        13.11869        464.1141       0.2526027E-03
    4 s    3    23.49857        2.054575        486.7186        13.22722        532.1570       0.1050296E-03
    4 s    4    19.92024        2.239337        446.5607        4.683419        279.7690       0.4735608E-03
    4 s    5    17.21818        2.365715        422.7053        5.325019        269.9604       0.6030786E-03
    4 s    6    16.66999        2.706832        369.4356        15.67946        90.05809      -0.1220080E-01
    4 s    7    16.55683        3.102066        322.3658        15.44133        90.12431      -0.1151596E-01
    4 s    8    16.44678        3.492307        286.3436        15.28768        90.18396      -0.1101363E-01
    4 s    9    15.40422        3.655744        273.5421        5.418904        294.3118       0.5144383E-03
    4 s   10    14.44492        3.788933        263.9265        5.266701        276.0898       0.5765040E-03
    4 s   11    13.65194        3.921975        254.9736        5.359389        268.5925       0.6042063E-03
    4 s   12    12.99750        4.058657        246.3869        5.548813        265.0217       0.6070027E-03
    4 s   13    12.45602        4.200738        238.0534        5.788434        263.4493       0.5873978E-03
    4 s   14    12.00649        4.349072        229.9341        6.047807        263.0195       0.5482433E-03
    4 s   15    11.63154        4.503826        222.0335        6.301858        263.2093       0.4937591E-03
    4 s   16    11.31666        4.664606        214.3804        6.530440        263.6400       0.4292344E-03
    4 s   17    11.04966        4.830581        207.0144        6.718856        264.0229       0.3602949E-03
    4 s   18    10.82032        5.000625        199.9750        6.857915        264.1429       0.2921129E-03
    4 s   19    10.62021        5.173449        193.2946        6.943546        263.8529       0.2288136E-03
    4 s   20    10.44244        5.347719        186.9956        6.976267        263.0726       0.1731915E-03
    4 s   21    10.28155        5.522167        181.0883        6.960715        261.7875       0.1267066E-03
    4 s   22    10.13331        5.695689        175.5714        6.905148        260.0461       0.8966046E-04
    4 s   23    9.994636        5.867423        170.4326        6.820646        257.9501       0.6146187E-04
    4 s   24    9.863440        6.036803        165.6506        6.719735        255.6344       0.4092718E-04
    4 s   25    9.738442        6.203577        161.1973        6.614535        253.2389       0.2658144E-04
    4 s   26    9.618981        6.367771        157.0408        6.514979        250.8812       0.1692470E-04
    5 s    1    48.08072        1.801668        555.0412        29.25574        96.78320       0.6466672E-04
    5 s    2    33.10123        2.067268        483.7303        2.231973        284.2148       0.4731855E-03
    5 s    3    24.44871        2.137650        467.8035        3.550650        264.9277       0.4306389E-03
    5 s    4    21.24109        2.387822        418.7918        13.14563        487.4647       0.1109915E-03
    5 s    5    19.73312        2.711259        368.8324        12.66080        504.9737       0.6169465E-04
    5 s    6    18.58690        3.018094        331.3349        11.82176        511.0884       0.5051286E-04
    5 s    7    17.59365        3.296324        303.3683        10.17855        496.9035       0.1069359E-03
    5 s    8    16.52230        3.508342        285.0349        6.726855        360.2315       0.3515031E-03
    5 s    9    16.34680        3.879439        257.7692        15.19941        90.14952      -0.1064604E-01
    5 s   10    15.85625        4.159130        240.4349        9.942913        385.0734       0.8388203E-04
    5 s   11    15.32957        4.403928        227.0700        9.611762        394.0224       0.8795663E-04
    5 s   12    14.85531        4.638784        215.5737        9.144484        392.1023       0.1076231E-03
    5 s   13    14.41064        4.859924        205.7645        8.507793        377.5986       0.1430122E-03
    5 s   14    13.97795        5.063188        197.5040        7.729072        350.5181       0.1892155E-03
    5 s   15    13.55095        5.247034        190.5839        6.990351        319.8583       0.2287252E-03
    5 s   16    13.13714        5.414985        184.6727        6.472216        295.6122       0.2463414E-03
    5 s   17    12.74796        5.573030        179.4356        6.188749        279.6391       0.2429504E-03
    5 s   18    12.39034        5.726214        174.6355        6.072047        269.7119       0.2264963E-03
    5 s   19    12.06632        5.877899        170.1288        6.061967        263.6637       0.2035148E-03
    5 s   20    11.77519        6.030236        165.8310        6.120346        260.1135       0.1779305E-03
    5 s   21    11.51493        6.184610        161.6917        6.222739        258.2206       0.1519317E-03
    5 s   22    11.28297        6.341888        157.6817        6.350883        257.4291       0.1267692E-03
    5 s   23    11.07646        6.502512        153.7867        6.488741        257.3163       0.1032340E-03
    5 s   24    10.89235        6.666536        150.0029        6.621283        257.5194       0.8189161E-04
    5 s   25    10.72755        6.833655        146.3346        6.734946        257.7107       0.6315515E-04
    5 s   26    10.57893        7.003255        142.7907        6.818712        257.6006       0.4727288E-04
    6 s    1    52.95516        1.984322        503.9505        7.092105        485.2318       0.8146512E-03
    6 s    2    39.88372        2.490853        401.4688        17.23668        202.3223       0.1143923E-02
    6 s    3    32.41871        2.834499        352.7960        11.97203        438.7682       0.1354483E-02
    6 s    4    27.37722        3.077615        324.9269        7.235028        306.1630       0.7915784E-03
    6 s    5    23.45019        3.221970        310.3691        4.901146        257.2328       0.5261456E-03
    6 s    6    20.58348        3.342294        299.1957        4.874253        246.8940       0.4741440E-03
    6 s    7    18.55035        3.475569        287.7227        6.026905        246.3283       0.4298829E-03
    6 s    8    17.25605        3.664147        272.9148        9.083240        297.9894       0.2179114E-03
    6 s    9    16.46818        3.908246        255.8693        10.05797        359.8339       0.1050510E-03
    6 s   10    16.25848        4.264633        234.4868        15.14361        90.13074      -0.1035715E-01
    6 s   11    16.18141        4.648648        215.1163        15.11023        90.10315      -0.1012674E-01
    6 s   12    16.11439        5.031950        198.7301        15.09043        90.07125      -0.9938291E-02
    6 s   13    15.41784        5.199600        192.3225        6.721629        250.2001       0.3316913E-03
    6 s   14    14.83927        5.375181        186.0403        7.309849        259.5458       0.2563071E-03
    6 s   15    14.37289        5.565296        179.6850        7.851647        274.5541       0.1854602E-03
    6 s   16    13.98939        5.766272        173.4223        8.166968        289.7736       0.1355109E-03
    6 s   17    13.66050        5.971962        167.4492        8.240602        300.5797       0.1070906E-03
    6 s   18    13.36606        6.177144        161.8871        8.140543        305.6713       0.9348954E-04
    6 s   19    13.09364        6.378339        156.7806        7.932160        305.5398       0.8865975E-04
    6 s   20    12.83604        6.573511        152.1257        7.666869        301.2668       0.8812141E-04
    6 s   21    12.58957        6.761795        147.8897        7.387766        294.2089       0.8824563E-04
    6 s   22    12.35292        6.943282        144.0241        7.127201        285.7761       0.8629819E-04
    6 s   23    12.12603        7.118671        140.4757        6.901108        277.0961       0.8098002E-04
    6 s   24    11.90915        7.288858        137.1957        6.710541        268.8466       0.7250946E-04
    6 s   25    11.70241        7.454666        134.1442        6.550022        261.3604       0.6205249E-04
    6 s   26    11.50571        7.616787        131.2890        6.415413        254.8194       0.5100581E-04
    7 s    1    58.42097        2.189135        456.8014        8.907378        269.6876       0.4273363E-03
    7 s    2    41.00352        2.560788        390.5047        24.67530        125.7814       0.4864916E-03
    7 s    3    36.63236        3.202915        312.2156        18.00817        120.7544       0.1855844E-03
    7 s    4    30.26091        3.401786        293.9632        9.602395        404.2162       0.4918158E-03
    7 s    5    26.80249        3.682565        271.5499        12.13081        537.3855       0.7011162E-03
    7 s    6    24.53947        3.984659        250.9625        11.58917        501.1007       0.7860842E-03
    7 s    7    22.65687        4.244961        235.5734        8.937799        375.0089       0.7572045E-03
    7 s    8    20.89236        4.436280        225.4141        6.613611        296.1004       0.6349837E-03
    7 s    9    19.34379        4.590687        217.8323        5.876301        267.7952       0.5418003E-03
    7 s   10    18.05781        4.736603        211.1217        5.811728        256.0275       0.4858487E-03
    7 s   11    17.00093        4.884083        204.7467        5.970755        249.9862       0.4424022E-03
    7 s   12    16.13122        5.037206        198.5228        6.266467        247.6573       0.3941916E-03
    7 s   13    16.05601        5.414820        184.6783        15.07890        90.03625      -0.9781119E-02
    7 s   14    16.00497        5.797429        172.4903        15.07191        90.00151      -0.9647442E-02
    7 s   15    15.95220        6.176817        161.8957        5.511106        237.6248       0.3988612E-03
    7 s   16    15.32682        6.317546        158.2893        5.719895        237.9946       0.3781303E-03
    7 s   17    14.78562        6.463832        154.7070        5.957323        239.1066       0.3545645E-03
    7 s   18    14.31638        6.616334        151.1411        6.218640        240.8848       0.3272456E-03
    7 s   19    13.90903        6.775543        147.5897        6.494036        243.3513       0.2963841E-03
    7 s   20    13.55480        6.941599        144.0590        6.765084        246.4800       0.2633711E-03
    7 s   21    13.24551        7.114093        140.5661        7.007167        250.0546       0.2305201E-03
    7 s   22    12.97337        7.292021        137.1362        7.199534        253.6585       0.2002029E-03
    7 s   23    12.73135        7.474028        133.7967        7.335483        256.8520       0.1738243E-03
    7 s   24    12.51357        7.658782        130.5691        7.423151        259.3723       0.1514684E-03
    7 s   25    12.31558        7.845267        127.4654        7.477970        261.1794       0.1323208E-03
    7 s   26    12.13421        8.032854        124.4887        7.514408        262.3642       0.1153110E-03
    8 s    1    77.40474        2.900490        344.7694        13.43438        873.3325       0.9460586E-03
    8 s    2    50.31657        3.142415        318.2266        3.090116        241.7811       0.2046739E-03
    8 s    3    37.07958        3.242018        308.4499        12.38873        165.7242       0.1103172E-03
    8 s    4    34.14185        3.838063        260.5481        21.76246        132.1301       0.5603149E-03
    8 s    5    30.67447        4.214560        237.2727        12.06439        724.0625       0.8890555E-03
    8 s    6    27.42121        4.452587        224.5885        7.288019        335.3906       0.1281443E-03
    8 s    7    24.83511        4.653074        214.9117        9.404072        351.2815       0.5467832E-07
    8 s    8    23.18537        4.923177        203.1209        11.85562        449.1407       0.1264695E-04
    8 s    9    22.02269        5.226447        191.3346        11.98854        512.0805       0.5412469E-06
    8 s   10    20.91204        5.485274        182.3063        7.877645        358.4356       0.2884980E-03
    8 s   11    19.64845        5.644671        177.1582        5.548436        266.4913       0.4817228E-03
    8 s   12    18.50442        5.778272        173.0621        5.205236        247.5145       0.4674252E-03
    8 s   13    17.52032        5.908652        169.2433        5.214911        240.8678       0.4409867E-03
    8 s   14    16.67703        6.040866        165.5392        5.336828        238.3104       0.4188060E-03
    8 s   15    15.96009        6.179874        161.8156        15.06744        89.96747      -0.9532138E-02
    8 s   16    15.92039        6.562212        152.3877        15.06419        89.93458      -0.9431491E-02
    8 s   17    15.88505        6.944470        143.9995        15.06142        89.90310      -0.9342774E-02
    8 s   18    15.85338        7.326664        136.4878        15.05871        89.87302      -0.9263960E-02
    8 s   19    15.55890        7.579247        131.9392        5.756955        241.5084       0.3363716E-03
    8 s   20    15.08123        7.723306        129.4782        5.746043        236.0336       0.3028906E-03
    8 s   21    14.64814        7.867438        127.1062        5.764332        231.9353       0.2699589E-03
    8 s   22    14.25489        8.012332        124.8076        5.809250        229.0118       0.2384861E-03
    8 s   23    13.89755        8.158655        122.5692        5.880616        227.2146       0.2090987E-03
    8 s   24    13.57277        8.307058        120.3796        5.976992        226.5173       0.1822195E-03
    8 s   25    13.27766        8.458126        118.2295        6.094547        226.8628       0.1580865E-03
    8 s   26    13.00954        8.612322        116.1127        6.227434        228.1474       0.1367729E-03
    9 s    1    83.18008        3.116902        320.8314        1.321555        236.3455       0.7155710E-05
    9 s    2    52.17924        3.258744        306.8667        12.82578        907.7651       0.1016487E-02
    9 s    3    41.07731        3.591555        278.4309        13.32488        755.7352       0.1673977E-02
    9 s    4    35.04293        3.939358        253.8485        16.40398        221.6247       0.8690083E-03
    9 s    5    31.97695        4.393516        227.6081        5.160532        240.9716       0.2362689E-03
    9 s    6    28.31088        4.597050        217.5308        11.21470        478.0244       0.8639163E-03
    9 s    7    26.11485        4.892843        204.3802        11.71960        565.6620       0.1148143E-02
    9 s    8    24.33642        5.167592        193.5137        9.916813        422.1555       0.1293579E-02
    9 s    9    22.70589        5.388585        185.5775        7.945467        303.4329       0.1132689E-02
    9 s   10    21.37785        5.607455        178.3340        10.46621        333.0945       0.5726559E-03
    9 s   11    20.51943        5.894889        169.6385        11.86912        431.5530       0.2002597E-03
    9 s   12    19.81993        6.189060        161.5754        11.57290        460.1726       0.1209246E-03
    9 s   13    19.18846        6.471223        154.5303        10.94542        461.7919       0.1146993E-03
    9 s   14    18.58694        6.732688        148.5291        9.837415        430.9568       0.1734069E-03
    9 s   15    17.96338        6.955564        143.7698        7.881923        347.2082       0.3147253E-03
    9 s   16    17.30395        7.132497        140.2033        6.454156        285.4124       0.3972392E-03
    9 s   17    16.66870        7.287058        137.2296        5.969741        260.9655       0.3952912E-03
    9 s   18    16.08648        7.434389        134.5100        5.811879        249.0556       0.3687453E-03
    9 s   19    15.82485        7.708800        129.7219        15.05583        89.84427      -0.9193504E-02
    9 s   20    15.79900        8.090882        123.5959        15.05268        89.81667      -0.9130210E-02
    9 s   21    15.77544        8.472910        118.0232        15.04922        89.79003      -0.9073139E-02
    9 s   22    15.47152        8.696168        114.9932        6.705579        276.8512       0.2546425E-03
    9 s   23    15.08996        8.858667        112.8838        6.344000        263.2424       0.2814386E-03
    9 s   24    14.73173        9.016385        110.9092        6.280806        258.5211       0.2818597E-03
    9 s   25    14.40183        9.174246        109.0008        6.337365        257.3024       0.2702058E-03
    9 s   26    14.09992        9.334153        107.1334        6.437957        257.4081       0.2526575E-03
   10 s    1    91.89025        3.443287        290.4202        24.83115        87.19003       0.1509025E-03
   10 s    2    65.29611        4.077931        245.2224        14.19476        749.4744       0.3843549E-03
   10 s    3    48.60536        4.249764        235.3072        2.200718        235.7811       0.1028007E-03
   10 s    4    38.32032        4.307787        232.1378        2.715372        231.3426       0.1230977E-03
   10 s    5    32.81662        4.508884        221.7844        24.28047        92.49164      -0.4777379E-04
   10 s    6    31.54778        5.122651        195.2114        24.26974        90.60245      -0.1020695E-03
   10 s    7    29.34009        5.497121        181.9134        5.932771        242.7641       0.3623527E-03
   10 s    8    26.69062        5.667481        176.4452        7.992579        274.7237       0.4725711E-03
   10 s    9    24.87335        5.902968        169.4063        10.60081        354.3027       0.9976825E-03
   10 s   10    23.56322        6.180683        161.7944        11.02189        394.1775       0.1488368E-02
   10 s   11    22.39405        6.433436        155.4379        8.792638        328.8298       0.1445183E-02
   10 s   12    21.21767        6.625524        150.9315        6.755443        274.1738       0.1031884E-02
   10 s   13    20.12275        6.786310        147.3555        6.237722        255.1239       0.7242831E-03
   10 s   14    19.17982        6.947443        143.9378        6.782299        255.7838       0.4962907E-03
   10 s   15    18.42958        7.136078        140.1330        8.387775        289.4197       0.2553895E-03
   10 s   16    17.86328        7.363047        135.8133        9.549066        341.5762       0.1069146E-03
   10 s   17    17.39837        7.606048        131.4743        9.790004        370.2960       0.6094413E-04
   10 s   18    16.98558        7.849911        127.3900        9.675976        379.1526       0.5220143E-04
   10 s   19    16.60373        8.088217        123.6366        9.341759        373.1798       0.6454689E-04
   10 s   20    16.23537        8.314354        120.2739        8.668209        348.7992       0.1064358E-03
   10 s   21    15.85992        8.518284        117.3945        7.595130        308.1660       0.1852422E-03
   10 s   22    15.75389        8.854885        112.9320        15.04544        89.76413      -0.9021546E-02
   10 s   23    15.57206        9.141690        109.3890        8.871513        338.6093       0.1051166E-03
   10 s   24    15.29968        9.363993        106.7921        8.860175        340.9706       0.8847965E-04
   10 s   25    15.04384        9.583217        104.3491        8.641730        332.7959       0.8704957E-04
   10 s   26    14.79630        9.795160        102.0912        8.286575        318.1267       0.9415217E-04
   11 s    1    99.40919        3.725035        268.4539        15.09118        675.8601       0.3094986E-02
   11 s    2    66.90003        4.178100        239.3432        29.13081        87.35442      -0.4937597E-05
   11 s    3    51.04965        4.463478        224.0406        13.58365        750.1198       0.5951937E-03
   11 s    4    42.73216        4.803744        208.1710        13.32289        755.5123       0.1741545E-02
   11 s    5    37.26176        5.119630        195.3266        11.48222        543.7894       0.1885273E-02
   11 s    6    32.95026        5.350382        186.9026        6.858326        278.8262       0.8483889E-03
   11 s    7    30.57878        5.729199        174.5445        23.72281        89.85190      -0.1750375E-03
   11 s    8    28.98235        6.154108        162.4931        11.14096        600.6120       0.2851555E-03
   11 s    9    26.97601        6.401974        156.2018        8.388847        398.4623       0.2659806E-04
   11 s   10    25.13392        6.592680        151.6834        7.629359        319.1492       0.5850419E-04
   11 s   11    23.71214        6.812101        146.7976        10.14770        373.7841       0.5229932E-03
   11 s   12    22.71664        7.093600        140.9721        11.88396        454.8473       0.1200256E-02
   11 s   13    21.90195        7.386336        135.3851        11.03313        429.6624       0.1537618E-02
   11 s   14    21.07465        7.633804        130.9963        8.553338        337.7456       0.1397568E-02
   11 s   15    20.19948        7.821400        127.8543        6.566895        279.8748       0.1045366E-02
   11 s   16    19.34490        7.973755        125.4114        5.694534        255.7154       0.7820507E-03
   11 s   17    18.55741        8.112747        123.2628        5.436392        245.9441       0.6227825E-03
   11 s   18    17.85007        8.249436        121.2204        5.493520        243.0775       0.5209474E-03
   11 s   19    17.22454        8.390635        119.1805        5.809897        245.9564       0.4418789E-03
   11 s   20    16.68375        8.543977        117.0415        6.500567        258.3057       0.3558703E-03
   11 s   21    16.23580        8.720162        114.6768        7.606370        286.7828       0.2454257E-03
   11 s   22    15.87531        8.923133        112.0683        8.520633        320.4058       0.1516462E-03
   11 s   23    15.73409        9.236808        108.2625        15.04134        89.73877      -0.8974838E-02
   11 s   24    15.71582        9.618681        103.9644        15.03694        89.71374      -0.8932540E-02
   11 s   25    15.69896        10.00054        99.99457        15.03218        89.68806      -0.8894395E-02
   11 s   26    15.52908        10.28026        97.27378        7.017407        279.2590       0.2641803E-03
   12 s    1    112.3729        4.210807        237.4842       0.6502251        221.2323       0.2973544E-04
   12 s    2    67.87979        4.239289        235.8886        2.219443        231.1358       0.4464047E-04
   12 s    3    56.00120        4.896412        204.2312        27.41998        88.89059       0.1342256E-04
   12 s    4    47.40064        5.328552        187.6682        2.543098        203.6592       0.8949836E-05
   12 s    5    39.39977        5.413385        184.7273        4.644781        230.2636       0.1509864E-03
   12 s    6    34.43473        5.591426        178.8453        9.741601        390.4460       0.7039341E-03
   12 s    7    31.31667        5.867450        170.4318        11.68733        566.6626       0.6171936E-03
   12 s    8    29.77315        6.322026        158.1771        23.21802        89.02911      -0.2294046E-03
   12 s    9    27.81001        6.599899        151.5175        9.081503        326.4189       0.4912136E-03
   12 s   10    26.17646        6.866141        145.6422        11.65287        473.1886       0.4709232E-03
   12 s   11    24.94959        7.167601        139.5167        12.27135        540.7462       0.5048685E-03
   12 s   12    23.94167        7.476133        133.7590        12.30196        538.2005       0.5105841E-03
   12 s   13    23.07057        7.780449        128.5273        11.97061        479.3047       0.3093015E-03
   12 s   14    22.30046        8.077823        123.7957        11.96404        435.0518       0.1842821E-04
   12 s   15    21.65242        8.383987        119.2750        12.51115        454.4040       0.5290455E-04
   12 s   16    21.10042        8.697363        114.9774        11.72379        422.0443       0.7631202E-03
   12 s   17    20.36200        8.901660        112.3386        6.949997        294.0148       0.1345008E-02
   12 s   18    19.61202        9.063722        110.3299        6.053982        268.7019       0.9663363E-03
   12 s   19    18.90857        9.210979        108.5661        5.723421        258.3638       0.7388527E-03
   12 s   20    18.26469        9.353599        106.9107        5.661816        254.4508       0.5997841E-03
   12 s   21    17.68097        9.496356        105.3036        5.728474        253.6153       0.5080855E-03
   12 s   22    17.15369        9.641676        103.7164        5.867768        254.6697       0.4419893E-03
   12 s   23    16.67833        9.791136        102.1332        6.063417        257.3707       0.3898877E-03
   12 s   24    16.25086        9.946152        100.5414        6.317250        261.9828       0.3452313E-03
   12 s   25    15.86971        10.10931        98.91869        6.641511        269.2955       0.3030287E-03
   12 s   26    15.68325        10.38232        96.31759        15.02719        89.66315      -0.8859852E-02
   13 s    1    121.1719        4.540522        220.2390        15.24018        757.3242       0.3583817E-02
   13 s    2    78.45867        4.899971        204.0828        13.65915        816.4446       0.3541419E-02
   13 s    3    59.80102        5.228645        191.2541        12.46924        699.2751       0.1073158E-02
   13 s    4    49.10918        5.520619        181.1391        17.23695        195.4621       0.2640483E-03
   13 s    5    42.61884        5.855674        170.7745        12.26754        681.0711       0.7812368E-03
   13 s    6    37.72366        6.125474        163.2527        8.620983        406.1430       0.1216949E-02
   13 s    7    33.57792        6.291115        158.9543        5.289546        267.1759       0.7789482E-03
   13 s    8    30.24437        6.422083        155.7127        5.712712        249.1277       0.5198233E-03
   13 s    9    29.08646        6.902828        144.8682        22.88915        88.15983      -0.2735075E-03
   13 s   10    28.48760        7.472357        133.8266        22.48154        87.93358      -0.3004673E-03
   13 s   11    26.70400        7.671614        130.3507        4.817384        249.0181       0.1992252E-03
   13 s   12    24.98713        7.802592        128.1625        5.815523        261.3403       0.2854978E-03
   13 s   13    23.64220        7.973227        125.4197        7.983776        310.1696       0.7626160E-03
   13 s   14    22.65180        8.205088        121.8756        10.23095        407.7320       0.1563342E-02
   13 s   15    21.86954        8.468058        118.0908        10.27863        426.8483       0.1921354E-02
   13 s   16    21.13220        8.710461        114.8045        9.569610        391.2272       0.1075104E-02
   13 s   17    20.62161        9.015154        110.9243        12.41612        483.5469       0.6202867E-04
   13 s   18    20.16607        9.319778        107.2987        11.90264        465.3423       0.9695821E-04
   13 s   19    19.72332        9.607869        104.0814        11.07852        431.1018       0.1386131E-03
   13 s   20    19.27433        9.870646        101.3105        9.864607        382.3837       0.2128662E-03
   13 s   21    18.80932        10.10239        98.98647        8.381524        331.3928       0.3081205E-03
   13 s   22    18.31914        10.29675        97.11805        7.223257        297.0985       0.3715981E-03
   13 s   23    17.83248        10.46868        95.52299        6.575399        278.8815       0.3883900E-03
   13 s   24    17.36700        10.62927        94.07984        6.282221        269.7772       0.3792799E-03
   13 s   25    16.93070        10.78519        92.71975        6.183247        265.3103       0.3603541E-03
   13 s   26    16.52579        10.94008        91.40700        6.192256        263.4482       0.3382492E-03
   14 s    1    133.2135        4.991741        200.3309        20.54332        86.31624       0.3659481E-04
   14 s    2    83.98916        5.245366        190.6445        1.062968        197.2664       0.5180896E-06
   14 s    3    60.39203        5.280320        189.3825        2.069572        209.1959       0.2592311E-04
   14 s    4    49.72570        5.589925        178.8933        21.08944        138.8734       0.2453716E-04
   14 s    5    45.09161        6.195423        161.4095        23.69520        93.38260       0.1191863E-03
   14 s    6    39.79427        6.461694        154.7582        8.954713        298.3367       0.6098007E-03
   14 s    7    36.00336        6.745541        148.2461        12.95423        502.8441       0.1707609E-02
   14 s    8    33.34036        7.079487        141.2532        13.20112        577.1677       0.2049283E-02
   14 s    9    31.08358        7.376785        135.5604        9.606991        382.7096       0.1376345E-02
   14 s   10    28.78662        7.550793        132.4364        5.188316        260.2705       0.4094904E-03
   14 s   11    27.96083        8.032679        124.4915        22.14567        87.61972      -0.3240447E-03
   14 s   12    27.24299        8.507017        117.5500        10.71489        439.5624       0.6753950E-03
   14 s   13    25.85905        8.720850        114.6677        6.649210        286.9083       0.3737554E-03
   14 s   14    24.49535        8.872873        112.7031        5.966703        266.7920       0.3609453E-03
   14 s   15    23.33463        9.035354        110.6763        7.196748        291.8546       0.6730950E-03
   14 s   16    22.41958        9.241105        108.2122        9.202555        355.2244       0.1336069E-02
   14 s   17    21.71148        9.491612        105.3562        10.45197        422.6110       0.1994205E-02
   14 s   18    21.10414        9.753309        102.5293        10.08070        417.3078       0.2131380E-02
   14 s   19    20.51448        9.993271        100.0673        8.984658        370.5245       0.1717853E-02
   14 s   20    19.94648        10.21487        97.89653        8.529250        350.0058       0.1154581E-02
   14 s   21    19.42413        10.43260        95.85341        8.885992        361.5192       0.7380988E-03
   14 s   22    18.96636        10.66054        93.80392        9.251630        379.0245       0.4798009E-03
   14 s   23    18.55510        10.89290        91.80289        9.246006        383.7619       0.3450605E-03
   14 s   24    18.17057        11.12109        89.91926        8.948563        374.5438       0.2816445E-03
   14 s   25    17.80093        11.33954        88.18703        8.487019        355.9871       0.2557925E-03
   14 s   26    17.44000        11.54529        86.61538        7.945969        332.6487       0.2493986E-03
   15 s    1    139.4304        5.224698        191.3986       0.6433411        196.6481      -0.1521327E-05
   15 s    2    89.22547        5.572388        179.4563        24.87117        100.4249       0.2320568E-03
   15 s    3    69.27058        6.056607        165.1090        11.66054        491.3241       0.3114238E-02
   15 s    4    55.29048        6.215490        160.8884        3.585809        231.8861       0.5680995E-03
   15 s    5    45.93411        6.311179        158.4490        5.268844        214.2624       0.1190491E-03
   15 s    6    41.97294        6.815462        146.7252        24.19843        91.72158       0.1290216E-03
   15 s    7    39.55230        7.410467        134.9443        12.11534        143.5294       0.1486388E-03
   15 s    8    35.28060        7.491476        133.4850        3.709082        254.3151       0.8284137E-04
   15 s    9    32.12499        7.623934        131.1659        7.708594        338.9670       0.5808415E-03
   15 s   10    30.06700        7.886637        126.7968        12.35354        572.3673       0.1142107E-02
   15 s   11    28.56471        8.206163        121.8596        12.77190        601.1120       0.9716237E-03
   15 s   12    27.49182        8.584718        116.4861        21.83496        87.42798      -0.3413630E-03
   15 s   13    26.69012        9.001127        111.0972        11.18886        445.6839       0.1200269E-03
   15 s   14    25.67405        9.299828        107.5289        12.21534        513.2255       0.1061499E-03
   15 s   15    24.77833        9.594364        104.2279        10.99468        442.9746       0.2133346E-04
   15 s   16    23.86066        9.835105        101.6766        8.323814        334.1006       0.3852256E-04
   15 s   17    22.95158        10.03375        99.66365        7.797716        313.6587       0.3020914E-03
   15 s   18    22.16377        10.24302        97.62747        9.070695        349.9890       0.8605743E-03
   15 s   19    21.53721        10.49147        95.31548        10.61694        418.8933       0.1639181E-02
   15 s   20    21.02536        10.76738        92.87314        11.06016        455.4317       0.2165793E-02
   15 s   21    20.54810        11.03628        90.61026        10.08048        411.5467       0.2123185E-02
   15 s   22    20.04970        11.26945        88.73545        8.422210        344.2867       0.1633228E-02
   15 s   23    19.52870        11.46447        87.22605        7.197071        304.6031       0.1116922E-02
   15 s   24    19.01422        11.63743        85.92963        6.664974        289.1250       0.7678670E-03
   15 s   25    18.52851        11.80302        84.72406        6.585432        286.9583       0.5506653E-03
   15 s   26    18.08132        11.96985        83.54327        6.748720        292.6295       0.4092920E-03
   16 s    1    141.3055        5.294961        188.8588        15.89331        633.1188      -0.5385387E-03
   16 s    2    91.53463        5.716602        174.9291        17.54369        299.1946       0.2219150E-02
   16 s    3    71.73785        6.272331        159.4304        13.03858        156.0878       0.5436867E-03
   16 s    4    58.25262        6.548480        152.7072        12.95095        584.5007       0.2810254E-02
   16 s    5    50.04515        6.876022        145.4329        13.04133        725.8033       0.1965007E-02
   16 s    6    44.35606        7.202426        138.8421        13.06689        714.0454       0.1083055E-02
   16 s    7    39.60783        7.420870        134.7551        13.67862        140.5822       0.8290818E-04
   16 s    8    36.96434        7.849001        127.4047        13.54538        706.2141       0.8720889E-03
   16 s    9    34.46441        8.179127        122.2624        12.75661        739.1988       0.1153502E-02
   16 s   10    32.27832        8.466671        118.1102        9.235223        434.8365       0.8346790E-03
   16 s   11    30.04454        8.631293        115.8575        5.122816        267.8612       0.8890654E-04
   16 s   12    28.09155        8.771993        113.9992        6.878458        293.6404       0.7767875E-05
   16 s   13    27.07066        9.129460        109.5355        21.57045        87.25463      -0.3547984E-03
   16 s   14    26.56378        9.622112        103.9273        7.384598        321.4887       0.5680072E-03
   16 s   15    25.33171        9.808638        101.9510        7.915479        326.7110       0.4590457E-03
   16 s   16    24.36252        10.04196        99.58212        10.42993        415.1239       0.4203529E-03
   16 s   17    23.60487        10.31934        96.90538        11.44218        475.8980       0.3579483E-03
   16 s   18    22.95187        10.60724        94.27526        11.50435        487.4498       0.3423261E-03
   16 s   19    22.36358        10.89403        91.79343        11.40849        485.1004       0.3731830E-03
   16 s   20    21.82785        11.17834        89.45870        11.30583        477.7416       0.4623222E-03
   16 s   21    21.33664        11.45980        87.26157        11.15158        463.5067       0.6405005E-03
   16 s   22    20.87852        11.73532        85.21288        10.77133        434.5166       0.8858111E-03
   16 s   23    20.43330        11.99551        83.36450        9.857261        381.8332       0.1042774E-02
   16 s   24    19.97448        12.22515        81.79862        8.377523        320.9531       0.1010764E-02
   16 s   25    19.49274        12.41726        80.53308        6.997862        279.5224       0.8297413E-03
   16 s   26    19.00567        12.58177        79.48008        6.202478        259.8323       0.6428236E-03
   17 s    1    163.9564        6.143730        162.7676        7.508706        333.3605       0.1370200E-02
   17 s    2    99.29668        6.201365        161.2548        1.697962        200.2427       0.4024396E-04
   17 s    3    72.08100        6.302333        158.6714        21.50831        104.3519       0.4460145E-03
   17 s    4    62.41822        7.016757        142.5160        28.85009        85.10922       0.8146856E-06
   17 s    5    53.22327        7.312684        136.7487        1.710272        243.7587       0.6524849E-04
   17 s    6    45.31773        7.358581        135.8958        2.014039        240.2194       0.2225652E-04
   17 s    7    40.22651        7.536785        132.6826        14.11715        417.2678       0.6282156E-03
   17 s    8    37.86073        8.039341        124.3883        23.70852        91.35555       0.7243229E-04
   17 s    9    35.95900        8.533824        117.1808        3.811664        227.3097       0.1825630E-03
   17 s   10    33.00154        8.656374        115.5218        7.086920        287.4418       0.7718216E-03
   17 s   11    30.98410        8.901216        112.3442        11.25874        482.7604       0.1535369E-02
   17 s   12    29.39808        9.179976        108.9327        10.59879        467.7886       0.1356563E-02
   17 s   13    27.94086        9.422932        106.1241        8.726380        375.9536       0.9076748E-03
   17 s   14    26.69015        9.667888        103.4352        21.33254        87.12368      -0.3651186E-03
   17 s   15    26.34434        10.20074        98.03213        21.12489        87.00158      -0.3733223E-03
   17 s   16    26.02842        10.72863        93.20854        20.93983        86.89836      -0.3794045E-03
   17 s   17    25.12042        10.98190        91.05893        6.274408        298.3722       0.3566675E-03
   17 s   18    24.07215        11.12498        89.88781        5.446410        275.2126       0.2557886E-03
   17 s   19    23.12287        11.26390        88.77916        5.765225        277.4397       0.3162954E-03
   17 s   20    22.29907        11.41966        87.56829        6.775506        297.0243       0.5335388E-03
   17 s   21    21.61595        11.60981        86.13403        8.474681        343.9991       0.9536220E-03
   17 s   22    21.07684        11.84678        84.41110        10.32412        421.6427       0.1435776E-02
   17 s   23    20.64891        12.12209        82.49401        11.42234        490.3859       0.1640678E-02
   17 s   24    20.28331        12.41416        80.55317        11.72930        512.6505       0.1450462E-02
   17 s   25    19.94882        12.70779        78.69190        11.61246        499.3754       0.1138167E-02
   17 s   26    19.62840        12.99401        76.95853        11.14289        462.7789       0.9249029E-03
   18 s    1    166.0666        6.222802        160.6993        8.311376        295.7342       0.1172970E-02
   18 s    2    105.2638        6.574026        152.1138        15.30507        712.8182       0.1342010E-02
   18 s    3    79.55637        6.955936        143.7621        14.93915        818.0933       0.1230671E-02
   18 s    4    64.55297        7.256735        137.8030        4.761367        331.3447       0.5917287E-03
   18 s    5    55.80624        7.667574        130.4194        14.84219        339.5589       0.2185527E-02
   18 s    6    49.25157        7.997348        125.0415        12.63512        693.7279       0.2659262E-02
   18 s    7    44.24218        8.289156        120.6395        9.679395        446.4370       0.1651121E-02
   18 s    8    39.78155        8.447207        118.3823        3.923203        243.9247       0.2815661E-03
   18 s    9    36.40232        8.639035        115.7537        23.64470        89.99367       0.4368287E-04
   18 s   10    35.20050        9.233165        108.3052        23.43322        90.87168       0.4187400E-04
   18 s   11    33.28510        9.562252        104.5779        8.014683        333.8743       0.7783371E-03
   18 s   12    31.23844        9.754656        102.5152        7.767213        318.1251       0.9088102E-03
   18 s   13    29.55679        9.967899        100.3220        9.394849        368.9706       0.1099021E-02
   18 s   14    28.24566        10.23133        97.73898        11.08159        452.6024       0.1149068E-02
   18 s   15    27.16362        10.51797        95.07538        11.52385        489.3595       0.1017344E-02
   18 s   16    26.17352        10.78844        92.69181        9.505293        398.9387       0.7149979E-03
   18 s   17    25.73858        11.25214        88.87197        20.77566        86.80479      -0.3838955E-03
   18 s   18    25.12084        11.60963        86.13540        12.17629        459.5214       0.4337243E-03
   18 s   19    24.41879        11.89519        84.06762        10.26912        373.7324       0.4080014E-03
   18 s   20    23.65628        12.11470        82.54432        7.392167        293.6028       0.3684019E-03
   18 s   21    22.86556        12.28098        81.42676        6.194226        269.8181       0.4043710E-03
   18 s   22    22.12801        12.43762        80.40121        6.487188        277.4063       0.5955014E-03
   18 s   23    21.48864        12.61506        79.27032        7.786879        312.9795       0.1038167E-02
   18 s   24    20.96914        12.83392        77.91852        9.625485        385.1172       0.1738553E-02
   18 s   25    20.55731        13.09540        76.36267        10.96717        468.0609       0.2334575E-02
   18 s   26    20.20676        13.37689        74.75580        11.18721        491.0423       0.2352028E-02
   19 s    1    176.1631        6.601135        151.4891        22.21730        86.63728       0.2924040E-04
   19 s    2    114.8303        7.171483        139.4412        22.31012        94.41933       0.1624712E-03
   19 s    3    83.12683        7.268115        137.5873        1.181834        230.1113       0.5636282E-04
   19 s    4    65.48231        7.361208        135.8473        10.57367        407.1139       0.1369925E-02
   19 s    5    56.37181        7.745282        129.1109        26.30881        100.4899       0.3830615E-03
   19 s    6    51.81723        8.413953        118.8502        13.05793        132.6257       0.1388321E-03
   19 s    7    45.44286        8.514113        117.4520        5.738913        268.8738       0.8567683E-03
   19 s    8    41.19279        8.746870        114.3266        11.78708        525.1717       0.1513709E-02
   19 s    9    38.14498        9.052603        110.4655        12.10335        564.1213       0.1054160E-02
   19 s   10    35.59908        9.337713        107.0926        10.52845        402.0945       0.7588666E-03
   19 s   11    34.20306        9.825967        101.7712        23.29697        89.12905      -0.8680818E-05
   19 s   12    32.57240        10.17120        98.31680        10.80078        549.6309       0.5748670E-03
   19 s   13    30.97324        10.44559        95.73418        10.88739        574.0841       0.6338808E-03
   19 s   14    29.53326        10.69774        93.47771        8.730553        420.2559       0.2978682E-03
   19 s   15    28.09416        10.87828        91.92628        6.322374        304.3957       0.2382948E-05
   19 s   16    26.81210        11.05165        90.48420        8.253749        330.4557       0.1292515E-03
   19 s   17    25.86089        11.30561        88.45167        11.67605        440.7214       0.3801972E-03
   19 s   18    25.47166        11.77176        84.94905        20.62976        86.71979      -0.3870102E-03
   19 s   19    25.18318        12.26754        81.51590        9.018845        384.0641       0.6175961E-04
   19 s   20    24.43964        12.51588        79.89853        10.86951        442.5431       0.1953799E-05
   19 s   21    23.82529        12.79644        78.14673        11.17410        448.1774       0.4778226E-05
   19 s   22    23.22743        13.05558        76.59558        9.283739        360.7828       0.6123655E-04
   19 s   23    22.58811        13.26051        75.41187        7.314459        299.1875       0.1872830E-03
   19 s   24    21.94911        13.43370        74.43966        6.713357        284.1199       0.3568154E-03
   19 s   25    21.35720        13.60495        73.50265        7.081186        293.7936       0.6646006E-03
   19 s   26    20.83952        13.79577        72.48597        8.226441        329.5289       0.1267884E-02
   20 s    1    187.5244        7.026864        142.3110        14.39188        800.8832       0.1085470E-02
   20 s    2    116.0446        7.247322        137.9820        1.812006        217.3269       0.7809722E-04
   20 s    3    88.38661        7.727999        129.3996        19.55213        226.3635       0.1630706E-02
   20 s    4    72.58521        8.159681        122.5538        15.14175        663.2094       0.2038209E-02
   20 s    5    60.91025        8.368846        119.4908        2.657825        226.8756       0.2464919E-03
   20 s    6    51.97134        8.438977        118.4978        16.19174        121.2654       0.1353086E-03
   20 s    7    48.45212        9.077924        110.1573        24.15837        99.44960       0.2605427E-03
   20 s    8    44.49077        9.447162        105.8519        8.611359        355.6909       0.1578581E-02
   20 s    9    40.39269        9.586032        104.3184        4.520286        253.9887       0.3220749E-03
   20 s   10    37.04689        9.717478        102.9074        6.328536        299.8933       0.2253514E-03
   20 s   11    34.50520        9.912767        100.8800        9.281442        408.6701       0.3517943E-03
   20 s   12    33.33951        10.41075        96.05460        23.14904        88.38114      -0.3446393E-04
   20 s   13    31.90161        10.75868        92.94824        5.170047        275.1479       0.4555174E-03
   20 s   14    30.12548        10.91225        91.64009        7.713374        334.0147       0.8749222E-03
   20 s   15    28.81008        11.15549        89.64195        11.22873        521.5234       0.1184998E-02
   20 s   16    27.78524        11.45277        87.31512        12.22417        636.3769       0.1111084E-02
   20 s   17    26.89694        11.75854        85.04456        11.98568        626.9281       0.8891340E-03
   20 s   18    26.04865        12.03842        83.06738        10.02574        467.2959       0.4405503E-03
   20 s   19    25.22501        12.28792        81.38072        20.50005        86.64138      -0.3889443E-03
   20 s   20    24.95427        12.77942        78.25079        10.84390        422.7682       0.8022681E-03
   20 s   21    24.27657        13.03882        76.69405        9.943604        379.6377       0.6416491E-03
   20 s   22    23.64601        13.29085        75.23971        10.48084        405.2016       0.4650974E-03
   20 s   23    23.11133        13.56767        73.70462        11.50017        472.3217       0.3184493E-03
   20 s   24    22.64148        13.85745        72.16334        11.50548        490.6764       0.2588401E-03
   20 s   25    22.19171        14.13655        70.73860        10.67985        455.2400       0.2770977E-03
   20 s   26    21.73200        14.38660        69.50914        9.237964        390.7582       0.3840372E-03
