    0 s    2    5.000260       0.3122807        3202.247        6.452048        511.4214      -0.6314495E-02
    0 s    3    5.414669       0.4734264        2112.261        6.696257        423.0232       0.1316729E-02
    0 s    4    5.799661       0.6519701        1533.813        7.430861        376.7146       0.1322477E-02
    0 s    5    6.141400       0.8438059        1185.107        7.756008        356.8851       0.8022389E-03
    0 s    6    6.398680        1.039002        962.4622        7.720195        347.0465       0.4897659E-03
    0 s    7    6.560701        1.229204        813.5345        7.376949        340.7666       0.3160770E-03
    0 s    8    6.628234        1.407438        710.5108        6.802528        335.6204       0.1975005E-03
    0 s    9    6.615642        1.570031        636.9302        6.182873        330.6796       0.1098829E-03
    0 s   10    6.551336        1.718429        581.9267        5.700915        325.3542       0.5470593E-04
    0 s   11    6.463571        1.856876        538.5389        5.389297        319.2557       0.2559517E-04
    0 s   12    6.369730        1.989040        502.7551        5.191316        312.3188       0.1164221E-04
    0 s   13    6.277481        2.117053        472.3547        5.051474        304.6671       0.5211236E-05
    0 s   14    6.189309        2.241934        446.0436        4.937580        296.4821       0.2299757E-05
    0 s   15    6.105563        2.364122        422.9900        4.834650        287.9583       0.9997614E-06
    0 s   16    6.025903        2.483811        402.6071        4.737019        279.2902       0.4278442E-06
    0 s   17    5.949887        2.601113        384.4508        4.643423        270.6624       0.1802974E-06
    0 s   18    5.877152        2.716134        368.1704        4.554399        262.2376       0.7493012E-07
    0 s   19    5.807454        2.829000        353.4818        4.470988        254.1469       0.3085784E-07
    0 s   20    5.740648        2.939865        340.1517        4.394131        246.4856       0.1234310E-07
    0 s   21    5.676651        3.048900        327.9872        4.324436        239.3133       0.4969859E-08
    0 s   22    5.615412        3.156288        316.8278        4.262128        232.6580       0.1998833E-08
    0 s   23    5.556893        3.262214        306.5403        4.207089        226.5226       0.8311443E-09
    0 s   24    5.501050        3.366853        297.0132        4.158940        220.8916       0.3775910E-09
    0 s   25    5.447828        3.470373        288.1535        4.117123        215.7369       0.2075306E-09
    0 s   26    5.397158        3.572922        279.8830        4.080979        211.0233       0.1412484E-09
    1 s    2    10.91512       0.6816810        1466.962        10.88921        317.6665      -0.1534215E-02
    1 s    3    10.78384       0.9428749        1060.586        9.975765        289.0677       0.7509824E-04
    1 s    4    10.48920        1.179145        848.0720        8.837814        277.4785       0.2701343E-03
    1 s    5    10.03552        1.378844        725.2454        6.947621        299.9005       0.7331320E-03
    1 s    6    9.426692        1.530683        653.3032        5.426016        354.4505       0.1289035E-02
    1 s    7    8.896315        1.666802        599.9514        5.528988        379.8263       0.1514178E-02
    1 s    8    8.551700        1.815866        550.7013        6.294412        386.1474       0.1679011E-02
    1 s    9    8.370598        1.986519        503.3932        7.158025        386.3147       0.1872872E-02
    1 s   10    8.299972        2.177100        459.3265        7.837185        384.3752       0.2085306E-02
    1 s   11    8.290769        2.381800        419.8506        8.274224        381.2904       0.2300872E-02
    1 s   12    8.310477        2.595067        385.3466        8.521553        376.1255       0.2504353E-02
    1 s   13    8.340430        2.812773        355.5210        8.627099        365.3911       0.2661459E-02
    1 s   14    8.368379        3.031251        329.8968        8.571149        338.9188       0.2664183E-02
    1 s   15    8.377621        3.243881        308.2727        8.110375        273.2784       0.2116448E-02
    1 s   16    8.333725        3.435070        291.1148        7.031194        197.8104       0.8039812E-03
    1 s   17    8.240802        3.602633        277.5748        6.433928        174.9062       0.2037321E-03
    1 s   18    8.137639        3.760821        265.8994        6.229589        169.6339       0.6189214E-04
    1 s   19    8.037884        3.915515        255.3942        6.139248        168.0446       0.2224666E-04
    1 s   20    7.944551        4.068513        245.7900        6.089948        167.5503       0.8843091E-05
    1 s   21    7.858065        4.220526        236.9373        6.058839        167.4766       0.3731650E-05
    1 s   22    7.778086        4.371875        228.7348        6.036033        167.5674       0.1632893E-05
    1 s   23    7.704015        4.522697        221.1070        6.016173        167.6922       0.7305211E-06
    1 s   24    7.635180        4.673023        213.9942        5.995975        167.7709       0.3311359E-06
    1 s   25    7.570908        4.822816        207.3478        5.973319        167.7487       0.1511494E-06
    1 s   26    7.510560        4.971996        201.1265        5.946834        167.5875       0.6917014E-07
    2 s    1    10.86737       0.4072193        2455.679        12.88897        410.8469      -0.3360335E-04
    2 s    2    15.24518       0.9521057        1050.304        20.25069        97.29239      -0.1039987    
    2 s    3    14.30239        1.250516        799.6702        6.120869        449.0792      -0.2030713E-02
    2 s    4    12.35222        1.388577        720.1618        5.200778        413.3674       0.1291709E-02
    2 s    5    11.12246        1.528185        654.3710        6.195548        326.9253       0.1093364E-02
    2 s    6    10.49123        1.703539        587.0131        7.578229        256.4306       0.4989381E-03
    2 s    7    10.13083        1.898100        526.8428        7.831521        228.0602       0.2640256E-03
    2 s    8    9.856280        2.092881        477.8103        7.695777        212.8497       0.1886276E-03
    2 s    9    9.619580        2.282928        438.0339        7.476126        202.2745       0.1655022E-03
    2 s   10    9.406268        2.467284        405.3040        7.246198        194.3040       0.1674250E-03
    2 s   11    9.210606        2.646053        377.9214        7.030302        188.3553       0.1895337E-03
    2 s   12    9.030173        2.819802        354.6348        6.844126        184.3998       0.2390133E-03
    2 s   13    8.864657        2.989567        334.4966        6.711054        183.0903       0.3442836E-03
    2 s   14    8.716738        3.157436        316.7127        6.698532        187.4714       0.6073613E-03
    2 s   15    8.598434        3.329382        300.3561        7.077420        213.4773       0.1418684E-02
    2 s   16    8.541880        3.520870        284.0207        8.076830        300.9566       0.2992426E-02
    2 s   17    8.541768        3.734207        267.7945        8.602688        373.7074       0.3846649E-02
    2 s   18    8.558565        3.955353        252.8220        8.744374        399.9658       0.4228723E-02
    2 s   19    8.578032        4.178639        239.3124        8.780021        410.2285       0.4493361E-02
    2 s   20    8.596594        4.402434        227.1471        8.780444        415.1237       0.4713998E-02
    2 s   21    8.613240        4.626127        216.1635        8.765560        417.4372       0.4904168E-02
    2 s   22    8.627663        4.849402        206.2110        8.740896        417.4323       0.5058763E-02
    2 s   23    8.639606        5.071943        197.1631        8.700696        412.8295       0.5143453E-02
    2 s   24    8.647716        5.292734        188.9383        8.580255        388.4650       0.4934876E-02
    2 s   25    8.636769        5.501790        181.7590        7.537104        253.8278       0.2070869E-02
    2 s   26    8.575897        5.677249        176.1416        6.729910        203.9578       0.1709543E-03
    3 s    1    25.03554       0.9381251        1065.956        6.370016        855.8280       0.1322646E-03
    3 s    2    17.78602        1.110789        900.2614        7.378519        364.6237      -0.4725664E-02
    3 s    3    16.46747        1.439817        694.5325        17.66088        90.38529      -0.8757869E-01
    3 s    4    16.59114        1.865096        536.1653        17.10423        89.42526      -0.8323414E-01
    3 s    5    16.56672        2.276207        439.3273        16.68704        89.32745      -0.7912132E-01
    3 s    6    15.94576        2.589233        386.2147        5.826454        302.9079       0.5535743E-03
    3 s    7    14.58412        2.732462        365.9704        5.585390        294.4689       0.6926004E-03
    3 s    8    13.51685        2.870165        348.4121        5.399736        287.3637       0.6760913E-03
    3 s    9    12.66089        3.004695        332.8125        5.337359        281.3714       0.6169719E-03
    3 s   10    11.96772        3.139159        318.5566        5.392681        275.9517       0.5459590E-03
    3 s   11    11.40360        3.276065        305.2443        5.529361        270.6854       0.4767579E-03
    3 s   12    10.94250        3.416954        292.6583        5.709075        265.3204       0.4140715E-03
    3 s   13    10.56353        3.562505        280.7014        5.901277        259.7622       0.3588518E-03
    3 s   14    10.24979        3.712749        269.3422        6.084764        254.0414       0.3108828E-03
    3 s   15    9.987648        3.867296        258.5786        6.246753        248.2683       0.2697591E-03
    3 s   16    9.766218        4.025528        248.4146        6.381236        242.5816       0.2351500E-03
    3 s   17    9.576909        4.186740        238.8493        6.487065        237.1085       0.2068509E-03
    3 s   18    9.413016        4.350238        229.8725        6.566109        231.9436       0.1848449E-03
    3 s   19    9.269348        4.515401        221.4643        6.621786        227.1503       0.1694834E-03
    3 s   20    9.141914        4.681699        213.5977        6.658151        222.7757       0.1619427E-03
    3 s   21    9.027665        4.848712        206.2403        6.679604        218.8854       0.1654747E-03
    3 s   22    8.924316        5.016144        199.3563        6.691706        215.6525       0.1896202E-03
    3 s   23    8.830337        5.183912        192.9045        6.706591        213.7480       0.2698755E-03
    3 s   24    8.745797        5.352763        186.8194        6.793062        217.7258       0.6288930E-03
    3 s   25    8.684978        5.532500        180.7501        7.796261        303.7722       0.3627383E-02
    3 s   26    8.678043        5.744870        174.0683        8.561415        418.6545       0.5664338E-02
    4 s    1    37.43471        1.402744        712.8886        11.77851        366.4563       0.1206052E-03
    4 s    2    27.46367        1.715185        583.0274        12.91509        449.5349       0.9388490E-05
    4 s    3    23.34030        2.040737        490.0191        12.94385        510.5208      -0.3247230E-05
    4 s    4    20.41769        2.295259        435.6808        6.042474        358.6209       0.1151354E-03
    4 s    5    17.77357        2.442024        409.4964        5.891493        314.6213       0.3745730E-03
    4 s    6    16.49784        2.678879        373.2905        16.43126        89.20489      -0.7600867E-01
    4 s    7    16.41776        3.076010        325.0965        16.28425        89.11777      -0.7359966E-01
    4 s    8    16.34045        3.469729        288.2069        16.15613        89.25054      -0.7139339E-01
    4 s    9    15.49216        3.676613        271.9894        7.484774        378.2745       0.3057674E-03
    4 s   10    14.69137        3.853578        259.4991        6.709495        343.9839       0.3998419E-03
    4 s   11    13.97768        4.015555        249.0316        6.263497        320.0610       0.4448183E-03
    4 s   12    13.35212        4.169391        239.8432        6.039681        304.3605       0.4496565E-03
    4 s   13    12.80830        4.319542        231.5060        5.958356        293.9292       0.4297953E-03
    4 s   14    12.33723        4.468874        223.7700        5.968598        286.8065       0.3967244E-03
    4 s   15    11.92953        4.619208        216.4873        6.035750        281.8063       0.3574903E-03
    4 s   16    11.57633        4.771638        209.5716        6.135133        278.2015       0.3161811E-03
    4 s   17    11.26960        4.926734        202.9742        6.249184        275.5336       0.2751911E-03
    4 s   18    11.00225        5.084703        196.6683        6.365741        273.5054       0.2359878E-03
    4 s   19    10.76812        5.245501        190.6396        6.476764        271.9187       0.1995113E-03
    4 s   20    10.56196        5.408923        184.8797        6.577280        270.6371       0.1663603E-03
    4 s   21    10.37931        5.574672        179.3827        6.664548        269.5618       0.1368762E-03
    4 s   22    10.21642        5.742402        174.1431        6.737369        268.6169       0.1111855E-03
    4 s   23    10.07015        5.911751        169.1546        6.795566        267.7395       0.8923382E-04
    4 s   24    9.937877        6.082361        164.4098        6.839571        266.8737       0.7082268E-04
    4 s   25    9.817422        6.253889        159.9005        6.870133        265.9668       0.5564965E-04
    4 s   26    9.706956        6.426011        155.6175        6.888112        264.9673       0.4334904E-04
    5 s    1    47.23017        1.769796        565.0368        30.94041        94.88599      -0.5483926E-04
    5 s    2    33.62420        2.099928        476.2068        2.993574        337.9718       0.3495407E-03
    5 s    3    25.02933        2.188416        456.9516        4.365138        301.3054       0.5054663E-05
    5 s    4    21.18354        2.381352        419.9295        12.21923        396.2414       0.4648068E-04
    5 s    5    19.58450        2.690839        371.6313        12.12277        450.3160       0.4318742E-04
    5 s    6    18.36325        2.981780        335.3702        11.09989        452.2401       0.5662137E-04
    5 s    7    17.31672        3.244438        308.2198        9.887371        441.9600       0.9847382E-04
    5 s    8    16.36901        3.475794        287.7041        8.630153        412.4872       0.5998466E-05
    5 s    9    16.26931        3.861049        258.9970        16.09152        89.03921      -0.6984923E-01
    5 s   10    16.03348        4.205616        237.7773        8.810098        300.0683       0.1989015E-03
    5 s   11    15.41706        4.429065        225.7813        9.008513        318.3539       0.1585045E-03
    5 s   12    14.90685        4.654879        214.8284        9.016386        333.9287       0.1377573E-03
    5 s   13    14.46748        4.879095        204.9561        8.886634        346.3210       0.1339350E-03
    5 s   14    14.07527        5.098441        196.1384        8.626213        354.4363       0.1448145E-03
    5 s   15    13.71246        5.309573        188.3391        8.229569        355.6623       0.1679916E-03
    5 s   16    13.36621        5.509404        181.5078        7.733369        347.5728       0.1960466E-03
    5 s   17    13.03087        5.696708        175.5400        7.247237        332.3343       0.2156951E-03
    5 s   18    12.70829        5.873155        170.2662        6.874135        315.9047       0.2180687E-03
    5 s   19    12.40309        6.041948        165.5095        6.631472        302.0597       0.2049247E-03
    5 s   20    12.11829        6.205944        161.1358        6.483925        291.2962       0.1826447E-03
    5 s   21    11.85454        6.367010        157.0596        6.392776        282.8808       0.1567019E-03
    5 s   22    11.61087        6.526193        153.2287        6.331069        276.0240       0.1305588E-03
    5 s   23    11.38561        6.684006        149.6109        6.282584        270.1559       0.1061632E-03
    5 s   24    11.17685        6.840660        146.1847        6.238515        264.9203       0.8450941E-04
    5 s   25    10.98273        6.996212        142.9345        6.195104        260.1244       0.6600415E-04
    5 s   26    10.80161        7.150671        139.8470        6.152172        255.6952       0.5068453E-04
    6 s    1    53.05505        1.988065        503.0018        8.286980        597.9414       0.7808588E-03
    6 s    2    40.02028        2.499382        400.0989        21.76753        125.7086       0.3343151E-03
    6 s    3    32.52105        2.843447        351.6859        12.16236        434.2070       0.7515261E-03
    6 s    4    27.75560        3.120152        320.4973        9.523699        365.3445       0.1975706E-03
    6 s    5    24.11090        3.312750        301.8640        6.267639        283.2800       0.6235705E-04
    6 s    6    21.31282        3.460722        288.9570        5.874134        263.6250       0.1495218E-03
    6 s    7    19.29827        3.615699        276.5717        6.569867        260.9166       0.2504400E-03
    6 s    8    17.85753        3.791866        263.7224        7.500456        266.5573       0.2880208E-03
    6 s    9    16.81481        3.990507        250.5947        8.318386        281.0433       0.2539761E-03
    6 s   10    16.20476        4.250542        235.2641        16.02646        89.00455      -0.6839345E-01
    6 s   11    16.14651        4.638622        215.5813        15.97333        88.97045      -0.6714433E-01
    6 s   12    16.09393        5.025564        198.9827        15.92888        88.93656      -0.6606311E-01
    6 s   13    15.61437        5.265878        189.9019        6.431979        252.8764       0.3621113E-03
    6 s   14    14.99088        5.430097        184.1588        6.690765        249.7419       0.3296241E-03
    6 s   15    14.46773        5.602020        178.5070        7.052582        249.3609       0.2755570E-03
    6 s   16    14.03250        5.784043        172.8895        7.490924        253.0788       0.2100291E-03
    6 s   17    13.67174        5.976878        167.3114        7.900352        260.7914       0.1493033E-03
    6 s   18    13.36873        6.178378        161.8548        8.176856        270.1887       0.1049142E-03
    6 s   19    13.10687        6.384782        156.6224        8.297859        278.7211       0.7727071E-04
    6 s   20    12.87314        6.592513        151.6872        8.290368        285.0867       0.6164574E-04
    6 s   21    12.65836        6.798741        147.0861        8.182636        288.9001       0.5374790E-04
    6 s   22    12.45596        7.001198        142.8327        7.991411        290.0381       0.5080685E-04
    6 s   23    12.26108        7.197954        138.9284        7.729576        288.4069       0.5092285E-04
    6 s   24    12.07034        7.387510        135.3636        7.421364        284.1795       0.5227846E-04
    6 s   25    11.88227        7.569238        132.1137        7.112480        278.2305       0.5289884E-04
    6 s   26    11.69759        7.743810        129.1354        6.856838        272.0536       0.5130146E-04
    7 s    1    60.16758        2.254584        443.5409        7.309067        259.4275      -0.5967588E-04
    7 s    2    40.90015        2.554333        391.4917        19.47744        188.6732       0.7181826E-03
    7 s    3    36.66920        3.206137        311.9019        26.00923        94.66728      -0.7968709E-03
    7 s    4    30.42051        3.419728        292.4209        6.598814        315.0399       0.5834756E-04
    7 s    5    26.52223        3.644057        274.4194        10.90480        431.1744       0.6144576E-04
    7 s    6    24.23557        3.935311        254.1095        11.89978        469.3951       0.6049562E-04
    7 s    7    22.52534        4.220317        236.9490        10.55585        415.4823       0.1082307E-03
    7 s    8    20.97685        4.454220        224.5062        8.149687        337.3511       0.1805721E-03
    7 s    9    19.53962        4.637162        215.6492        6.676424        293.7210       0.2514722E-03
    7 s   10    18.28888        4.797211        208.4544        6.206981        274.3955       0.3103293E-03
    7 s   11    17.23618        4.951666        201.9522        6.156458        264.3219       0.3513301E-03
    7 s   12    16.35483        5.107031        195.8085        6.255671        257.7292       0.3694169E-03
    7 s   13    16.04638        5.411571        184.7892        15.89118        88.90257      -0.6511983E-01
    7 s   14    16.00324        5.796800        172.5090        15.85891        88.86846      -0.6429063E-01
    7 s   15    15.96398        6.181378        161.7762        15.83110        88.83428      -0.6355648E-01
    7 s   16    15.73801        6.487035        154.1536        5.779577        242.1842       0.3648318E-03
    7 s   17    15.17163        6.632586        150.7708        5.833206        239.1091       0.3511294E-03
    7 s   18    14.66929        6.779432        147.5050        5.884860        236.1327       0.3282468E-03
    7 s   19    14.22111        6.927568        144.3508        5.939442        233.2372       0.2979527E-03
    7 s   20    13.81956        7.077185        141.2991        6.007639        230.5774       0.2624021E-03
    7 s   21    13.45909        7.228809        138.3354        6.105086        228.4509       0.2238649E-03
    7 s   22    13.13593        7.383393        135.4391        6.249431        227.2718       0.1845182E-03
    7 s   23    12.84761        7.542282        132.5859        6.452426        227.5041       0.1464130E-03
    7 s   24    12.59219        7.706902        129.7538        6.706373        229.4761       0.1116140E-03
    7 s   25    12.36718        7.878134        126.9336        6.975040        233.0671       0.8212621E-04
    7 s   26    12.16874        8.055713        124.1355        7.207776        237.5636       0.5919657E-04
    8 s    1    75.89345        2.843859        351.6349        13.83995        874.1288      -0.1642311E-02
    8 s    2    51.07554        3.189815        313.4978        13.33314        884.9159      -0.3028114E-03
    8 s    3    37.79567        3.304628        302.6059        3.169357        263.4825       0.4380529E-05
    8 s    4    33.90788        3.811762        262.3459        19.09980        187.3190      -0.2563180E-03
    8 s    5    30.37888        4.173948        239.5813        12.87325        799.3929       0.6726292E-03
    8 s    6    27.55471        4.474266        223.5004        10.78809        590.2087       0.2891609E-03
    8 s    7    25.16403        4.714700        212.1026        9.200600        381.7067       0.4608868E-04
    8 s    8    23.39393        4.967464        201.3100        11.17830        409.5003       0.1154171E-04
    8 s    9    22.18935        5.265999        189.8975        12.39731        489.0540       0.1296926E-04
    8 s   10    21.20621        5.562434        179.7774        10.27190        493.8245       0.1093237E-03
    8 s   11    20.05089        5.760285        173.6025        6.506693        307.6445       0.2741235E-03
    8 s   12    18.93640        5.913164        169.1142        5.847543        270.5686       0.3175267E-03
    8 s   13    17.96124        6.057350        165.0887        5.693526        257.0013       0.3440201E-03
    8 s   14    17.11588        6.199830        161.2948        5.685347        250.0445       0.3611010E-03
    8 s   15    16.38093        6.342825        157.6585        5.725980        245.6119       0.3682393E-03
    8 s   16    15.92815        6.565408        152.3135        15.80701        88.80009      -0.6290213E-01
    8 s   17    15.89535        6.948975        143.9061        15.78601        88.76598      -0.6231527E-01
    8 s   18    15.86526        7.332152        136.3856        15.76761        88.73201      -0.6178593E-01
    8 s   19    15.77888        7.686403        130.0999        5.344892        246.8070       0.3260023E-03
    8 s   20    15.27499        7.822532        127.8358        5.527068        248.1481       0.3226520E-03
    8 s   21    14.82757        7.963811        125.5680        5.754176        250.6470       0.3154110E-03
    8 s   22    14.43064        8.111115        123.2876        6.006921        253.8001       0.3039689E-03
    8 s   23    14.07845        8.264856        120.9942        6.267223        257.1928       0.2881643E-03
    8 s   24    13.76550        8.425014        118.6942        6.519055        260.4748       0.2682114E-03
    8 s   25    13.48657        8.591205        116.3981        6.749516        263.3718       0.2447413E-03
    8 s   26    13.23680        8.762770        114.1192        6.949286        265.6942       0.2187085E-03
    9 s    1    86.03256        3.223789        310.1940       0.6794488        229.3197      -0.1105017E-05
    9 s    2    52.08088        3.252601        307.4462        2.083405        235.6182      -0.3860120E-04
    9 s    3    40.45188        3.536872        282.7357        13.58892        636.9171       0.9772531E-03
    9 s    4    34.77370        3.909092        255.8139        19.41208        148.2400      -0.2863790E-03
    9 s    5    32.70338        4.493325        222.5523        21.95769        100.0642      -0.2058972E-02
    9 s    6    28.73492        4.665906        214.3207        7.363015        289.4494       0.2056591E-03
    9 s    7    26.16889        4.902968        203.9581        10.91463        440.7864       0.2694843E-03
    9 s    8    24.38636        5.178195        193.1175        10.64777        447.1927       0.2304335E-03
    9 s    9    22.86071        5.425327        184.3207        9.038730        347.2211       0.2301474E-03
    9 s   10    21.53000        5.647364        177.0738        9.707378        295.6710       0.1589827E-03
    9 s   11    20.65403        5.933558        168.5330        12.27126        397.6063       0.2142585E-04
    9 s   12    19.98204        6.239679        160.2646        12.11066        438.2355       0.4663134E-05
    9 s   13    19.38416        6.537223        152.9702        11.68197        451.6107       0.1637830E-05
    9 s   14    18.83750        6.823446        146.5535        11.20377        457.8045       0.2319335E-05
    9 s   15    18.32073        7.093933        140.9655        10.15462        449.1760       0.2894253E-04
    9 s   16    17.68200        7.288327        137.2057        5.737041        275.9839       0.2781414E-03
    9 s   17    16.98022        7.423247        134.7119        5.231733        251.9896       0.3184539E-03
    9 s   18    16.34536        7.554033        132.3796        5.230419        247.3966       0.3253972E-03
    9 s   19    15.83757        7.714998        129.6177        15.75134        88.69823      -0.6130600E-01
    9 s   20    15.81204        8.097563        123.4939        15.73684        88.66467      -0.6086882E-01
    9 s   21    15.78844        8.479890        117.9261        15.72379        88.63133      -0.6046889E-01
    9 s   22    15.68149        8.814189        113.4534        8.099519        331.9679       0.7768444E-04
    9 s   23    15.34397        9.007788        111.0151        7.386131        304.6588       0.1088899E-03
    9 s   24    15.00717        9.184962        108.8736        6.809545        283.4312       0.1327289E-03
    9 s   25    14.67838        9.350417        106.9471        6.446553        269.7697       0.1438771E-03
    9 s   26    14.36417        9.509091        105.1625        6.255881        261.5115       0.1449622E-03
   10 s    1    91.05293        3.411911        293.0909        28.31683        86.26466       0.1245623E-03
   10 s    2    64.87029        4.051337        246.8321        16.50319        703.2074      -0.3669945E-03
   10 s    3    49.89544        4.362560        229.2232        5.613230        304.5425      -0.1368782E-03
   10 s    4    39.53534        4.444374        225.0036        2.880448        237.2296       0.3218689E-04
   10 s    5    32.99952        4.534014        220.5551        6.685500        200.4796      -0.1710554E-03
   10 s    6    31.45231        5.107147        195.8040        24.00751        91.44323      -0.2944706E-02
   10 s    7    29.68673        5.562066        179.7893        7.633336        311.5469       0.1593125E-03
   10 s    8    27.06687        5.747374        173.9925        7.654976        291.4979       0.1923675E-03
   10 s    9    25.10880        5.958844        167.8178        9.324298        326.3711       0.2194792E-03
   10 s   10    23.67580        6.210212        161.0251        10.50735        374.8934       0.2841407E-03
   10 s   11    22.52247        6.470329        154.5516        9.940440        368.9385       0.3495985E-03
   10 s   12    21.44845        6.697587        149.3075        8.109329        316.5511       0.3667323E-03
   10 s   13    20.40062        6.880019        145.3484        6.571754        276.1294       0.3515552E-03
   10 s   14    19.41876        7.033993        142.1668        5.824215        254.4838       0.3390639E-03
   10 s   15    18.54196        7.179592        139.2837        6.125095        245.9098       0.3098759E-03
   10 s   16    17.91916        7.386082        135.3898        10.05134        358.3938       0.6249472E-04
   10 s   17    17.48017        7.641809        130.8591        10.21827        395.4585       0.2517941E-04
   10 s   18    17.08200        7.894468        126.6710        9.975518        397.4611       0.2149099E-04
   10 s   19    16.71031        8.140137        122.8481        9.664853        390.8170       0.2463779E-04
   10 s   20    16.35801        8.377163        119.3722        9.277008        378.0720       0.3359911E-04
   10 s   21    16.01774        8.603044        116.2379        8.763172        358.3180       0.5074061E-04
   10 s   22    15.76658        8.862015        112.8412        15.71190        88.59820      -0.6010166E-01
   10 s   23    15.74628        9.243968        108.1787        15.70095        88.56524      -0.5976331E-01
   10 s   24    15.53342        9.507047        105.1851        8.308585        315.2048       0.1323534E-03
   10 s   25    15.25595        9.718340        102.8982        8.547809        327.8366       0.1036143E-03
   10 s   26    15.00480        9.933186        100.6726        8.603329        333.5933       0.8688533E-04
   11 s    1    98.05034        3.674116        272.1743        15.68411        654.2309       0.1942125E-02
   11 s    2    66.07279        4.126436        242.3399        26.63597        88.48590      -0.4269959E-04
   11 s    3    51.30207        4.485547        222.9382        10.67196        440.5715      -0.1731237E-03
   11 s    4    42.70471        4.800659        208.3047        12.60417        697.0478       0.1199437E-03
   11 s    5    37.12028        5.100191        196.0711        11.23214        603.0649       0.2320018E-03
   11 s    6    33.00416        5.359134        186.5973        9.337528        423.4138       0.2207060E-03
   11 s    7    30.45127        5.705309        175.2753        23.27284        90.36606      -0.3357337E-02
   11 s    8    28.88452        6.133333        163.0435        10.92166        471.6853       0.5325764E-04
   11 s    9    27.03663        6.416360        155.8516        11.63078        551.7140       0.6258783E-04
   11 s   10    25.58112        6.709982        149.0317        11.66842        563.6326       0.3321028E-04
   11 s   11    24.27989        6.975206        143.3650        9.350773        382.4641       0.3701091E-04
   11 s   12    23.10925        7.216198        138.5771        10.24559        395.3462       0.2237910E-03
   11 s   13    22.18868        7.483034        133.6356        10.76680        430.9906       0.3983904E-03
   11 s   14    21.37100        7.741147        129.1798        9.596781        388.0418       0.4812456E-03
   11 s   15    20.55673        7.959727        125.6324        7.874940        322.6524       0.4582985E-03
   11 s   16    19.75280        8.141888        122.8216        6.779218        285.7375       0.4096838E-03
   11 s   17    18.99748        8.305132        120.4075        6.316398        269.1865       0.3759164E-03
   11 s   18    18.30871        8.461397        118.1838        6.186253        261.9299       0.3531757E-03
   11 s   19    17.68869        8.616739        116.0532        6.231775        259.4438       0.3322019E-03
   11 s   20    17.13467        8.774900        113.9614        6.415020        260.7231       0.3065213E-03
   11 s   21    16.64424        8.939538        111.8626        6.758722        266.7131       0.2715907E-03
   11 s   22    16.21656        9.114939        109.7100        7.274653        279.1085       0.2256964E-03
   11 s   23    15.84919        9.304382        107.4762        7.855708        297.1335       0.1751009E-03
   11 s   24    15.72740        9.625774        103.8878        15.69073        88.53238      -0.5945065E-01
   11 s   25    15.70984        10.00748        99.92530        15.68102        88.49892      -0.5916043E-01
   11 s   26    15.69341        10.38905        96.25522        15.67177        88.46613      -0.5889149E-01
   12 s    1    116.0273        4.347744        230.0044       0.7500784        225.8439       0.2822843E-04
   12 s    2    70.04992        4.374820        228.5808        1.584826        228.7047       0.1086140E-04
   12 s    3    54.96847        4.806116        208.0682        26.54508        87.30722       0.7060902E-06
   12 s    4    48.35667        5.436025        183.9579        20.36302        114.6003       0.1214930E-03
   12 s    5    40.43870        5.556130        179.9814        4.036734        215.2966       0.1870118E-04
   12 s    6    34.99916        5.683077        175.9610        6.339726        255.2064       0.2027998E-04
   12 s    7    31.38098        5.879498        170.0825        9.268542        354.0210       0.3923635E-04
   12 s    8    29.60342        6.285985        159.0841        22.94654        89.36005      -0.3708146E-02
   12 s    9    28.15586        6.681976        149.6563        5.497523        273.9304       0.3827384E-04
   12 s   10    26.04988        6.832940        146.3499        6.857533        286.8170       0.1175767E-03
   12 s   11    24.56129        7.056047        141.7224        11.27651        443.5094       0.1899486E-03
   12 s   12    23.57206        7.360717        135.8563        12.63425        545.9808       0.1275119E-03
   12 s   13    22.77621        7.681178        130.1884        12.95345        548.7007       0.7482724E-04
   12 s   14    22.10546        8.007189        124.8878        13.08478        542.3938       0.3693008E-04
   12 s   15    21.51718        8.331623        120.0246        12.74870        533.5644       0.4039524E-04
   12 s   16    20.95500        8.637422        115.7753        11.58295        494.3027       0.1285788E-03
   12 s   17    20.37755        8.908457        112.2529        10.08705        430.4328       0.2767434E-03
   12 s   18    19.78553        9.143912        109.3624        8.759157        369.6644       0.3703278E-03
   12 s   19    19.19433        9.350184        106.9498        7.769406        326.8988       0.4062743E-03
   12 s   20    18.62188        9.536521        104.8600        7.153850        300.9871       0.4142672E-03
   12 s   21    18.08074        9.711074        102.9752        6.806597        285.4995       0.4096849E-03
   12 s   22    17.57600        9.879050        101.2243        6.613859        275.7587       0.3968610E-03
   12 s   23    17.10956        10.04429        99.55907        6.497901        269.1083       0.3752018E-03
   12 s   24    16.67595        10.20632        97.97853        6.439327        264.7214       0.3484373E-03
   12 s   25    16.27472        10.36731        96.45703        6.417039        261.8567       0.3160813E-03
   12 s   26    15.90360        10.52819        94.98308        6.434357        260.4324       0.2798246E-03
   13 s    1    120.9917        4.533770        220.5670        13.73628        710.0272       0.1420826E-02
   13 s    2    77.79166        4.858314        205.8327        12.79173        804.6257       0.5254004E-03
   13 s    3    59.29402        5.184316        192.8895        13.31741        798.1282       0.1401160E-03
   13 s    4    48.69791        5.474386        182.6689        6.123402        171.5567       0.1148680E-04
   13 s    5    42.56474        5.848240        170.9916        13.56046        721.2740       0.7489085E-03
   13 s    6    37.97550        6.166366        162.1701        11.39516        670.7820       0.4674090E-03
   13 s    7    34.15056        6.398404        156.2890        7.142357        372.8808       0.8183356E-04
   13 s    8    30.84163        6.548906        152.6973        5.365797        289.8359       0.1106422E-04
   13 s    9    28.88397        6.854773        145.8838        22.51657        88.69222      -0.3923052E-02
   13 s   10    28.26072        7.412846        134.9009        22.14255        88.24748      -0.4056524E-02
   13 s   11    27.12434        7.792371        128.3306        5.307861        254.7097       0.6938694E-05
   13 s   12    25.37600        7.924022        126.1985        5.422903        254.0661       0.6618372E-04
   13 s   13    23.93542        8.072116        123.8833        6.543997        274.5884       0.1446443E-03
   13 s   14    22.79892        8.258378        121.0891        8.416683        323.7768       0.2767973E-03
   13 s   15    21.93920        8.495030        117.7159        10.41273        402.0955       0.4348392E-03
   13 s   16    21.29112        8.775967        113.9476        11.88942        474.5917       0.4835885E-03
   13 s   17    20.77763        9.083362        110.0914        12.49745        507.6520       0.3929360E-03
   13 s   18    20.33131        9.396143        106.4266        12.42355        506.7941       0.2844336E-03
   13 s   19    19.91931        9.703346        103.0572        12.11189        494.8256       0.2022715E-03
   13 s   20    19.53895        10.00616        99.93841        11.70066        480.1551       0.1517146E-03
   13 s   21    19.16346        10.29260        97.15722        11.16665        460.5415       0.1392566E-03
   13 s   22    18.78988        10.56134        94.68497        10.19541        422.2187       0.1825761E-03
   13 s   23    18.38536        10.79325        92.65046        8.176105        345.1868       0.3189973E-03
   13 s   24    17.93230        10.97525        91.11408        6.598733        292.3018       0.4019576E-03
   13 s   25    17.47703        11.13321        89.82139        6.104787        274.2255       0.4062302E-03
   13 s   26    17.04571        11.28427        88.61891        5.978820        266.7841       0.3920014E-03
   14 s    1    131.2774        4.919193        203.2854        26.85527        84.73703      -0.6649498E-04
   14 s    2    86.14376        5.379927        185.8761        1.285025        197.5699       0.4793848E-07
   14 s    3    61.99172        5.420187        184.4955        1.978853        202.0124      -0.6607986E-07
   14 s    4    49.31387        5.543629        180.3872        15.03148        349.2367       0.4459666E-03
   14 s    5    44.33675        6.091708        164.1576        24.10279        91.30330      -0.8317344E-04
   14 s    6    40.33106        6.548858        152.6984        7.154238        260.4075       0.3447653E-03
   14 s    7    36.17873        6.778398        147.5275        11.32525        405.4362       0.4094868E-03
   14 s    8    33.39146        7.090337        141.0370        12.94543        538.0038       0.1500541E-03
   14 s    9    31.19062        7.402189        135.0952        11.46137        461.9135      -0.5862271E-04
   14 s   10    29.12783        7.640291        130.8851        7.400855        303.4741      -0.6417775E-04
   14 s   11    27.71521        7.962116        125.5948        21.81403        87.85753      -0.4128390E-02
   14 s   12    27.17912        8.487073        117.8263        10.97227        471.6233      -0.5536098E-04
   14 s   13    25.94249        8.748992        114.2989        9.870265        413.4279       0.3531151E-04
   14 s   14    24.78156        8.976546        111.4014        8.330223        343.6128       0.1062958E-03
   14 s   15    23.69053        9.173161        109.0137        7.577237        314.4297       0.1710983E-03
   14 s   16    22.72173        9.365647        106.7732        7.938793        321.5256       0.2479101E-03
   14 s   17    21.90526        9.576325        104.4242        8.927990        355.6275       0.3559242E-03
   14 s   18    21.23319        9.812948        101.9062        9.879346        404.0260       0.4856818E-03
   14 s   19    20.67339        10.07068        99.29816        10.08696        427.3241       0.5888531E-03
   14 s   20    20.14273        10.31537        96.94274        9.282759        390.8252       0.6010899E-03
   14 s   21    19.61113        10.53304        94.93937        8.101612        337.1616       0.5237310E-03
   14 s   22    19.08590        10.72773        93.21637        7.632984        310.5525       0.3903180E-03
   14 s   23    18.61648        10.92894        91.50020        8.655970        331.4985       0.1931718E-03
   14 s   24    18.23232        11.15888        89.61476        9.508938        365.6958       0.7451937E-04
   14 s   25    17.89040        11.39653        87.74599        9.408223        368.5526       0.5023459E-04
   14 s   26    17.56354        11.62707        86.00616        9.004854        356.7974       0.5436323E-04
   15 s    1    141.5140        5.302774        188.5806        16.13007        667.7727       0.9821358E-03
   15 s    2    89.18643        5.569950        179.5348        24.86167        105.4576       0.3740583E-03
   15 s    3    68.98123        6.031308        165.8015        14.47044        821.1448       0.1950574E-03
   15 s    4    56.07848        6.304074        158.6276        6.457352        324.8676      -0.5861297E-04
   15 s    5    46.75746        6.424305        155.6589        4.439514        251.5954       0.1853331E-03
   15 s    6    41.29424        6.705255        149.1368        23.70827        91.17156      -0.2251600E-03
   15 s    7    38.99502        7.306054        136.8728        23.88294        91.29190      -0.3986230E-03
   15 s    8    36.12414        7.670594        130.3680        3.496494        229.7041       0.7637158E-04
   15 s    9    32.75741        7.774020        128.6336        5.204603        263.2924       0.2177068E-04
   15 s   10    30.31469        7.951607        125.7607        9.112226        378.7851      -0.5537460E-04
   15 s   11    28.57875        8.210198        121.7997        11.03695        488.7186      -0.8419820E-04
   15 s   12    27.23292        8.503873        117.5935        21.49020        87.82604      -0.4139663E-02
   15 s   13    26.80282        9.039132        110.6301        21.30610        87.24054      -0.4158971E-02
   15 s   14    25.78777        9.341020        107.0547        9.495274        370.3307       0.3289466E-08
   15 s   15    24.79553        9.601026        104.1555        11.13715        430.0452       0.9963121E-06
   15 s   16    23.99379        9.889979        101.1125        11.84716        460.0644       0.1379190E-05
   15 s   17    23.31187        10.19126        98.12333        11.73053        456.3818       0.3396813E-06
   15 s   18    22.62122        10.45443        95.65324        8.352314        339.2945       0.8920431E-04
   15 s   19    21.83594        10.63700        94.01149        7.142512        308.3863       0.2419254E-03
   15 s   20    21.14615        10.82923        92.34264        8.306405        346.3491       0.3793136E-03
   15 s   21    20.58072        11.05380        90.46663        9.513228        403.9088       0.5368539E-03
   15 s   22    20.10091        11.29824        88.50936        9.784491        426.7689       0.6441216E-03
   15 s   23    19.65047        11.53595        86.68555        9.048008        390.3425       0.6554498E-03
   15 s   24    19.19812        11.74999        85.10648        8.041185        343.2643       0.6015383E-03
   15 s   25    18.74748        11.94251        83.73449        7.384967        314.9819       0.5393297E-03
   15 s   26    18.31404        12.12391        82.48167        7.137641        302.8101       0.4893349E-03
   16 s    1    142.9021        5.354788        186.7488       0.7408537        195.6473       0.2398884E-06
   16 s    2    91.17382        5.694069        175.6213        16.42890        276.0922       0.1199353E-02
   16 s    3    71.78712        6.276638        159.3210        27.11153        84.88824      -0.5954923E-05
   16 s    4    58.34736        6.559131        152.4592        11.86901        420.3693      -0.1306311E-03
   16 s    5    50.16245        6.892138        145.0929        13.49038        639.5331       0.2513536E-03
   16 s    6    44.43412        7.215102        138.5982        12.27501        642.1738       0.6790024E-03
   16 s    7    40.09372        7.511905        133.1220        11.38270        487.3911       0.7106257E-03
   16 s    8    36.74322        7.802048        128.1715        12.03978        605.5946       0.4706495E-03
   16 s    9    34.14319        8.102896        123.4127        12.22604        808.8327       0.3310159E-03
   16 s   10    32.08604        8.416236        118.8180        12.72653        839.8882       0.7213564E-04
   16 s   11    30.37965        8.727566        114.5795        11.55143        638.6283      -0.1248587E-03
   16 s   12    28.68245        8.956509        111.6506        7.099425        330.0385      -0.4789912E-04
   16 s   13    27.07385        9.130538        109.5226        7.405844        316.6533      -0.3035194E-05
   16 s   14    26.41740        9.569089        104.5032        21.10709        86.98580      -0.4137345E-02
   16 s   15    25.91653        10.03508        99.65039        7.722977        341.4597       0.9019599E-05
   16 s   16    24.75740        10.20473        97.99379        6.124674        290.6855       0.1098160E-03
   16 s   17    23.68599        10.35481        96.57346        6.108830        282.3629       0.1607075E-03
   16 s   18    22.80752        10.54052        94.87194        9.743175        363.2670       0.1192870E-03
   16 s   19    22.20726        10.81788        92.43956        11.59137        442.0082       0.4265361E-04
   16 s   20    21.68824        11.10684        90.03459        11.45366        444.7164       0.3713117E-04
   16 s   21    21.20524        11.38922        87.80230        11.12418        437.8754       0.5602482E-04
   16 s   22    20.75127        11.66379        85.73543        10.86686        435.1066       0.1133694E-03
   16 s   23    20.33132        11.93564        83.78266        10.92325        450.5463       0.2254692E-03
   16 s   24    19.95270        12.21181        81.88791        11.11939        475.4020       0.3552727E-03
   16 s   25    19.60577        12.48926        80.06879        10.95214        472.5521       0.4427918E-03
   16 s   26    19.26879        12.75595        78.39478        10.26070        433.4169       0.4815064E-03
   17 s    1    164.6361        6.169201        162.0955        16.56285        575.1735      -0.1680288E-02
   17 s    2    101.1183        6.315130        158.3499        1.789897        229.0246       0.1081854E-03
   17 s    3    72.92252        6.375911        156.8403        3.721194        234.2940       0.1157082E-03
   17 s    4    61.98633        6.968206        143.5090        27.49598        85.25951       0.1529809E-05
   17 s    5    54.62518        7.505301        133.2392        3.394834        259.7782       0.6571022E-05
   17 s    6    46.53435        7.556131        132.3429        1.924773        225.1887       0.3212971E-05
   17 s    7    40.62875        7.612148        131.3690        2.825945        243.8231       0.4213561E-05
   17 s    8    37.29959        7.920189        126.2596        23.38166        91.80958      -0.5606063E-03
   17 s    9    35.88296        8.515780        117.4291        23.81536        88.78796      -0.7951191E-03
   17 s   10    33.61447        8.817148        113.4154        4.031683        241.8617       0.4334720E-04
   17 s   11    31.12309        8.941143        111.8425        6.476898        279.1000      -0.2152521E-04
   17 s   12    29.39204        9.178091        108.9551        12.10641        520.4791      -0.2601965E-03
   17 s   13    28.16287        9.497805        105.2875        12.83900        630.1089      -0.3220420E-03
   17 s   14    27.05131        9.798708        102.0543        10.87111        485.2082      -0.1854347E-03
   17 s   15    26.06993        10.09448        99.06401        20.93596        86.75721      -0.4100593E-02
   17 s   16    25.75498        10.61592        94.19815        20.78849        86.55081      -0.4054013E-02
   17 s   17    25.44062        11.12188        89.91284        9.798523        412.8390       0.6919212E-04
   17 s   18    24.46237        11.30532        88.45395        6.013460        295.0701       0.1308845E-03
   17 s   19    23.50474        11.44992        87.33682        5.701866        280.3430       0.1494859E-03
   17 s   20    22.64412        11.59636        86.23394        6.065282        282.1026       0.1691526E-03
   17 s   21    21.89139        11.75775        85.05028        6.895944        296.8466       0.1928785E-03
   17 s   22    21.25257        11.94556        83.71312        8.155662        329.1714       0.2208092E-03
   17 s   23    20.72567        12.16715        82.18851        9.513092        379.1379       0.2515326E-03
   17 s   24    20.29103        12.41889        80.52249        10.51858        433.4685       0.2912000E-03
   17 s   25    19.92098        12.69005        78.80189        11.07143        476.3817       0.3388736E-03
   17 s   26    19.59199        12.96991        77.10155        11.22598        493.3567       0.3602683E-03
   18 s    1    168.4747        6.313040        158.4023        2.879072        222.8725      -0.1400669E-03
   18 s    2    105.8842        6.612774        151.2225        14.18507        675.7337       0.6022750E-03
   18 s    3    79.32739        6.935915        144.1771        12.23324        807.0269       0.1076044E-02
   18 s    4    64.44889        7.245035        138.0256        12.80918        887.7183       0.3835493E-03
   18 s    5    55.20392        7.584818        131.8423        14.17458        259.0490       0.4979516E-04
   18 s    6    48.98573        7.954180        125.7201        15.11288        767.5610       0.4391656E-03
   18 s    7    44.45289        8.328634        120.0677        14.36752        800.2801       0.9735506E-03
   18 s    8    40.58009        8.616770        116.0528        6.657816        313.5661       0.4895964E-03
   18 s    9    36.76643        8.725445        114.6073        3.529717        239.2450       0.9289731E-04
   18 s   10    34.73473        9.110994        109.7575        23.64910        88.52923      -0.9722677E-03
   18 s   11    33.76128        9.699050        103.1029        22.81372        93.01668      -0.1050513E-02
   18 s   12    31.91281        9.965237        100.3488        6.687582        309.3543       0.4535296E-04
   18 s   13    29.98692        10.11296        98.88306        5.804020        277.3680      -0.8510847E-04
   18 s   14    28.38498        10.28180        97.25924        8.039201        323.1266      -0.1830792E-03
   18 s   15    27.17770        10.52342        95.02613        11.18381        438.8611      -0.2240212E-03
   18 s   16    26.26378        10.82564        92.37328        12.59406        536.1762      -0.1177112E-03
   18 s   17    25.46821        11.13394        89.81543        20.65887        86.36784      -0.4000672E-02
   18 s   18    24.94675        11.52918        86.73647        12.98908        533.5850       0.8665451E-04
   18 s   19    24.34034        11.85697        84.33856        13.07137        534.2333       0.1485720E-03
   18 s   20    23.78146        12.17881        82.10982        12.55160        499.9579       0.1722310E-03
   18 s   21    23.22760        12.47542        80.15759        10.80296        419.2220       0.2048054E-03
   18 s   22    22.60228        12.70420        78.71412        7.578775        321.8802       0.2317891E-03
   18 s   23    21.93241        12.87558        77.66642        6.442361        295.8377       0.2167272E-03
   18 s   24    21.30126        13.03719        76.70367        6.575393        298.7007       0.2135386E-03
   18 s   25    20.73685        13.20978        75.70151        7.284075        317.8196       0.2404575E-03
   18 s   26    20.25081        13.40605        74.59320        8.449431        358.6169       0.3192049E-03
   19 s    1    171.2329        6.416394        155.8508        28.20520        85.99251      -0.1489196E-04
   19 s    2    113.6316        7.096622        140.9121        26.10100        88.08859      -0.4959864E-04
   19 s    3    85.37002        7.464246        133.9720       0.9254632        210.9034       0.1620554E-04
   19 s    4    66.63313        7.490577        133.5011        1.282995        210.2727       0.1456593E-04
   19 s    5    55.80654        7.667615        130.4187        24.93280        103.6787      -0.5133454E-05
   19 s    6    51.20920        8.315223        120.2614        25.52477        88.84556       0.8307953E-05
   19 s    7    46.12464        8.641852        115.7159        3.069544        232.2081       0.5686219E-04
   19 s    8    41.38881        8.788493        113.7852        10.50531        438.8757       0.7671255E-03
   19 s    9    38.37347        9.106830        109.8077        13.32628        760.6864       0.1015364E-02
   19 s   10    35.97098        9.435266        105.9854        12.69721        705.5894       0.7358554E-03
   19 s   11    33.90141        9.739310        102.6767        11.78055        412.7714       0.3020324E-03
   19 s   12    32.39993        10.11735        98.84015        8.956449        441.0984       0.4976133E-04
   19 s   13    30.73297        10.36456        96.48265        10.16014        529.6826      -0.5155027E-04
   19 s   14    29.29757        10.61237        94.22970        9.552327        486.8752      -0.1135049E-03
   19 s   15    27.99014        10.83800        92.26791        8.441231        415.2145      -0.8605178E-04
   19 s   16    26.77017        11.03437        90.62590        7.383214        352.1236      -0.1924222E-04
   19 s   17    25.69206        11.23180        89.03291        9.656535        388.3998       0.9992541E-07
   19 s   18    25.20597        11.64897        85.84447        20.54555        86.19598      -0.3943912E-02
   19 s   19    24.96519        12.16136        82.22768        20.44407        86.04245      -0.3884985E-02
   19 s   20    24.39262        12.49179        80.05255        8.061004        358.1943       0.1651875E-03
   19 s   21    23.62607        12.68944        78.80568        8.302995        346.4344       0.9616085E-04
   19 s   22    23.00616        12.93121        77.33227        11.01990        425.2909       0.2000255E-04
   19 s   23    22.52456        13.22320        75.62464        12.02558        468.5665       0.9283101E-05
   19 s   24    22.09496        13.52296        73.94828        11.82647        458.8686       0.1907797E-04
   19 s   25    21.67647        13.80833        72.42004        10.86457        414.7240       0.4923135E-04
   19 s   26    21.23930        14.06043        71.12159        9.241186        356.0343       0.1007264E-03
   20 s    1    186.2118        6.977679        143.3141        14.55937        832.0390      -0.5695953E-03
   20 s    2    118.2039        7.382172        135.4615        15.62827        494.9011      -0.6366170E-03
   20 s    3    88.34277        7.724165        129.4638        22.22286        147.5426       0.2195356E-03
   20 s    4    72.49836        8.149917        122.7006        14.59264        875.9523       0.1117964E-02
   20 s    5    61.74576        8.483642        117.8739        10.13617        445.8389       0.3991714E-03
   20 s    6    52.85017        8.581679        116.5273        2.190326        222.9353       0.6467578E-05
   20 s    7    47.73631        8.943811        111.8092        24.43650        91.34495      -0.4267833E-04
   20 s    8    44.68391        9.488174        105.3944        15.02950        292.5056       0.3895775E-03
   20 s    9    41.09574        9.752882        102.5338        5.913851        346.4887       0.2387716E-03
   20 s   10    37.56816        9.854208        101.4795        3.513964        263.9333       0.8727472E-05
   20 s   11    34.63770        9.950832        100.4941        4.537086        278.6839       0.6061942E-05
   20 s   12    32.93909        10.28571        97.22230        23.19993        88.02391      -0.1279677E-02
   20 s   13    32.21311        10.86373        92.04943        22.91686        88.24483      -0.1401533E-02
   20 s   14    30.64399        11.10007        90.08951        7.070253        318.9809      -0.7077063E-04
   20 s   15    29.13483        11.28124        88.64276        7.639611        329.4574      -0.2412561E-03
   20 s   16    27.87451        11.48957        87.03547        9.091397        382.9234      -0.3302606E-03
   20 s   17    26.84133        11.73423        85.22077        10.39987        457.0560      -0.2965507E-03
   20 s   18    25.97128        12.00266        83.31485        10.89459        501.4518      -0.1358438E-03
   20 s   19    25.18233        12.26713        81.51865        9.954422        449.9568       0.7852114E-04
   20 s   20    24.74327        12.67137        78.91808        20.35274        85.90236      -0.3825439E-02
   20 s   21    24.48140        13.14883        76.05237        11.85038        520.8790       0.3549597E-03
   20 s   22    23.91634        13.44280        74.38926        11.32889        491.4287       0.5526035E-03
   20 s   23    23.34972        13.70762        72.95213        9.699065        405.3718       0.5593053E-03
   20 s   24    22.76461        13.93281        71.77302        8.429097        354.3169       0.4306290E-03
   20 s   25    22.20026        14.14200        70.71137        8.501955        353.8890       0.2876054E-03
   20 s   26    21.70576        14.36923        69.59316        9.765819        398.0524       0.1657098E-03
