    0 s    2    4.941028       0.3085815        3240.635        6.344454        505.6751       0.1586330E-01
    0 s    3    5.341773       0.4670529        2141.085        6.693725        417.5103       0.7758526E-02
    0 s    4    5.742085       0.6454976        1549.192        7.527196        375.0523       0.6695909E-02
    0 s    5    6.108157       0.8392385        1191.556        7.914442        358.4488       0.5888962E-02
    0 s    6    6.389590        1.037526        963.8316        7.909159        350.7744       0.4867916E-02
    0 s    7    6.571903        1.231303        812.1477        7.559775        345.5731       0.3662119E-02
    0 s    8    6.652085        1.412503        707.9633        6.916959        340.3897       0.2375897E-02
    0 s    9    6.640175        1.575853        634.5771        6.169608        334.5283       0.1278533E-02
    0 s   10    6.564913        1.721991        580.7233        5.563352        327.8872       0.5874880E-03
    0 s   11    6.459587        1.855732        538.8711        5.168774        320.3812       0.2470624E-03
    0 s   12    6.346048        1.981645        504.6312        4.921052        312.0271       0.1000123E-03
    0 s   13    6.234163        2.102444        475.6369        4.749040        302.9693       0.3983353E-04
    0 s   14    6.127196        2.219434        450.5652        4.610983        293.4094       0.1571201E-04
    0 s   15    6.025656        2.333182        428.5993        4.487125        283.5659       0.6142585E-05
    0 s   16    5.929132        2.443923        409.1781        4.369454        273.6559       0.2378451E-05
    0 s   17    5.837029        2.551775        391.8840        4.255551        263.8805       0.9114610E-06
    0 s   18    5.748830        2.656830        376.3885        4.145445        254.4122       0.3456403E-06
    0 s   19    5.664149        2.759191        362.4250        4.040082        245.3855       0.1295676E-06
    0 s   20    5.582732        2.858994        349.7734        3.940595        236.8946       0.4815562E-07
    0 s   21    5.504420        2.956396        338.2497        3.847976        228.9949       0.1770675E-07
    0 s   22    5.429122        3.051579        327.6992        3.762949        221.7086       0.6500659E-08
    0 s   23    5.356786        3.144740        317.9913        3.685945        215.0324       0.2411988E-08
    0 s   24    5.287381        3.236080        309.0159        3.617127        208.9440       0.9231823E-09
    0 s   25    5.220883        3.325804        300.6792        3.556436        203.4088       0.3650356E-09
    0 s   26    5.157266        3.414113        292.9018        3.503638        198.3854       0.1078418E-09
    1 s    2    10.92923       0.6825622        1465.068        10.92361        308.7421       0.2067230E-02
    1 s    3    10.78558       0.9430268        1060.415        9.900004        277.3518       0.1919807E-03
    1 s    4    10.46999        1.176986        849.6276        8.776517        262.4181       0.1451061E-03
    1 s    5    10.02856        1.377888        725.7486        7.155561        276.5049       0.4913851E-03
    1 s    6    9.441781        1.533133        652.2592        5.481500        333.5366       0.1613498E-02
    1 s    7    8.891357        1.665873        600.2859        5.388711        366.9701       0.3000139E-02
    1 s    8    8.515656        1.808213        553.0322        6.122374        376.0263       0.4335468E-02
    1 s    9    8.308853        1.971865        507.1340        7.036644        377.2381       0.5410670E-02
    1 s   10    8.220846        2.156345        463.7476        7.769204        375.0781       0.6035666E-02
    1 s   11    8.198852        2.355393        424.5576        8.219200        369.7918       0.6264783E-02
    1 s   12    8.206288        2.562532        390.2390        8.437087        358.5722       0.6213422E-02
    1 s   13    8.221103        2.772531        360.6813        8.444973        332.0043       0.5819379E-02
    1 s   14    8.222998        2.978590        335.7293        8.039055        267.1862       0.4466854E-02
    1 s   15    8.175512        3.165623        315.8936        6.934858        188.6116       0.1696897E-02
    1 s   16    8.076933        3.329223        300.3704        6.277035        164.2655       0.4122758E-03
    1 s   17    7.967084        3.482972        287.1111        6.045686        158.7663       0.1210026E-03
    1 s   18    7.860526        3.632753        275.2733        5.932734        157.0505       0.4242805E-04
    1 s   19    7.760346        3.780317        264.5281        5.861416        156.4969       0.1650113E-04
    1 s   20    7.666995        3.926373        254.6880        5.809769        156.4637       0.6812221E-05
    1 s   21    7.580202        4.071287        245.6225        5.769054        156.7150       0.2912666E-05
    1 s   22    7.499466        4.215270        237.2327        5.734748        157.1299       0.1271434E-05
    1 s   23    7.424223        4.358443        229.4397        5.704092        157.6304       0.5616967E-06
    1 s   24    7.353910        4.500874        222.1791        5.675261        158.1602       0.2497562E-06
    1 s   25    7.287992        4.642593        215.3969        5.647024        158.6762       0.1113438E-06
    1 s   26    7.225977        4.783602        209.0475        5.618570        159.1457       0.4961973E-07
    2 s    1    10.83032       0.4058309        2464.080        12.94900        405.8741       0.2565141E-03
    2 s    2    15.22079       0.9505822        1051.987        19.49629        97.04235       0.1346294    
    2 s    3    14.37402        1.256778        795.6852        6.172656        426.5009       0.4478860E-02
    2 s    4    12.38695        1.392482        718.1422        5.020633        394.4133       0.4174384E-03
    2 s    5    11.07110        1.521129        657.4064        5.570444        315.5421       0.6049920E-03
    2 s    6    10.34015        1.679008        595.5897        6.967765        240.3913       0.5286235E-03
    2 s    7    9.925382        1.859606        537.7482        7.333909        210.4098       0.3685727E-03
    2 s    8    9.617116        2.042097        489.6928        7.229686        196.3016       0.3126771E-03
    2 s    9    9.356798        2.220565        450.3359        7.037751        187.2292       0.3111893E-03
    2 s   10    9.127477        2.394157        417.6836        6.846366        180.8137       0.3478559E-03
    2 s   11    8.922359        2.563245        390.1305        6.681629        176.5159       0.4325500E-03
    2 s   12    8.738476        2.728715        366.4728        6.564866        174.7449       0.6125588E-03
    2 s   13    8.576243        2.892300        345.7456        6.555960        178.1642       0.1057871E-02
    2 s   14    8.444955        3.058989        326.9054        6.911431        201.2348       0.2433048E-02
    2 s   15    8.375499        3.243059        308.3508        7.946378        288.0182       0.5228875E-02
    2 s   16    8.366688        3.448657        289.9679        8.531926        366.8800       0.6545376E-02
    2 s   17    8.377105        3.662221        273.0583        8.694303        394.1878       0.6863304E-02
    2 s   18    8.391233        3.878020        257.8635        8.745294        403.9878       0.6966049E-02
    2 s   19    8.405328        4.094509        244.2296        8.762694        408.4231       0.7013076E-02
    2 s   20    8.418412        4.311184        231.9548        8.767937        410.7711       0.7038798E-02
    2 s   21    8.430282        4.527861        220.8548        8.768249        411.9641       0.7050381E-02
    2 s   22    8.440958        4.744460        210.7721        8.765477        412.0368       0.7044287E-02
    2 s   23    8.450438        4.960890        201.5767        8.755887        409.8769       0.6998847E-02
    2 s   24    8.458213        5.176751        193.1714        8.705995        398.1264       0.6778984E-02
    2 s   25    8.456045        5.386665        185.6436        7.886782        283.9235       0.3893298E-02
    2 s   26    8.402424        5.562410        179.7782        6.694811        204.7687       0.1962730E-03
    3 s    1    25.20031       0.9442993        1058.986        6.581702        871.0126       0.1674441E-02
    3 s    2    17.89608        1.117662        894.7250        7.257141        368.4578       0.5536519E-02
    3 s    3    16.30514        1.425625        701.4470        16.06195        91.30782       0.1087330    
    3 s    4    16.28749        1.830961        546.1612        15.39222        89.69492       0.1040949    
    3 s    5    16.18350        2.223554        449.7304        15.01392        89.14816       0.9871692E-01
    3 s    6    15.67448        2.545183        392.8990        5.687323        260.3880       0.9879901E-04
    3 s    7    14.33075        2.684990        372.4408        5.501276        255.7442      -0.8829569E-04
    3 s    8    13.28271        2.820448        354.5537        5.355533        251.1882      -0.5925253E-04
    3 s    9    12.44481        2.953413        338.5913        5.308891        247.4090       0.5408703E-05
    3 s   10    11.76674        3.086441        323.9978        5.357543        244.1565       0.7316328E-04
    3 s   11    11.21389        3.221563        310.4083        5.470546        241.1438       0.1280053E-03
    3 s   12    10.76009        3.359992        297.6197        5.616036        238.1820       0.1644461E-03
    3 s   13    10.38480        3.502228        285.5325        5.769984        235.1870       0.1830104E-03
    3 s   14    10.07180        3.648276        274.1020        5.917081        232.1474       0.1871395E-03
    3 s   15    9.808300        3.797852        263.3068        6.049093        229.0925       0.1812374E-03
    3 s   16    9.584257        3.950526        253.1309        6.162784        226.0678       0.1695402E-03
    3 s   17    9.391840        4.105833        243.5560        6.258066        223.1203       0.1555780E-03
    3 s   18    9.224957        4.263327        234.5586        6.336581        220.2914       0.1420647E-03
    3 s   19    9.078873        4.422614        226.1106        6.400732        217.6155       0.1310928E-03
    3 s   20    8.949899        4.583366        218.1803        6.453136        215.1244       0.1246121E-03
    3 s   21    8.835155        4.745316        210.7341        6.496477        212.8609       0.1254387E-03
    3 s   22    8.732399        4.908272        203.7377        6.533976        210.9189       0.1400991E-03
    3 s   23    8.639951        5.072145        197.1552        6.572278        209.6238       0.1910039E-03
    3 s   24    8.557006        5.237216        190.9411        6.646585        211.0026       0.4124320E-03
    3 s   25    8.490750        5.408773        184.8848        7.486430        265.3281       0.3286625E-02
    3 s   26    8.481828        5.614976        178.0952        8.698100        409.1835       0.6996392E-02
    4 s    1    37.50388        1.405335        711.5740        11.15510        331.8821       0.1633092E-03
    4 s    2    27.31791        1.706082        586.1382        12.60072        403.3946       0.2489526E-03
    4 s    3    23.20660        2.029047        492.8423        13.16395        436.1036       0.1584283E-03
    4 s    4    20.16542        2.266900        441.1311        5.137842        264.6739       0.4027632E-03
    4 s    5    17.49033        2.403107        416.1279        5.653379        264.9341       0.1619309E-03
    4 s    6    16.07501        2.610220        383.1095        14.80567        88.69165       0.9452446E-01
    4 s    7    15.97520        2.993093        334.1026        14.69648        88.26058       0.9149420E-01
    4 s    8    15.88721        3.373487        296.4292        14.60095        87.95204       0.8895088E-01
    4 s    9    15.76105        3.740427        267.3491        6.229932        315.4384      -0.6372608E-04
    4 s   10    14.82902        3.889685        257.0902        5.822323        288.9506      -0.1434810E-03
    4 s   11    14.04136        4.033848        247.9023        5.743952        277.7891      -0.1563381E-03
    4 s   12    13.37794        4.177456        239.3801        5.766106        271.4505      -0.1388272E-03
    4 s   13    12.81657        4.322333        231.3565        5.841026        267.3698      -0.1056127E-03
    4 s   14    12.33896        4.469503        223.7385        5.945512        264.5985      -0.6795696E-04
    4 s   15    11.93023        4.619478        216.4747        6.061531        262.6524      -0.3309351E-04
    4 s   16    11.57810        4.772365        209.5397        6.174551        261.2344      -0.4855499E-05
    4 s   17    11.27238        4.927948        202.9242        6.273935        260.1469       0.1540734E-04
    4 s   18    11.00461        5.085796        196.6261        6.353096        259.2549       0.2797506E-04
    4 s   19    10.76783        5.245360        190.6447        6.409226        258.4640       0.3405938E-04
    4 s   20    10.55637        5.406061        184.9776        6.442652        257.7067       0.3527030E-04
    4 s   21    10.36568        5.567356        179.6185        6.455953        256.9309       0.3323788E-04
    4 s   22    10.19219        5.728786        174.5571        6.452983        256.0924       0.2937611E-04
    4 s   23    10.03308        5.889994        169.7795        6.437962        255.1513       0.2476921E-04
    4 s   24    9.886189        6.050726        165.2694        6.414806        254.0710       0.2015329E-04
    4 s   25    9.749812        6.210820        161.0093        6.386751        252.8195       0.1596013E-04
    4 s   26    9.622623        6.370182        156.9814        6.356251        251.3725       0.1239018E-04
    5 s    1    44.48932        1.667092        599.8470        25.61727        83.41375       0.6724916E-04
    5 s    2    33.23350        2.075528        481.8050        2.642548        293.8252       0.3293163E-03
    5 s    3    24.63910        2.154296        464.1888        3.867010        280.8524       0.5152671E-03
    5 s    4    21.01670        2.362597        423.2631        13.34859        499.2083       0.3592520E-04
    5 s    5    19.61375        2.694858        371.0770        13.14998        498.7971       0.1692313E-04
    5 s    6    18.57719        3.016518        331.5081        12.51728        505.0179       0.8701165E-05
    5 s    7    17.69888        3.316039        301.5646        11.28898        505.6436       0.8783292E-05
    5 s    8    16.78966        3.565112        280.4961        8.288884        411.8130      -0.6687390E-05
    5 s    9    15.80913        3.751837        266.5361        14.52284        87.71152       0.8684581E-01
    5 s   10    15.73955        4.128517        242.2177        14.46538        87.48304       0.8513908E-01
    5 s   11    15.54754        4.466548        223.8866        10.10637        399.1274      -0.2248032E-04
    5 s   12    15.09993        4.715170        212.0814        9.769928        406.9168      -0.2900776E-04
    5 s   13    14.68931        4.953904        201.8610        9.297422        407.8379      -0.4179351E-04
    5 s   14    14.29376        5.177583        193.1403        8.539213        393.8497      -0.6636107E-04
    5 s   15    13.88957        5.378151        185.9375        7.493331        357.4926      -0.9944077E-04
    5 s   16    13.47444        5.554019        180.0498        6.661202        319.7302      -0.1166618E-03
    5 s   17    13.07276        5.715023        174.9774        6.290862        297.0744      -0.1099893E-03
    5 s   18    12.70295        5.870686        170.3378        6.199017        284.9394      -0.9111980E-04
    5 s   19    12.36999        6.025823        165.9524        6.229958        277.9029      -0.6901047E-04
    5 s   20    12.07240        6.182441        161.7484        6.307567        273.2315      -0.4798463E-04
    5 s   21    11.80644        6.341178        157.6994        6.393490        269.6082      -0.2998196E-04
    5 s   22    11.56774        6.501950        153.8000        6.466221        266.3642      -0.1574333E-04
    5 s   23    11.35198        6.664261        150.0542        6.513695        263.1625      -0.5334982E-05
    5 s   24    11.15519        6.827401        146.4686        6.530977        259.8699       0.1586625E-05
    5 s   25    10.97395        6.990620        143.0488        6.519482        256.4973       0.5606955E-05
    5 s   26    10.80554        7.153273        139.7962        6.486021        253.1563       0.7423129E-05
    6 s    1    52.69966        1.974747        506.3939        8.065962        600.9720       0.5545860E-03
    6 s    2    37.44770        2.338717        427.5849        26.28584        81.58807       0.2337729E-03
    6 s    3    32.06892        2.803915        356.6442        12.20093        392.0640       0.4383608E-03
    6 s    4    27.29406        3.068267        325.9168        8.766154        336.7449       0.8417644E-03
    6 s    5    23.62073        3.245403        308.1282        5.855384        270.5706       0.6596754E-03
    6 s    6    20.83376        3.382935        295.6013        5.408213        255.4739       0.3951520E-03
    6 s    7    18.81503        3.525159        283.6752        6.145142        252.3816       0.1783692E-03
    6 s    8    17.45549        3.706495        269.7967        8.705441        281.8452       0.2342279E-04
    6 s    9    16.64675        3.950622        253.1247        10.33823        350.5878      -0.1329901E-04
    6 s   10    16.05218        4.210522        237.5002        10.35891        383.9364      -0.1854261E-04
    6 s   11    15.67741        4.503857        222.0319        14.41828        87.31006       0.8367329E-01
    6 s   12    15.62176        4.878119        204.9970        14.38133        87.16954       0.8241612E-01
    6 s   13    15.57179        5.251519        190.4211        14.35158        87.06089       0.8131726E-01
    6 s   14    14.94096        5.412017        184.7740        6.727714        252.0267      -0.1303592E-03
    6 s   15    14.44087        5.591621        178.8390        7.667196        266.7060      -0.8828237E-04
    6 s   16    14.05612        5.793778        172.5989        8.430523        289.1707      -0.4993535E-04
    6 s   17    13.74607        6.009372        166.4067        8.751561        306.5501      -0.3006761E-04
    6 s   18    13.47850        6.229106        160.5367        8.792020        315.4921      -0.2156785E-04
    6 s   19    13.23627        6.447817        155.0912        8.683133        317.8447      -0.1843602E-04
    6 s   20    13.00983        6.662510        150.0936        8.474732        315.2630      -0.1813075E-04
    6 s   21    12.79276        6.870928        145.5408        8.183217        308.6555      -0.1953695E-04
    6 s   22    12.58052        7.071209        141.4185        7.829563        298.9034      -0.2171917E-04
    6 s   23    12.37086        7.262401        137.6955        7.468706        287.6983      -0.2333621E-04
    6 s   24    12.16482        7.445335        134.3123        7.182269        277.4067      -0.2302540E-04
    6 s   25    11.96615        7.622673        131.1876        7.025219        269.7133      -0.2041818E-04
    6 s   26    11.77904        7.797731        128.2424        6.995158        264.8801      -0.1626890E-04
    7 s    1    58.95348        2.209089        452.6753        7.604759        241.9794       0.6922095E-03
    7 s    2    40.09703        2.504176        399.3330        13.63746        382.6375       0.1521314E-03
    7 s    3    34.37195        3.005278        332.7479        24.67011        82.05693       0.1093395E-02
    7 s    4    30.32469        3.408956        293.3450        7.436641        328.9075       0.1153888E-03
    7 s    5    26.52792        3.644840        274.3605        11.01672        469.2152       0.4448121E-03
    7 s    6    24.24557        3.936936        254.0046        11.99620        519.4779       0.6242211E-03
    7 s    7    22.57261        4.229173        236.4528        11.02385        463.1832       0.6483123E-03
    7 s    8    21.06382        4.472687        223.5792        8.334155        351.9323       0.5211201E-03
    7 s    9    19.61563        4.655199        214.8136        6.539518        292.9895       0.2932896E-03
    7 s   10    18.33812        4.810128        207.8947        5.966601        270.6055       0.1024218E-03
    7 s   11    17.25488        4.957039        201.7333        5.824971        259.5299      -0.3129256E-04
    7 s   12    16.34150        5.102869        195.9682        5.872019        252.7541      -0.1114424E-03
    7 s   13    15.57398        5.252255        190.3944        6.127626        249.2508      -0.1351864E-03
    7 s   14    15.52682        5.624230        177.8021        14.32967        86.96227       0.8036994E-01
    7 s   15    15.48623        5.996393        166.7669        14.31187        86.88562       0.7952560E-01
    7 s   16    15.44951        6.368118        157.0323        14.29788        86.82183       0.7877389E-01
    7 s   17    15.24965        6.666695        149.9994        5.677514        251.8751      -0.1849111E-03
    7 s   18    14.73273        6.808750        146.8698        5.701940        248.6097      -0.1760487E-03
    7 s   19    14.27160        6.952159        143.8402        5.788621        246.3855      -0.1568916E-03
    7 s   20    13.86169        7.098761        140.8697        5.959481        245.6223      -0.1325639E-03
    7 s   21    13.50019        7.250885        137.9142        6.230361        246.8148      -0.1065625E-03
    7 s   22    13.18509        7.411023        134.9341        6.594724        250.3117      -0.8138258E-04
    7 s   23    12.91354        7.580986        131.9090        7.002468        255.7789      -0.5916385E-04
    7 s   24    12.68031        7.760834        128.8521        7.370099        261.8464      -0.4155219E-04
    7 s   25    12.47792        7.948680        125.8070        7.635228        266.8194      -0.2891531E-04
    7 s   26    12.29869        8.141738        122.8239        7.788401        269.7793      -0.2036794E-04
    8 s    1    76.57179        2.869278        348.5198        13.82085        919.7444       0.4114010E-02
    8 s    2    51.20755        3.198060        312.6896        7.829952        313.2411       0.1594116E-02
    8 s    3    37.49172        3.278053        305.0591        3.668399        254.1280       0.1863758E-04
    8 s    4    32.13823        3.612825        276.7917        23.39115        82.90740       0.1995690E-02
    8 s    5    30.07508        4.132207        242.0014        13.12428        363.4021       0.8246428E-03
    8 s    6    27.03776        4.390325        227.7736        8.533523        408.6504       0.3677858E-03
    8 s    7    24.49288        4.588952        217.9147        8.117768        331.1903       0.1036509E-03
    8 s    8    22.72033        4.824430        207.2784        10.91161        383.6810       0.4640856E-06
    8 s    9    21.60141        5.126468        195.0661        12.94505        465.8074       0.1831539E-04
    8 s   10    20.81494        5.459804        183.1568        13.57008        514.1147       0.2948864E-04
    8 s   11    20.17820        5.796861        172.5072        6.426956        312.6032       0.3568489E-03
    8 s   12    19.04671        5.947611        168.1347        5.901584        280.4311       0.1895971E-03
    8 s   13    18.06938        6.093821        164.1007        5.808937        271.5816       0.3308012E-04
    8 s   14    17.22249        6.238447        160.2963        5.766066        265.4729      -0.7543461E-04
    8 s   15    16.48224        6.382055        156.6893        5.727754        260.3981      -0.1428641E-03
    8 s   16    15.82941        6.524711        153.2635        5.693056        255.8692      -0.1765766E-03
    8 s   17    15.41618        6.739495        148.3791        14.28682        86.76800       0.7810018E-01
    8 s   18    15.38586        7.110594        140.6352        14.27800        86.72190       0.7749282E-01
    8 s   19    15.35819        7.481472        133.6635        14.27088        86.68177       0.7694238E-01
    8 s   20    15.33287        7.852173        127.3533        14.26501        86.64627       0.7644113E-01
    8 s   21    15.09832        8.109227        123.3163        6.070462        257.2647      -0.2033369E-03
    8 s   22    14.69955        8.262263        121.0322        6.183706        256.5062      -0.1922358E-03
    8 s   23    14.33996        8.418376        118.7878        6.313094        256.4846      -0.1752926E-03
    8 s   24    14.01514        8.577804        116.5800        6.446334        256.8464      -0.1553312E-03
    8 s   25    13.72100        8.740543        114.4094        6.575869        257.3750      -0.1343650E-03
    8 s   26    13.45382        8.906437        112.2783        6.696946        257.9342      -0.1137757E-03
    9 s    1    84.95659        3.183471        314.1226       0.8561911        220.6717       0.3808254E-07
    9 s    2    51.70450        3.229096        309.6842        7.321454        437.8487       0.1048849E-02
    9 s    3    40.46930        3.538395        282.6140        12.71280        799.2584       0.9510781E-03
    9 s    4    34.26592        3.852010        259.6047        12.46185        626.4316       0.4632105E-03
    9 s    5    30.63810        4.209563        237.5544        20.77553        89.31704       0.2564815E-02
    9 s    6    28.58278        4.641200        215.4615        9.403275        349.8434       0.5879526E-03
    9 s    7    26.18602        4.906178        203.8247        11.32577        526.3301       0.9493171E-03
    9 s    8    24.42804        5.187046        192.7880        10.79049        527.3063       0.1140209E-02
    9 s    9    22.90136        5.434973        183.9936        8.866173        416.3578       0.1017751E-02
    9 s   10    21.47411        5.632704        177.5346        7.059239        333.0685       0.6988344E-03
    9 s   11    20.18923        5.800028        172.4130        13.34777        489.0028       0.7851332E-04
    9 s   12    19.65120        6.136372        162.9628        13.30587        539.5088       0.2548254E-04
    9 s   13    19.16590        6.463616        154.7122        12.84569        533.9655       0.2241639E-04
    9 s   14    18.70774        6.776446        147.5700        12.12141        511.5873       0.2064861E-04
    9 s   15    18.24466        7.064477        141.5533        10.77044        453.0436       0.1338024E-04
    9 s   16    17.72660        7.306711        136.8605        8.532726        358.8950      -0.2556975E-04
    9 s   17    17.14701        7.496160        133.4016        6.837818        298.3134      -0.9788450E-04
    9 s   18    16.56899        7.657381        130.5930        6.185873        274.2083      -0.1574434E-03
    9 s   19    16.03061        7.809034        128.0568        5.999311        264.0570      -0.1914949E-03
    9 s   20    15.54073        7.958621        125.6499        5.994797        259.3761      -0.2047628E-03
    9 s   21    15.30965        8.222732        121.6141        14.26006        86.61434       0.7598269E-01
    9 s   22    15.28828        8.593175        116.3714        14.25574        86.58516       0.7556170E-01
    9 s   23    15.26858        8.963527        111.5632        14.25185        86.55808       0.7517366E-01
    9 s   24    15.25036        9.333803        107.1375        14.24822        86.53258       0.7481473E-01
    9 s   25    15.00420        9.557968        104.6247        6.202632        245.1080      -0.1672435E-03
    9 s   26    14.67162        9.712621        102.9588        6.182024        242.0636      -0.1560368E-03
   10 s    1    93.04820        3.486677        286.8060        22.23486        93.97251       0.4137012E-04
   10 s    2    64.60829        4.034975        247.8330        20.72766        137.6442       0.1053274E-02
   10 s    3    48.85709        4.271773        234.0948        4.489375        284.1483       0.7179921E-03
   10 s    4    38.79017        4.360604        229.3260        3.512353        247.8865       0.2327112E-03
   10 s    5    32.51002        4.466759        223.8760        5.345756        262.8280       0.2297605E-03
   10 s    6    29.35117        4.765970        209.8209        21.82161        80.87864       0.3579051E-02
   10 s    7    28.36555        5.314532        188.1633        21.68072        79.91564       0.4136255E-02
   10 s    8    27.05378        5.744595        174.0767        6.891775        283.7264       0.5415658E-03
   10 s    9    25.04425        5.943526        168.2503        9.137123        338.0261       0.7877648E-03
   10 s   10    23.63370        6.199169        161.3119        11.03737        425.7681       0.1159468E-02
   10 s   11    22.56765        6.483309        154.2422        11.33478        473.8166       0.1354576E-02
   10 s   12    21.63086        6.754548        148.0484        10.07429        428.4581       0.1223555E-02
   10 s   13    20.70786        6.983633        143.1919        8.248607        349.8002       0.8166463E-03
   10 s   14    19.81007        7.175738        139.3585        7.300978        305.5439       0.4206731E-03
   10 s   15    19.00885        7.360378        135.8626        7.702622        299.0866       0.1597148E-03
   10 s   16    18.37107        7.572355        132.0593        9.372688        336.4425       0.2845000E-04
   10 s   17    17.90004        7.825365        127.7896        10.67622        391.9927      -0.6881695E-05
   10 s   18    17.52187        8.097758        123.4910        10.99910        421.6044      -0.1380488E-04
   10 s   19    17.18447        8.371116        119.4584        10.80367        424.5735      -0.2016536E-04
   10 s   20    16.85970        8.634084        115.8200        10.13613        399.5508      -0.3771998E-04
   10 s   21    16.51761        8.871525        112.7202        8.740601        339.8237      -0.8257181E-04
   10 s   22    16.13710        9.070278        110.2502        7.271045        285.1564      -0.1382648E-03
   10 s   23    15.74257        9.241786        108.2042        6.564827        260.7443      -0.1665206E-03
   10 s   24    15.36175        9.401979        106.3606        6.298500        250.3652      -0.1726016E-03
   10 s   25    15.23347        9.704018        103.0501        14.24473        86.50823       0.7448161E-01
   10 s   26    15.21782        10.07420        99.26342        14.24124        86.48422       0.7417078E-01
   11 s    1    98.48295        3.690327        270.9787        15.51963        558.5792       0.1351767E-02
   11 s    2    64.86339        4.050906        246.8584        14.99920        172.3118       0.1644789E-02
   11 s    3    51.15571        4.472750        223.5761        11.59167        440.8088       0.1482804E-02
   11 s    4    42.59085        4.787859        208.8616        12.90833        706.6837       0.1214015E-02
   11 s    5    37.14538        5.103640        195.9386        12.31061        715.7554       0.1012111E-02
   11 s    6    33.18262        5.388111        185.5938        10.02626        494.2914       0.9459412E-03
   11 s    7    29.81582        5.586252        179.0109        6.379387        294.4826       0.5966345E-03
   11 s    8    27.58322        5.857016        170.7354        21.36774        79.90729       0.4428441E-02
   11 s    9    26.93509        6.392263        156.4391        21.04094        81.14603       0.4548959E-02
   11 s   10    25.56923        6.706864        149.1010        11.42465        581.5000       0.2438623E-03
   11 s   11    24.27564        6.973987        143.3900        9.792549        416.4926       0.3306112E-05
   11 s   12    23.08063        7.207261        138.7490        9.318512        349.4402       0.2180840E-03
   11 s   13    22.10169        7.453698        134.1616        10.36394        375.8208       0.6670269E-03
   11 s   14    21.30725        7.718058        129.5663        10.49002        391.7391       0.9117370E-03
   11 s   15    20.58004        7.968755        125.4901        9.368961        355.0183       0.8107053E-03
   11 s   16    19.85802        8.185258        122.1709        7.961435        306.8723       0.5199410E-03
   11 s   17    19.15025        8.371917        119.4470        7.056179        277.0594       0.2523008E-03
   11 s   18    18.48474        8.542748        117.0584        6.677251        262.3300       0.7021549E-04
   11 s   19    17.87796        8.708938        114.8246        6.679072        256.8746      -0.4134250E-04
   11 s   20    17.34056        8.880338        112.6083        7.135696        261.9167      -0.9641571E-04
   11 s   21    16.89090        9.072015        110.2291        8.323101        289.6603      -0.9378925E-04
   11 s   22    16.54087        9.297226        107.5590        9.587496        337.3990      -0.5945687E-04
   11 s   23    16.25823        9.544508        104.7723        10.08329        368.2403      -0.3861529E-04
   11 s   24    16.00817        9.797615        102.0657        10.11687        377.6899      -0.3143688E-04
   11 s   25    15.78010        10.05223        99.48038        9.914615        373.6335      -0.3195129E-04
   11 s   26    15.55224        10.29560        97.12891        9.516399        357.6226      -0.3940435E-04
   12 s    1    113.6869        4.260047        234.7392       0.9954121        231.0017       0.5177258E-04
   12 s    2    68.88224        4.301895        232.4557        2.841749        243.2275       0.2341588E-03
   12 s    3    52.90743        4.625911        216.1736        23.65288        85.29740       0.9330779E-04
   12 s    4    46.45921        5.222721        191.4711        23.75612        84.10861       0.1427245E-03
   12 s    5    40.09063        5.508307        181.5440        3.169289        226.4560       0.4032101E-05
   12 s    6    34.58836        5.616371        178.0509        6.018332        273.2964       0.9199970E-04
   12 s    7    31.11401        5.829479        171.5419        10.62410        475.2808       0.4735811E-03
   12 s    8    28.79654        6.114651        163.5416        11.84794        623.8981       0.5816234E-03
   12 s    9    27.02390        6.413339        155.9250        12.08494        576.6203       0.5388136E-03
   12 s   10    26.39364        6.923109        144.4438        20.96695        80.07226       0.4691252E-02
   12 s   11    24.93622        7.163760        139.5915        9.265171        367.3007       0.9574473E-03
   12 s   12    23.79287        7.429668        134.5955        11.60618        508.8582       0.8712109E-03
   12 s   13    22.92581        7.731630        129.3388        12.35376        575.8511       0.6955338E-03
   12 s   14    22.20704        8.043984        124.3165        12.53856        588.5555       0.5719161E-03
   12 s   15    21.58143        8.356500        119.6673        12.35993        578.5472       0.5616716E-03
   12 s   16    21.00698        8.658847        115.4888        11.72340        543.4488       0.7208582E-03
   12 s   17    20.45465        8.942163        111.8298        10.88666        486.5799       0.8494496E-03
   12 s   18    19.91338        9.202998        108.6602        9.899570        418.2202       0.7422377E-03
   12 s   19    19.37166        9.436564        105.9708        8.753363        352.9419       0.4838707E-03
   12 s   20    18.82845        9.642308        103.7096        7.740230        306.6078       0.2199687E-03
   12 s   21    18.29541        9.826369        101.7670        7.037499        278.7270       0.2688639E-04
   12 s   22    17.78480        9.996408        100.0359        6.609808        262.5118      -0.9255192E-04
   12 s   23    17.30557        10.15936        98.43139        6.360477        252.7206      -0.1592050E-03
   12 s   24    16.85633        10.31672        96.93002        6.256624        247.3447      -0.1887507E-03
   12 s   25    16.44058        10.47297        95.48388        6.273445        245.2655      -0.1943657E-03
   12 s   26    16.05972        10.63154        94.05972        6.452502        247.3628      -0.1819387E-03
   13 s    1    120.2601        4.506353        221.9089        14.47854        764.5163       0.1698715E-02
   13 s    2    77.79432        4.858480        205.8257        13.90653        909.8680       0.2584985E-02
   13 s    3    59.52702        5.204689        192.1345        13.71943        951.3929       0.3137947E-02
   13 s    4    48.42457        5.443658        183.7000        2.163804        219.1054       0.1833408E-05
   13 s    5    42.19085        5.796869        172.5069        20.46910        117.4448       0.4383647E-03
   13 s    6    38.05624        6.179477        161.8260        12.87080        735.8184       0.1018568E-03
   13 s    7    34.51982        6.467588        154.6171        10.00116        555.3671       0.2220872E-03
   13 s    8    31.41790        6.671272        149.8965        6.648174        345.1845       0.5595542E-03
   13 s    9    28.73918        6.820411        146.6187        5.676877        289.6030       0.6590825E-03
   13 s   10    26.57075        6.969564        143.4810        6.550760        289.0626       0.7777354E-03
   13 s   11    25.92986        7.449216        134.2423        20.82098        80.08408       0.4721182E-02
   13 s   12    25.52707        7.971198        125.4517        20.66953        80.21200       0.4708025E-02
   13 s   13    24.27063        8.185163        122.1723        5.576308        234.2114       0.3396253E-03
   13 s   14    23.02982        8.342018        119.8751        7.052199        254.6153       0.4286199E-03
   13 s   15    22.06482        8.543673        117.0457        9.112901        295.1857       0.5628686E-03
   13 s   16    21.34696        8.798985        113.6495        11.18657        357.0740       0.5445813E-03
   13 s   17    20.80680        9.096111        109.9371        12.36878        416.0003       0.3771587E-03
   13 s   18    20.36317        9.410867        106.2601        12.70006        448.4423       0.2288326E-03
   13 s   19    19.97117        9.728605        102.7897        12.68025        461.0220       0.1199678E-03
   13 s   20    19.62226        10.04883        99.51410        12.54875        465.3340       0.5001489E-04
   13 s   21    19.29016        10.36065        96.51908        12.39288        465.6071       0.1659644E-04
   13 s   22    18.97998        10.66819        93.73660        12.20486        462.1588       0.3094859E-05
   13 s   23    18.61367        10.92729        91.51402        7.224301        291.1288       0.1493884E-03
   13 s   24    18.13575        11.09978        90.09192        6.626063        272.1589      -0.3555321E-04
   13 s   25    17.67661        11.26034        88.80723        6.260806        260.2119      -0.1441069E-03
   13 s   26    17.24143        11.41383        87.61298        6.051160        252.7642      -0.2022267E-03
   14 s    1    134.9709        5.057595        197.7225        28.36106        97.40668       0.6160691E-03
   14 s    2    86.00186        5.371065        186.1828       0.9643180        210.3062       0.4387392E-05
   14 s    3    61.77232        5.401004        185.1508        1.461177        211.9173       0.1972343E-04
   14 s    4    49.32803        5.545221        180.3355        13.46791        754.4804       0.2079697E-02
   14 s    5    42.92435        5.897650        169.5591        16.23324        213.5195       0.5686175E-03
   14 s    6    39.51682        6.416642        155.8448        22.28933        84.02081       0.3821123E-03
   14 s    7    36.59261        6.855943        145.8588        8.133700        286.3946      -0.1464224E-05
   14 s    8    33.42977        7.098471        140.8754        11.30907        449.7880       0.8421589E-05
   14 s    9    31.18005        7.399680        135.1410        12.53364        575.1023       0.5686475E-03
   14 s   10    29.38805        7.708548        129.7261        11.83375        520.6729       0.1133070E-02
   14 s   11    27.62108        7.935075        126.0227        5.724617        250.8973       0.7030990E-03
   14 s   12    25.80302        8.057367        124.1100        4.746547        226.6823       0.3622772E-03
   14 s   13    25.17320        8.489552        117.7918        20.53369        80.33146       0.4669417E-02
   14 s   14    24.83036        8.994222        111.1825        11.13380        472.0927       0.1314910E-02
   14 s   15    23.87956        9.246355        108.1507        8.912849        347.9703       0.1099087E-02
   14 s   16    22.92361        9.448860        105.8329        7.523605        293.1255       0.8875225E-03
   14 s   17    22.04222        9.636204        103.7753        7.578322        289.4151       0.8605767E-03
   14 s   18    21.28084        9.834967        101.6780        8.317162        310.9767       0.9668073E-03
   14 s   19    20.64891        10.05875        99.41589        9.136549        346.5887       0.1072626E-02
   14 s   20    20.09859        10.29276        97.15564        9.395109        367.4346       0.1016637E-02
   14 s   21    19.59399        10.52383        95.02242        8.932294        354.2347       0.7671709E-03
   14 s   22    19.10216        10.73687        93.13705        8.056247        321.7289       0.4347156E-03
   14 s   23    18.68765        10.97072        91.15172        11.96897        458.7180       0.2132613E-05
   14 s   24    18.40827        11.26657        88.75819        11.68337        446.2353       0.3187071E-07
   14 s   25    18.13778        11.55412        86.54924        11.30396        428.1511      -0.5555003E-07
   14 s   26    17.87112        11.83069        84.52592        10.79447        401.4278      -0.1403769E-05
   15 s    1    141.9440        5.318890        188.0092        16.05245        458.7133       0.3104049E-02
   15 s    2    90.63233        5.660251        176.6706        19.33902        273.4476       0.9568027E-03
   15 s    3    69.60745        6.086061        164.3099        15.51137        980.8467       0.1349131E-02
   15 s    4    57.13110        6.422404        155.7049        10.53264        545.5554       0.2135558E-02
   15 s    5    48.01975        6.597739        151.5671        4.705620        283.9827       0.1022627E-02
   15 s    6    41.32635        6.710470        149.0209        4.914799        260.0186       0.3648140E-03
   15 s    7    37.25210        6.979504        143.2767        21.54556        83.78202       0.5660445E-03
   15 s    8    35.42782        7.522737        132.9303        21.50948        82.07743       0.8241420E-03
   15 s    9    32.93606        7.816417        127.9359        3.354036        232.2057      -0.2250142E-05
   15 s   10    30.14505        7.907110        126.4685        4.350168        239.7136       0.1261173E-04
   15 s   11    28.16004        8.089910        123.6108        10.88415        478.3287       0.8021320E-03
   15 s   12    26.86694        8.389590        119.1953        12.42108        613.3140       0.1302988E-02
   15 s   13    25.79529        8.699347        114.9512        12.22785        577.8527       0.1379092E-02
   15 s   14    24.85912        9.004639        111.0539        20.40651        80.47672       0.4612194E-02
   15 s   15    24.57794        9.516773        105.0776        20.30191        80.54616       0.4548207E-02
   15 s   16    23.91481        9.857422        101.4464        12.20438        433.7163       0.2479334E-03
   15 s   17    23.28573        10.17983        98.23348        13.01169        487.9340       0.3188359E-03
   15 s   18    22.72840        10.50396        95.20218        12.47867        460.9392       0.4844803E-03
   15 s   19    22.04711        10.73986        93.11104        7.071604        290.2650       0.8337844E-03
   15 s   20    21.31888        10.91769        91.59447        7.339358        298.9155       0.8621239E-03
   15 s   21    20.69097        11.11301        89.98459        8.251828        328.4946       0.9876094E-03
   15 s   22    20.15981        11.33135        88.25076        9.085396        364.6423       0.1061670E-02
   15 s   23    19.69859        11.56420        86.47378        9.358397        381.0674       0.9608884E-03
   15 s   24    19.27104        11.79461        84.78446        8.925589        360.7131       0.6827386E-03
   15 s   25    18.85042        12.00808        83.27725        8.111322        324.1236       0.3468900E-03
   15 s   26    18.43168        12.20179        81.95522        7.440720        298.0677       0.8150413E-04
   16 s    1    142.9437        5.356347        186.6944        1.876002        215.9257       0.2730479E-03
   16 s    2    92.54675        5.779812        173.0160        20.50275        116.4114       0.3525524E-03
   16 s    3    72.28617        6.320272        158.2210        21.78746        86.86399       0.1526775E-04
   16 s    4    59.31934        6.668395        149.9611        5.967083        282.0273       0.4240513E-03
   16 s    5    50.16614        6.892645        145.0822        10.99185        536.8214       0.1962084E-02
   16 s    6    44.20070        7.177200        139.3301        11.57067        716.5651       0.2062468E-02
   16 s    7    39.84054        7.464471        133.9680        11.35398        748.3889       0.1272935E-02
   16 s    8    36.30777        7.709585        129.7087        6.723739        357.0206       0.1478309E-03
   16 s    9    33.95565        8.058387        124.0943        20.89684        85.47254       0.1008184E-02
   16 s   10    32.15976        8.435573        118.5456        12.95556        703.3823      -0.1079892E-03
   16 s   11    30.47555        8.755116        114.2189        12.49791        675.0940       0.8611078E-04
   16 s   12    28.91787        9.030023        110.7417        8.628082        355.3530       0.2894081E-03
   16 s   13    27.27893        9.199699        108.6992        6.017646        252.7560       0.7612910E-04
   16 s   14    25.84316        9.361082        106.8253        7.239978        266.8753      -0.7800927E-09
   16 s   15    24.73037        9.575795        104.4300        10.05125        337.7183       0.9624524E-04
   16 s   16    24.32445        10.02627        99.73797        20.20305        80.64046       0.4475840E-02
   16 s   17    23.88448        10.44158        95.77091        6.419176        290.3424       0.7487217E-03
   16 s   18    22.94652        10.60476        94.29724        7.079300        296.6347       0.4124087E-03
   16 s   19    22.29923        10.86268        92.05831        12.86188        492.2599       0.1383342E-04
   16 s   20    21.85212        11.19077        89.35934        13.17512        509.6779       0.4454688E-04
   16 s   21    21.44451        11.51774        86.82261        12.94559        495.0254       0.4244558E-04
   16 s   22    21.05769        11.83602        84.48786        12.44826        461.0782       0.5389264E-04
   16 s   23    20.65901        12.12802        82.45368        10.20982        348.0120       0.2900670E-03
   16 s   24    20.17072        12.34525        81.00281        8.156344        300.1377       0.7456027E-03
   16 s   25    19.71261        12.55731        79.63486        8.790936        329.7615       0.8224007E-03
   16 s   26    19.31024        12.78339        78.22650        9.150500        348.9256       0.7022593E-03
   17 s    1    165.7704        6.211705        160.9864        16.95913        767.0370       0.4283029E-02
   17 s    2    104.2377        6.509944        153.6112        4.282305        290.6218       0.1467748E-02
   17 s    3    75.18365        6.573611        152.1234        2.500697        238.3155       0.1594504E-03
   17 s    4    61.03494        6.861255        145.7459        21.32153        84.85227       0.2954149E-04
   17 s    5    53.81045        7.393360        135.2565        21.09939        86.53560       0.7155638E-04
   17 s    6    47.26257        7.674379        130.3037        2.793485        223.1095       0.2786784E-03
   17 s    7    41.29779        7.737498        129.2407        2.734921        208.4433       0.3333747E-03
   17 s    8    36.97342        7.850930        127.3734        8.044583        296.4187       0.5900294E-03
   17 s    9    34.23310        8.124234        123.0885        12.72054        433.5676       0.1353233E-03
   17 s   10    32.77224        8.596228        116.3301        21.13632        80.84531       0.1229476E-02
   17 s   11    31.45776        9.037290        110.6526        4.718132        226.8817       0.6261829E-05
   17 s   12    29.45564        9.197950        108.7199        9.082334        338.5567       0.2234368E-03
   17 s   13    28.10145        9.477091        105.5176        12.22676        591.5276       0.9402676E-03
   17 s   14    27.00075        9.780394        102.2454        11.75435        584.0239       0.1421876E-02
   17 s   15    25.97482        10.05766        99.42675        9.711102        437.9015       0.1469783E-02
   17 s   16    24.91765        10.27078        97.36356        7.439589        329.9042       0.1104585E-02
   17 s   17    24.09442        10.53336        94.93645        20.11352        80.72765       0.4399984E-02
   17 s   18    23.88453        11.03827        90.59391        20.03187        80.80859       0.4322661E-02
   17 s   19    23.68497        11.53772        86.67224        8.099101        331.7932       0.1358121E-02
   17 s   20    22.87715        11.71570        85.35553        6.353785        277.0416       0.9152941E-03
   17 s   21    22.09649        11.86791        84.26082        5.947668        262.2560       0.6997319E-03
   17 s   22    21.38657        12.02088        83.18860        6.385233        269.1306       0.6380840E-03
   17 s   23    20.78754        12.20347        81.94390        8.926445        343.7183       0.4657484E-03
   17 s   24    20.37775        12.47197        80.17982        11.52958        448.9195       0.1328060E-03
   17 s   25    20.03006        12.75954        78.37273        11.38551        436.1422       0.1360007E-03
   17 s   26    19.69864        13.04051        76.68410        11.09198        422.2380       0.2046476E-03
   18 s    1    174.0952        6.523649        153.2884        2.083714        215.3058       0.3762670E-04
   18 s    2    106.0275        6.621726        151.0180        10.08808        460.2581       0.2852157E-02
   18 s    3    79.15040        6.920440        144.4995        12.70956        827.0473       0.3062107E-02
   18 s    4    64.50150        7.250949        137.9130        13.49019        890.2358       0.1687349E-02
   18 s    5    55.01684        7.559114        132.2906        9.485613        378.3048       0.6397814E-03
   18 s    6    48.84818        7.931845        126.0741        19.65970        107.0422       0.2345420E-03
   18 s    7    44.39514        8.317815        120.2239        13.42124        574.7223       0.1226175E-02
   18 s    8    40.66898        8.635645        115.7991        11.62808        541.9273       0.1393676E-02
   18 s    9    37.23217        8.835974        113.1737        4.675786        237.6568       0.3876797E-03
   18 s   10    34.06212        8.934568        111.9248        3.780557        217.2677       0.8311936E-04
   18 s   11    31.77142        9.127399        109.5602        21.11770        80.43676       0.1413001E-02
   18 s   12    30.92847        9.657861        103.5426        21.10399        80.22155       0.1568601E-02
   18 s   13    30.18962        10.18132        98.21913        6.406035        236.0681       0.2054152E-03
   18 s   14    28.49856        10.32294        96.87160        6.115876        266.8870       0.1626455E-03
   18 s   15    27.11924        10.50078        95.23100        8.305992        316.7252       0.5421932E-03
   18 s   16    26.05681        10.74033        93.10699        10.67749        412.7530       0.1189592E-02
   18 s   17    25.21220        11.02202        90.72744        11.52204        477.0447       0.1656926E-02
   18 s   18    24.45645        11.30258        88.47535        10.55416        433.7114       0.1733329E-02
   18 s   19    23.69207        11.54118        86.64626        19.95678        80.88508       0.4245186E-02
   18 s   20    23.51479        12.04225        83.04097        19.88774        80.95607       0.4168534E-02
   18 s   21    23.17235        12.44575        80.34872        10.53848        356.7255       0.1032556E-02
   18 s   22    22.58022        12.69180        78.79102        9.017881        313.1050       0.9600064E-03
   18 s   23    21.97413        12.90007        77.51896        7.740339        286.1437       0.8130110E-03
   18 s   24    21.38424        13.08797        76.40601        7.393452        284.1674       0.7116707E-03
   18 s   25    20.84184        13.27666        75.32017        7.745121        300.5301       0.6783207E-03
   18 s   26    20.36198        13.47964        74.18595        8.489985        332.8902       0.6836040E-03
   19 s    1    174.7441        6.547963        152.7193        29.81620        89.87852       0.1169083E-03
   19 s    2    116.1967        7.256817        137.8015        23.86654        113.1345       0.6819096E-03
   19 s    3    87.12022        7.617273        131.2806        3.657530        235.6540       0.7371697E-03
   19 s    4    68.19556        7.666217        130.4424        1.767145        195.6300       0.3119061E-03
   19 s    5    56.39037        7.747831        129.0684        6.475650        241.8059       0.5342226E-03
   19 s    6    49.45932        8.031082        124.5162        15.38682        215.8225       0.7732626E-03
   19 s    7    45.58269        8.540313        117.0917        22.64926        84.28927       0.1770074E-03
   19 s    8    41.64150        8.842148        113.0947        4.450658        235.6194       0.1787587E-03
   19 s    9    38.12391        9.047603        110.5265        11.85261        580.6285       0.1218002E-02
   19 s   10    35.70953        9.366685        106.7614        13.25070        804.8463       0.1301425E-02
   19 s   11    33.74761        9.695124        103.1446        13.00251        759.0844       0.1011943E-02
   19 s   12    32.00964        9.995473        100.0453        10.28819        454.8725       0.5642070E-03
   19 s   13    30.20937        10.18798        98.15490        20.24603        83.01613       0.1613349E-02
   19 s   14    29.58390        10.71608        93.31769        20.83359        81.66497       0.1781089E-02
   19 s   15    28.49676        11.03417        90.62757        12.21143        696.9975       0.3981661E-03
   19 s   16    27.47619        11.32539        88.29722        10.67453        510.9265       0.3406445E-03
   19 s   17    26.39759        11.54024        86.65330        6.768415        285.3398       0.1916170E-04
   19 s   18    25.32954        11.70608        85.42568        7.099841        270.7805       0.9407457E-04
   19 s   19    24.45503        11.91284        83.94305        9.513386        320.2276       0.5123707E-03
   19 s   20    23.77059        12.17324        82.14737        10.95623        368.8204       0.9097215E-03
   19 s   21    23.35084        12.54161        79.73456        19.82362        81.02448       0.4093129E-02
   19 s   22    23.19864        13.03940        76.69067        19.76401        81.09038       0.4019301E-02
   19 s   23    22.68670        13.31839        75.08417        10.54483        428.5110       0.4515526E-04
   19 s   24    22.19615        13.58490        73.61116        10.63732        415.3717       0.5333163E-04
   19 s   25    21.73198        13.84370        72.23505        9.942379        369.0649       0.1308105E-03
   19 s   26    21.26685        14.07867        71.02943        8.844776        322.6101       0.2610329E-03
   20 s    1    186.2258        6.978204        143.3033        16.38591        817.0085       0.3793032E-02
   20 s    2    118.6587        7.410576        134.9423        18.28024        267.5759       0.1807001E-02
   20 s    3    88.84585        7.768152        128.7307        12.85350        315.6511       0.1613672E-02
   20 s    4    72.22184        8.118833        123.1704        14.36786        770.5685       0.2917336E-02
   20 s    5    61.71636        8.479603        117.9300        14.25532        791.1760       0.3054360E-02
   20 s    6    53.61462        8.705808        114.8658        2.489913        206.6275       0.1842804E-03
   20 s    7    46.77645        8.763974        114.1035        2.525406        206.9410       0.3659112E-04
   20 s    8    42.93592        9.117007        109.6851        22.98431        82.63463       0.1830847E-03
   20 s    9    40.82442        9.688490        103.2153        22.42796        84.20594       0.2529625E-03
   20 s   10    37.95002        9.954372        100.4584        3.277114        240.8696       0.4581216E-05
   20 s   11    34.95378        10.04164        99.58535        3.825264        243.6679       0.5446943E-05
   20 s   12    32.55400        10.16546        98.37236        6.996332        316.6295       0.1465751E-03
   20 s   13    30.88583        10.41611        96.00514        11.99969        647.9698       0.3772946E-03
   20 s   14    29.60819        10.72488        93.24114        12.68345        621.6250       0.3977106E-03
   20 s   15    29.03721        11.24344        88.94078        20.94723        79.99807       0.1904552E-02
   20 s   16    27.92372        11.50985        86.88210        6.237739        272.2854       0.3610991E-03
   20 s   17    26.81605        11.72318        85.30109        10.66831        472.9327       0.8732482E-03
   20 s   18    25.98464        12.00884        83.27202        11.73832        600.2775       0.1112246E-02
   20 s   19    25.25185        12.30100        81.29423        11.47613        588.4458       0.1188534E-02
   20 s   20    24.56070        12.57787        79.50472        10.51821        505.8386       0.9963683E-03
   20 s   21    23.88070        12.82620        77.96542        9.450215        419.9518       0.4955305E-03
   20 s   22    23.24177        13.06364        76.54835        9.765801        410.1991       0.1396957E-03
   20 s   23    23.05688        13.53571        73.87867        19.70850        81.15436       0.3947192E-02
   20 s   24    22.61075        13.83864        72.26142        9.740454        370.4500       0.1318650E-02
   20 s   25    22.10749        14.08290        71.00808        9.891626        386.8603       0.9708815E-03
   20 s   26    21.66190        14.34019        69.73408        10.70749        435.0955       0.6488088E-03
