    0 s    2    4.929134       0.3078386        3248.455        6.327225        501.0115      -0.7792183E-02
    0 s    3    5.321635       0.4652921        2149.188        6.643286        406.6685       0.5972483E-02
    0 s    4    5.709204       0.6418013        1558.115        7.451519        363.7085       0.6276671E-02
    0 s    5    6.060670       0.8327140        1200.892        7.806037        346.7341       0.4690173E-02
    0 s    6    6.326273        1.027244        973.4781        7.759371        338.6937       0.3261535E-02
    0 s    7    6.491876        1.216309        822.1594        7.370168        333.6455       0.2151688E-02
    0 s    8    6.557057        1.392324        718.2235        6.724268        329.6461       0.1297936E-02
    0 s    9    6.536600        1.551272        644.6321        6.029037        325.8897       0.6962304E-03
    0 s   10    6.460710        1.694658        590.0896        5.486531        321.5459       0.3388937E-03
    0 s   11    6.359595        1.827005        547.3438        5.131742        316.0125       0.1561714E-03
    0 s   12    6.251878        1.952239        512.2323        4.901738        309.1849       0.7009126E-04
    0 s   13    6.145782        2.072638        482.4770        4.735226        301.2305       0.3097698E-04
    0 s   14    6.043955        2.189282        456.7707        4.596523        292.3962       0.1351425E-04
    0 s   15    5.946741        2.302625        434.2869        4.468950        282.9515       0.5818463E-05
    0 s   16    5.853748        2.412851        414.4475        4.346294        273.1739       0.2470879E-05
    0 s   17    5.764483        2.520061        396.8159        4.227428        263.3331       0.1034952E-05
    0 s   18    5.678571        2.624359        381.0454        4.113381        253.6706       0.4278767E-06
    0 s   19    5.595783        2.725888        366.8529        4.005814        244.3817       0.1749091E-06
    0 s   20    5.516018        2.824828        354.0038        3.906262        235.6072       0.7094646E-07
    0 s   21    5.439255        2.921396        342.3022        3.815816        227.4335       0.2877514E-07
    0 s   22    5.365512        3.015825        331.5842        3.735045        219.8998       0.1186309E-07
    0 s   23    5.294819        3.108361        321.7129        3.664033        213.0087       0.5031557E-08
    0 s   24    5.227196        3.199244        312.5738        3.602486        206.7373       0.2028751E-08
    0 s   25    5.162643        3.288704        304.0711        3.549842        201.0464       0.9198277E-09
    0 s   26    5.101135        3.376955        296.1248        3.505371        195.8883       0.3946532E-09
    1 s    2    10.70691       0.6686778        1495.489        10.56034        308.4555      -0.2275158E-02
    1 s    3    10.53056       0.9207298        1086.095        9.604508        278.2704      -0.4422740E-04
    1 s    4    10.22077        1.148970        870.3450        8.644133        261.4091       0.8371698E-04
    1 s    5    9.836912        1.351556        739.8880        7.497063        263.2973       0.2236087E-03
    1 s    6    9.363022        1.520344        657.7458        6.072371        305.8028       0.6488868E-03
    1 s    7    8.882202        1.664158        600.9046        5.750564        350.1711       0.1208664E-02
    1 s    8    8.540715        1.813534        551.4096        6.398509        362.0554       0.1715466E-02
    1 s    9    8.352417        1.982204        504.4890        7.228994        357.1636       0.2122559E-02
    1 s   10    8.270018        2.169243        460.9902        7.842633        340.6570       0.2355320E-02
    1 s   11    8.239555        2.367087        422.4603        8.067551        305.7421       0.2324203E-02
    1 s   12    8.210460        2.563835        390.0408        7.670454        241.8639       0.1751143E-02
    1 s   13    8.134337        2.743269        364.5286        6.745487        186.2037       0.7581117E-03
    1 s   14    8.016427        2.903764        344.3806        6.181670        166.5125       0.2615606E-03
    1 s   15    7.889532        3.054889        327.3441        5.930619        159.9579       0.1010920E-03
    1 s   16    7.767061        3.201497        312.3538        5.797203        157.0718       0.4373639E-04
    1 s   17    7.652653        3.345512        298.9079        5.715511        155.6052       0.2024090E-04
    1 s   18    7.547034        3.487872        286.7078        5.661704        154.8787       0.9718337E-05
    1 s   19    7.449950        3.629113        275.5494        5.624384        154.6048       0.4754995E-05
    1 s   20    7.360775        3.769554        265.2834        5.596708        154.6197       0.2346337E-05
    1 s   21    7.278738        3.909373        255.7955        5.574032        154.8101       0.1160549E-05
    1 s   22    7.203031        4.048651        246.9959        5.553068        155.0896       0.5733027E-06
    1 s   23    7.132865        4.187400        238.8117        5.531498        155.3902       0.2822226E-06
    1 s   24    7.067504        4.325583        231.1827        5.507738        155.6580       0.1382271E-06
    1 s   25    7.006274        4.463133        224.0578        5.480760        155.8519       0.6730220E-07
    1 s   26    6.948574        4.599960        217.3932        5.449962        155.9408       0.3254250E-07
    2 s    1    10.73639       0.4023111        2485.638        12.55905        401.2739       0.2568006E-03
    2 s    2    14.57599       0.9103124        1098.524        19.33693        94.82174      -0.1285048    
    2 s    3    14.26367        1.247130        801.8409        6.478811        381.0350      -0.8438282E-02
    2 s    4    12.29240        1.381853        723.6659        4.865612        392.9043      -0.1755723E-03
    2 s    5    10.93081        1.501853        665.8440        5.011873        335.2767       0.3943147E-03
    2 s    6    10.10565        1.640931        609.4101        6.239241        258.4296       0.3595899E-03
    2 s    7    9.644247        1.806933        553.4238        6.903860        217.2254       0.2130082E-03
    2 s    8    9.324945        1.980057        505.0359        6.914457        200.5100       0.1713079E-03
    2 s    9    9.064176        2.151119        464.8743        6.780302        191.8378       0.1988892E-03
    2 s   10    8.840490        2.318879        431.2428        6.671608        188.3266       0.3056444E-03
    2 s   11    8.651222        2.485352        402.3576        6.720895        193.3010       0.5988105E-03
    2 s   12    8.510469        2.657517        376.2911        7.230615        223.5387       0.1399091E-02
    2 s   13    8.446461        2.848532        351.0580        8.179176        296.9368       0.2613322E-02
    2 s   14    8.443375        3.058416        326.9666        8.723088        353.0361       0.3331788E-02
    2 s   15    8.462795        3.276861        305.1701        8.935347        375.8730       0.3712137E-02
    2 s   16    8.488178        3.498734        285.8177        9.023869        385.0035       0.3983295E-02
    2 s   17    8.513943        3.722042        268.6697        9.059412        388.8172       0.4207849E-02
    2 s   18    8.537950        3.945825        253.4324        9.064927        389.6864       0.4396009E-02
    2 s   19    8.559132        4.169432        239.8408        9.043731        387.3730       0.4532959E-02
    2 s   20    8.576298        4.392040        227.6846        8.972934        378.2352       0.4553647E-02
    2 s   21    8.585523        4.611240        216.8614        8.702847        345.5658       0.4136052E-02
    2 s   22    8.566163        4.814835        207.6914        7.506805        254.2577       0.1948039E-02
    2 s   23    8.495035        4.987071        200.5185        6.533524        211.1541       0.3383939E-03
    2 s   24    8.410309        5.147432        194.2716        6.337798        202.8895       0.7865596E-04
    2 s   25    8.328074        5.305145        188.4962        6.278347        199.0262       0.2465431E-04
    2 s   26    8.250460        5.461810        183.0895        6.245975        196.0734       0.9089873E-05
    3 s    1    25.11562       0.9411260        1062.557        6.242390        746.2852       0.1799349E-02
    3 s    2    17.75103        1.108603        902.0358        6.912038        384.5425      -0.2103231E-02
    3 s    3    15.61274        1.365085        732.5552        15.66625        91.90791      -0.9607242E-01
    3 s    4    15.60764        1.754536        569.9513        15.51449        88.38904      -0.9169641E-01
    3 s    5    15.54105        2.135284        468.3219        15.21766        87.97016      -0.8471208E-01
    3 s    6    15.46430        2.511055        398.2390        14.98967        88.45053      -0.7895235E-01
    3 s    7    14.28638        2.676678        373.5975        5.590190        259.8539      -0.4091211E-03
    3 s    8    13.25003        2.813510        355.4279        5.405557        256.8023      -0.4431385E-03
    3 s    9    12.41722        2.946866        339.3436        5.317005        254.0475      -0.4059709E-03
    3 s   10    11.73940        3.079270        324.7523        5.323557        251.3811      -0.3252353E-03
    3 s   11    11.18336        3.212791        311.2558        5.397266        248.5735      -0.2279951E-03
    3 s   12    10.72403        3.348732        298.6205        5.508399        245.5110      -0.1324032E-03
    3 s   13    10.34179        3.487724        286.7199        5.633940        242.1897      -0.4811205E-04
    3 s   14    10.02112        3.629917        275.4884        5.758614        238.6760       0.2156124E-04
    3 s   15    9.749697        3.775160        264.8894        5.873607        235.0719       0.7757139E-04
    3 s   16    9.517828        3.923145        254.8975        5.974967        231.4970       0.1237478E-03
    3 s   17    9.317905        4.073511        245.4885        6.062413        228.0925       0.1664364E-03
    3 s   18    9.144035        4.225928        236.6344        6.139108        225.0644       0.2161469E-03
    3 s   19    8.991813        4.380204        228.2998        6.214215        222.8475       0.2951144E-03
    3 s   20    8.858485        4.536552        220.4317        6.317936        222.8431       0.4713247E-03
    3 s   21    8.745048        4.696920        212.9055        6.604704        232.4807       0.1067188E-02
    3 s   22    8.669920        4.873154        205.2059        7.804800        300.6073       0.3417864E-02
    3 s   23    8.654570        5.080727        196.8222        8.773498        386.5331       0.5184845E-02
    3 s   24    8.659483        5.299935        188.6816        8.956239        406.8858       0.5583391E-02
    3 s   25    8.667507        5.521371        181.1144        8.996131        412.3448       0.5761810E-02
    3 s   26    8.675660        5.743292        174.1162        9.003689        414.5961       0.5889285E-02
    4 s    1    36.79614        1.378815        725.2604        11.88830        356.1194       0.2902897E-03
    4 s    2    27.07352        1.690819        591.4293        12.83829        431.0192       0.3290068E-03
    4 s    3    23.05549        2.015835        496.0724        13.05038        441.0281       0.1683536E-03
    4 s    4    20.00100        2.248417        444.7574        5.416332        258.3776       0.2063689E-03
    4 s    5    17.38967        2.389277        418.5366        5.807549        264.3627      -0.6867977E-04
    4 s    6    15.61114        2.534898        394.4933        5.869036        257.6469      -0.9983386E-03
    4 s    7    15.39588        2.884551        346.6744        14.96208        87.88514      -0.7585232E-01
    4 s    8    15.33287        3.255779        307.1461        14.87669        87.97087      -0.7302149E-01
    4 s    9    15.27556        3.625211        275.8460        14.80025        88.05607      -0.7084324E-01
    4 s   10    14.70098        3.856098        259.3295        5.913488        297.9722      -0.3987509E-03
    4 s   11    13.92332        3.999938        250.0039        5.665180        278.6534      -0.4255480E-03
    4 s   12    13.25850        4.140159        241.5366        5.598273        268.2814      -0.3960616E-03
    4 s   13    12.69098        4.279978        233.6461        5.621908        261.8806      -0.3363586E-03
    4 s   14    12.20542        4.421130        226.1865        5.696696        257.6393      -0.2650851E-03
    4 s   15    11.78841        4.564565        219.0789        5.797547        254.7032      -0.1943426E-03
    4 s   16    11.42849        4.710699        212.2827        5.906766        252.5980      -0.1311425E-03
    4 s   17    11.11598        4.859578        205.7792        6.012269        251.0374      -0.7884624E-04
    4 s   18    10.84277        5.011002        199.5609        6.106581        249.8419      -0.3834359E-04
    4 s   19    10.60211        5.164634        193.6246        6.185903        248.8972      -0.8959716E-05
    4 s   20    10.38847        5.320077        187.9672        6.249211        248.1292       0.1085832E-04
    4 s   21    10.19733        5.476934        182.5839        6.297372        247.4875       0.2303431E-04
    4 s   22    10.02506        5.634845        177.4672        6.332362        246.9341       0.2950959E-04
    4 s   23    9.868728        5.793508        172.6070        6.356612        246.4359       0.3202386E-04
    4 s   24    9.725993        5.952680        167.9915        6.372526        245.9604       0.3200726E-04
    4 s   25    9.594964        6.112179        163.6078        6.382172        245.4738       0.3055641E-04
    4 s   26    9.474108        6.271865        159.4422        6.387134        244.9406       0.2846610E-04
    5 s    1    42.73216        1.601248        624.5129        28.23671        82.03152      -0.5115314E-04
    5 s    2    32.89004        2.054078        486.8364        2.563801        281.3530       0.5863372E-03
    5 s    3    24.42047        2.135181        468.3445        4.102372        286.0545       0.3899082E-03
    5 s    4    20.89893        2.349357        425.6483        12.97836        555.9445       0.1238832E-04
    5 s    5    19.44401        2.671536        374.3164        12.66928        535.2022       0.5447584E-05
    5 s    6    18.34856        2.979394        335.6387        11.91414        534.7128      -0.7325181E-06
    5 s    7    17.42234        3.264227        306.3513        10.78840        529.7666      -0.1527497E-04
    5 s    8    16.53426        3.510882        284.8288        8.753826        457.0989      -0.9951923E-04
    5 s    9    15.59405        3.700795        270.2122        6.681726        344.3315      -0.2838583E-03
    5 s   10    15.22291        3.993002        250.4381        14.73223        88.12247      -0.6913369E-01
    5 s   11    15.17428        4.359317        229.3937        14.67274        88.16736      -0.6776248E-01
    5 s   12    14.86648        4.642275        215.4116        9.782447        417.3113      -0.6044644E-04
    5 s   13    14.48157        4.883847        204.7566        9.523298        426.6557      -0.6804553E-04
    5 s   14    14.12451        5.116275        195.4547        9.009796        421.2792      -0.9901876E-04
    5 s   15    13.76277        5.329054        187.6506        7.903730        373.6820      -0.1721578E-03
    5 s   16    13.36698        5.509724        181.4973        6.658307        307.2113      -0.2310132E-03
    5 s   17    12.96579        5.668256        176.4211        6.140726        275.6620      -0.2188018E-03
    5 s   18    12.59257        5.819673        171.8310        6.018499        262.9185      -0.1792096E-03
    5 s   19    12.25537        5.969992        167.5044        6.026493        256.6807      -0.1366956E-03
    5 s   20    11.95272        6.121150        163.3680        6.074781        252.8832      -0.9850563E-04
    5 s   21    11.68072        6.273656        159.3967        6.128261        250.0056      -0.6675458E-04
    5 s   22    11.43511        6.427402        155.5838        6.169937        247.3704      -0.4179102E-04
    5 s   23    11.21180        6.581967        151.9303        6.190901        244.6518      -0.2319033E-04
    5 s   24    11.00711        6.736772        148.4390        6.187387        241.7124      -0.1013868E-04
    5 s   25    10.81788        6.891201        145.1126        6.159786        238.5400      -0.1635067E-05
    5 s   26    10.64152        7.044691        141.9509        6.112034        235.2125       0.3370503E-05
    6 s    1    52.52444        1.968182        508.0831        7.177639        517.0727       0.7406839E-05
    6 s    2    36.31189        2.267783        440.9594        25.80241        82.59601      -0.2147101E-03
    6 s    3    31.98915        2.796941        357.5335        12.66798        333.1054       0.1455580E-02
    6 s    4    27.14911        3.051973        327.6569        8.121901        323.6651       0.9583459E-03
    6 s    5    23.44129        3.220747        310.4869        5.831233        268.8718       0.4131874E-03
    6 s    6    20.70247        3.361616        297.4760        5.629480        255.7810       0.1398200E-03
    6 s    7    18.72669        3.508609        285.0133        6.249889        252.4392      -0.6401314E-04
    6 s    8    17.34087        3.682158        271.5799        7.848879        268.7345      -0.1728611E-03
    6 s    9    16.44135        3.901878        256.2868        9.519983        325.8268      -0.1294941E-03
    6 s   10    15.80945        4.146852        241.1468        9.948922        373.3978      -0.8516020E-04
    6 s   11    15.30097        4.395713        227.4944        9.931072        400.6552      -0.6583715E-04
    6 s   12    15.12929        4.724340        211.6698        14.62176        88.19221      -0.6663925E-01
    6 s   13    15.08770        5.088259        196.5309        14.57891        88.20090      -0.6570055E-01
    6 s   14    14.65525        5.308522        188.3763        6.253167        239.8124      -0.3171750E-03
    6 s   15    14.14121        5.475588        182.6288        7.242880        257.4626      -0.1952607E-03
    6 s   16    13.76102        5.672141        176.3003        8.389115        300.8892      -0.7943195E-04
    6 s   17    13.46952        5.888472        169.8233        8.811744        336.1985      -0.3400379E-04
    6 s   18    13.21957        6.109444        163.6810        8.825537        353.0195      -0.2007076E-04
    6 s   19    12.99124        6.328456        158.0164        8.675184        358.0980      -0.1589706E-04
    6 s   20    12.77535        6.542434        152.8483        8.427387        355.2078      -0.1562487E-04
    6 s   21    12.56603        6.749152        148.1668        8.095167        345.4706      -0.1754040E-04
    6 s   22    12.35883        6.946603        143.9553        7.689796        329.5538      -0.2062065E-04
    6 s   23    12.15118        7.133436        140.1849        7.257288        309.9059      -0.2325649E-04
    6 s   24    11.94367        7.309981        136.7993        6.880890        291.0190      -0.2351856E-04
    6 s   25    11.73990        7.478545        133.7158        6.623991        276.4063      -0.2075786E-04
    6 s   26    11.54421        7.642273        130.8511        6.489645        266.7079      -0.1601445E-04
    7 s    1    58.03065        2.174509        459.8739        9.292916        265.0312      -0.8618358E-05
    7 s    2    39.99288        2.497671        400.3730        13.81198        439.6516       0.1469914E-02
    7 s    3    33.41044        2.921210        342.3239        23.43630        88.35616      -0.6878684E-03
    7 s    4    30.27335        3.403185        293.8424        8.836805        329.6405       0.4163266E-03
    7 s    5    26.63500        3.659552        273.2575        11.34250        471.2275       0.5647737E-03
    7 s    6    24.32266        3.949454        253.1996        11.43013        475.8971       0.4521770E-03
    7 s    7    22.48492        4.212744        237.3749        9.320918        377.9190       0.2784685E-03
    7 s    8    20.78809        4.414138        226.5448        7.012240        299.5066       0.7789408E-04
    7 s    9    19.28041        4.575645        218.5484        6.101738        268.9372      -0.9835891E-04
    7 s   10    18.01021        4.724116        211.6798        5.848599        255.7767      -0.2406330E-03
    7 s   11    16.94829        4.868960        205.3827        5.776302        248.0417      -0.3391723E-03
    7 s   12    16.05341        5.012908        199.4850        5.774398        242.5537      -0.3852916E-03
    7 s   13    15.29441        5.157974        193.8746        5.878142        238.9534      -0.3783126E-03
    7 s   14    15.04929        5.451255        183.4440        14.54343        88.19760      -0.6490164E-01
    7 s   15    15.01388        5.813491        172.0137        14.51442        88.18602      -0.6421074E-01
    7 s   16    14.98126        6.175112        161.9404        14.49087        88.16911      -0.6360503E-01
    7 s   17    14.89230        6.510469        153.5988        5.624920        228.2439      -0.3482978E-03
    7 s   18    14.39177        6.651176        150.3494        5.652800        226.3466      -0.3021244E-03
    7 s   19    13.94535        6.793235        147.2053        5.732575        225.3334      -0.2526918E-03
    7 s   20    13.54806        6.938145        144.1308        5.880693        225.6674      -0.2042478E-03
    7 s   21    13.19657        7.087809        141.0873        6.112017        228.0774      -0.1591000E-03
    7 s   22    12.88857        7.244354        138.0385        6.426007        233.4366      -0.1186400E-03
    7 s   23    12.62131        7.409429        134.9632        6.781013        242.0302      -0.8437902E-04
    7 s   24    12.38986        7.583068        131.8727        7.094977        252.4996      -0.5784264E-04
    7 s   25    12.18695        7.763324        128.8108        7.303385        262.2698      -0.3914055E-04
    7 s   26    12.00507        7.947364        125.8279        7.400119        269.4763      -0.2666374E-04
    8 s    1    76.20802        2.855646        350.1834        13.81187        907.4627       0.1843717E-02
    8 s    2    50.47080        3.152047        317.2541        4.703605        250.9475       0.3507187E-03
    8 s    3    37.12760        3.246217        308.0509        4.609672        260.3268       0.2372267E-03
    8 s    4    31.29311        3.517821        284.2668        22.96884        86.14098      -0.1671861E-02
    8 s    5    29.74796        4.087262        244.6626        22.07574        89.18682      -0.2300036E-02
    8 s    6    27.09860        4.400204        227.2622        7.434644        338.7486       0.2318187E-03
    8 s    7    24.57070        4.603533        217.2245        9.391282        347.7717       0.6178196E-05
    8 s    8    22.95756        4.874805        205.1364        12.06767        436.3820       0.4224639E-05
    8 s    9    21.87903        5.192353        192.5909        13.10528        510.5670       0.5061218E-05
    8 s   10    21.00881        5.510656        181.4666        6.888534        317.3824       0.1375307E-04
    8 s   11    19.70180        5.659998        176.6785        5.792359        255.1044      -0.1366714E-03
    8 s   12    18.58433        5.803225        172.3180        5.711713        245.9454      -0.2562402E-03
    8 s   13    17.62968        5.945531        168.1935        5.700522        240.7863      -0.3417833E-03
    8 s   14    16.80601        6.087587        164.2687        5.686431        236.9666      -0.3896915E-03
    8 s   15    16.08732        6.229139        160.5358        5.659512        233.6754      -0.4014867E-03
    8 s   16    15.45412        6.370019        156.9854        5.632901        230.7448      -0.3844403E-03
    8 s   17    14.95125        6.536240        152.9932        14.47181        88.14906      -0.6306792E-01
    8 s   18    14.92363        6.896975        144.9911        14.45634        88.12739      -0.6258715E-01
    8 s   19    14.89820        7.257397        137.7904        14.44371        88.10508      -0.6215348E-01
    8 s   20    14.87477        7.617572        131.2754        14.43327        88.08272      -0.6175983E-01
    8 s   21    14.70800        7.899590        126.5889        5.873134        239.9227      -0.3219477E-03
    8 s   22    14.31666        8.047051        124.2691        5.939581        240.5622      -0.2749551E-03
    8 s   23    13.96195        8.196463        122.0038        6.026003        241.7048      -0.2299739E-03
    8 s   24    13.64013        8.348280        119.7851        6.128885        243.2770      -0.1888655E-03
    8 s   25    13.34787        8.502855        117.6076        6.243584        245.2009      -0.1525383E-03
    8 s   26    13.08218        8.660413        115.4679        6.364897        247.3918      -0.1212624E-03
    9 s    1    83.48442        3.128306        319.6618        1.297917        224.8024       0.6709521E-05
    9 s    2    51.65254        3.225850        309.9958        11.73061        769.3732       0.8051816E-03
    9 s    3    40.73495        3.561621        280.7710        13.55847        946.4452       0.2366718E-02
    9 s    4    34.62839        3.892758        256.8873        12.77028        809.9228       0.2706089E-02
    9 s    5    30.50936        4.191875        238.5568        10.79874        426.5413       0.1458865E-02
    9 s    6    28.36390        4.605659        217.1242        12.45243        281.4596       0.9404568E-03
    9 s    7    26.09605        4.889322        204.5273        10.89219        508.0642       0.1276642E-02
    9 s    8    24.22252        5.143407        194.4237        9.175702        408.2221       0.6882336E-03
    9 s    9    22.53219        5.347361        187.0081        7.207015        312.3094       0.2616073E-03
    9 s   10    21.05979        5.524028        181.0273        12.46576        417.5777       0.7525026E-05
    9 s   11    20.36359        5.850118        170.9367        12.94581        543.1092      -0.3127262E-05
    9 s   12    19.75532        6.168883        162.1039        12.54644        548.2365      -0.5594576E-05
    9 s   13    19.20497        6.476793        154.3974        12.08013        544.3990      -0.9624268E-05
    9 s   14    18.69320        6.771178        147.6848        11.37794        524.7158      -0.3161237E-04
    9 s   15    18.11890        7.015782        142.5358        7.208698        303.3652      -0.3097109E-03
    9 s   16    17.40093        7.172474        139.4219        5.932041        251.7786      -0.4256307E-03
    9 s   17    16.74109        7.318705        136.6362        5.824522        244.8205      -0.4447828E-03
    9 s   18    16.14978        7.463644        133.9828        5.802127        241.9417      -0.4358392E-03
    9 s   19    15.61878        7.608415        131.4334        5.805158        240.4724      -0.4078078E-03
    9 s   20    15.14031        7.753558        128.9730        5.828427        239.8609      -0.3677953E-03
    9 s   21    14.85315        7.977550        125.3518        14.42449        88.06062      -0.6140063E-01
    9 s   22    14.83318        8.337372        119.9419        14.41697        88.03888      -0.6107142E-01
    9 s   23    14.81469        8.697067        114.9813        14.41036        88.01751      -0.6076860E-01
    9 s   24    14.79754        9.056662        110.4160        14.40441        87.99642      -0.6048916E-01
    9 s   25    14.53605        9.259747        107.9943        6.207093        243.9663      -0.1946229E-03
    9 s   26    14.22122        9.414455        106.2196        6.182856        241.4106      -0.1737069E-03
   10 s    1    86.50852        3.241624        308.4873        26.87259        84.98743      -0.1120585E-04
   10 s    2    60.75229        3.794156        263.5632        21.55771        81.28040       0.2446401E-05
   10 s    3    48.05358        4.201519        238.0092        3.025833        237.3439       0.1110776E-03
   10 s    4    38.04616        4.276967        233.8106        3.449371        230.3805       0.3474093E-03
   10 s    5    31.97375        4.393077        227.6309        6.417118        263.3515       0.1074639E-02
   10 s    6    28.68621        4.657996        214.6846        20.09952        93.20923      -0.2166250E-02
   10 s    7    27.71888        5.193372        192.5531        21.39354        82.94553      -0.3316992E-02
   10 s    8    26.57579        5.643098        177.2076        8.152837        267.1477       0.1026800E-02
   10 s    9    24.74781        5.873174        170.2657        10.03026        328.9247       0.8800670E-03
   10 s   10    23.37802        6.132104        163.0762        10.27564        358.2939       0.5450469E-03
   10 s   11    22.18609        6.373693        156.8949        8.830705        324.6065       0.1729276E-03
   10 s   12    21.04794        6.572522        152.1486        7.182136        282.0350      -0.8272543E-04
   10 s   13    19.98411        6.739553        148.3778        6.339624        259.0598      -0.2228494E-03
   10 s   14    19.03503        6.894999        145.0327        6.284916        250.5239      -0.2950566E-03
   10 s   15    18.29723        7.084832        141.1466        9.942124        364.8104      -0.8367315E-04
   10 s   16    17.83460        7.351226        136.0317        10.80520        458.3257      -0.8273811E-05
   10 s   17    17.42624        7.618233        131.2640        10.53014        458.3566      -0.3495484E-05
   10 s   18    17.04431        7.877050        126.9511        10.16768        443.1940      -0.4009783E-05
   10 s   19    16.68130        8.126005        123.0617        9.732503        418.7989      -0.8952994E-05
   10 s   20    16.32895        8.362278        119.5846        9.128931        381.7291      -0.2638849E-04
   10 s   21    15.97438        8.579758        116.5534        8.215640        330.3359      -0.7496056E-04
   10 s   22    15.60643        8.772002        113.9991        7.200798        283.9048      -0.1495631E-03
   10 s   23    15.23391        8.943179        111.8171        6.575770        259.4647      -0.1972176E-03
   10 s   24    14.87426        9.103619        109.8464        6.306995        248.8825      -0.2065165E-03
   10 s   25    14.78161        9.416174        106.2002        14.39892        87.97549      -0.6023062E-01
   10 s   26    14.76678        9.775619        102.2953        14.39373        87.95458      -0.5999087E-01
   11 s    1    99.31759        3.721602        268.7015        14.38706        854.3693       0.4871131E-02
   11 s    2    64.87458        4.051605        246.8158        11.46400        668.9743       0.1422420E-02
   11 s    3    49.68940        4.344545        230.1737        21.39254        85.02323       0.8991029E-04
   11 s    4    42.45477        4.772561        209.5311        13.91528        490.6791       0.9343381E-03
   11 s    5    37.06940        5.093201        196.3402        11.33184        508.0773       0.2088253E-02
   11 s    6    32.73107        5.314790        188.1542        6.607866        270.0429       0.1717376E-02
   11 s    7    29.18037        5.467196        182.9091        6.172258        239.1464       0.1203214E-02
   11 s    8    26.96765        5.726306        174.6327        21.00459        82.83810      -0.3504001E-02
   11 s    9    26.33887        6.250766        159.9804        20.80518        82.49031      -0.3655618E-02
   11 s   10    25.45526        6.676969        149.7686        6.960143        285.9849       0.3290683E-03
   11 s   11    23.93511        6.876157        145.4301        9.020706        325.1677       0.4604790E-03
   11 s   12    22.81347        7.123835        140.3738        10.49067        381.3420       0.3259942E-03
   11 s   13    21.90075        7.385931        135.3925        10.15049        385.2653       0.3074932E-04
   11 s   14    21.03806        7.620548        131.2242        8.537570        334.6239      -0.2332587E-03
   11 s   15    20.17992        7.813827        127.9783        7.072492        290.4781      -0.3600310E-03
   11 s   16    19.35858        7.979394        125.3228        6.320501        267.9204      -0.4087951E-03
   11 s   17    18.60337        8.132840        122.9583        6.051539        257.7521      -0.4352056E-03
   11 s   18    17.92289        8.283088        120.7279        6.035932        254.0335      -0.4512168E-03
   11 s   19    17.31596        8.435166        118.5513        6.191376        255.2970      -0.4532388E-03
   11 s   20    16.78080        8.593678        116.3646        6.564747        264.0839      -0.4311209E-03
   11 s   21    16.32046        8.765637        114.0818        7.273117        287.6706      -0.3666632E-03
   11 s   22    15.93724        8.957940        111.6328        8.096276        324.9289      -0.2672466E-03
   11 s   23    15.61455        9.166636        109.0913        8.534659        351.4356      -0.1890059E-03
   11 s   24    15.32815        9.381416        106.5937        8.614246        358.5787      -0.1465355E-03
   11 s   25    15.06344        9.595704        104.2133        8.515144        353.7109      -0.1252027E-03
   11 s   26    14.81309        9.806277        101.9755        8.324409        342.5244      -0.1144488E-03
   12 s    1    111.1437        4.164749        240.1105       0.9303172        216.3010       0.7192479E-04
   12 s    2    67.42654        4.210982        237.4743        3.829914        242.7765       0.4070453E-03
   12 s    3    51.00896        4.459920        224.2193        14.37504        447.9236       0.3120192E-03
   12 s    4    43.95286        4.940970        202.3894        22.37409        84.75682       0.1215580E-03
   12 s    5    39.19219        5.384864        185.7057        5.914956        221.0528       0.1611344E-03
   12 s    6    34.47057        5.597245        178.6593        10.95786        416.1319       0.1433498E-02
   12 s    7    31.47089        5.896343        169.5966        12.37660        628.5975       0.2095989E-02
   12 s    8    29.22496        6.205622        161.1442        12.18553        701.5638       0.1727948E-02
   12 s    9    27.36993        6.495458        153.9537        9.818051        517.4984       0.3146931E-03
   12 s   10    25.80764        6.769399        147.7236        20.57385        82.53934      -0.3707447E-02
   12 s   11    24.75092        7.110525        140.6366        11.64295        577.6993       0.5526376E-03
   12 s   12    23.70271        7.401515        135.1075        11.62076        554.3940       0.2080093E-03
   12 s   13    22.81119        7.692973        129.9887        11.71496        529.6553       0.4302576E-04
   12 s   14    22.05299        7.988182        125.1849        11.89327        521.0807       0.2249186E-05
   12 s   15    21.39670        8.284972        120.7005        11.76320        511.2222      -0.7182671E-05
   12 s   16    20.79194        8.570210        116.6833        10.90904        455.1258      -0.7576599E-04
   12 s   17    20.18114        8.822592        113.3454        9.218850        359.6020      -0.2907711E-03
   12 s   18    19.54425        9.032403        110.7125        7.714183        300.0580      -0.4399419E-03
   12 s   19    18.91295        9.213113        108.5409        6.883991        274.2415      -0.4708718E-03
   12 s   20    18.31507        9.379396        106.6167        6.513383        263.5109      -0.4632856E-03
   12 s   21    17.76195        9.539854        104.8234        6.385694        259.5134      -0.4465884E-03
   12 s   22    17.25546        9.698881        103.1047        6.380287        258.8474      -0.4253152E-03
   12 s   23    16.79344        9.858707        101.4332        6.438773        260.1183      -0.3988862E-03
   12 s   24    16.37404        10.02154        99.78504        6.535364        262.9322      -0.3650730E-03
   12 s   25    15.99045        10.18623        98.17178        6.661170        267.0345      -0.3284515E-03
   12 s   26    15.64106        10.35439        96.57736        6.810124        272.5534      -0.2885388E-03
   13 s    1    121.0673        4.536600        220.4294        16.00737        543.6096       0.1544577E-02
   13 s    2    78.53895        4.904984        203.8743        14.08748        947.6711       0.4206359E-02
   13 s    3    59.59691        5.210799        191.9091        5.419362        242.1869       0.1382598E-02
   13 s    4    47.01966        5.285725        189.1888        3.017173        194.9902       0.4804243E-04
   13 s    5    40.11244        5.511304        181.4453        22.43280        82.60598      -0.4253336E-04
   13 s    6    37.38525        6.070525        164.7304        21.33995        89.85106      -0.2495487E-03
   13 s    7    33.65594        6.305731        158.5859        4.802173        275.0364       0.5957209E-03
   13 s    8    30.23022        6.419079        155.7856        4.552415        245.7904       0.7934608E-03
   13 s    9    27.61426        6.553443        152.5915        7.401852        280.2115       0.1682029E-02
   13 s   10    25.99555        6.818689        146.6558        11.62607        557.0268       0.1137308E-02
   13 s   11    25.35161        7.283094        137.3043        20.40077        82.39242      -0.3726109E-02
   13 s   12    24.95465        7.792450        128.3293        19.97690        83.49838      -0.3628290E-02
   13 s   13    23.60521        7.960754        125.6162        7.306655        284.2350       0.6068347E-03
   13 s   14    22.54381        8.165970        122.4594        9.037657        333.1175       0.3112441E-03
   13 s   15    21.71602        8.408615        118.9257        10.21070        379.8975      -0.7583325E-04
   13 s   16    21.03548        8.670593        115.3324        10.70279        407.3539      -0.3527796E-03
   13 s   17    20.45705        8.943215        111.8166        11.15087        447.9153      -0.3102906E-03
   13 s   18    19.96243        9.225666        108.3933        11.41594        483.0555      -0.1797145E-03
   13 s   19    19.52494        9.511234        105.1388        11.41291        492.9484      -0.1165041E-03
   13 s   20    19.12556        9.794460        102.0985        11.22758        484.0026      -0.9862885E-04
   13 s   21    18.75737        10.07449        99.26066        10.78149        454.1017      -0.1139126E-03
   13 s   22    18.38484        10.33368        96.77095        9.857646        395.8580      -0.1744736E-03
   13 s   23    17.99049        10.56145        94.68401        8.320333        323.7366      -0.2783852E-03
   13 s   24    17.56635        10.75128        93.01221        7.004839        278.9547      -0.3464659E-03
   13 s   25    17.13752        10.91693        91.60080        6.360289        260.1169      -0.3549650E-03
   13 s   26    16.72489        11.07188        90.31886        6.096672        252.0254      -0.3379181E-03
   14 s    1    126.4978        4.740092        210.9664        32.78210        89.74416       0.3330334E-03
   14 s    2    83.22026        5.197346        192.4059        1.327574        186.7386       0.1170962E-04
   14 s    3    60.37059        5.278445        189.4497        10.16914        464.5996       0.2540001E-02
   14 s    4    49.77330        5.595276        178.7222        12.87709        944.4153       0.2347816E-02
   14 s    5    42.97688        5.904866        169.3519        11.75457        758.6282       0.1001395E-02
   14 s    6    37.96236        6.164233        162.2262        9.032008        291.8496       0.4785553E-03
   14 s    7    35.37535        6.627879        150.8778        20.26825        97.97335      -0.2938460E-03
   14 s    8    32.93496        6.993403        142.9919        12.70682        547.2456       0.1805053E-02
   14 s    9    30.72980        7.292826        137.1211        10.67581        439.2207       0.2492440E-02
   14 s   10    28.63114        7.510008        133.1557        6.712435        286.6321       0.1830791E-02
   14 s   11    26.65131        7.656477        130.6084        5.402743        252.4626       0.1126107E-02
   14 s   12    24.96721        7.796371        128.2648        6.180344        247.1054       0.7343580E-03
   14 s   13    24.60647        8.298423        120.5048        20.11698        82.43964      -0.3676585E-02
   14 s   14    24.29775        8.801296        113.6196        20.00437        82.49340      -0.3629711E-02
   14 s   15    23.33372        9.035003        110.6807        6.738618        273.1804       0.6199120E-03
   14 s   16    22.36081        9.216882        108.4966        7.875837        305.2721       0.2906724E-03
   14 s   17    21.57507        9.431977        106.0223        9.287684        361.4690      -0.1136142E-03
   14 s   18    20.93746        9.676275        103.3456        10.12002        413.3359      -0.5528723E-03
   14 s   19    20.38087        9.928185        100.7233        9.924521        414.1552      -0.8571172E-03
   14 s   20    19.85595        10.16851        98.34287        8.943878        370.0786      -0.9025781E-03
   14 s   21    19.32525        10.37949        96.34382        8.102306        335.0476      -0.7559673E-03
   14 s   22    18.82102        10.57884        94.52830        8.075038        333.8217      -0.5446325E-03
   14 s   23    18.37992        10.79006        92.67785        8.956799        373.8184      -0.3290710E-03
   14 s   24    18.01353        11.02497        90.70317        9.750350        420.2744      -0.1881053E-03
   14 s   25    17.69380        11.27129        88.72096        9.867988        429.1658      -0.1351044E-03
   14 s   26    17.39274        11.51401        86.85074        9.492975        404.0867      -0.1296712E-03
   15 s    1    138.0441        5.172751        193.3207       0.7046018        183.6269       0.6669931E-06
   15 s    2    86.15719        5.380765        185.8472        22.51809        87.15870       0.5541807E-04
   15 s    3    67.82501        5.930215        168.6279        21.64163        83.87526       0.4687722E-05
   15 s    4    55.15649        6.200428        161.2792        3.294919        233.4542       0.6677110E-03
   15 s    5    45.73381        6.283659        159.1430        3.895673        222.8759       0.6242399E-03
   15 s    6    39.57116        6.425467        155.6307        8.153891        284.3723       0.6209813E-03
   15 s    7    35.74094        6.696375        149.3345        13.80128        237.0856       0.8277719E-03
   15 s    8    33.88059        7.194199        139.0009        21.69480        81.57255      -0.5266773E-03
   15 s    9    32.12560        7.624079        131.1634        6.390310        276.4786       0.3838506E-03
   15 s   10    29.88542        7.839010        127.5671        10.64402        431.0778       0.1637471E-02
   15 s   11    28.30594        8.131822        122.9737        12.18335        534.3505       0.2453820E-02
   15 s   12    27.00470        8.432607        118.5873        11.42248        465.1662       0.2436898E-02
   15 s   13    25.75704        8.686448        115.1219        8.527223        323.5629       0.1781496E-02
   15 s   14    24.48926        8.870665        112.7311        6.581984        269.4766       0.1033129E-02
   15 s   15    24.02207        9.301537        107.5091        19.90535        82.55955      -0.3575841E-02
   15 s   16    23.77412        9.799431        102.0467        19.81605        82.63567      -0.3518739E-02
   15 s   17    23.15200        10.12136        98.80091        7.331275        293.6782       0.2355086E-03
   15 s   18    22.27140        10.29276        97.15570        6.864202        282.4011       0.2268818E-03
   15 s   19    21.50332        10.47497        95.46571        7.795397        308.2687      -0.6149620E-04
   15 s   20    20.86424        10.68486        93.59036        8.996278        353.5982      -0.5057848E-03
   15 s   21    20.33103        10.91969        91.57766        9.705351        392.4958      -0.9562986E-03
   15 s   22    19.85498        11.16001        89.60567        9.453624        384.8908      -0.1185260E-02
   15 s   23    19.39199        11.38420        87.84101        8.532623        343.1938      -0.1118164E-02
   15 s   24    18.92831        11.58485        86.31965        7.666950        308.3986      -0.9034226E-03
   15 s   25    18.47597        11.76955        84.96500        7.259633        292.8429      -0.6993239E-03
   15 s   26    18.05175        11.95027        83.68010        7.316950        293.9972      -0.5442121E-03
   16 s    1    143.5471        5.378960        185.9096        16.85949        823.1763       0.1699718E-02
   16 s    2    92.09615        5.751671        173.8625        13.48179        765.5320       0.8422580E-03
   16 s    3    69.27563        6.057048        165.0969        9.952642        514.3782       0.7277229E-03
   16 s    4    57.46393        6.459819        154.8031        18.79354        98.31386       0.2630279E-03
   16 s    5    49.62480        6.818267        146.6648        13.30790        578.0124       0.2805655E-02
   16 s    6    43.98573        7.142293        140.0111        12.60599        666.8394       0.3521966E-02
   16 s    7    39.51768        7.403979        135.0625        5.492459        257.2955       0.1182882E-02
   16 s    8    35.33168        7.502322        133.2921        3.902234        233.2265       0.1519459E-03
   16 s    9    32.60934        7.738881        129.2176        21.60719        81.37225      -0.6980365E-03
   16 s   10    31.56813        8.280389        120.7673        21.54751        81.43054      -0.8358325E-03
   16 s   11    30.11240        8.650790        115.5964        5.745342        285.0711       0.1859335E-03
   16 s   12    28.14889        8.789897        113.7670        6.104703        275.4247       0.4888212E-07
   16 s   13    26.62973        8.980759        111.3492        9.437718        373.3481       0.2141563E-03
   16 s   14    25.54663        9.253674        108.0652        11.95003        512.5392       0.4225170E-03
   16 s   15    24.69536        9.562240        104.5780        12.51821        556.8997       0.2930848E-03
   16 s   16    23.94875        9.871415        101.3026        11.95269        505.4671       0.5612724E-04
   16 s   17    23.38556        10.22347        97.81415        11.11148        479.0832       0.5113083E-03
   16 s   18    22.75475        10.51614        95.09194        11.84017        534.8881       0.1697325E-03
   16 s   19    22.18824        10.80861        92.51882        11.49756        509.0218       0.7507352E-04
   16 s   20    21.65274        11.08866        90.18219        10.85759        461.3798       0.1977675E-04
   16 s   21    21.13169        11.34972        88.10791        10.03061        406.9229      -0.8654867E-04
   16 s   22    20.62630        11.59355        86.25486        9.622165        381.1210      -0.3629235E-03
   16 s   23    20.16206        11.83628        84.48599        9.907434        393.9667      -0.8089758E-03
   16 s   24    19.74781        12.08642        82.73750        10.10144        405.5247      -0.1196863E-02
   16 s   25    19.36080        12.33321        81.08191        9.635523        379.7543      -0.1309586E-02
   16 s   26    18.97485        12.56137        79.60918        8.686308        333.7979      -0.1149034E-02
   17 s    1    162.6234        6.093780        164.1018        29.83061        99.52417      -0.5380518E-04
   17 s    2    98.91187        6.177332        161.8822        1.474839        203.2386       0.1553781E-03
   17 s    3    71.43875        6.246179        160.0979        5.355730        244.1667       0.1792929E-03
   17 s    4    57.88202        6.506819        153.6849        15.52518        265.1779       0.1157889E-02
   17 s    5    51.05616        7.014930        142.5531        21.33749        83.28976       0.1636842E-03
   17 s    6    45.43377        7.377423        135.5487        2.452523        230.4262       0.2380586E-04
   17 s    7    40.00863        7.495964        133.4051        9.977865        572.3572       0.2009443E-02
   17 s    8    36.71861        7.796822        128.2574        12.68778        929.6862       0.2178800E-02
   17 s    9    34.20729        8.118108        123.1814        12.88095        931.9174       0.1453272E-02
   17 s   10    32.15225        8.433605        118.5733        11.78414        715.8877       0.9992355E-03
   17 s   11    30.68903        8.816445        113.4244        18.44214        110.2888      -0.2905700E-03
   17 s   12    29.23883        9.130246        109.5261        12.13594        594.4361       0.2101291E-02
   17 s   13    27.93160        9.419809        106.1593        10.65209        476.3451       0.2504487E-02
   17 s   14    26.66278        9.657971        103.5414        8.248260        348.3380       0.2191868E-02
   17 s   15    25.41818        9.842121        101.6041        6.625917        291.7841       0.1565564E-02
   17 s   16    24.27683        10.00664        99.93360        6.650774        289.7118       0.1141085E-02
   17 s   17    23.54963        10.29520        97.13268        19.73361        82.71770      -0.3461114E-02
   17 s   18    23.34506        10.78895        92.68739        19.65605        82.80323      -0.3404379E-02
   17 s   19    23.15760        11.28082        88.64605        19.58192        82.88944      -0.3349607E-02
   17 s   20    22.37845        11.46031        87.25768        6.890495        290.2480       0.2828611E-03
   17 s   21    21.69056        11.64989        85.83775        8.323939        333.4549       0.7988950E-04
   17 s   22    21.12922        11.87623        84.20181        9.698149        395.9657      -0.7624190E-04
   17 s   23    20.66043        12.12885        82.44804        10.40675        443.9525      -0.1999343E-03
   17 s   24    20.24647        12.39161        80.69974        10.57184        463.7563      -0.3467080E-03
   17 s   25    19.86516        12.65449        79.02332        10.46767        466.0240      -0.5533370E-03
   17 s   26    19.50551        12.91266        77.44337        10.21805        458.8727      -0.7734209E-03
   18 s    1    164.1358        6.150454        162.5896        5.048599        179.7593       0.1183205E-03
   18 s    2    105.7522        6.604532        151.4112        14.83501        612.1106       0.3172192E-02
   18 s    3    79.40118        6.942367        144.0431        12.78855        893.1175       0.4006637E-02
   18 s    4    64.59373        7.261317        137.7161        12.04829        878.8565       0.2212968E-02
   18 s    5    53.32195        7.326242        136.4956        1.756774        220.4619       0.3059058E-08
   18 s    6    46.52189        7.554109        132.3783        21.65346        81.70148       0.4161079E-04
   18 s    7    43.22724        8.098998        123.4721        21.65638        84.46246      -0.3950429E-04
   18 s    8    39.71805        8.433723        118.5716        3.860284        232.0546       0.6226536E-03
   18 s    9    35.89506        8.518652        117.3895        3.360964        216.8453       0.3349038E-03
   18 s   10    32.84868        8.616279        116.0594        4.953454        232.3200       0.3885620E-03
   18 s   11    30.73317        8.829127        113.2615        14.58585        188.3510       0.7195170E-03
   18 s   12    29.96703        9.357639        106.8646        21.36752        81.44797      -0.1043159E-02
   18 s   13    29.33163        9.891962        101.0922        21.07565        82.47505      -0.1120646E-02
   18 s   14    27.97467        10.13317        98.68576        10.22745        411.7229       0.1657777E-02
   18 s   15    26.90155        10.41649        96.00161        12.04814        535.8296       0.2675230E-02
   18 s   16    26.01499        10.72310        93.25666        11.86880        534.6262       0.3109378E-02
   18 s   17    25.11863        10.98112        91.06543        8.165896        348.8716       0.2137998E-02
   18 s   18    24.12953        11.15150        89.67405        5.992998        279.0584       0.9950454E-03
   18 s   19    23.19685        11.29994        88.49603        6.025581        273.1506       0.5398100E-03
   18 s   20    22.98486        11.77086        84.95554        19.51039        82.97427      -0.3297228E-02
   18 s   21    22.82492        12.25915        81.57175        19.44105        83.05617      -0.3247318E-02
   18 s   22    22.17029        12.46139        80.24789        6.167117        258.6068       0.3202111E-03
   18 s   23    21.49264        12.61741        79.25559        6.401292        264.8053       0.7836976E-04
   18 s   24    20.89070        12.78591        78.21110        7.154508        285.3014      -0.1567824E-03
   18 s   25    20.37317        12.97811        77.05285        8.287063        324.2387      -0.4394568E-03
   18 s   26    19.94007        13.20034        75.75563        9.522191        383.1652      -0.7760886E-03
   19 s    1    166.5116        6.239477        160.2698        17.19890        364.1258       0.1472331E-03
   19 s    2    109.7273        6.852790        145.9260        25.24406        88.82115       0.2544105E-03
   19 s    3    83.03000        7.259649        137.7477       0.9988816        211.6832       0.1076312E-04
   19 s    4    64.85902        7.291139        137.1528        2.461883        219.8302       0.2968855E-03
   19 s    5    55.34627        7.604376        131.5032        14.03255        917.7001       0.7992945E-03
   19 s    6    49.00736        7.957693        125.6646        14.11388        795.9687       0.4251499E-03
   19 s    7    44.21043        8.283207        120.7262        10.79144        389.9331       0.1242591E-02
   19 s    8    40.70024        8.642281        115.7102        19.78726        100.7133       0.2189232E-03
   19 s    9    37.98505        9.014650        110.9305        12.61324        600.3150       0.3409641E-02
   19 s   10    35.50894        9.314071        107.3644        11.15640        525.5447       0.3361110E-02
   19 s   11    33.27300        9.558777        104.6159        8.109771        334.9065       0.1847876E-02
   19 s   12    31.17300        9.734221        102.7304        6.435902        279.5574       0.7189760E-03
   19 s   13    29.37368        9.906146        100.9474        7.785575        297.2043       0.7321455E-03
   19 s   14    28.77644        10.42360        95.93619        21.12347        81.79620      -0.1231689E-02
   19 s   15    28.05247        10.86214        92.06289        6.216853        295.8255       0.5596384E-04
   19 s   16    26.72289        11.01488        90.78625        6.593060        280.1699       0.6230723E-04
   19 s   17    25.67942        11.22628        89.07673        10.72140        378.0799       0.1091995E-02
   19 s   18    24.95165        11.53144        86.71944        12.88587        483.9069       0.1974573E-02
   19 s   19    24.31908        11.84662        84.41229        11.81930        426.7693       0.1853734E-02
   19 s   20    23.64424        12.10854        82.58634        8.925965        320.6579       0.1248350E-02
   19 s   21    22.90411        12.30168        81.28972        6.772451        269.8816       0.6696748E-03
   19 s   22    22.67615        12.74572        78.45771        19.37380        83.13401      -0.3199734E-02
   19 s   23    22.43971        13.17339        75.91059        8.390871        361.0845       0.2731589E-03
   19 s   24    21.85856        13.37828        74.74805        8.035313        334.9500       0.2055180E-03
   19 s   25    21.31482        13.57795        73.64880        7.983004        322.8979       0.6129612E-04
   19 s   26    20.81557        13.77992        72.56935        8.224567        323.8365      -0.1502843E-03
   20 s    1    186.6548        6.994280        142.9740        14.63860        924.7793       0.2122409E-02
   20 s    2    115.9037        7.238518        138.1498       0.7401613        211.4843      -0.2519192E-05
   20 s    3    85.20203        7.449558        134.2362        23.06473        87.00841       0.1135374E-06
   20 s    4    71.40142        8.026605        124.5857        22.91302        86.04786       0.3552510E-04
   20 s    5    60.52990        8.316587        120.2416        2.683080        218.3486       0.6138556E-03
   20 s    6    51.57903        8.375274        119.3991        2.466650        205.7881       0.1258187E-03
   20 s    7    45.17722        8.464345        118.1426        5.917344        247.6892       0.2422279E-03
   20 s    8    41.09400        8.725892        114.6015        14.27095        236.5174       0.2010908E-02
   20 s    9    38.80929        9.210259        108.5746        21.31413        81.58887      -0.5133006E-04
   20 s   10    36.81663        9.657082        103.5510        5.301005        274.3894       0.4262339E-03
   20 s   11    34.21525        9.829469        101.7349        8.854512        429.6552       0.1413922E-02
   20 s   12    32.33839        10.09813        99.02824        11.59950        680.2828       0.1742971E-02
   20 s   13    30.82663        10.39615        96.18949        11.85615        708.3562       0.1211158E-02
   20 s   14    29.46071        10.67146        93.70790        9.523166        466.9202       0.5027112E-03
   20 s   15    28.28315        10.95146        91.31204        20.97583        81.95000      -0.1317410E-02
   20 s   16    27.75266        11.43934        87.41762        11.85664        627.2583       0.1405512E-02
   20 s   17    26.84006        11.73367        85.22480        11.48499        631.3699       0.1571748E-02
   20 s   18    25.99139        12.01196        83.25039        10.55935        563.4204       0.1521073E-02
   20 s   19    25.16301        12.25772        81.58124        9.065122        438.0349       0.7514162E-03
   20 s   20    24.37722        12.48391        80.10313        9.331945        424.3393       0.1835197E-03
   20 s   21    23.68890        12.72319        78.59665        9.589312        436.3583       0.1602787E-03
   20 s   22    23.05075        12.95627        77.18269        8.995864        400.2436       0.2473139E-03
   20 s   23    22.53723        13.23064        75.58214        19.30872        83.20710      -0.3154207E-02
   20 s   24    22.40703        13.71396        72.91840        19.24599        83.27505      -0.3110421E-02
   20 s   25    22.11873        14.09006        70.97201        10.29013        454.8738       0.2873394E-03
   20 s   26    21.66818        14.34435        69.71386        10.04098        453.4506       0.1274832E-03
