    0 s    2    4.949183       0.3090908        3235.296        6.402617        528.7647       0.8152180E-02
    0 s    3    5.353029       0.4680370        2136.583        6.736988        440.5195      -0.1083658E-02
    0 s    4    5.751364       0.6465408        1546.693        7.552660        392.4990      -0.1602427E-02
    0 s    5    6.111170       0.8396524        1190.969        7.906945        372.1066      -0.1005959E-02
    0 s    6    6.382658        1.036400        964.8783        7.856764        362.0356      -0.4455955E-03
    0 s    7    6.552081        1.227589        814.6048        7.458610        355.6498      -0.5892781E-04
    0 s    8    6.618760        1.405426        711.5279        6.792239        350.7290       0.1331861E-03
    0 s    9    6.597157        1.565644        638.7149        6.070407        346.6012       0.1597323E-03
    0 s   10    6.518270        1.709756        584.8787        5.508749        342.5618       0.1114915E-03
    0 s   11    6.413552        1.842506        542.7390        5.144779        337.8401       0.6140238E-04
    0 s   12    6.302406        1.968017        508.1256        4.912852        332.0694       0.2992290E-04
    0 s   13    6.193496        2.088729        478.7600        4.751003        325.2313       0.1359535E-04
    0 s   14    6.089805        2.205890        453.3317        4.623912        317.4688       0.5903310E-05
    0 s   15    5.991937        2.320126        431.0112        4.514653        308.9908       0.2480731E-05
    0 s   16    5.899652        2.431772        411.2228        4.415749        300.0291       0.1016275E-05
    0 s   17    5.812481        2.541044        393.5391        4.324076        290.8124       0.4078046E-06
    0 s   18    5.729948        2.648103        377.6288        4.238405        281.5485       0.1608985E-06
    0 s   19    5.651632        2.753094        363.2277        4.158286        272.4124       0.6268305E-07
    0 s   20    5.577185        2.856153        350.1213        4.083570        263.5419       0.2430339E-07
    0 s   21    5.506316        2.957414        338.1332        4.014210        255.0372       0.9535166E-08
    0 s   22    5.438786        3.057011        327.1169        3.950178        246.9654       0.3867692E-08
    0 s   23    5.374395        3.155077        316.9495        3.891427        239.3649       0.1724291E-08
    0 s   24    5.312972        3.251742        307.5274        3.837884        232.2520       0.7743988E-09
    0 s   25    5.254371        3.347137        298.7628        3.789443        225.6260       0.4407702E-09
    0 s   26    5.198462        3.441385        290.5807        3.745963        219.4738       0.9842379E-10
    1 s    2    10.95423       0.6841230        1461.725        10.92475        328.4840       0.1660169E-02
    1 s    3    10.81329       0.9454496        1057.698        9.985274        296.0917      -0.2200034E-04
    1 s    4    10.52108        1.182729        845.5022        8.966056        279.3997      -0.1987215E-03
    1 s    5    10.10374        1.388217        720.3483        7.259216        296.5136      -0.7534300E-03
    1 s    6    9.487959        1.540631        649.0847        5.351855        369.2141      -0.1805924E-02
    1 s    7    8.923916        1.671973        598.0958        5.506324        395.7594      -0.1962794E-02
    1 s    8    8.559271        1.817474        550.2142        6.369267        400.3799      -0.1681669E-02
    1 s    9    8.367944        1.985889        503.5529        7.310601        399.6109      -0.1220989E-02
    1 s   10    8.292199        2.175062        459.7571        8.033210        396.5875      -0.7240183E-03
    1 s   11    8.279534        2.378572        420.4204        8.483854        391.7560      -0.2749592E-03
    1 s   12    8.295641        2.590434        386.0357        8.723022        382.9512       0.1050595E-03
    1 s   13    8.320273        2.805976        356.3823        8.771909        360.8639       0.4107395E-03
    1 s   14    8.333488        3.018612        331.2781        8.354724        289.8410       0.5471802E-03
    1 s   15    8.287099        3.208831        311.6400        6.970858        191.9316       0.2347743E-03
    1 s   16    8.185326        3.373902        296.3927        6.383646        170.2344       0.6251986E-04
    1 s   17    8.076790        3.530932        283.2113        6.193523        165.0437       0.2153920E-04
    1 s   18    7.972426        3.684468        271.4096        6.082163        162.5810       0.8615051E-05
    1 s   19    7.873825        3.835596        260.7157        5.995997        161.0433       0.3696244E-05
    1 s   20    7.780968        3.984740        250.9574        5.921870        160.0166       0.1639607E-05
    1 s   21    7.693489        4.132133        242.0057        5.855335        159.3504       0.7383701E-06
    1 s   22    7.610958        4.277937        233.7575        5.794559        158.9648       0.3342900E-06
    1 s   23    7.532968        4.422283        226.1275        5.738676        158.8046       0.1513246E-06
    1 s   24    7.459152        4.565287        219.0443        5.687220        158.8249       0.6826040E-07
    1 s   25    7.389184        4.707054        212.4471        5.639885        158.9865       0.3060574E-07
    1 s   26    7.322781        4.847686        206.2840        5.596420        159.2542       0.1360385E-07
    2 s    1    10.90225       0.4085262        2447.823        12.90189        427.6263       0.4705878E-05
    2 s    2    15.28369       0.9545106        1047.657        20.60521        96.21505       0.1095875    
    2 s    3    14.19100        1.240776        805.9470        5.889479        440.6497       0.2184838E-02
    2 s    4    12.19753        1.371187        729.2949        4.889516        408.1360      -0.1287762E-02
    2 s    5    10.89869        1.497440        667.8065        5.660562        329.9916      -0.1491342E-02
    2 s    6    10.24191        1.663056        601.3025        7.395981        249.3529      -0.5796614E-03
    2 s    7    9.885627        1.852158        539.9108        7.604803        223.8151      -0.2508354E-03
    2 s    8    9.608426        2.040251        490.1357        7.428591        210.7489      -0.1571921E-03
    2 s    9    9.368249        2.223282        449.7855        7.215289        201.3067      -0.1179998E-03
    2 s   10    9.154219        2.401171        416.4634        7.020425        193.9398      -0.9584328E-04
    2 s   11    8.961695        2.574545        388.4181        6.856935        188.2976      -0.7930052E-04
    2 s   12    8.788343        2.744287        364.3933        6.737266        184.6828      -0.6153576E-04
    2 s   13    8.634284        2.911874        343.4214        6.712205        185.3319      -0.2631696E-04
    2 s   14    8.508859        3.082136        324.4503        7.101856        206.7016       0.1342950E-03
    2 s   15    8.454540        3.273665        305.4681        8.432516        314.5401       0.7100236E-03
    2 s   16    8.463860        3.488711        286.6388        8.953517        384.8021       0.1118488E-02
    2 s   17    8.486231        3.709927        269.5471        9.069941        402.7967       0.1371733E-02
    2 s   18    8.509451        3.932655        254.2812        9.104274        408.9165       0.1575684E-02
    2 s   19    8.531070        4.155762        240.6298        9.112289        411.7291       0.1752113E-02
    2 s   20    8.550491        4.378824        228.3718        9.108189        413.1767       0.1907067E-02
    2 s   21    8.567607        4.601617        217.3149        9.096118        413.6080       0.2041786E-02
    2 s   22    8.582385        4.823953        207.2989        9.073550        412.2941       0.2151732E-02
    2 s   23    8.594345        5.045372        198.2014        9.008551        403.8041       0.2199755E-02
    2 s   24    8.595278        5.260639        190.0910        8.138728        307.6396       0.1404552E-02
    2 s   25    8.536006        5.437602        183.9046        6.681751        223.4651       0.6631890E-04
    2 s   26    8.464251        5.603339        178.4650        6.597414        218.3565       0.1007434E-04
    3 s    1    25.16923       0.9431348        1060.294        6.104512        865.7205      -0.5034452E-03
    3 s    2    17.74881        1.108464        902.1490        7.266182        346.4020       0.4914133E-02
    3 s    3    16.60832        1.452133        688.6422        17.90330        90.02202       0.8587947E-01
    3 s    4    16.73531        1.881303        531.5465        17.13783        90.00566       0.7919500E-01
    3 s    5    16.69419        2.293721        435.9727        16.65617        90.36859       0.7404637E-01
    3 s    6    15.74650        2.556877        391.1021        5.475199        279.8055      -0.5336564E-03
    3 s    7    14.36217        2.690877        371.6260        5.285947        273.9951      -0.7739904E-03
    3 s    8    13.28479        2.820890        354.4980        5.177794        269.7400      -0.8211615E-03
    3 s    9    12.42979        2.949850        339.0003        5.201679        266.7074      -0.7548200E-03
    3 s   10    11.74548        3.080866        324.5841        5.332210        264.2993      -0.6342772E-03
    3 s   11    11.19470        3.216049        310.9405        5.523220        262.0673      -0.4998830E-03
    3 s   12    10.74856        3.356393        297.9388        5.734400        259.7621      -0.3740124E-03
    3 s   13    10.38421        3.502029        285.5487        5.937935        257.2814      -0.2668742E-03
    3 s   14    10.08357        3.652538        273.7822        6.117620        254.6086      -0.1814113E-03
    3 s   15    9.832476        3.807213        262.6594        6.266067        251.7686      -0.1165738E-03
    3 s   16    9.619946        3.965237        252.1918        6.381906        248.8020      -0.6938357E-04
    3 s   17    9.437541        4.125812        242.3765        6.467479        245.7536      -0.3618483E-04
    3 s   18    9.278833        4.288226        233.1967        6.527160        242.6696      -0.1333586E-04
    3 s   19    9.138966        4.451888        224.6238        6.566208        239.5997       0.2507082E-05
    3 s   20    9.014294        4.616343        216.6217        6.590148        236.6077       0.1448168E-04
    3 s   21    8.902107        4.781276        209.1492        6.604878        233.8044       0.2628192E-04
    3 s   22    8.800475        4.946536        202.1617        6.619274        231.5039       0.4567843E-04
    3 s   23    8.708470        5.112370        195.6040        6.669540        231.4856       0.1120749E-03
    3 s   24    8.633272        5.283893        189.2544        7.520425        277.9218       0.1007209E-02
    3 s   25    8.623282        5.493199        182.0433        8.958140        412.3824       0.2437811E-02
    3 s   26    8.630175        5.713181        175.0338        9.022015        421.6149       0.2574608E-02
    4 s    1    37.79870        1.416383        706.0238        11.64509        358.4823      -0.2145576E-03
    4 s    2    27.64737        1.726658        579.1534        12.87756        435.3153      -0.9403903E-04
    4 s    3    23.49223        2.054021        486.8500        13.24097        479.1286       0.8176509E-05
    4 s    4    20.33448        2.285905        437.4635        5.078370        295.9314       0.5975053E-04
    4 s    5    17.60990        2.419536        413.3024        5.524012        285.8914      -0.1453180E-03
    4 s    6    16.60996        2.697084        370.7708        16.39441        90.43718       0.7052681E-01
    4 s    7    16.51779        3.094752        323.1277        16.23910        90.57492       0.6787120E-01
    4 s    8    16.43134        3.489029        286.6127        16.13128        90.69309       0.6574739E-01
    4 s    9    15.80818        3.751612        266.5521        7.036444        349.6890      -0.4430412E-03
    4 s   10    14.92378        3.914541        255.4578        6.167267        304.3559      -0.5957498E-03
    4 s   11    14.14413        4.063373        246.1010        5.821136        284.0527      -0.6229719E-03
    4 s   12    13.47075        4.206436        237.7309        5.679150        273.4544      -0.5764512E-03
    4 s   13    12.89121        4.347503        230.0171        5.649277        267.4526      -0.4953775E-03
    4 s   14    12.39236        4.488844        222.7745        5.691895        264.0669      -0.4044483E-03
    4 s   15    11.96240        4.631935        215.8925        5.781246        262.3410      -0.3174690E-03
    4 s   16    11.59102        4.777691        209.3061        5.898207        261.7330      -0.2410802E-03
    4 s   17    11.26932        4.926609        202.9794        6.028431        261.8981      -0.1776430E-03
    4 s   18    10.98964        5.078877        196.8939        6.161311        262.5956      -0.1271439E-03
    4 s   19    10.74544        5.234453        191.0419        6.289185        263.6433      -0.8835617E-04
    4 s   20    10.53113        5.393137        185.4208        6.406715        264.8952      -0.5952422E-04
    4 s   21    10.34197        5.554617        180.0304        6.510428        266.2302      -0.3876246E-04
    4 s   22    10.17392        5.718517        174.8705        6.598370        267.5479      -0.2428246E-04
    4 s   23    10.02360        5.884426        169.9401        6.669801        268.7656      -0.1451333E-04
    4 s   24    9.888153        6.051929        165.2366        6.724939        269.8184      -0.8152611E-05
    4 s   25    9.765205        6.220626        160.7555        6.764711        270.6568      -0.4171682E-05
    4 s   26    9.652781        6.390147        156.4909        6.790530        271.2465      -0.1793040E-05
    5 s    1    48.46983        1.816248        550.5855        28.59472        102.8059       0.4423635E-04
    5 s    2    33.47194        2.090419        478.3730        2.821484        323.7499      -0.5846864E-03
    5 s    3    24.84592        2.172380        460.3247        3.928492        296.4878      -0.4598966E-04
    5 s    4    21.22151        2.385621        419.1781        13.19430        476.7010       0.1720535E-04
    5 s    5    19.72871        2.710653        368.9148        12.74496        485.8223       0.2101835E-05
    5 s    6    18.59826        3.019939        331.1325        11.95112        484.6719      -0.1276412E-04
    5 s    7    17.64138        3.305266        302.5475        10.80221        478.2167      -0.4965347E-04
    5 s    8    16.73683        3.553895        281.3814        8.956248        433.7645      -0.1876699E-03
    5 s    9    16.35329        3.880979        257.6669        16.05411        90.78077       0.6401713E-01
    5 s   10    15.94295        4.181870        239.1275        9.501041        320.2171      -0.1003124E-03
    5 s   11    15.37939        4.418240        226.3344        9.371249        337.0935      -0.7382120E-04
    5 s   12    14.88888        4.649269        215.0876        9.097443        346.8384      -0.6877461E-04
    5 s   13    14.44798        4.872518        205.2327        8.753248        353.0216      -0.7808928E-04
    5 s   14    14.04190        5.086354        196.6045        8.345029        356.1993      -0.1005357E-03
    5 s   15    13.65978        5.289175        189.0654        7.877079        354.8967      -0.1338591E-03
    5 s   16    13.29472        5.479936        182.4839        7.394568        347.6182      -0.1682977E-03
    5 s   17    12.94532        5.659308        176.7000        6.981980        335.8486      -0.1885293E-03
    5 s   18    12.61468        5.829891        171.5298        6.696301        323.3341      -0.1868872E-03
    5 s   19    12.30657        5.994929        166.8076        6.533536        312.5934      -0.1679894E-03
    5 s   20    12.02294        6.157113        162.4138        6.460704        304.1687      -0.1407528E-03
    5 s   21    11.76381        6.318283        158.2708        6.446233        297.7065      -0.1121362E-03
    5 s   22    11.52799        6.479605        154.3304        6.468028        292.7021      -0.8601412E-04
    5 s   23    11.31371        6.641792        150.5618        6.511928        288.7340      -0.6400437E-04
    5 s   24    11.11903        6.805275        146.9448        6.568858        285.4919      -0.4641308E-04
    5 s   25    10.94204        6.970296        143.4659        6.632711        282.7526      -0.3288701E-04
    5 s   26    10.78091        7.136966        140.1156        6.699042        280.3535      -0.2280230E-04
    6 s    1    52.97956        1.985236        503.7184        7.861033        524.1572      -0.1293921E-03
    6 s    2    40.03064        2.500029        399.9954        15.14723        247.7234      -0.8778150E-03
    6 s    3    32.32266        2.826101        353.8444        12.12806        434.4070      -0.1411749E-02
    6 s    4    27.51253        3.092827        323.3288        8.766629        335.6442      -0.5811553E-03
    6 s    5    23.78878        3.268491        305.9516        5.855439        268.2083       0.7556559E-05
    6 s    6    20.99679        3.409407        293.3061        5.673182        254.1463       0.3013718E-04
    6 s    7    18.99440        3.558766        280.9963        6.379171        249.6050      -0.1367903E-03
    6 s    8    17.58364        3.733707        267.8304        7.760222        256.7612      -0.2398947E-03
    6 s    9    16.63160        3.947029        253.3551        9.155719        289.9276      -0.1673943E-03
    6 s   10    16.28373        4.271258        234.1231        15.99607        90.84683       0.6257401E-01
    6 s   11    16.22195        4.660294        214.5787        15.95082        90.89414       0.6134991E-01
    6 s   12    16.16699        5.048377        198.0834        15.91455        90.92590       0.6029774E-01
    6 s   13    15.52524        5.235818        190.9921        6.403516        257.8308      -0.6452092E-03
    6 s   14    14.90229        5.398007        185.2535        6.617460        253.3969      -0.6014547E-03
    6 s   15    14.37628        5.566608        179.6426        6.910743        251.1526      -0.5089543E-03
    6 s   16    13.93375        5.743340        174.1147        7.249975        252.0748      -0.3944336E-03
    6 s   17    13.56078        5.928367        168.6805        7.553281        255.8765      -0.2870297E-03
    6 s   18    13.24222        6.119908        163.4011        7.760622        260.9386      -0.2038381E-03
    6 s   19    12.96448        6.315420        158.3426        7.870317        265.6816      -0.1457270E-03
    6 s   20    12.71741        6.512760        153.5447        7.909057        269.3462      -0.1063251E-03
    6 s   21    12.49403        6.710481        149.0206        7.902520        271.7856      -0.7927719E-04
    6 s   22    12.28957        6.907673        144.7665        7.867648        273.1047      -0.6015926E-04
    6 s   23    12.10063        7.103759        140.7705        7.814163        273.4675      -0.4620624E-04
    6 s   24    11.92465        7.298342        137.0174        7.747282        273.0284      -0.3573072E-04
    6 s   25    11.75965        7.491123        133.4913        7.669698        271.9169      -0.2769195E-04
    6 s   26    11.60400        7.681853        130.1769        7.582846        270.2409      -0.2142965E-04
    7 s    1    59.48149        2.228875        448.6569        7.251810        252.2394       0.5091009E-03
    7 s    2    41.12403        2.568315        389.3604        26.88768        112.9922      -0.2017262E-03
    7 s    3    37.22606        3.254825        307.2362        22.83875        106.5595       0.3892588E-03
    7 s    4    30.36055        3.412988        292.9984        7.788978        337.9809      -0.2538882E-03
    7 s    5    26.66330        3.663440        272.9675        11.62201        477.1083      -0.2817219E-03
    7 s    6    24.42082        3.965392        252.1819        12.07803        505.3355      -0.7934961E-04
    7 s    7    22.66192        4.245908        235.5209        9.954936        417.2723       0.3675189E-04
    7 s    8    20.98966        4.456940        224.3692        7.179008        325.0530      -0.1101645E-04
    7 s    9    19.47030        4.620711        216.4169        6.183459        290.4565      -0.1761234E-03
    7 s   10    18.19436        4.772419        209.5374        6.047939        277.2233      -0.3666724E-03
    7 s   11    17.13989        4.924003        203.0868        6.126562        269.5784      -0.5260946E-03
    7 s   12    16.26249        5.078198        196.9202        6.249747        263.3765      -0.6222985E-03
    7 s   13    16.11796        5.435712        183.9685        15.88482        90.94517       0.5938342E-01
    7 s   14    16.07404        5.822448        171.7491        15.85996        90.95478       0.5858135E-01
    7 s   15    16.03452        6.208694        161.0645        15.83883        90.95688       0.5787211E-01
    7 s   16    15.76115        6.496572        153.9273        5.989789        249.9093      -0.6392396E-03
    7 s   17    15.20434        6.646886        150.4464        6.070910        248.0592      -0.6216663E-03
    7 s   18    14.71246        6.799385        147.0721        6.161477        246.7180      -0.5777589E-03
    7 s   19    14.27602        6.954314        143.7956        6.261373        245.7193      -0.5175812E-03
    7 s   20    13.88731        7.111881        140.6098        6.367866        244.9275      -0.4496284E-03
    7 s   21    13.53987        7.272195        137.5101        6.476156        244.2213      -0.3802597E-03
    7 s   22    13.22816        7.435229        134.4949        6.580463        243.4931      -0.3138134E-03
    7 s   23    12.94730        7.600807        131.5650        6.675067        242.6537      -0.2529923E-03
    7 s   24    12.69303        7.768620        128.7230        6.755114        241.6381      -0.1992823E-03
    7 s   25    12.46156        7.938253        125.9723        6.817208        240.4123      -0.1533043E-03
    7 s   26    12.24958        8.109232        123.3162        6.859833        238.9805      -0.1150793E-03
    8 s    1    76.88909        2.881168        347.0815        13.81947        906.9339       0.4686986E-03
    8 s    2    51.49113        3.215770        310.9675        3.297598        230.9029       0.3271744E-03
    8 s    3    37.54112        3.282372        304.6577        7.373250        207.8732       0.1179499E-04
    8 s    4    34.07840        3.830930        261.0332        14.68042        366.6052       0.6634537E-04
    8 s    5    30.11488        4.137674        241.6817        10.96911        586.5779      -0.5408232E-03
    8 s    6    26.96299        4.378183        228.4052        8.361712        378.8138      -0.2026072E-03
    8 s    7    24.49299        4.588975        217.9136        9.258631        347.6210      -0.1012428E-04
    8 s    8    22.87185        4.856605        205.9052        11.95787        422.4412      -0.4543725E-07
    8 s    9    21.78689        5.170485        193.4054        12.87752        492.5607       0.5149553E-07
    8 s   10    20.93088        5.490215        182.1422        12.47487        536.9517      -0.1988370E-05
    8 s   11    20.01581        5.750208        173.9068        7.334273        341.0010      -0.1321691E-03
    8 s   12    18.92432        5.909394        169.2221        5.971969        277.0029      -0.3113867E-03
    8 s   13    17.95717        6.055978        165.1261        5.835977        263.0139      -0.4533046E-03
    8 s   14    17.12060        6.201540        161.2503        5.856678        256.4372      -0.5587365E-03
    8 s   15    16.39483        6.348207        157.5248        5.917040        252.5254      -0.6205497E-03
    8 s   16    15.99882        6.594537        151.6407        15.82060        90.95321       0.5724050E-01
    8 s   17    15.96641        6.980041        143.2656        15.80465        90.94514       0.5667451E-01
    8 s   18    15.93690        7.365260        135.7725        15.79051        90.93369       0.5616447E-01
    8 s   19    15.90991        7.750235        129.0284        15.77782        90.91963       0.5570248E-01
    8 s   20    15.45084        7.912588        126.3809        6.104016        248.7655      -0.5907875E-03
    8 s   21    15.01452        8.064223        124.0045        6.057451        244.1391      -0.5519370E-03
    8 s   22    14.61518        8.214842        121.7309        6.019808        240.3509      -0.4975279E-03
    8 s   23    14.24860        8.364743        119.5494        5.997339        237.3667      -0.4358159E-03
    8 s   24    13.91154        8.514394        117.4482        5.996996        235.2340      -0.3730959E-03
    8 s   25    13.60149        8.664414        115.4146        6.023862        234.0009      -0.3135704E-03
    8 s   26    13.31647        8.815515        113.4364        6.080151        233.6858      -0.2595922E-03
    9 s    1    85.12807        3.189896        313.4898       0.6708877        216.7005      -0.2962330E-05
    9 s    2    51.65215        3.225826        309.9981        11.79212        807.0695       0.1246634E-02
    9 s    3    40.63968        3.553291        281.4292        13.00103        629.5865       0.5643007E-03
    9 s    4    35.15712        3.952195        253.0240        23.20187        108.6039       0.4628730E-03
    9 s    5    32.34105        4.443543        225.0456        5.895786        257.9005       0.1002741E-03
    9 s    6    28.51198        4.629705        215.9965        9.366269        384.7422      -0.3484783E-03
    9 s    7    26.11816        4.893463        204.3543        11.15233        514.0001      -0.3633543E-03
    9 s    8    24.34474        5.169357        193.4477        10.59720        487.6640      -0.1414099E-03
    9 s    9    22.81246        5.413875        184.7106        8.830568        380.9810      -0.6292660E-05
    9 s   10    21.40367        5.614230        178.1188        7.468439        304.5209      -0.3970029E-04
    9 s   11    20.31651        5.836595        171.3328        11.45037        392.8930      -0.3910171E-04
    9 s   12    19.65790        6.138464        162.9072        12.22489        491.2586      -0.1111308E-04
    9 s   13    19.10198        6.442060        155.2299        12.04232        517.9584      -0.7968287E-05
    9 s   14    18.60568        6.739473        148.3795        11.72207        525.7316      -0.1356140E-04
    9 s   15    18.14007        7.023981        142.3694        10.86400        492.0474      -0.5589006E-04
    9 s   16    17.62706        7.265680        137.6334        8.212380        351.6777      -0.2774639E-03
    9 s   17    17.03149        7.445660        134.3064        6.600247        281.3274      -0.4953801E-03
    9 s   18    16.45572        7.605033        131.4919        6.262334        263.0861      -0.5801737E-03
    9 s   19    15.92938        7.759717        128.8707        6.161002        254.5796      -0.6042343E-03
    9 s   20    15.88515        8.135001        122.9256        15.76630        90.90353       0.5528207E-01
    9 s   21    15.86235        8.519586        117.3766        15.75570        90.88579       0.5489787E-01
    9 s   22    15.84130        8.904016        112.3089        15.74585        90.86669       0.5454536E-01
    9 s   23    15.49613        9.097112        109.9250        6.556975        268.0685      -0.5736165E-03
    9 s   24    15.12748        9.258599        108.0077        6.430281        260.0844      -0.5803208E-03
    9 s   25    14.78597        9.418948        106.1690        6.438334        256.7613      -0.5567663E-03
    9 s   26    14.47147        9.580119        104.3828        6.484968        255.0734      -0.5153642E-03
   10 s    1    94.87272        3.555045        281.2904        25.45626        99.08105      -0.2790475E-03
   10 s    2    64.65608        4.037959        247.6499        14.13409        710.2245      -0.2305432E-02
   10 s    3    48.73016        4.260675        234.7046        4.045437        271.0122      -0.4551040E-04
   10 s    4    38.63959        4.343678        230.2197        3.408806        244.0975       0.1766755E-03
   10 s    5    33.30546        4.576048        218.5292        24.33812        95.95140       0.1183015E-02
   10 s    6    31.94483        5.187122        192.7851        24.07430        95.26778       0.1683840E-02
   10 s    7    29.78859        5.581150        179.1745        7.322300        314.2028       0.3995861E-03
   10 s    8    27.09350        5.753029        173.8215        7.095843        283.0367       0.1309208E-03
   10 s    9    25.09465        5.955487        167.9124        9.183509        324.5941       0.4543142E-04
   10 s   10    23.67135        6.209047        161.0553        10.76885        384.0896       0.3770220E-04
   10 s   11    22.54237        6.476046        154.4152        10.14212        379.1035       0.4301118E-05
   10 s   12    21.46684        6.703330        149.1796        7.996883        318.1962      -0.8804323E-04
   10 s   13    20.41074        6.883433        145.2764        6.638636        280.2213      -0.1990957E-03
   10 s   14    19.44522        7.043579        141.9733        6.339282        265.5287      -0.3102672E-03
   10 s   15    18.61286        7.207048        138.7531        6.987536        268.7205      -0.3836914E-03
   10 s   16    17.97714        7.409982        134.9531        9.552931        336.7294      -0.2646884E-03
   10 s   17    17.55056        7.672581        130.3342        11.07327        431.0972      -0.1261163E-03
   10 s   18    17.20764        7.952535        125.7461        11.23187        464.1500      -0.9475504E-04
   10 s   19    16.89609        8.230636        121.4973        10.96558        463.6040      -0.1069701E-03
   10 s   20    16.59137        8.496666        117.6932        10.21372        429.1564      -0.1725065E-03
   10 s   21    16.26078        8.733582        114.5006        8.622464        351.9640      -0.3364112E-03
   10 s   22    15.88401        8.928020        112.0069        7.117670        290.7073      -0.5063008E-03
   10 s   23    15.82181        9.288309        107.6622        15.73658        90.84643       0.5422074E-01
   10 s   24    15.77874        9.657194        103.5497        9.811558        387.6897      -0.9468895E-04
   10 s   25    15.53614        9.896822        101.0425        9.320092        372.7469      -0.1166817E-03
   10 s   26    15.29337        10.12422        98.77300        8.585695        345.1705      -0.1675689E-03
   11 s    1    98.19069        3.679375        271.7853        16.64864        422.7150      -0.2524534E-02
   11 s    2    67.61848        4.222969        236.8002        25.95106        90.11555      -0.4507069E-06
   11 s    3    51.29144        4.484619        222.9844        11.83196        531.8212      -0.1071510E-02
   11 s    4    42.62545        4.791749        208.6921        12.18563        687.5289      -0.4930786E-04
   11 s    5    37.03580        5.088584        196.5183        11.57651        658.3455       0.5198324E-03
   11 s    6    33.05092        5.366727        186.3333        10.49194        471.1121       0.6241500E-03
   11 s    7    30.86520        5.782862        172.9248        17.61469        138.6841       0.1266651E-02
   11 s    8    28.58748        6.070260        164.7376        11.87663        644.4827       0.3237938E-03
   11 s    9    26.85332        6.372855        156.9155        12.09221        670.6594       0.2254178E-03
   11 s   10    25.39076        6.660050        150.1490        10.50394        479.7969       0.3307948E-04
   11 s   11    24.02553        6.902135        144.8827        9.528638        359.7491       0.2662352E-04
   11 s   12    22.93775        7.162643        139.6133        11.38434        402.0209       0.6959517E-04
   11 s   13    22.12313        7.460929        134.0316        12.08075        447.0120       0.1187640E-04
   11 s   14    21.38982        7.747965        129.0662        10.52888        396.6056      -0.1291347E-03
   11 s   15    20.60564        7.978665        125.3342        7.982549        313.2594      -0.2591064E-03
   11 s   16    19.78586        8.155517        122.6164        6.403755        270.1228      -0.3333234E-03
   11 s   17    19.00034        8.306383        120.3894        5.815003        252.9553      -0.3889704E-03
   11 s   18    18.28311        8.449563        118.3493        5.733616        246.6372      -0.4375853E-03
   11 s   19    17.64388        8.594909        116.3480        5.982819        246.7640      -0.4672871E-03
   11 s   20    17.08944        8.751736        114.2630        6.703169        256.9023      -0.4439464E-03
   11 s   21    16.63879        8.936610        111.8993        8.234924        293.8841      -0.3131837E-03
   11 s   22    16.30012        9.161909        109.1476        9.629315        352.4382      -0.1633077E-03
   11 s   23    16.02715        9.408853        106.2829        9.998301        384.3518      -0.1030327E-03
   11 s   24    15.80372        9.672484        103.3861        15.72775        90.82512       0.5392077E-01
   11 s   25    15.78693        10.05658        99.43735        15.71920        90.80205       0.5364285E-01
   11 s   26    15.77091        10.44035        95.78219        7.240638        264.0583      -0.3555773E-03
   12 s    1    113.5777        4.255953        234.9650       0.9100985        227.5063       0.1943366E-04
   12 s    2    68.80631        4.297153        232.7122        3.076649        239.8787      -0.2322887E-03
   12 s    3    55.95467        4.892343        204.4010        26.68826        89.55147      -0.2184276E-05
   12 s    4    48.46501        5.448204        183.5467        2.785478        237.2331      -0.6862286E-04
   12 s    5    40.12958        5.513658        181.3678        3.027997        231.7054      -0.3643897E-06
   12 s    6    34.55650        5.611199        178.2150        5.135656        264.3687       0.1739725E-04
   12 s    7    30.97487        5.803411        172.3125        15.62338        169.4759       0.9091896E-03
   12 s    8    30.02908        6.376370        156.8290        23.11826        91.89702       0.2200324E-02
   12 s    9    28.18164        6.688094        149.5194        5.716697        262.6083       0.4546888E-03
   12 s   10    26.16117        6.862131        145.7273        8.679962        320.6864       0.5934260E-03
   12 s   11    24.81369        7.128559        140.2808        12.10154        490.6916       0.4798301E-03
   12 s   12    23.84556        7.446119        134.2981        12.99847        569.0359       0.2691170E-03
   12 s   13    23.04692        7.772474        128.6592        13.01271        541.8877       0.9660237E-04
   12 s   14    22.35168        8.096375        123.5121        12.93797        490.1865       0.7450637E-05
   12 s   15    21.75405        8.423339        118.7178        13.27268        490.1563       0.1448004E-06
   12 s   16    21.24675        8.757679        114.1855        13.23583        526.6810      -0.4821323E-05
   12 s   17    20.63428        9.020693        110.8562        8.732016        356.6430      -0.2276591E-03
   12 s   18    19.94689        9.218484        108.4777        7.188165        294.9550      -0.3204634E-03
   12 s   19    19.26459        9.384408        106.5597        6.217857        263.2795      -0.3555083E-03
   12 s   20    18.61504        9.533015        104.8986        5.768128        248.5400      -0.3776151E-03
   12 s   21    18.01293        9.674650        103.3629        5.629080        241.9349      -0.3979819E-03
   12 s   22    17.46252        9.815264        101.8821        5.670977        239.5598      -0.4157158E-03
   12 s   23    16.96362        9.958614        100.4156        5.842832        240.0080      -0.4269335E-03
   12 s   24    16.51657        10.10877        98.92396        6.147660        243.3295      -0.4247079E-03
   12 s   25    16.11828        10.26766        97.39317        6.613988        250.7447      -0.4036521E-03
   12 s   26    15.77123        10.44056        95.78028        7.277117        261.8467      -0.1070742E-03
   13 s    1    120.1624        4.502692        222.0894        13.93869        742.5368       0.4392910E-04
   13 s    2    77.44789        4.836844        206.7464        13.38036        837.5706       0.3647387E-03
   13 s    3    59.28265        5.183322        192.9265        14.33961        910.9377      -0.8314016E-03
   13 s    4    49.03487        5.512265        181.4136        17.92254        182.5626      -0.9105604E-03
   13 s    5    42.78214        5.878110        170.1227        13.35950        737.4878      -0.1595902E-02
   13 s    6    38.08564        6.184252        161.7010        10.86127        598.0145      -0.1175838E-02
   13 s    7    34.19986        6.407640        156.0637        7.052967        354.1845      -0.3106882E-03
   13 s    8    30.87335        6.555641        152.5404        5.262595        271.8770       0.2282198E-03
   13 s    9    29.28628        6.950248        143.8798        22.71328        91.12115       0.2367328E-02
   13 s   10    28.64504        7.513655        133.0910        22.34855        90.71181       0.2487827E-02
   13 s   11    27.22879        7.822377        127.8384        6.209150        278.7231       0.5928155E-03
   13 s   12    25.50833        7.965345        125.5438        5.540956        260.1614       0.5172807E-03
   13 s   13    24.05690        8.113083        123.2577        6.449890        275.9300       0.4398598E-03
   13 s   14    22.90947        8.298423        120.5048        8.441459        332.1157       0.3361856E-03
   13 s   15    22.03887        8.533626        117.1835        10.08582        410.5290       0.1260580E-03
   13 s   16    21.32507        8.789960        113.7662        10.28103        412.5435      -0.1341426E-03
   13 s   17    20.81046        9.097712        109.9178        13.22325        527.3997      -0.1349248E-03
   13 s   18    20.38742        9.422073        106.1338        12.68159        526.8844      -0.1642890E-03
   13 s   19    19.97440        9.730179        102.7730        11.97846        506.4517      -0.1786947E-03
   13 s   20    19.57577        10.02502        99.75044        11.23516        479.0013      -0.1904800E-03
   13 s   21    19.16867        10.29540        97.13080        10.37118        440.1529      -0.2295714E-03
   13 s   22    18.75115        10.53957        94.88050        9.106082        380.2659      -0.3131094E-03
   13 s   23    18.30810        10.74790        93.04142        7.619726        318.3239      -0.4042741E-03
   13 s   24    17.84901        10.92428        91.53924        6.631035        282.2835      -0.4448607E-03
   13 s   25    17.39840        11.08312        90.22731        6.170596        265.3364      -0.4496512E-03
   13 s   26    16.97019        11.23427        89.01331        5.978991        256.8010      -0.4413893E-03
   14 s    1    135.6996        5.084899        196.6607        29.81975        94.25487      -0.3702469E-04
   14 s    2    86.16599        5.381315        185.8282       0.9661673        216.0752      -0.7712980E-05
   14 s    3    61.89107        5.411386        184.7955        1.503168        216.4706      -0.2248959E-05
   14 s    4    49.73479        5.590946        178.8606        21.57364        141.0589      -0.6187444E-03
   14 s    5    45.17140        6.206386        161.1244        24.86804        92.23178      -0.5656595E-04
   14 s    6    40.71752        6.611610        151.2491        6.269467        243.9295      -0.3419399E-03
   14 s    7    36.34018        6.808648        146.8720        9.663475        338.9586      -0.9834171E-03
   14 s    8    33.34059        7.079535        141.2522        11.59246        463.8204      -0.9802301E-03
   14 s    9    31.05896        7.370944        135.6678        11.43099        483.1660      -0.3670964E-03
   14 s   10    29.10230        7.633596        130.9999        9.178614        369.6746       0.3606927E-03
   14 s   11    28.08695        8.068910        123.9325        22.04474        90.20646       0.2571604E-02
   14 s   12    27.11655        8.467536        118.0981        11.78074        539.0028       0.6849619E-03
   14 s   13    25.97506        8.759975        114.1556        11.30028        477.2289       0.9625978E-03
   14 s   14    24.88832        9.015217        110.9236        8.751791        333.1372       0.9214268E-03
   14 s   15    23.77161        9.204557        108.6418        6.805901        270.4162       0.6240355E-03
   14 s   16    22.74898        9.376882        106.6453        7.209882        277.2075       0.4047179E-03
   14 s   17    21.90331        9.575475        104.4335        8.727400        322.0307       0.1989312E-03
   14 s   18    21.23497        9.813770        101.8976        10.19531        388.9684      -0.7329856E-04
   14 s   19    20.69669        10.08203        99.18638        10.59242        421.0371      -0.3695742E-03
   14 s   20    20.18592        10.33748        96.73534        9.712321        378.1238      -0.5280610E-03
   14 s   21    19.66993        10.56462        94.65560        8.594248        327.4973      -0.4752558E-03
   14 s   22    19.17052        10.77529        92.80491        8.500494        319.0003      -0.3087893E-03
   14 s   23    18.73135        10.99637        90.93907        9.250561        348.1462      -0.1520919E-03
   14 s   24    18.35801        11.23581        89.00118        9.840005        382.8191      -0.7080140E-04
   14 s   25    18.02948        11.48513        87.06910        10.06245        404.3915      -0.4071499E-04
   14 s   26    17.72987        11.73718        85.19933        10.07722        414.6429      -0.3284501E-04
   15 s    1    141.2253        5.291957        188.9660        17.98027        458.0507      -0.1656006E-02
   15 s    2    90.75090        5.667656        176.4398        16.75600        495.8537      -0.1391242E-02
   15 s    3    69.06859        6.038946        165.5918        13.52952        796.9347      -0.1258189E-02
   15 s    4    56.32764        6.332082        157.9259        9.106470        413.4192      -0.7852462E-03
   15 s    5    47.24224        6.490912        154.0616        4.874148        238.8197      -0.6203159E-04
   15 s    6    42.08790        6.834128        146.3244        24.33900        92.92655      -0.3586784E-04
   15 s    7    39.68685        7.435676        134.4868        22.64343        111.0365       0.1305865E-03
   15 s    8    36.40985        7.731262        129.3450        3.054615        242.9717      -0.1415752E-04
   15 s    9    32.95474        7.820850        127.8633        4.272044        259.5663      -0.1025632E-03
   15 s   10    30.34206        7.958787        125.6473        7.123778        323.1507      -0.1558057E-03
   15 s   11    28.48661        8.183728        122.1937        10.58171        466.0165       0.2027037E-03
   15 s   12    27.59494        8.616918        116.0508        21.78445        89.82506       0.2629814E-02
   15 s   13    26.98894        9.101900        109.8672        6.136442        270.0099       0.7842869E-05
   15 s   14    25.64370        9.288833        107.6562        9.222202        350.2342       0.5170160E-04
   15 s   15    24.69130        9.560667        104.5952        12.11061        489.4088       0.2031301E-03
   15 s   16    23.96014        9.876107        101.2545        12.81613        528.7415       0.1608737E-03
   15 s   17    23.29087        10.18207        98.21182        10.45127        391.9216       0.9325166E-07
   15 s   18    22.48459        10.39128        96.23451        7.131573        286.6131       0.1425133E-03
   15 s   19    21.69856        10.57007        94.60672        7.454583        294.3532       0.1294917E-03
   15 s   20    21.03907        10.77440        92.81263        8.988390        345.9835      -0.7206775E-04
   15 s   21    20.51741        11.01979        90.74580        10.52751        429.7500      -0.4408390E-03
   15 s   22    20.08673        11.29027        88.57185        10.92278        472.5551      -0.8045164E-03
   15 s   23    19.67998        11.55327        86.55555        9.999442        423.9116      -0.9864846E-03
   15 s   24    19.25050        11.78204        84.87492        8.355591        345.9880      -0.9293947E-03
   15 s   25    18.79350        11.97182        83.52947        7.005385        296.2605      -0.7638539E-03
   15 s   26    18.33266        12.13623        82.39790        6.301273        272.4055      -0.6215979E-03
   16 s    1    143.2644        5.368367        186.2764        1.265879        215.2736      -0.5391390E-04
   16 s    2    93.49941        5.839308        171.2532        25.40684        95.67583      -0.7283641E-04
   16 s    3    74.01646        6.471559        154.5223        5.107019        186.9927      -0.4647860E-04
   16 s    4    58.57043        6.584206        151.8786        7.188612        277.3875      -0.7629177E-03
   16 s    5    49.82633        6.845956        146.0716        12.70423        564.2725      -0.8490943E-03
   16 s    6    44.22561        7.181245        139.2516        13.80318        689.6830       0.9944968E-04
   16 s    7    40.21443        7.534522        132.7224        15.28679        321.4657       0.3375316E-03
   16 s    8    36.94007        7.843848        127.4885        13.32773        798.7129      -0.8222190E-04
   16 s    9    34.41017        8.166254        122.4552        12.59134        856.5874      -0.8861553E-03
   16 s   10    32.30499        8.473669        118.0126        11.96666        774.0204      -0.1297448E-02
   16 s   11    30.47282        8.754331        114.2292        10.05470        521.0630      -0.8927849E-03
   16 s   12    28.67746        8.954952        111.6701        6.240404        291.8996      -0.7997493E-04
   16 s   13    27.15749        9.158745        109.1853        21.55756        89.51332       0.2668473E-02
   16 s   14    26.76573        9.695262        103.1432        21.35625        89.26360       0.2691256E-02
   16 s   15    25.70352        9.952604        100.4762        7.892687        325.3819       0.8245444E-03
   16 s   16    24.59641        10.13837        98.63517        6.964874        288.7079       0.8840821E-03
   16 s   17    23.63154        10.33101        96.79600        9.288437        339.8283       0.8518557E-03
   16 s   18    22.97708        10.61889        94.17182        12.89732        504.8976       0.4965651E-03
   16 s   19    22.47612        10.94885        91.33380        13.25239        544.8660       0.2871077E-03
   16 s   20    22.01859        11.27602        88.68374        12.82905        540.5162       0.1810161E-03
   16 s   21    21.57193        11.58617        86.30977        11.83262        509.1588       0.1253025E-03
   16 s   22    21.09248        11.85558        84.34850        9.489541        405.9416       0.4538729E-04
   16 s   23    20.57114        12.07644        82.80588        8.756972        369.3267      -0.2446489E-03
   16 s   24    20.11139        12.30894        81.24177        9.932810        422.4759      -0.7021107E-03
   16 s   25    19.72851        12.56745        79.57065        10.63784        468.1588      -0.1143177E-02
   16 s   26    19.37763        12.82800        77.95446        10.09864        432.0093      -0.1349761E-02
   17 s    1    162.7503        6.098536        163.9738        14.90771        790.2210      -0.1088170E-02
   17 s    2    102.6093        6.408246        156.0489        4.753822        244.7444      -0.2468330E-03
   17 s    3    74.34326        6.500132        153.8430        24.34592        94.28963      -0.2765310E-04
   17 s    4    63.80570        7.172730        139.4169        26.81880        89.08219       0.2955710E-06
   17 s    5    54.92183        7.546060        132.5195        3.884571        301.4149      -0.5249485E-03
   17 s    6    46.85194        7.607702        131.4457        2.109233        241.6724      -0.5355040E-04
   17 s    7    40.90397        7.663713        130.4850        2.439517        237.6980       0.1111378E-04
   17 s    8    37.99207        8.067230        123.9583        23.87884        92.34694       0.1206050E-03
   17 s    9    36.51655        8.666144        115.3916        23.73721        92.13381       0.2578228E-03
   17 s   10    33.83667        8.875431        112.6706        3.930089        221.6200      -0.5195940E-04
   17 s   11    31.30191        8.992515        111.2036        5.951005        252.9175      -0.5917105E-03
   17 s   12    29.45185        9.196765        108.7339        10.16567        409.5912      -0.1021199E-02
   17 s   13    28.07523        9.468247        105.6162        11.02093        489.1321      -0.3960182E-03
   17 s   14    26.86591        9.731550        102.7586        9.787538        411.9146       0.4045267E-03
   17 s   15    26.41258        10.22716        97.77884        21.18318        89.00941       0.2703428E-02
   17 s   16    26.09222        10.75493        92.98064        21.02692        88.80915       0.2705808E-02
   17 s   17    25.31461        11.06680        90.36040        11.29089        470.7722       0.1080873E-02
   17 s   18    24.49627        11.32099        88.33152        8.596476        350.1277       0.1086489E-02
   17 s   19    23.60887        11.50065        86.95163        6.144557        278.8903       0.6295732E-03
   17 s   20    22.74257        11.64678        85.86064        5.747373        264.0114       0.3417161E-03
   17 s   21    21.96677        11.79824        84.75840        6.571625        271.8844       0.1597678E-03
   17 s   22    21.33658        11.99278        83.38350        9.306744        333.6117       0.2304568E-04
   17 s   23    20.87400        12.25423        81.60449        11.13804        427.1565      -0.1674371E-06
   17 s   24    20.48364        12.53677        79.76535        11.37055        464.0668      -0.4865770E-08
   17 s   25    20.12626        12.82082        77.99814        11.34082        477.0367      -0.5005751E-08
   17 s   26    19.79359        13.10337        76.31626        11.25562        477.7454      -0.1290133E-05
   18 s    1    171.4847        6.425828        155.6220       0.9699764        196.9485      -0.1428733E-04
   18 s    2    104.6442        6.535332        153.0144        12.87477        440.6687      -0.1086416E-02
   18 s    3    79.18674        6.923617        144.4332        15.95465        833.8940       0.1079113E-02
   18 s    4    64.93969        7.300208        136.9824        13.95711        987.7882       0.4637132E-03
   18 s    5    55.92529        7.683931        130.1417        11.07772        417.1771      -0.1433719E-02
   18 s    6    49.24190        7.995777        125.0660        12.99995        727.7014      -0.3344895E-02
   18 s    7    44.42484        8.323379        120.1435        13.02417        720.9516      -0.2659387E-02
   18 s    8    40.59514        8.619964        116.0098        9.583946        403.0994      -0.4339570E-03
   18 s    9    36.99459        8.779593        113.9005        4.397505        229.1590       0.2256373E-03
   18 s   10    35.31270        9.262596        107.9611        23.58483        92.01269       0.3833135E-03
   18 s   11    33.70253        9.682174        103.2826        10.01818        438.8955       0.5276382E-03
   18 s   12    31.70401        9.900037        101.0097        7.549419        321.1651      -0.2035471E-03
   18 s   13    29.88498        10.07858        99.22033        6.876571        289.0227      -0.6161851E-03
   18 s   14    28.33762        10.26464        97.42179        8.252324        321.4649      -0.6424836E-03
   18 s   15    27.11194        10.49796        95.25662        10.36116        403.8231      -0.2035567E-03
   18 s   16    26.14301        10.77586        92.80001        11.61170        482.4599       0.5094587E-03
   18 s   17    25.80013        11.27905        88.65997        20.88886        88.61802       0.2701603E-02
   18 s   18    25.07070        11.58646        86.30764        9.120267        370.9444       0.2847046E-03
   18 s   19    24.33189        11.85285        84.36786        11.75229        486.9636       0.8083394E-03
   18 s   20    23.73857        12.15685        82.25816        12.25307        511.3664       0.1016588E-02
   18 s   21    23.18606        12.45311        80.30121        11.06594        437.8830       0.9917721E-03
   18 s   22    22.58688        12.69554        78.76779        8.176480        326.8190       0.7241248E-03
   18 s   23    21.92811        12.87305        77.68164        6.312114        277.4867       0.3994733E-03
   18 s   24    21.28043        13.02444        76.77875        5.947185        267.1626       0.1736727E-03
   18 s   25    20.68635        13.17761        75.88632        6.414174        276.2451      -0.4302759E-04
   18 s   26    20.16844        13.35152        74.89785        7.632829        310.2531      -0.3759946E-03
   19 s    1    175.2122        6.565506        152.3112        32.45394        85.69717       0.8157685E-06
   19 s    2    116.6477        7.284984        137.2687        20.44296        162.0481      -0.2593355E-03
   19 s    3    85.97806        7.517410        133.0245        1.527579        233.9412      -0.2243906E-03
   19 s    4    67.19846        7.554128        132.3780        1.865275        225.5618       0.1296917E-03
   19 s    5    57.08873        7.843784        127.4895        26.14180        91.23313      -0.9009062E-04
   19 s    6    52.28783        8.490367        117.7805        25.29474        90.82542      -0.1820968E-04
   19 s    7    46.65550        8.741312        114.3993        3.073926        212.5091      -0.3904103E-03
   19 s    8    41.69156        8.852778        112.9589        6.905562        276.0793      -0.8665292E-03
   19 s    9    38.36618        9.105100        109.8286        12.07862        528.8448       0.1153244E-03
   19 s   10    35.87348        9.409689        106.2734        11.92577        533.5491       0.8605491E-03
   19 s   11    34.30369        9.854876        101.4726        23.37364        90.95305       0.4800614E-03
   19 s   12    32.82093        10.24881        97.57230        8.817591        393.5641       0.2174466E-03
   19 s   13    31.11103        10.49206        95.31020        10.38969        527.4583      -0.4390836E-04
   19 s   14    29.70088        10.75845        92.95015        10.77411        592.1499      -0.3080208E-03
   19 s   15    28.46501        11.02188        90.72864        10.00968        538.8541      -0.2987177E-03
   19 s   16    27.26352        11.23773        88.98598        7.064936        353.2415      -0.3230734E-04
   19 s   17    26.07196        11.39788        87.73558        6.396102        304.8678       0.5106940E-05
   19 s   18    25.53255        11.79990        84.74646        20.76418        88.45336       0.2691963E-02
   19 s   19    25.24976        12.29998        81.30096        12.01474        613.7629       0.5265103E-03
   19 s   20    24.56807        12.58164        79.48087        10.09432        436.0269       0.5421923E-03
   19 s   21    23.84799        12.80863        78.07233        8.734157        337.3620       0.8323944E-04
   19 s   22    23.22356        13.05341        76.60836        11.16321        397.5314       0.2760262E-04
   19 s   23    22.76075        13.36186        74.83986        13.22281        491.4383       0.1543654E-03
   19 s   24    22.38723        13.70184        72.98287        13.69367        524.1688       0.2722042E-03
   19 s   25    21.94443        13.97903        71.53571        6.907733        288.4462       0.5493330E-03
   19 s   26    21.34862        14.13280        70.75737        5.868674        266.0195       0.2477817E-03
   20 s    1    186.6821        6.995302        142.9531        15.94128        891.2580       0.3433649E-02
   20 s    2    119.0218        7.433256        134.5306        21.09981        156.3383      -0.1523353E-02
   20 s    3    88.44680        7.733261        129.3116        15.89810        496.7921      -0.4188778E-02
   20 s    4    72.41670        8.140738        122.8390        16.10329        783.5797      -0.1577566E-02
   20 s    5    61.89342        8.503930        117.5927        12.02262        551.6042       0.1677512E-02
   20 s    6    53.41168        8.672856        115.3023        3.232493        216.5758       0.9139091E-04
   20 s    7    48.61963        9.109309        109.7778        22.18324        111.5946       0.8959801E-04
   20 s    8    44.67469        9.486217        105.4161        12.84829        711.2192      -0.1993856E-02
   20 s    9    41.28017        9.796651        102.0757        10.13077        399.0651      -0.2199322E-02
   20 s   10    37.87330        9.934247        100.6619        4.305745        236.3188      -0.1199853E-03
   20 s   11    35.02564        10.06228        99.38104        6.105625        280.5298       0.1426537E-03
   20 s   12    33.43029        10.43909        95.79380        23.21854        90.67168       0.5901439E-03
   20 s   13    32.59586        10.99281        90.96856        5.889137        297.8228       0.3363703E-03
   20 s   14    30.69657        11.11912        89.93519        4.770223        271.0102       0.6349042E-04
   20 s   15    29.04397        11.24605        88.92008        5.740399        279.7834      -0.2444111E-03
   20 s   16    27.73291        11.43120        87.47986        9.334606        395.1217      -0.5485540E-03
   20 s   17    26.75675        11.69725        85.49015        11.49907        558.7459      -0.3530748E-03
   20 s   18    25.95469        11.99500        83.36810        12.16227        637.2250       0.8519940E-04
   20 s   19    25.28639        12.31782        81.18318        20.65161        88.30536       0.2678224E-02
   20 s   20    25.02910        12.81774        78.01685        8.394809        333.1289       0.4485983E-03
   20 s   21    24.34064        13.07323        76.49217        11.47051        497.2504       0.1295093E-02
   20 s   22    23.77877        13.36548        74.81963        11.38337        504.0962       0.1610584E-02
   20 s   23    23.21411        13.62801        73.37827        9.331386        385.4892       0.1304118E-02
   20 s   24    22.60429        13.83469        72.28206        7.432463        309.7356       0.6730486E-03
   20 s   25    22.09273        14.07350        71.05553        13.31291        504.8835       0.6621217E-05
   20 s   26    21.78090        14.41897        69.35307        13.85391        547.3825       0.6823787E-04
