ANISOTROPIC_PREM
   1    1.00000  0
    30  40 120 6371.00000
  10    0.00000  305.37500
 12.80532  0.00000 -8.83810  0.00000
 10.98863  0.00000 -6.36400  0.00000
  3.72251  0.00000 -4.44750  0.00000
1327.70000
 84.60000
 11.04474  0.00000 -6.36400  0.00000
  3.71317  0.00000 -4.44750  0.00000
  0.98862  0.00000
  10  305.37500  610.75000
 13.27326  0.00000 -8.83810  0.00000
 11.48495  0.00000 -6.36400  0.00000
  3.71172  0.00000 -4.44750  0.00000
1327.70000
 84.60000
 11.36948  0.00000 -6.36400  0.00000
  3.64890  0.00000 -4.44750  0.00000
  1.02165  0.00000
  10  610.75000  916.12500
 13.23467  0.00000 -8.83810  0.00000
 11.31139  0.00000 -6.36400  0.00000
  3.64882  0.00000 -4.44750  0.00000
1327.70000
 84.60000
 11.36290  0.00000 -6.36400  0.00000
  3.68052  0.00000 -4.44750  0.00000
  0.98169  0.00000
  10  916.12500 1239.64347
 13.21622  0.00000 -8.83810  0.00000
 11.42447  0.00000 -6.36400  0.00000
  3.66317  0.00000 -4.44750  0.00000
1327.70000
 84.60000
 11.51828  0.00000 -6.36400  0.00000
  3.70794  0.00000 -4.44750  0.00000
  0.98264  0.00000
  10 1239.64347 1503.81250
 12.53780 -1.26380 -3.64260 -5.52810
 11.26645 -4.03620  4.80230-13.57320
  0.00000  0.00000  0.00000  0.00000
57823.00000
  0.00000
 11.14538 -4.03620  4.80230-13.57320
  0.00000  0.00000  0.00000  0.00000
  1.01042  0.00000
  10 1503.81250 1786.12500
 12.44591 -1.26380 -3.64260 -5.52810
 11.08826 -4.03620  4.80230-13.57320
  0.00000  0.00000  0.00000  0.00000
57823.00000
  0.00000
 11.25958 -4.03620  4.80230-13.57320
  0.00000  0.00000  0.00000  0.00000
  0.99827  0.00000
  10 1786.12500 2068.43750
 12.57818 -1.26380 -3.64260 -5.52810
 11.07373 -4.03620  4.80230-13.57320
  0.00000  0.00000  0.00000  0.00000
57823.00000
  0.00000
 11.19843 -4.03620  4.80230-13.57320
  0.00000  0.00000  0.00000  0.00000
  1.00674  0.00000
  10 2068.43750 2350.75000
 12.52760 -1.26380 -3.64260 -5.52810
 11.25559 -4.03620  4.80230-13.57320
  0.00000  0.00000  0.00000  0.00000
57823.00000
  0.00000
 11.08849 -4.03620  4.80230-13.57320
  0.00000  0.00000  0.00000  0.00000
  1.00563  0.00000
  10 2350.75000 2633.06250
 12.36085 -1.26380 -3.64260 -5.52810
 11.13862 -4.03620  4.80230-13.57320
  0.00000  0.00000  0.00000  0.00000
57823.00000
  0.00000
 11.06819 -4.03620  4.80230-13.57320
  0.00000  0.00000  0.00000  0.00000
  1.01093  0.00000
  10 2633.06250 2915.37500
 12.72984 -1.26380 -3.64260 -5.52810
 11.18149 -4.03620  4.80230-13.57320
  0.00000  0.00000  0.00000  0.00000
57823.00000
  0.00000
 10.86657 -4.03620  4.80230-13.57320
  0.00000  0.00000  0.00000  0.00000
  0.98213  0.00000
  10 2915.37500 3197.68750
 12.66673 -1.26380 -3.64260 -5.52810
 11.05150 -4.03620  4.80230-13.57320
  0.00000  0.00000  0.00000  0.00000
57823.00000
  0.00000
 10.90596 -4.03620  4.80230-13.57320
  0.00000  0.00000  0.00000  0.00000
  1.01015  0.00000
  10 3197.68750 3468.96765
 12.40461 -1.26380 -3.64260 -5.52810
 11.25378 -4.03620  4.80230-13.57320
  0.00000  0.00000  0.00000  0.00000
57823.00000
  0.00000
 11.09169 -4.03620  4.80230-13.57320
  0.00000  0.00000  0.00000  0.00000
  0.99150  0.00000
  10 3468.96765 3645.35976
  8.01899 -6.47610  5.52830 -3.08070
 15.47480 -5.31810  5.52420 -2.55140
  6.97106  1.46720 -2.08340  0.97830
57823.00000
312.00000
 15.22355 -5.31810  5.52420 -2.55140
  6.58571  1.46720 -2.08340  0.97830
  1.00960  0.00000
  10 3645.35976 3876.25000
  8.20076 -6.47610  5.52830 -3.08070
 24.46620-40.46730 51.48320-26.64190
 11.51984-13.78180 17.45750 -9.27770
57823.00000
312.00000
 24.43499-40.46730 51.48320-26.64190
 10.81707-13.78180 17.45750 -9.27770
  0.99253  0.00000
  10 3876.25000 4122.50000
  7.97374 -6.47610  5.52830 -3.08070
 24.34375-40.46730 51.48320-26.64190
 11.06503-13.78180 17.45750 -9.27770
57823.00000
312.00000
 25.36168-40.46730 51.48320-26.64190
 11.17323-13.78180 17.45750 -9.27770
  1.01626  0.00000
  10 4122.50000 4368.75000
  7.72055 -6.47610  5.52830 -3.08070
 25.39483-40.46730 51.48320-26.64190
 11.37222-13.78180 17.45750 -9.27770
57823.00000
312.00000
 24.78503-40.46730 51.48320-26.64190
 11.19116-13.78180 17.45750 -9.27770
  1.01732  0.00000
  10 4368.75000 4615.00000
  8.19278 -6.47610  5.52830 -3.08070
 24.43504-40.46730 51.48320-26.64190
 11.22617-13.78180 17.45750 -9.27770
57823.00000
312.00000
 24.40843-40.46730 51.48320-26.64190
 10.89961-13.78180 17.45750 -9.27770
  1.00674  0.00000
  10 4615.00000 4861.25000
  8.02999 -6.47610  5.52830 -3.08070
 25.05939-40.46730 51.48320-26.64190
 11.09146-13.78180 17.45750 -9.27770
57823.00000
312.00000
 24.46373-40.46730 51.48320-26.64190
 11.48599-13.78180 17.45750 -9.27770
  0.98835  0.00000
  10 4861.25000 5107.50000
  7.94709 -6.47610  5.52830 -3.08070
 24.95081-40.46730 51.48320-26.64190
 11.17378-13.78180 17.45750 -9.27770
57823.00000
312.00000
 24.42080-40.46730 51.48320-26.64190
 10.99317-13.78180 17.45750 -9.27770
  0.99540  0.00000
  10 5107.50000 5353.75000
  8.16782 -6.47610  5.52830 -3.08070
 25.31964-40.46730 51.48320-26.64190
 10.88673-13.78180 17.45750 -9.27770
57823.00000
312.00000
 24.62151-40.46730 51.48320-26.64190
 11.33671-13.78180 17.45750 -9.27770
  0.99313  0.00000
  10 5353.75000 5600.00000
  7.93201 -6.47610  5.52830 -3.08070
 24.80485-40.46730 51.48320-26.64190
 11.22147-13.78180 17.45750 -9.27770
57823.00000
312.00000
 25.01253-40.46730 51.48320-26.64190
 11.11382-13.78180 17.45750 -9.27770
  0.98410  0.00000
   5 5600.00000 5704.26673
  7.83032 -6.47610  5.52830 -3.08070
 28.91164-23.60270  5.52420 -2.55140
 22.54851-17.24730 -2.08340  0.97830
57823.00000
312.00000
 29.28017-23.60270  5.52420 -2.55140
 22.31650-17.24730 -2.08340  0.97830
  0.97832  0.00000
   5 5704.26673 5771.00000
  5.12194 -1.48360  0.00000  0.00000
 18.76748 -9.86720  0.00000  0.00000
  9.74478 -4.93240  0.00000  0.00000
57823.00000
143.00000
 18.78952 -9.86720  0.00000  0.00000
 10.16115 -4.93240  0.00000  0.00000
  1.00609  0.00000
  10 5771.00000 5950.12605
 11.47656 -8.02980  0.00000  0.00000
 38.96476-32.61660  0.00000  0.00000
 22.50479-18.58560  0.00000  0.00000
57823.00000
143.00000
 38.98224-32.61660  0.00000  0.00000
 22.84569-18.58560  0.00000  0.00000
  0.99756  0.00000
  10 5950.12605 6148.83647
  6.86346 -3.80450  0.00000  0.00000
 20.42632-12.25690  0.00000  0.00000
  8.52688 -4.45970  0.00000  0.00000
57823.00000
143.00000
 20.34604-12.25690  0.00000  0.00000
  8.51869 -4.45970  0.00000  0.00000
  0.97836  0.00000
  10 6148.83647 6291.00000
  2.84098  0.69240  0.00000  0.00000
  0.32484  7.21800  0.00000  0.00000
  5.60138 -1.46780  0.00000  0.00000
57823.00000
 80.00000
  3.73782  4.61720  0.00000  0.00000
 -0.92099  5.71760  0.00000  0.00000
  3.37487 -2.47780
   5 6291.00000 6346.60000
  2.47887  0.69240  0.00000  0.00000
  0.73652  7.21800  0.00000  0.00000
  5.94163 -1.46780  0.00000  0.00000
57823.00000
600.00000
  3.57740  4.61720  0.00000  0.00000
 -0.98025  5.71760  0.00000  0.00000
  3.37319 -2.47780
   5 6346.60000 6356.00000
  2.90000  0.00000  0.00000  0.00000
  6.80000  0.00000  0.00000  0.00000
  3.90000  0.00000  0.00000  0.00000
57823.00000
600.00000
  6.80000  0.00000  0.00000  0.00000
  3.90000  0.00000  0.00000  0.00000
  1.00000  0.00000
   5 6356.00000 6368.00000
  2.60000  0.00000  0.00000  0.00000
  5.80000  0.00000  0.00000  0.00000
  3.20000  0.00000  0.00000  0.00000
57823.00000
600.00000
  5.80000  0.00000  0.00000  0.00000
  3.20000  0.00000  0.00000  0.00000
  1.00000  0.00000
   5 6368.00000 6371.00000
  1.02000  0.00000  0.00000  0.00000
  1.45000  0.00000  0.00000  0.00000
  0.00000  0.00000  0.00000  0.00000
57823.00000
  0.00000
  1.45000  0.00000  0.00000  0.00000
  0.00000  0.00000  0.00000  0.00000
  1.00000  0.00000
