ANISOTROPIC_PREM
   1    1.00000  0
    30  40 120 6371.00000
  10    0.00000  305.37500
 12.68480  0.00000 -8.83810  0.00000
 11.33840  0.00000 -6.36400  0.00000
  3.73372  0.00000 -4.44750  0.00000
1327.70000
 84.60000
 11.38044  0.00000 -6.36400  0.00000
  3.75696  0.00000 -4.44750  0.00000
  0.98172  0.00000
  10  305.37500  610.75000
 12.80376  0.00000 -8.83810  0.00000
 11.43732  0.00000 -6.36400  0.00000
  3.59693  0.00000 -4.44750  0.00000
1327.70000
 84.60000
 11.37536  0.00000 -6.36400  0.00000
  3.59627  0.00000 -4.44750  0.00000
  0.99009  0.00000
  10  610.75000  916.12500
 13.12714  0.00000 -8.83810  0.00000
 11.50052  0.00000 -6.36400  0.00000
  3.66390  0.00000 -4.44750  0.00000
1327.70000
 84.60000
 11.41152  0.00000 -6.36400  0.00000
  3.68238  0.00000 -4.44750  0.00000
  0.98182  0.00000
  10  916.12500 1238.24444
 13.17726  0.00000 -8.83810  0.00000
 11.49086  0.00000 -6.36400  0.00000
  3.72979  0.00000 -4.44750  0.00000
1327.70000
 84.60000
 11.52506  0.00000 -6.36400  0.00000
  3.66299  0.00000 -4.44750  0.00000
  0.99089  0.00000
  10 1238.24444 1503.81250
 12.19879 -1.26380 -3.64260 -5.52810
 11.21553 -4.03620  4.80230-13.57320
  0.00000  0.00000  0.00000  0.00000
57823.00000
  0.00000
 10.98384 -4.03620  4.80230-13.57320
  0.00000  0.00000  0.00000  0.00000
  1.00896  0.00000
  10 1503.81250 1786.12500
 12.53471 -1.26380 -3.64260 -5.52810
 10.84391 -4.03620  4.80230-13.57320
  0.00000  0.00000  0.00000  0.00000
57823.00000
  0.00000
 10.83829 -4.03620  4.80230-13.57320
  0.00000  0.00000  0.00000  0.00000
  1.00507  0.00000
  10 1786.12500 2068.43750
 12.19532 -1.26380 -3.64260 -5.52810
 10.97998 -4.03620  4.80230-13.57320
  0.00000  0.00000  0.00000  0.00000
57823.00000
  0.00000
 10.91993 -4.03620  4.80230-13.57320
  0.00000  0.00000  0.00000  0.00000
  1.02486  0.00000
  10 2068.43750 2350.75000
 12.49717 -1.26380 -3.64260 -5.52810
 10.82434 -4.03620  4.80230-13.57320
  0.00000  0.00000  0.00000  0.00000
57823.00000
  0.00000
 10.91417 -4.03620  4.80230-13.57320
  0.00000  0.00000  0.00000  0.00000
  1.00305  0.00000
  10 2350.75000 2633.06250
 12.56683 -1.26380 -3.64260 -5.52810
 11.07047 -4.03620  4.80230-13.57320
  0.00000  0.00000  0.00000  0.00000
57823.00000
  0.00000
 10.98464 -4.03620  4.80230-13.57320
  0.00000  0.00000  0.00000  0.00000
  1.00244  0.00000
  10 2633.06250 2915.37500
 12.75352 -1.26380 -3.64260 -5.52810
 11.18316 -4.03620  4.80230-13.57320
  0.00000  0.00000  0.00000  0.00000
57823.00000
  0.00000
 11.18960 -4.03620  4.80230-13.57320
  0.00000  0.00000  0.00000  0.00000
  1.00712  0.00000
  10 2915.37500 3197.68750
 12.36100 -1.26380 -3.64260 -5.52810
 10.85302 -4.03620  4.80230-13.57320
  0.00000  0.00000  0.00000  0.00000
57823.00000
  0.00000
 10.85693 -4.03620  4.80230-13.57320
  0.00000  0.00000  0.00000  0.00000
  1.01134  0.00000
  10 3197.68750 3473.84403
 12.64194 -1.26380 -3.64260 -5.52810
 10.91952 -4.03620  4.80230-13.57320
  0.00000  0.00000  0.00000  0.00000
57823.00000
  0.00000
 11.02785 -4.03620  4.80230-13.57320
  0.00000  0.00000  0.00000  0.00000
  1.00579  0.00000
  10 3473.84403 3627.65237
  8.19171 -6.47610  5.52830 -3.08070
 15.20483 -5.31810  5.52420 -2.55140
  6.60134  1.46720 -2.08340  0.97830
57823.00000
312.00000
 15.81809 -5.31810  5.52420 -2.55140
  7.02196  1.46720 -2.08340  0.97830
  1.00443  0.00000
  10 3627.65237 3876.25000
  8.21652 -6.47610  5.52830 -3.08070
 24.60596-40.46730 51.48320-26.64190
 10.94394-13.78180 17.45750 -9.27770
57823.00000
312.00000
 24.63295-40.46730 51.48320-26.64190
 11.18670-13.78180 17.45750 -9.27770
  1.00525  0.00000
  10 3876.25000 4122.50000
  7.72092 -6.47610  5.52830 -3.08070
 25.34287-40.46730 51.48320-26.64190
 11.13332-13.78180 17.45750 -9.27770
57823.00000
312.00000
 24.37368-40.46730 51.48320-26.64190
 11.49456-13.78180 17.45750 -9.27770
  0.99274  0.00000
  10 4122.50000 4368.75000
  7.97023 -6.47610  5.52830 -3.08070
 24.76027-40.46730 51.48320-26.64190
 11.30896-13.78180 17.45750 -9.27770
57823.00000
312.00000
 24.61769-40.46730 51.48320-26.64190
 11.36912-13.78180 17.45750 -9.27770
  1.01387  0.00000
  10 4368.75000 4615.00000
  8.23059 -6.47610  5.52830 -3.08070
 25.12803-40.46730 51.48320-26.64190
 11.05161-13.78180 17.45750 -9.27770
57823.00000
312.00000
 24.42607-40.46730 51.48320-26.64190
 11.16483-13.78180 17.45750 -9.27770
  1.00523  0.00000
  10 4615.00000 4861.25000
  7.93610 -6.47610  5.52830 -3.08070
 24.94385-40.46730 51.48320-26.64190
 11.07249-13.78180 17.45750 -9.27770
57823.00000
312.00000
 25.33280-40.46730 51.48320-26.64190
 10.97192-13.78180 17.45750 -9.27770
  0.99046  0.00000
  10 4861.25000 5107.50000
  8.13721 -6.47610  5.52830 -3.08070
 25.05259-40.46730 51.48320-26.64190
 11.44643-13.78180 17.45750 -9.27770
57823.00000
312.00000
 24.55478-40.46730 51.48320-26.64190
 11.23602-13.78180 17.45750 -9.27770
  0.98728  0.00000
  10 5107.50000 5353.75000
  8.00784 -6.47610  5.52830 -3.08070
 25.46540-40.46730 51.48320-26.64190
 11.46129-13.78180 17.45750 -9.27770
57823.00000
312.00000
 24.59596-40.46730 51.48320-26.64190
 11.32830-13.78180 17.45750 -9.27770
  0.97856  0.00000
  10 5353.75000 5600.00000
  8.10893 -6.47610  5.52830 -3.08070
 25.45254-40.46730 51.48320-26.64190
 11.10870-13.78180 17.45750 -9.27770
57823.00000
312.00000
 25.30708-40.46730 51.48320-26.64190
 11.32898-13.78180 17.45750 -9.27770
  0.99239  0.00000
   5 5600.00000 5686.94915
  7.97944 -6.47610  5.52830 -3.08070
 28.85301-23.60270  5.52420 -2.55140
 22.58874-17.24730 -2.08340  0.97830
57823.00000
312.00000
 29.61508-23.60270  5.52420 -2.55140
 22.64658-17.24730 -2.08340  0.97830
  0.97564  0.00000
   5 5686.94915 5771.00000
  5.15120 -1.48360  0.00000  0.00000
 19.44654 -9.86720  0.00000  0.00000
  9.88981 -4.93240  0.00000  0.00000
57823.00000
143.00000
 19.18697 -9.86720  0.00000  0.00000
  9.82786 -4.93240  0.00000  0.00000
  0.98328  0.00000
  10 5771.00000 5956.21529
 10.97172 -8.02980  0.00000  0.00000
 39.40566-32.61660  0.00000  0.00000
 21.91523-18.58560  0.00000  0.00000
57823.00000
143.00000
 40.50236-32.61660  0.00000  0.00000
 22.27350-18.58560  0.00000  0.00000
  0.97802  0.00000
  10 5956.21529 6144.10256
  6.86318 -3.80450  0.00000  0.00000
 19.69548-12.25690  0.00000  0.00000
  8.97475 -4.45970  0.00000  0.00000
57823.00000
143.00000
 19.62386-12.25690  0.00000  0.00000
  8.87791 -4.45970  0.00000  0.00000
  0.98891  0.00000
  10 6144.10256 6291.00000
  2.71266  0.69240  0.00000  0.00000
  0.69389  7.21800  0.00000  0.00000
  5.96496 -1.46780  0.00000  0.00000
57823.00000
 80.00000
  4.15572  4.61720  0.00000  0.00000
 -1.20629  5.71760  0.00000  0.00000
  3.36150 -2.47780
   5 6291.00000 6346.60000
  3.07519  0.69240  0.00000  0.00000
  0.84411  7.21800  0.00000  0.00000
  6.11771 -1.46780  0.00000  0.00000
57823.00000
600.00000
  3.67778  4.61720  0.00000  0.00000
 -1.17655  5.71760  0.00000  0.00000
  3.37286 -2.47780
   5 6346.60000 6356.00000
  2.90000  0.00000  0.00000  0.00000
  6.80000  0.00000  0.00000  0.00000
  3.90000  0.00000  0.00000  0.00000
57823.00000
600.00000
  6.80000  0.00000  0.00000  0.00000
  3.90000  0.00000  0.00000  0.00000
  1.00000  0.00000
   5 6356.00000 6368.00000
  2.60000  0.00000  0.00000  0.00000
  5.80000  0.00000  0.00000  0.00000
  3.20000  0.00000  0.00000  0.00000
57823.00000
600.00000
  5.80000  0.00000  0.00000  0.00000
  3.20000  0.00000  0.00000  0.00000
  1.00000  0.00000
   5 6368.00000 6371.00000
  1.02000  0.00000  0.00000  0.00000
  1.45000  0.00000  0.00000  0.00000
  0.00000  0.00000  0.00000  0.00000
57823.00000
  0.00000
  1.45000  0.00000  0.00000  0.00000
  0.00000  0.00000  0.00000  0.00000
  1.00000  0.00000
