ANISOTROPIC_PREM
   1    1.00000  0
    30  40 120 6371.00000
  10    0.00000  305.37500
 13.00911  0.00000 -8.83810  0.00000
 11.31185  0.00000 -6.36400  0.00000
  3.74581  0.00000 -4.44750  0.00000
1327.70000
 84.60000
 11.42327  0.00000 -6.36400  0.00000
  3.73637  0.00000 -4.44750  0.00000
  0.97714  0.00000
  10  305.37500  610.75000
 13.27148  0.00000 -8.83810  0.00000
 11.47999  0.00000 -6.36400  0.00000
  3.75188  0.00000 -4.44750  0.00000
1327.70000
 84.60000
 11.38656  0.00000 -6.36400  0.00000
  3.66514  0.00000 -4.44750  0.00000
  1.01574  0.00000
  10  610.75000  916.12500
 12.98573  0.00000 -8.83810  0.00000
 11.34945  0.00000 -6.36400  0.00000
  3.57889  0.00000 -4.44750  0.00000
1327.70000
 84.60000
 11.34775  0.00000 -6.36400  0.00000
  3.69018  0.00000 -4.44750  0.00000
  1.00430  0.00000
  10  916.12500 1227.24561
 13.30477  0.00000 -8.83810  0.00000
 11.24712  0.00000 -6.36400  0.00000
  3.65592  0.00000 -4.44750  0.00000
1327.70000
 84.60000
 11.41014  0.00000 -6.36400  0.00000
  3.63996  0.00000 -4.44750  0.00000
  0.99718  0.00000
  10 1227.24561 1503.81250
 12.36176 -1.26380 -3.64260 -5.52810
 10.94883 -4.03620  4.80230-13.57320
  0.00000  0.00000  0.00000  0.00000
57823.00000
  0.00000
 11.20886 -4.03620  4.80230-13.57320
  0.00000  0.00000  0.00000  0.00000
  1.00691  0.00000
  10 1503.81250 1786.12500
 12.45396 -1.26380 -3.64260 -5.52810
 10.97309 -4.03620  4.80230-13.57320
  0.00000  0.00000  0.00000  0.00000
57823.00000
  0.00000
 11.02935 -4.03620  4.80230-13.57320
  0.00000  0.00000  0.00000  0.00000
  1.02277  0.00000
  10 1786.12500 2068.43750
 12.57447 -1.26380 -3.64260 -5.52810
 11.18576 -4.03620  4.80230-13.57320
  0.00000  0.00000  0.00000  0.00000
57823.00000
  0.00000
 11.04109 -4.03620  4.80230-13.57320
  0.00000  0.00000  0.00000  0.00000
  1.01521  0.00000
  10 2068.43750 2350.75000
 12.39729 -1.26380 -3.64260 -5.52810
 10.89293 -4.03620  4.80230-13.57320
  0.00000  0.00000  0.00000  0.00000
57823.00000
  0.00000
 10.85423 -4.03620  4.80230-13.57320
  0.00000  0.00000  0.00000  0.00000
  1.00781  0.00000
  10 2350.75000 2633.06250
 12.44523 -1.26380 -3.64260 -5.52810
 10.87867 -4.03620  4.80230-13.57320
  0.00000  0.00000  0.00000  0.00000
57823.00000
  0.00000
 10.98805 -4.03620  4.80230-13.57320
  0.00000  0.00000  0.00000  0.00000
  0.98538  0.00000
  10 2633.06250 2915.37500
 12.79512 -1.26380 -3.64260 -5.52810
 10.91841 -4.03620  4.80230-13.57320
  0.00000  0.00000  0.00000  0.00000
57823.00000
  0.00000
 11.22403 -4.03620  4.80230-13.57320
  0.00000  0.00000  0.00000  0.00000
  1.02359  0.00000
  10 2915.37500 3197.68750
 12.54374 -1.26380 -3.64260 -5.52810
 11.12234 -4.03620  4.80230-13.57320
  0.00000  0.00000  0.00000  0.00000
57823.00000
  0.00000
 10.92676 -4.03620  4.80230-13.57320
  0.00000  0.00000  0.00000  0.00000
  0.99436  0.00000
  10 3197.68750 3493.03418
 12.46898 -1.26380 -3.64260 -5.52810
 10.99534 -4.03620  4.80230-13.57320
  0.00000  0.00000  0.00000  0.00000
57823.00000
  0.00000
 11.15198 -4.03620  4.80230-13.57320
  0.00000  0.00000  0.00000  0.00000
  1.02026  0.00000
  10 3493.03418 3646.40390
  8.09545 -6.47610  5.52830 -3.08070
 14.98706 -5.31810  5.52420 -2.55140
  6.58999  1.46720 -2.08340  0.97830
57823.00000
312.00000
 15.80913 -5.31810  5.52420 -2.55140
  6.82553  1.46720 -2.08340  0.97830
  1.00005  0.00000
  10 3646.40390 3876.25000
  7.94597 -6.47610  5.52830 -3.08070
 24.72290-40.46730 51.48320-26.64190
 11.42601-13.78180 17.45750 -9.27770
57823.00000
312.00000
 24.54137-40.46730 51.48320-26.64190
 11.38971-13.78180 17.45750 -9.27770
  1.00862  0.00000
  10 3876.25000 4122.50000
  7.97582 -6.47610  5.52830 -3.08070
 24.39782-40.46730 51.48320-26.64190
 11.19856-13.78180 17.45750 -9.27770
57823.00000
312.00000
 25.30249-40.46730 51.48320-26.64190
 11.44797-13.78180 17.45750 -9.27770
  1.01937  0.00000
  10 4122.50000 4368.75000
  8.10563 -6.47610  5.52830 -3.08070
 24.86973-40.46730 51.48320-26.64190
 10.83125-13.78180 17.45750 -9.27770
57823.00000
312.00000
 25.15597-40.46730 51.48320-26.64190
 11.45721-13.78180 17.45750 -9.27770
  0.97792  0.00000
  10 4368.75000 4615.00000
  8.01285 -6.47610  5.52830 -3.08070
 25.34647-40.46730 51.48320-26.64190
 10.87059-13.78180 17.45750 -9.27770
57823.00000
312.00000
 25.55465-40.46730 51.48320-26.64190
 11.11316-13.78180 17.45750 -9.27770
  0.98974  0.00000
  10 4615.00000 4861.25000
  7.79023 -6.47610  5.52830 -3.08070
 24.88493-40.46730 51.48320-26.64190
 11.18430-13.78180 17.45750 -9.27770
57823.00000
312.00000
 24.81379-40.46730 51.48320-26.64190
 11.43633-13.78180 17.45750 -9.27770
  0.98388  0.00000
  10 4861.25000 5107.50000
  7.67155 -6.47610  5.52830 -3.08070
 24.88853-40.46730 51.48320-26.64190
 10.90502-13.78180 17.45750 -9.27770
57823.00000
312.00000
 25.26129-40.46730 51.48320-26.64190
 11.22481-13.78180 17.45750 -9.27770
  0.97733  0.00000
  10 5107.50000 5353.75000
  7.92821 -6.47610  5.52830 -3.08070
 24.39983-40.46730 51.48320-26.64190
 11.03480-13.78180 17.45750 -9.27770
57823.00000
312.00000
 25.35397-40.46730 51.48320-26.64190
 11.48916-13.78180 17.45750 -9.27770
  0.99209  0.00000
  10 5353.75000 5600.00000
  7.99845 -6.47610  5.52830 -3.08070
 24.70257-40.46730 51.48320-26.64190
 11.02465-13.78180 17.45750 -9.27770
57823.00000
312.00000
 24.81553-40.46730 51.48320-26.64190
 10.92938-13.78180 17.45750 -9.27770
  1.02077  0.00000
   5 5600.00000 5721.73107
  8.03931 -6.47610  5.52830 -3.08070
 28.81317-23.60270  5.52420 -2.55140
 22.63263-17.24730 -2.08340  0.97830
57823.00000
312.00000
 28.97518-23.60270  5.52420 -2.55140
 22.50238-17.24730 -2.08340  0.97830
  0.98764  0.00000
   5 5721.73107 5771.00000
  5.16302 -1.48360  0.00000  0.00000
 18.63385 -9.86720  0.00000  0.00000
  9.96709 -4.93240  0.00000  0.00000
57823.00000
143.00000
 18.96115 -9.86720  0.00000  0.00000
 10.03283 -4.93240  0.00000  0.00000
  0.98065  0.00000
  10 5771.00000 5985.35504
 11.27969 -8.02980  0.00000  0.00000
 40.40412-32.61660  0.00000  0.00000
 22.12675-18.58560  0.00000  0.00000
57823.00000
143.00000
 39.99712-32.61660  0.00000  0.00000
 22.36642-18.58560  0.00000  0.00000
  1.02209  0.00000
  10 5985.35504 6154.31643
  7.36726 -3.80450  0.00000  0.00000
 20.76689-12.25690  0.00000  0.00000
  9.36215 -4.45970  0.00000  0.00000
57823.00000
143.00000
 19.96890-12.25690  0.00000  0.00000
  9.19268 -4.45970  0.00000  0.00000
  0.99967  0.00000
  10 6154.31643 6291.00000
  2.55234  0.69240  0.00000  0.00000
  1.22227  7.21800  0.00000  0.00000
  6.16799 -1.46780  0.00000  0.00000
57823.00000
 80.00000
  4.02634  4.61720  0.00000  0.00000
 -0.85898  5.71760  0.00000  0.00000
  3.36736 -2.47780
   5 6291.00000 6346.60000
  2.56922  0.69240  0.00000  0.00000
  0.39171  7.21800  0.00000  0.00000
  6.00308 -1.46780  0.00000  0.00000
57823.00000
600.00000
  3.33980  4.61720  0.00000  0.00000
 -0.85610  5.71760  0.00000  0.00000
  3.37726 -2.47780
   5 6346.60000 6356.00000
  2.90000  0.00000  0.00000  0.00000
  6.80000  0.00000  0.00000  0.00000
  3.90000  0.00000  0.00000  0.00000
57823.00000
600.00000
  6.80000  0.00000  0.00000  0.00000
  3.90000  0.00000  0.00000  0.00000
  1.00000  0.00000
   5 6356.00000 6368.00000
  2.60000  0.00000  0.00000  0.00000
  5.80000  0.00000  0.00000  0.00000
  3.20000  0.00000  0.00000  0.00000
57823.00000
600.00000
  5.80000  0.00000  0.00000  0.00000
  3.20000  0.00000  0.00000  0.00000
  1.00000  0.00000
   5 6368.00000 6371.00000
  1.02000  0.00000  0.00000  0.00000
  1.45000  0.00000  0.00000  0.00000
  0.00000  0.00000  0.00000  0.00000
57823.00000
  0.00000
  1.45000  0.00000  0.00000  0.00000
  0.00000  0.00000  0.00000  0.00000
  1.00000  0.00000
