ANISOTROPIC_PREM
   1    1.00000  0
    30  40 120 6371.00000
  10    0.00000  305.37500
 13.34115  0.00000 -8.83810  0.00000
 11.48605  0.00000 -6.36400  0.00000
  3.63534  0.00000 -4.44750  0.00000
1327.70000
 84.60000
 11.25780  0.00000 -6.36400  0.00000
  3.70171  0.00000 -4.44750  0.00000
  1.01026  0.00000
  10  305.37500  610.75000
 13.12521  0.00000 -8.83810  0.00000
 11.16688  0.00000 -6.36400  0.00000
  3.74207  0.00000 -4.44750  0.00000
1327.70000
 84.60000
 10.99658  0.00000 -6.36400  0.00000
  3.74922  0.00000 -4.44750  0.00000
  0.98585  0.00000
  10  610.75000  916.12500
 13.00690  0.00000 -8.83810  0.00000
 11.11937  0.00000 -6.36400  0.00000
  3.68644  0.00000 -4.44750  0.00000
1327.70000
 84.60000
 11.04355  0.00000 -6.36400  0.00000
  3.62688  0.00000 -4.44750  0.00000
  1.01882  0.00000
  10  916.12500 1228.60478
 13.18564  0.00000 -8.83810  0.00000
 11.22784  0.00000 -6.36400  0.00000
  3.66138  0.00000 -4.44750  0.00000
1327.70000
 84.60000
 11.45832  0.00000 -6.36400  0.00000
  3.64722  0.00000 -4.44750  0.00000
  1.00175  0.00000
  10 1228.60478 1503.81250
 12.38995 -1.26380 -3.64260 -5.52810
 11.10890 -4.03620  4.80230-13.57320
  0.00000  0.00000  0.00000  0.00000
57823.00000
  0.00000
 10.88218 -4.03620  4.80230-13.57320
  0.00000  0.00000  0.00000  0.00000
  0.99209  0.00000
  10 1503.81250 1786.12500
 12.74490 -1.26380 -3.64260 -5.52810
 11.22614 -4.03620  4.80230-13.57320
  0.00000  0.00000  0.00000  0.00000
57823.00000
  0.00000
 10.95315 -4.03620  4.80230-13.57320
  0.00000  0.00000  0.00000  0.00000
  0.98663  0.00000
  10 1786.12500 2068.43750
 12.52239 -1.26380 -3.64260 -5.52810
 11.16902 -4.03620  4.80230-13.57320
  0.00000  0.00000  0.00000  0.00000
57823.00000
  0.00000
 11.14545 -4.03620  4.80230-13.57320
  0.00000  0.00000  0.00000  0.00000
  0.98855  0.00000
  10 2068.43750 2350.75000
 12.61130 -1.26380 -3.64260 -5.52810
 11.05721 -4.03620  4.80230-13.57320
  0.00000  0.00000  0.00000  0.00000
57823.00000
  0.00000
 10.99313 -4.03620  4.80230-13.57320
  0.00000  0.00000  0.00000  0.00000
  1.00217  0.00000
  10 2350.75000 2633.06250
 12.51628 -1.26380 -3.64260 -5.52810
 10.99687 -4.03620  4.80230-13.57320
  0.00000  0.00000  0.00000  0.00000
57823.00000
  0.00000
 11.00356 -4.03620  4.80230-13.57320
  0.00000  0.00000  0.00000  0.00000
  0.97732  0.00000
  10 2633.06250 2915.37500
 12.79528 -1.26380 -3.64260 -5.52810
 11.16060 -4.03620  4.80230-13.57320
  0.00000  0.00000  0.00000  0.00000
57823.00000
  0.00000
 10.83891 -4.03620  4.80230-13.57320
  0.00000  0.00000  0.00000  0.00000
  0.99322  0.00000
  10 2915.37500 3197.68750
 12.43229 -1.26380 -3.64260 -5.52810
 10.99230 -4.03620  4.80230-13.57320
  0.00000  0.00000  0.00000  0.00000
57823.00000
  0.00000
 11.02018 -4.03620  4.80230-13.57320
  0.00000  0.00000  0.00000  0.00000
  0.98776  0.00000
  10 3197.68750 3499.36109
 12.78771 -1.26380 -3.64260 -5.52810
 11.01729 -4.03620  4.80230-13.57320
  0.00000  0.00000  0.00000  0.00000
57823.00000
  0.00000
 11.07805 -4.03620  4.80230-13.57320
  0.00000  0.00000  0.00000  0.00000
  0.97986  0.00000
  10 3499.36109 3615.42940
  8.00866 -6.47610  5.52830 -3.08070
 14.72933 -5.31810  5.52420 -2.55140
  7.20771  1.46720 -2.08340  0.97830
57823.00000
312.00000
 15.30896 -5.31810  5.52420 -2.55140
  6.80249  1.46720 -2.08340  0.97830
  1.00013  0.00000
  10 3615.42940 3876.25000
  7.74748 -6.47610  5.52830 -3.08070
 24.96250-40.46730 51.48320-26.64190
 11.26292-13.78180 17.45750 -9.27770
57823.00000
312.00000
 24.79177-40.46730 51.48320-26.64190
 11.33425-13.78180 17.45750 -9.27770
  0.99279  0.00000
  10 3876.25000 4122.50000
  7.73817 -6.47610  5.52830 -3.08070
 24.56117-40.46730 51.48320-26.64190
 11.00636-13.78180 17.45750 -9.27770
57823.00000
312.00000
 24.51880-40.46730 51.48320-26.64190
 10.89739-13.78180 17.45750 -9.27770
  1.01891  0.00000
  10 4122.50000 4368.75000
  7.79561 -6.47610  5.52830 -3.08070
 25.55654-40.46730 51.48320-26.64190
 11.46880-13.78180 17.45750 -9.27770
57823.00000
312.00000
 24.80580-40.46730 51.48320-26.64190
 10.99743-13.78180 17.45750 -9.27770
  1.00134  0.00000
  10 4368.75000 4615.00000
  7.89122 -6.47610  5.52830 -3.08070
 24.43545-40.46730 51.48320-26.64190
 11.21505-13.78180 17.45750 -9.27770
57823.00000
312.00000
 24.38266-40.46730 51.48320-26.64190
 11.45085-13.78180 17.45750 -9.27770
  0.98229  0.00000
  10 4615.00000 4861.25000
  8.13759 -6.47610  5.52830 -3.08070
 24.38486-40.46730 51.48320-26.64190
 11.39545-13.78180 17.45750 -9.27770
57823.00000
312.00000
 24.68373-40.46730 51.48320-26.64190
 11.24315-13.78180 17.45750 -9.27770
  0.97887  0.00000
  10 4861.25000 5107.50000
  8.05552 -6.47610  5.52830 -3.08070
 24.97260-40.46730 51.48320-26.64190
 11.37024-13.78180 17.45750 -9.27770
57823.00000
312.00000
 24.35977-40.46730 51.48320-26.64190
 11.10445-13.78180 17.45750 -9.27770
  1.00343  0.00000
  10 5107.50000 5353.75000
  7.82125 -6.47610  5.52830 -3.08070
 25.51701-40.46730 51.48320-26.64190
 11.27843-13.78180 17.45750 -9.27770
57823.00000
312.00000
 24.55833-40.46730 51.48320-26.64190
 11.39859-13.78180 17.45750 -9.27770
  1.01397  0.00000
  10 5353.75000 5600.00000
  7.90866 -6.47610  5.52830 -3.08070
 24.69689-40.46730 51.48320-26.64190
 11.03989-13.78180 17.45750 -9.27770
57823.00000
312.00000
 24.46138-40.46730 51.48320-26.64190
 11.27656-13.78180 17.45750 -9.27770
  0.99551  0.00000
   5 5600.00000 5720.53865
  7.71866 -6.47610  5.52830 -3.08070
 28.87634-23.60270  5.52420 -2.55140
 22.43920-17.24730 -2.08340  0.97830
57823.00000
312.00000
 29.74398-23.60270  5.52420 -2.55140
 22.15046-17.24730 -2.08340  0.97830
  1.00174  0.00000
   5 5720.53865 5771.00000
  5.40448 -1.48360  0.00000  0.00000
 18.67756 -9.86720  0.00000  0.00000
  9.77070 -4.93240  0.00000  0.00000
57823.00000
143.00000
 19.12435 -9.86720  0.00000  0.00000
  9.85687 -4.93240  0.00000  0.00000
  1.01532  0.00000
  10 5771.00000 5996.13412
 11.36180 -8.02980  0.00000  0.00000
 38.74483-32.61660  0.00000  0.00000
 22.52865-18.58560  0.00000  0.00000
57823.00000
143.00000
 39.18006-32.61660  0.00000  0.00000
 22.74879-18.58560  0.00000  0.00000
  1.00758  0.00000
  10 5996.13412 6141.78614
  7.17472 -3.80450  0.00000  0.00000
 20.59468-12.25690  0.00000  0.00000
  8.97329 -4.45970  0.00000  0.00000
57823.00000
143.00000
 20.59420-12.25690  0.00000  0.00000
  9.36067 -4.45970  0.00000  0.00000
  1.00537  0.00000
  10 6141.78614 6291.00000
  2.73031  0.69240  0.00000  0.00000
  0.65823  7.21800  0.00000  0.00000
  5.74068 -1.46780  0.00000  0.00000
57823.00000
 80.00000
  3.30212  4.61720  0.00000  0.00000
 -0.94736  5.71760  0.00000  0.00000
  3.38738 -2.47780
   5 6291.00000 6346.60000
  2.46394  0.69240  0.00000  0.00000
  1.21526  7.21800  0.00000  0.00000
  5.82010 -1.46780  0.00000  0.00000
57823.00000
600.00000
  3.77307  4.61720  0.00000  0.00000
 -1.06184  5.71760  0.00000  0.00000
  3.35342 -2.47780
   5 6346.60000 6356.00000
  2.90000  0.00000  0.00000  0.00000
  6.80000  0.00000  0.00000  0.00000
  3.90000  0.00000  0.00000  0.00000
57823.00000
600.00000
  6.80000  0.00000  0.00000  0.00000
  3.90000  0.00000  0.00000  0.00000
  1.00000  0.00000
   5 6356.00000 6368.00000
  2.60000  0.00000  0.00000  0.00000
  5.80000  0.00000  0.00000  0.00000
  3.20000  0.00000  0.00000  0.00000
57823.00000
600.00000
  5.80000  0.00000  0.00000  0.00000
  3.20000  0.00000  0.00000  0.00000
  1.00000  0.00000
   5 6368.00000 6371.00000
  1.02000  0.00000  0.00000  0.00000
  1.45000  0.00000  0.00000  0.00000
  0.00000  0.00000  0.00000  0.00000
57823.00000
  0.00000
  1.45000  0.00000  0.00000  0.00000
  0.00000  0.00000  0.00000  0.00000
  1.00000  0.00000
