ANISOTROPIC_PREM
   1    1.00000  0
    30  40 120 6371.00000
  10    0.00000  305.37500
 13.36444  0.00000 -8.83810  0.00000
 11.35162  0.00000 -6.36400  0.00000
  3.57655  0.00000 -4.44750  0.00000
1327.70000
 84.60000
 11.22391  0.00000 -6.36400  0.00000
  3.73802  0.00000 -4.44750  0.00000
  0.98685  0.00000
  10  305.37500  610.75000
 13.05710  0.00000 -8.83810  0.00000
 11.20536  0.00000 -6.36400  0.00000
  3.70103  0.00000 -4.44750  0.00000
1327.70000
 84.60000
 11.31400  0.00000 -6.36400  0.00000
  3.74743  0.00000 -4.44750  0.00000
  1.01000  0.00000
  10  610.75000  916.12500
 13.22012  0.00000 -8.83810  0.00000
 11.05200  0.00000 -6.36400  0.00000
  3.75430  0.00000 -4.44750  0.00000
1327.70000
 84.60000
 11.38320  0.00000 -6.36400  0.00000
  3.71672  0.00000 -4.44750  0.00000
  0.99584  0.00000
  10  916.12500 1209.11613
 13.29485  0.00000 -8.83810  0.00000
 11.22009  0.00000 -6.36400  0.00000
  3.61696  0.00000 -4.44750  0.00000
1327.70000
 84.60000
 11.30004  0.00000 -6.36400  0.00000
  3.71722  0.00000 -4.44750  0.00000
  1.01990  0.00000
  10 1209.11613 1503.81250
 12.85153 -1.26380 -3.64260 -5.52810
 10.79461 -4.03620  4.80230-13.57320
  0.00000  0.00000  0.00000  0.00000
57823.00000
  0.00000
 10.83147 -4.03620  4.80230-13.57320
  0.00000  0.00000  0.00000  0.00000
  0.98989  0.00000
  10 1503.81250 1786.12500
 12.48813 -1.26380 -3.64260 -5.52810
 10.83582 -4.03620  4.80230-13.57320
  0.00000  0.00000  0.00000  0.00000
57823.00000
  0.00000
 10.98658 -4.03620  4.80230-13.57320
  0.00000  0.00000  0.00000  0.00000
  1.00204  0.00000
  10 1786.12500 2068.43750
 12.45181 -1.26380 -3.64260 -5.52810
 11.21181 -4.03620  4.80230-13.57320
  0.00000  0.00000  0.00000  0.00000
57823.00000
  0.00000
 11.16637 -4.03620  4.80230-13.57320
  0.00000  0.00000  0.00000  0.00000
  0.98925  0.00000
  10 2068.43750 2350.75000
 12.85596 -1.26380 -3.64260 -5.52810
 11.05680 -4.03620  4.80230-13.57320
  0.00000  0.00000  0.00000  0.00000
57823.00000
  0.00000
 11.26632 -4.03620  4.80230-13.57320
  0.00000  0.00000  0.00000  0.00000
  1.02243  0.00000
  10 2350.75000 2633.06250
 12.43976 -1.26380 -3.64260 -5.52810
 11.18440 -4.03620  4.80230-13.57320
  0.00000  0.00000  0.00000  0.00000
57823.00000
  0.00000
 11.23905 -4.03620  4.80230-13.57320
  0.00000  0.00000  0.00000  0.00000
  0.98889  0.00000
  10 2633.06250 2915.37500
 12.64393 -1.26380 -3.64260 -5.52810
 11.15727 -4.03620  4.80230-13.57320
  0.00000  0.00000  0.00000  0.00000
57823.00000
  0.00000
 11.04488 -4.03620  4.80230-13.57320
  0.00000  0.00000  0.00000  0.00000
  1.00881  0.00000
  10 2915.37500 3197.68750
 12.44686 -1.26380 -3.64260 -5.52810
 11.06082 -4.03620  4.80230-13.57320
  0.00000  0.00000  0.00000  0.00000
57823.00000
  0.00000
 11.23856 -4.03620  4.80230-13.57320
  0.00000  0.00000  0.00000  0.00000
  0.99272  0.00000
  10 3197.68750 3416.60598
 12.54499 -1.26380 -3.64260 -5.52810
 11.14301 -4.03620  4.80230-13.57320
  0.00000  0.00000  0.00000  0.00000
57823.00000
  0.00000
 10.94554 -4.03620  4.80230-13.57320
  0.00000  0.00000  0.00000  0.00000
  1.00917  0.00000
  10 3416.60598 3621.14125
  7.93339 -6.47610  5.52830 -3.08070
 15.99706 -5.31810  5.52420 -2.55140
  6.58522  1.46720 -2.08340  0.97830
57823.00000
312.00000
 15.54926 -5.31810  5.52420 -2.55140
  7.25989  1.46720 -2.08340  0.97830
  1.00599  0.00000
  10 3621.14125 3876.25000
  8.29649 -6.47610  5.52830 -3.08070
 25.55884-40.46730 51.48320-26.64190
 11.35112-13.78180 17.45750 -9.27770
57823.00000
312.00000
 25.30767-40.46730 51.48320-26.64190
 11.37191-13.78180 17.45750 -9.27770
  1.01365  0.00000
  10 3876.25000 4122.50000
  8.23980 -6.47610  5.52830 -3.08070
 24.62672-40.46730 51.48320-26.64190
 10.96501-13.78180 17.45750 -9.27770
57823.00000
312.00000
 24.29192-40.46730 51.48320-26.64190
 11.46721-13.78180 17.45750 -9.27770
  1.00631  0.00000
  10 4122.50000 4368.75000
  7.97351 -6.47610  5.52830 -3.08070
 25.48140-40.46730 51.48320-26.64190
 11.07405-13.78180 17.45750 -9.27770
57823.00000
312.00000
 24.41029-40.46730 51.48320-26.64190
 11.25518-13.78180 17.45750 -9.27770
  0.99781  0.00000
  10 4368.75000 4615.00000
  8.15282 -6.47610  5.52830 -3.08070
 24.91527-40.46730 51.48320-26.64190
 10.93172-13.78180 17.45750 -9.27770
57823.00000
312.00000
 24.72534-40.46730 51.48320-26.64190
 11.06517-13.78180 17.45750 -9.27770
  0.99753  0.00000
  10 4615.00000 4861.25000
  8.10568 -6.47610  5.52830 -3.08070
 24.59119-40.46730 51.48320-26.64190
 11.37483-13.78180 17.45750 -9.27770
57823.00000
312.00000
 24.60105-40.46730 51.48320-26.64190
 11.30164-13.78180 17.45750 -9.27770
  0.98282  0.00000
  10 4861.25000 5107.50000
  7.90847 -6.47610  5.52830 -3.08070
 24.84376-40.46730 51.48320-26.64190
 10.96897-13.78180 17.45750 -9.27770
57823.00000
312.00000
 24.56021-40.46730 51.48320-26.64190
 11.14091-13.78180 17.45750 -9.27770
  0.98088  0.00000
  10 5107.50000 5353.75000
  8.04086 -6.47610  5.52830 -3.08070
 25.05009-40.46730 51.48320-26.64190
 11.07279-13.78180 17.45750 -9.27770
57823.00000
312.00000
 25.01258-40.46730 51.48320-26.64190
 11.31926-13.78180 17.45750 -9.27770
  0.98274  0.00000
  10 5353.75000 5600.00000
  8.22382 -6.47610  5.52830 -3.08070
 25.39099-40.46730 51.48320-26.64190
 11.08207-13.78180 17.45750 -9.27770
57823.00000
312.00000
 25.10957-40.46730 51.48320-26.64190
 11.45417-13.78180 17.45750 -9.27770
  1.02148  0.00000
   5 5600.00000 5671.78840
  7.94148 -6.47610  5.52830 -3.08070
 29.71662-23.60270  5.52420 -2.55140
 22.20426-17.24730 -2.08340  0.97830
57823.00000
312.00000
 29.26027-23.60270  5.52420 -2.55140
 22.07583-17.24730 -2.08340  0.97830
  1.00852  0.00000
   5 5671.78840 5771.00000
  5.31566 -1.48360  0.00000  0.00000
 19.15674 -9.86720  0.00000  0.00000
  9.83087 -4.93240  0.00000  0.00000
57823.00000
143.00000
 19.29949 -9.86720  0.00000  0.00000
  9.79851 -4.93240  0.00000  0.00000
  1.02024  0.00000
  10 5771.00000 5961.81501
 11.35150 -8.02980  0.00000  0.00000
 40.29527-32.61660  0.00000  0.00000
 22.60991-18.58560  0.00000  0.00000
57823.00000
143.00000
 39.35153-32.61660  0.00000  0.00000
 22.27844-18.58560  0.00000  0.00000
  1.00573  0.00000
  10 5961.81501 6139.46108
  6.89186 -3.80450  0.00000  0.00000
 20.44345-12.25690  0.00000  0.00000
  9.02245 -4.45970  0.00000  0.00000
57823.00000
143.00000
 20.15853-12.25690  0.00000  0.00000
  8.50475 -4.45970  0.00000  0.00000
  0.98564  0.00000
  10 6139.46108 6291.00000
  2.53950  0.69240  0.00000  0.00000
  0.35310  7.21800  0.00000  0.00000
  6.03997 -1.46780  0.00000  0.00000
57823.00000
 80.00000
  3.14493  4.61720  0.00000  0.00000
 -1.17865  5.71760  0.00000  0.00000
  3.34556 -2.47780
   5 6291.00000 6346.60000
  2.34459  0.69240  0.00000  0.00000
  0.75468  7.21800  0.00000  0.00000
  5.63167 -1.46780  0.00000  0.00000
57823.00000
600.00000
  3.24391  4.61720  0.00000  0.00000
 -1.13676  5.71760  0.00000  0.00000
  3.37023 -2.47780
   5 6346.60000 6356.00000
  2.90000  0.00000  0.00000  0.00000
  6.80000  0.00000  0.00000  0.00000
  3.90000  0.00000  0.00000  0.00000
57823.00000
600.00000
  6.80000  0.00000  0.00000  0.00000
  3.90000  0.00000  0.00000  0.00000
  1.00000  0.00000
   5 6356.00000 6368.00000
  2.60000  0.00000  0.00000  0.00000
  5.80000  0.00000  0.00000  0.00000
  3.20000  0.00000  0.00000  0.00000
57823.00000
600.00000
  5.80000  0.00000  0.00000  0.00000
  3.20000  0.00000  0.00000  0.00000
  1.00000  0.00000
   5 6368.00000 6371.00000
  1.02000  0.00000  0.00000  0.00000
  1.45000  0.00000  0.00000  0.00000
  0.00000  0.00000  0.00000  0.00000
57823.00000
  0.00000
  1.45000  0.00000  0.00000  0.00000
  0.00000  0.00000  0.00000  0.00000
  1.00000  0.00000
