    0 t    2    6.175298       0.3856652        2592.923        9.338488        255.7486       0.9507657E-09
    0 t    3    6.819884       0.5962901        1677.036        7.747724        245.5217       0.1720087E-09
    0 t    4    6.929406       0.7789706        1283.746        6.916669        233.8666       0.3057713E-09
    0 t    5    6.873792       0.9444340        1058.835        6.342969        222.1243       0.6740080E-09
    0 t    6    6.759969        1.097667        911.0232        5.928053        211.1796       0.7229030E-09
    0 t    7    6.628954        1.241992        805.1582        5.623217        201.3949       0.9796463E-09
    0 t    8    6.497624        1.379704        724.7929        5.393828        192.8147       0.1228257E-08
    0 t    9    6.372690        1.512373        661.2126        5.216131        185.3523       0.1157524E-08
    0 t   10    6.256467        1.641085        609.3531        5.074888        178.8846       0.1403521E-08
    0 t   11    6.149406        1.766622        566.0522        4.960506        173.2870       0.2275156E-08
    0 t   12    6.051192        1.889572        529.2204        4.866772        168.4446       0.1511607E-08
    0 t   13    5.961221        2.010396        497.4145        4.789422        164.2545       0.1611335E-08
    0 t   14    5.878806        2.129461        469.6024        4.725338        160.6255       0.1855488E-08
    0 t   15    5.803259        2.247068        445.0244        4.672116        157.4785       0.1789342E-08
    0 t   16    5.733930        2.363463        423.1079        4.627837        154.7449       0.1803164E-08
    0 t   17    5.670216        2.478849        403.4130        4.590940        152.3656       0.1738431E-08
    0 t   18    5.611570        2.593395        385.5950        4.560141        150.2905       0.1282241E-08
    0 t   19    5.557497        2.707238        369.3802        4.534380        148.4767       0.9938779E-09
    0 t   20    5.507552        2.820493        354.5480        4.512784        146.8879       0.1073416E-08
    0 t   21    5.461334        2.933254        340.9183        4.494631        145.4934       0.6212732E-09
    0 t   22    5.418485        3.045601        328.3425        4.479325        144.2669       0.5721901E-10
    0 t   23    5.378687        3.157596        316.6966        4.466376        143.1863       0.6300251E-10
    0 t   24    5.341651        3.269295        305.8763        4.455379        142.2327       0.6889174E-10
    1 t    1    33.19776        1.243978        803.8730        2.646304        267.9673       0.1565595E-10
    1 t    2    21.30024        1.330261        751.7320        4.215644        264.5416       0.2505926E-10
    1 t    3    16.61392        1.452622        688.4103        5.517169        261.2970       0.3622431E-10
    1 t    4    14.26367        1.603453        623.6539        6.483916        258.4727       0.4830791E-10
    1 t    5    12.91146        1.773988        563.7018        7.093018        255.4435       0.3355218E-09
    1 t    6    12.04317        1.955540        511.3678        7.373196        251.4802       0.5092259E-09
    1 t    7    11.42551        2.140668        467.1439        7.392189        246.3404       0.3514676E-09
    1 t    8    10.94442        2.323936        430.3044        7.239984        240.4095       0.3026217E-09
    1 t    9    10.54373        2.502249        399.6405        7.010075        234.4323       0.5084313E-09
    1 t   10    10.19680        2.674642        373.8818        6.775602        229.0515       0.5878495E-09
    1 t   11    9.891112        2.841551        351.9205        6.574749        224.5315       0.4896259E-09
    1 t   12    9.619952        3.003969        332.8929        6.415859        220.8056       0.2057227E-09
    1 t   13    9.378552        3.162875        316.1680        6.292101        217.6592       0.1111089E-10
    1 t   14    9.162816        3.319017        301.2940        6.192878        214.8665       0.1365460E-09
    1 t   15    8.969050        3.472887        287.9448        6.108996        212.2475       0.5768728E-09
    1 t   16    8.793979        3.624782        275.8787        6.033903        209.6777       0.8448109E-09
    1 t   17    8.634770        3.774864        264.9102        5.963410        207.0802       0.9661988E-09
    1 t   18    8.489028        3.923216        254.8929        5.895051        204.4141       0.5266202E-09
    1 t   19    8.354753        4.069872        245.7080        5.827526        201.6642       0.5333984E-09
    1 t   20    8.230293        4.214846        237.2566        5.760288        198.8334       0.4112418E-09
    1 t   21    8.114287        4.358142        229.4556        5.693254        195.9364       0.6754445E-09
    1 t   22    8.005622        4.499768        222.2337        5.626618        192.9948       0.7868781E-09
    1 t   23    7.903385        4.639739        215.5294        5.560723        190.0337       0.8697887E-09
    1 t   24    7.806827        4.778077        209.2892        5.495967        187.0793       0.6479907E-09
    2 t    1    59.02602        2.211807        452.1189        1.284096        207.8639      -0.1406862E-09
    2 t    2    36.09906        2.254490        443.5592        2.124911        208.6948      -0.1252020E-09
    2 t    3    26.51120        2.317981        431.4099        2.946875        210.1071      -0.1053962E-09
    2 t    4    21.36532        2.401786        416.3568        3.748942        212.2793      -0.7770965E-10
    2 t    5    18.23500        2.505423        399.1342        4.532507        215.4089      -0.5743837E-10
    2 t    6    16.18708        2.628417        380.4571        5.295471        219.6506      -0.4198861E-10
    2 t    7    14.78499        2.770096        360.9983        6.022353        224.9882      -0.3886751E-10
    2 t    8    13.79463        2.929149        341.3961        6.677243        231.0725       0.1374177E-10
    2 t    9    13.07585        3.103172        322.2509        7.211928        237.1877       0.8256842E-10
    2 t   10    12.53763        3.288648        304.0763        7.589318        242.4922       0.6264095E-09
    2 t   11    12.11861        3.481475        287.2346        7.801401        246.3724       0.7146102E-09
    2 t   12    11.77757        3.677718        271.9078        7.867481        248.6006       0.1031477E-08
    2 t   13    11.48756        3.874131        258.1224        7.821265        249.2578       0.5151343E-09
    2 t   14    11.23154        4.068366        245.7990        7.699168        248.5871       0.4157768E-09
    2 t   15    10.99911        4.258942        234.8001        7.533486        246.8869      -0.2367079E-10
    2 t   16    10.78414        4.445103        224.9667        7.349460        244.4566       0.1744801E-09
    2 t   17    10.58312        4.626627        216.1402        7.164896        241.5721       0.4919481E-09
    2 t   18    10.39411        4.803654        208.1748        6.991184        238.4711       0.3314152E-09
    2 t   19    10.21600        4.976547        200.9425        6.834756        235.3438       0.7232381E-09
    2 t   20    10.04812        5.145778        194.3341        6.698393        232.3260       0.5448353E-09
    2 t   21    9.889978        5.311856        188.2581        6.582274        229.5010       0.3903685E-09
    2 t   22    9.741157        5.475271        182.6394        6.484838        226.9065       0.4151962E-09
    2 t   23    9.601207        5.636457        177.4164        6.403507        224.5458      -0.6113257E-10
    2 t   24    9.469639        5.795782        172.5393        6.335267        222.4006      -0.7004828E-10
    3 t    1    86.05383        3.224586        310.1173       0.9781865        221.7382      -0.7460417E-10
    3 t    2    52.15337        3.257128        307.0189        1.621629        222.6429      -0.7272039E-10
    3 t    3    37.80700        3.305619        302.5152        2.252360        223.9499      -0.7023663E-10
    3 t    4    29.97532        3.369682        296.7639        2.865854        225.5992      -0.6752058E-10
    3 t    5    25.10134        3.448833        289.9532        3.458021        227.5112      -0.6500778E-10
    3 t    6    21.81639        3.542491        282.2872        4.025145        229.5886      -0.6315330E-10
    3 t    7    19.48128        3.649986        273.9736        4.563709        231.7202      -0.6241303E-10
    3 t    8    17.75718        3.770557        265.2128        5.070052        233.7860      -0.6320497E-10
    3 t    9    16.44754        3.903347        256.1904        5.539862        235.6665      -0.6589253E-10
    3 t   10    15.43020        4.047375        247.0737        5.967618        237.2535      -0.7077217E-10
    3 t   11    14.62495        4.201505        238.0100        6.346317        238.4657      -0.4770569E-10
    3 t   12    13.97665        4.364411        229.1260        6.668145        239.2674      -0.5668088E-10
    3 t   13    13.44594        4.534585        220.5273        6.926646        239.6862      -0.8301060E-10
    3 t   14    13.00403        4.710408        212.2959        7.120053        239.8204       0.8437161E-10
    3 t   15    12.62966        4.890303        204.4863        7.253828        239.8206       0.1580123E-09
    3 t   16    12.30726        5.072919        197.1252        7.340015        239.8408       0.3075118E-09
    3 t   17    12.02563        5.257247        190.2136        7.393022        239.9767       0.2098497E-09
    3 t   18    11.77669        5.442613        183.7353        7.424492        240.2262       0.5265387E-09
    3 t   19    11.55448        5.628565        177.6652        7.440435        240.4905       0.2282837E-09
    3 t   20    11.35438        5.814733        171.9769        7.441542        240.6107       0.2577375E-09
    3 t   21    11.17255        6.000721        166.6466        7.425364        240.4158       0.2958453E-09
    3 t   22    11.00573        6.186055        161.6539        7.388705        239.7639      -0.9271912E-10
    3 t   23    10.85106        6.370193        156.9811        7.329409        238.5720      -0.1072786E-09
    3 t   24    10.70613        6.552564        152.6120        7.247455        236.8324       0.3035955E-09
    4 t    1    113.7278        4.261579        234.6548       0.6568107        218.9191      -0.2266100E-09
    4 t    2    68.58725        4.283472        233.4555        1.093033        219.2188      -0.2236191E-09
    4 t    3    49.36581        4.316253        231.6824        1.527126        219.6750      -0.2193533E-09
    4 t    4    38.78359        4.359865        229.3649        1.958925        220.2970      -0.2326874E-09
    4 t    5    32.12789        4.414255        226.5388        2.388904        221.0989      -0.2271334E-09
    4 t    6    27.58627        4.479391        223.2447        2.818298        222.1005      -0.2161905E-09
    4 t    7    24.31316        4.555282        219.5254        3.249151        223.3279      -0.2004955E-09
    4 t    8    21.86117        4.641998        215.4245        3.684234        224.8126      -0.1859696E-09
    4 t    9    19.97162        4.739683        210.9846        4.126747        226.5876      -0.1733722E-09
    4 t   10    18.48465        4.848563        206.2467        4.579643        228.6788      -0.1632184E-09
    4 t   11    17.29623        4.968919        201.2510        5.044369        231.0879      -0.1601873E-09
    4 t   12    16.33561        5.101030        196.0388        5.518868        233.7655      -0.1624011E-09
    4 t   13    15.55263        5.245055        190.6558        5.994983        236.5747      -0.1552045E-09
    4 t   14    14.91012        5.400845        185.1562        6.456063        239.2579      -0.1490758E-09
    4 t   15    14.37915        5.567719        179.6068        6.876382        241.4286      -0.1406770E-09
    4 t   16    13.93600        5.744265        174.0867        7.223925        242.6190      -0.1403838E-09
    4 t   17    13.56052        5.928257        168.6836        7.466843        242.3936      -0.1503758E-09
    4 t   18    13.23541        6.116765        163.4851        7.582387        240.5147      -0.1824621E-09
    4 t   19    12.94619        6.306509        158.5663        7.566956        237.1165       0.2244579E-10
    4 t   20    12.68166        6.494451        153.9776        7.444420        232.7938       0.9740882E-10
    4 t   21    12.43448        6.678496        149.7343        7.264990        228.4692      -0.8349381E-10
    4 t   22    12.20115        6.857971        145.8157        7.088060        225.0358      -0.2559849E-09
    4 t   23    11.98103        7.033548        142.1758        6.958412        223.0295      -0.2731545E-09
    4 t   24    11.77490        7.206692        138.7599        6.894533        222.5684       0.2052198E-09
