    0 t    2    6.050808       0.3778904        2646.270        9.161385        249.9840       0.1166154E-08
    0 t    3    6.687629       0.5847264        1710.201        7.616257        239.7945       0.1310902E-09
    0 t    4    6.800179       0.7644435        1308.141        6.808944        228.1854       0.2514293E-09
    0 t    5    6.749644       0.9273765        1078.311        6.247080        216.4813       0.6036225E-09
    0 t    6    6.640590        1.078282        927.4008        5.837466        205.5758       0.8171617E-09
    0 t    7    6.513592        1.220378        819.4183        5.535683        195.8459       0.9526477E-09
    0 t    8    6.385678        1.355934        737.4992        5.309285        187.3406       0.1115272E-08
    0 t    9    6.263781        1.486527        672.7091        5.135121        179.9691       0.1145404E-08
    0 t   10    6.150378        1.613257        619.8639        4.997870        173.6009       0.2127831E-08
    0 t   11    6.046005        1.736916        575.7330        4.887699        168.1054       0.1767606E-08
    0 t   12    5.950388        1.858095        538.1858        4.798219        163.3639       0.1644334E-08
    0 t   13    5.862944        1.977252        505.7524        4.725086        159.2714       0.1937077E-08
    0 t   14    5.782996        2.094756        477.3826        4.665181        155.7367       0.2240224E-08
    0 t   15    5.709868        2.210906        452.3032        4.616139        152.6805       0.1974256E-08
    0 t   16    5.642919        2.325949        429.9320        4.576093        150.0349       0.1948642E-08
    0 t   17    5.581558        2.440091        409.8208        4.543532        147.7414       0.1761396E-08
    0 t   18    5.525250        2.553502        391.6191        4.517205        145.7501       0.1493941E-08
    0 t   19    5.473508        2.666324        375.0482        4.496075        144.0186       0.1164780E-08
    0 t   20    5.425897        2.778676        359.8836        4.479272        142.5105       0.6642659E-09
    0 t   21    5.382022        2.890656        345.9422        4.466066        141.1951       0.5151067E-10
    0 t   22    5.341533        3.002347        333.0727        4.455847        140.0462       0.5759862E-10
    0 t   23    5.304111        3.113816        321.1493        4.448100        139.0415       0.6392823E-10
    0 t   24    5.269474        3.225120        310.0660        4.442397        138.1621       0.7048170E-10
    1 t    1    33.21058        1.244458        803.5628        2.506247        268.3167       0.1462840E-09
    1 t    2    21.23561        1.326225        754.0199        3.997285        264.4364       0.3110209E-10
    1 t    3    16.49640        1.442347        693.3143        5.240282        260.7080       0.4101971E-10
    1 t    4    14.10633        1.585766        630.6101        6.171912        257.5348       0.3358852E-10
    1 t    5    12.72452        1.748303        571.9833        6.769092        254.4231       0.1484970E-09
    1 t    6    11.83555        1.921827        520.3382        7.058364        250.7202       0.1864306E-09
    1 t    7    11.20522        2.099396        476.3276        7.105332        246.1918       0.2783091E-09
    1 t    8    10.71865        2.275996        439.3681        6.995325        241.1333       0.4774479E-09
    1 t    9    10.31842        2.448778        408.3670        6.812340        236.1111       0.7464899E-09
    1 t   10    9.976132        2.616761        382.1519        6.619335        231.6014       0.6458822E-09
    1 t   11    9.677452        2.780170        359.6902        6.449531        227.7983       0.3308390E-09
    1 t   12    9.414259        2.939738        340.1663        6.312091        224.6510       0.2674446E-09
    1 t   13    9.180981        3.096245        322.9718        6.203525        221.9910       0.3808446E-09
    1 t   14    8.973174        3.250324        307.6617        6.116437        219.6306       0.5777412E-09
    1 t   15    8.787057        3.402418        293.9086        6.043739        217.4091       0.3576177E-09
    1 t   16    8.619385        3.552816        281.4668        5.979922        215.2044       0.3199533E-09
    1 t   17    8.467385        3.701689        270.1470        5.921065        212.9316       0.3720727E-09
    1 t   18    8.328707        3.849123        259.7994        5.864491        210.5361       0.5514210E-09
    1 t   19    8.201369        3.995154        250.3033        5.808419        207.9876       0.6379989E-09
    1 t   20    8.083707        4.139777        241.5589        5.751710        205.2753       0.9573411E-09
    1 t   21    7.974325        4.282969        233.4829        5.693684        202.4031       0.8487536E-09
    1 t   22    7.872050        4.424691        226.0045        5.634012        199.3867       0.7681126E-09
    1 t   23    7.775905        4.564901        219.0628        5.572631        196.2502       0.8156360E-09
    1 t   24    7.685071        4.703558        212.6050        5.509689        193.0237       0.6218918E-09
    2 t    1    58.54418        2.193752        455.8400        1.282311        214.9203      -0.1347082E-09
    2 t    2    35.80900        2.236376        447.1520        2.121980        215.6212      -0.1148427E-09
    2 t    3    26.30293        2.299772        434.8258        2.942051        216.8556      -0.9025311E-10
    2 t    4    21.20180        2.383405        419.5678        3.739375        218.8033      -0.7129483E-10
    2 t    5    18.09855        2.486675        402.1435        4.511258        221.6361      -0.5302784E-10
    2 t    6    16.06665        2.608862        383.3089        5.249660        225.4422      -0.4182945E-10
    2 t    7    14.67186        2.748900        363.7819        5.933706        230.1128       0.2493416E-10
    2 t    8    13.68090        2.905001        344.2340        6.527309        235.2432       0.2849683E-10
    2 t    9    12.95453        3.074381        325.2687        6.989628        240.1765       0.2221969E-10
    2 t   10    12.40318        3.253381        307.3726        7.294448        244.2417       0.1547658E-09
    2 t   11    11.96733        3.438014        290.8656        7.442962        247.0238       0.4355912E-09
    2 t   12    11.60767        3.624661        275.8878        7.461725        248.4632       0.3470233E-09
    2 t   13    11.29909        3.810569        262.4280        7.391094        248.7674       0.4565582E-10
    2 t   14    11.02631        3.994026        250.3739        7.272031        248.2496       0.2005242E-09
    2 t   15    10.78037        4.174244        239.5643        7.136401        247.1980       0.3128587E-09
    2 t   16    10.55602        4.351076        229.8282        7.003426        245.8173       0.4387872E-09
    2 t   17    10.35000        4.524712        221.0086        6.881582        244.2323       0.5991661E-09
    2 t   18    10.16001        4.695464        212.9715        6.772770        242.5183       0.8722496E-09
    2 t   19    9.984243        4.863650        205.6069        6.676025        240.7288       0.9498370E-09
    2 t   20    9.821160        5.029550        198.8249        6.589740        238.9127       0.8692728E-09
    2 t   21    9.669448        5.193411        192.5517        6.512635        237.1194       0.4994246E-09
    2 t   22    9.527982        5.355450        186.7257        6.443963        235.3987      -0.2653415E-10
    2 t   23    9.395805        5.515875        181.2949        6.383392        233.7965      -0.3653338E-10
    2 t   24    9.272107        5.674885        176.2150        6.330791        232.3517       0.2664777E-09
    3 t    1    84.47532        3.165437        315.9122       0.9031482        222.5119      -0.6478502E-10
    3 t    2    51.16680        3.195515        312.9386        1.500324        223.5997      -0.6389409E-10
    3 t    3    37.06166        3.240451        308.5990        2.090575        225.2078      -0.6274205E-10
    3 t    4    29.35587        3.300046        303.0261        2.672005        227.3076      -0.6152534E-10
    3 t    5    24.55715        3.374063        296.3785        3.243500        229.8620      -0.5957798E-10
    3 t    6    21.32221        3.462248        288.8297        3.804770        232.8261      -0.5187198E-10
    3 t    7    19.02419        3.564348        280.5563        4.356190        236.1485      -0.5185288E-10
    3 t    8    17.33128        3.680121        271.7302        4.898202        239.7704      -0.5263660E-10
    3 t    9    16.05137        3.809326        262.5136        5.430009        243.6199      -0.5608137E-10
    3 t   10    15.06532        3.951664        253.0579        5.947363        247.5967      -0.6139384E-10
    3 t   11    14.29481        4.106659        243.5069        6.439877        251.5477      -0.2723828E-10
    3 t   12    13.68545        4.273479        234.0014        6.889522        255.2456       0.1351990E-09
    3 t   13    13.19739        4.450761        224.6807        7.272623        258.3922       0.1340816E-09
    3 t   14    12.80011        4.636544        215.6779        7.565957        260.6648       0.3576730E-10
    3 t   15    12.46970        4.828365        207.1094        7.754000        261.7907      -0.6332408E-10
    3 t   16    12.18743        5.023525        199.0634        7.833421        261.6169       0.1569611E-09
    3 t   17    11.93906        5.219399        191.5929        7.813750        260.1560       0.3878632E-09
    3 t   18    11.71423        5.413750        184.7149        7.715516        257.6040       0.3688559E-09
    3 t   19    11.50600        5.604948        178.4138        7.566517        254.3163       0.3483709E-09
    3 t   20    11.31018        5.792097        172.6490        7.396086        250.7270      -0.8671992E-10
    3 t   21    11.12463        5.974982        167.3645        7.228683        247.2345      -0.9074810E-10
    3 t   22    10.94851        6.153892        162.4988        7.079750        244.1128       0.1540325E-09
    3 t   23    10.78155        6.329383        157.9933        6.955480        241.4872       0.1360782E-09
    3 t   24    10.62364        6.502077        153.7970        6.855394        239.3635      -0.1277492E-09
    4 t    1    115.7711        4.338145        230.5133       0.6698466        240.6732      -0.2878185E-09
    4 t    2    69.81967        4.360440        229.3346        1.111730        240.5880      -0.2791612E-09
    4 t    3    50.25170        4.393709        227.5981        1.546802        240.4517      -0.2694665E-09
    4 t    4    39.47644        4.437752        225.3393        1.972746        240.2558      -0.2590298E-09
    4 t    5    32.69603        4.492316        222.6023        2.387636        239.9917      -0.2390921E-09
    4 t    6    28.06487        4.557104        219.4376        2.790029        239.6529      -0.2191076E-09
    4 t    7    24.72153        4.631792        215.8991        3.179042        239.2375      -0.2125150E-09
    4 t    8    22.20988        4.716042        212.0422        3.554424        238.7516      -0.2007473E-09
    4 t    9    20.26586        4.809514        207.9212        3.916627        238.2116      -0.1870650E-09
    4 t   10    18.72610        4.911895        203.5874        4.266859        237.6484      -0.1712692E-09
    4 t   11    17.48416        5.022908        199.0879        4.607128        237.1102      -0.1632371E-09
    4 t   12    16.46789        5.142336        194.4642        4.940213        236.6655      -0.1568348E-09
    4 t   13    15.62672        5.270041        189.7518        5.269499        236.4047      -0.1463908E-09
    4 t   14    14.92428        5.405973        184.9806        5.598500        236.4384      -0.1401226E-09
    4 t   15    14.33380        5.550161        180.1749        5.929866        236.8886      -0.1410673E-09
    4 t   16    13.83509        5.702672        175.3564        6.263678        237.8678      -0.4162490E-10
    4 t   17    13.41244        5.863520        170.5460        6.595229        239.4415       0.1699470E-09
    4 t   18    13.05313        6.032523        165.7681        6.913306        241.5789       0.2226559E-10
    4 t   19    12.74630        6.209137        161.0530        7.200770        244.1143      -0.1622440E-09
    4 t   20    12.48230        6.392355        156.4369        7.438521        246.7535      -0.1681433E-09
    4 t   21    12.25246        6.580732        151.9588        7.611365        249.1387      -0.1755397E-09
    4 t   22    12.04915        6.772537        147.6552        7.712369        250.9430       0.2320420E-09
    4 t   23    11.86593        6.965982        143.5548        7.743600        251.9430       0.2323997E-09
    4 t   24    11.69767        7.159424        139.6760        7.714032        252.0486       0.2224747E-09
