    0 t    2    6.143298       0.3836667        2606.429        9.310235        255.3668      -0.2366411E-09
    0 t    3    6.794863       0.5941023        1683.212        7.759006        246.0388       0.1320969E-09
    0 t    4    6.916267       0.7774935        1286.184        6.960492        235.0814       0.4333238E-09
    0 t    5    6.873405       0.9443808        1058.895        6.411034        223.7113       0.8970291E-09
    0 t    6    6.771504        1.099540        909.4713        6.012242        212.8483       0.1164661E-08
    0 t    7    6.650950        1.246113        802.4954        5.717321        202.9526       0.1360856E-08
    0 t    8    6.528520        1.386265        721.3630        5.493524        194.1579       0.1357714E-08
    0 t    9    6.411036        1.521473        657.2577        5.318447        186.4383       0.1472822E-08
    0 t   10    6.300992        1.652764        605.0472        5.177792        179.7077       0.1438320E-08
    0 t   11    6.199025        1.780876        561.5213        5.062660        173.8627       0.1403603E-08
    0 t   12    6.104995        1.906373        524.5563        4.967359        168.7988       0.1377367E-08
    0 t   13    6.018455        2.029697        492.6843        4.888016        164.4169       0.1860757E-08
    0 t   14    5.938852        2.151211        464.8544        4.821782        160.6257       0.1803255E-08
    0 t   15    5.865616        2.271213        440.2934        4.766436        157.3434       0.2503295E-08
    0 t   16    5.798191        2.389951        418.4186        4.720166        154.4976       0.2799329E-08
    0 t   17    5.736055        2.507632        398.7825        4.681473        152.0256       0.2126371E-08
    0 t   18    5.678725        2.624430        381.0351        4.649097        149.8732       0.3299752E-08
    0 t   19    5.625757        2.740489        364.8984        4.621987        147.9940       0.2893647E-08
    0 t   20    5.576747        2.855929        350.1488        4.599261        146.3488       0.2262930E-08
    0 t   21    5.531330        2.970849        336.6041        4.580185        144.9041       0.2439528E-08
    0 t   22    5.489173        3.085333        324.1142        4.564147        143.6318       0.2975931E-08
    0 t   23    5.449980        3.199450        312.5537        4.550640        142.5080       0.1772228E-08
    0 t   24    5.413481        3.313258        301.8178        4.539245        141.5124       0.1891980E-08
    1 t    1    32.75493        1.227384        814.7410        2.581465        255.7878       0.7138750E-10
    1 t    2    20.99837        1.311409        762.5388        4.098055        251.2278       0.7198562E-10
    1 t    3    16.35621        1.430089        699.2570        5.339146        246.5303       0.3637806E-10
    1 t    4    14.01668        1.575688        634.6434        6.243144        242.2171       0.1458010E-09
    1 t    5    12.66021        1.739467        574.8888        6.794530        238.0051       0.3990391E-09
    1 t    6    11.78109        1.912985        522.7434        7.032194        233.5190       0.4705454E-09
    1 t    7    11.15161        2.089351        478.6175        7.038054        228.8105       0.4109877E-09
    1 t    8    10.66225        2.264021        441.6920        6.912981        224.3525       0.3697945E-09
    1 t    9    10.25993        2.434897        410.6950        6.746934        220.6683       0.3987048E-09
    1 t   10    9.918855        2.601737        384.3586        6.596227        218.0048       0.3932222E-09
    1 t   11    9.625507        2.765247        361.6313        6.481640        216.2931       0.4208589E-09
    1 t   12    9.371364        2.926344        341.7234        6.401884        215.2945       0.4498256E-09
    1 t   13    9.149967        3.085786        324.0665        6.347565        214.7413       0.4661458E-09
    1 t   14    8.955952        3.244085        308.2533        6.308926        214.4062       0.5857130E-09
    1 t   15    8.784774        3.401534        293.9850        6.278473        214.1188       0.6242712E-09
    1 t   16    8.632616        3.558270        281.0355        6.251181        213.7607       0.7404734E-09
    1 t   17    8.496301        3.714330        269.2276        6.223949        213.2540       0.7428228E-09
    1 t   18    8.373211        3.869691        258.4186        6.194999        212.5519       0.8567965E-09
    1 t   19    8.261198        4.024298        248.4905        6.163411        211.6298       0.5496041E-09
    1 t   20    8.158501        4.178080        239.3444        6.128813        210.4803       0.2021422E-09
    1 t   21    8.063679        4.330961        230.8957        6.091177        209.1085       0.9660873E-11
    1 t   22    7.975552        4.482866        223.0716        6.050698        207.5288       0.2228889E-09
    1 t   23    7.893149        4.633730        215.8089        6.007711        205.7627       0.6990787E-09
    1 t   24    7.815678        4.783494        209.0522        5.962643        203.8362       0.1110656E-08
    2 t    1    57.61691        2.159006        463.1762        1.300386        198.4776      -0.1550497E-09
    2 t    2    35.26334        2.202298        454.0712        2.158491        199.7609      -0.1384304E-09
    2 t    3    25.92739        2.266937        441.1239        3.006670        201.8700      -0.1169131E-09
    2 t    4    20.92842        2.352672        425.0485        3.844960        204.9863      -0.9404485E-10
    2 t    5    17.89887        2.459239        406.6299        4.671020        209.2643      -0.7155948E-10
    2 t    6    15.92703        2.586191        386.6691        5.471064        214.7095      -0.5836830E-10
    2 t    7    14.58429        2.732493        365.9662        6.210716        221.0178      -0.2718732E-10
    2 t    8    13.63850        2.895997        345.3042        6.837495        227.5030       0.7988441E-10
    2 t    9    12.94964        3.073221        325.3915        7.301331        233.2860       0.4422122E-09
    2 t   10    12.42735        3.259720        306.7748        7.578399        237.6674       0.6750812E-09
    2 t   11    12.01213        3.450883        289.7809        7.678712        240.3701       0.5969952E-09
    2 t   12    11.66543        3.642699        274.5218        7.638079        241.5157       0.5626923E-09
    2 t   13    11.36334        3.832237        260.9442        7.505078        241.4569       0.5918314E-09
    2 t   14    11.09196        4.017806        248.8920        7.328033        240.6017       0.3495816E-09
    2 t   15    10.84380        4.198805        238.1630        7.144455        239.2915       0.3663587E-09
    2 t   16    10.61498        4.375379        228.5516        6.976510        237.7548       0.3798843E-09
    2 t   17    10.40339        4.548052        219.8744        6.833050        236.1205       0.4200900E-09
    2 t   18    10.20760        4.717457        211.9786        6.714732        234.4563       0.2647403E-09
    2 t   19    10.02641        4.884191        204.7422        6.618637        232.8005       0.1282081E-09
    2 t   20    9.858673        5.048761        198.0684        6.541011        231.1806       0.3264436E-09
    2 t   21    9.703289        5.211587        191.8801        6.478443        229.6197       0.3598522E-09
    2 t   22    9.559219        5.373007        186.1155        6.428156        228.1377       0.3977340E-09
    2 t   23    9.425491        5.533302        180.7239        6.387938        226.7498       0.1773710E-09
    2 t   24    9.301213        5.692699        175.6636        6.355980        225.4653       0.1990681E-09
    3 t    1    84.90293        3.181460        314.3211       0.9324074        215.3070      -0.7536258E-10
    3 t    2    51.43854        3.212485        311.2855        1.546279        216.3603      -0.7409433E-10
    3 t    3    37.27083        3.258739        306.8671        2.149226        217.8992      -0.7160304E-10
    3 t    4    29.53255        3.319908        301.2132        2.738202        219.8768      -0.6993765E-10
    3 t    5    24.71401        3.395615        294.4975        3.311387        222.2348      -0.6857707E-10
    3 t    6    21.46515        3.485458        286.9064        3.868389        224.9077      -0.6519934E-10
    3 t    7    19.15598        3.589040        278.6261        4.410192        227.8261      -0.6548479E-10
    3 t    8    17.45317        3.706003        269.8325        4.938636        230.9195      -0.6707547E-10
    3 t    9    16.16390        3.836032        260.6860        5.455009        234.1120      -0.7021922E-10
    3 t   10    15.16881        3.978810        251.3314        5.957340        237.3087      -0.7502077E-10
    3 t   11    14.38960        4.133893        241.9028        6.436654        240.3707      -0.7884953E-10
    3 t   12    13.77194        4.300488        232.5318        6.874039        243.0896      -0.8339085E-10
    3 t   13    13.27583        4.477216        223.3531        7.242066        245.1896       0.1408416E-09
    3 t   14    12.87034        4.661981        214.5011        7.512576        246.3802       0.2389262E-09
    3 t   15    12.53096        4.852088        206.0968        7.667619        246.4477       0.6761021E-09
    3 t   16    12.23858        5.044608        198.2314        7.707055        245.3373       0.5559544E-09
    3 t   17    11.97896        5.236845        190.9547        7.649070        243.1825       0.5241307E-09
    3 t   18    11.74231        5.426726        184.2732        7.524181        240.2691       0.1522261E-09
    3 t   19    11.52253        5.613001        178.1578        7.365621        236.9480       0.4471519E-09
    3 t   20    11.31621        5.795185        172.5571        7.200463        233.5380       0.4632343E-09
    3 t   21    11.12158        5.973343        167.4104        7.045361        230.2679       0.4791733E-09
    3 t   22    10.93772        6.147833        162.6590        6.907459        227.2705       0.1564730E-09
    3 t   23    10.76404        6.319106        158.2502        6.787866        224.6085       0.1620903E-09
    3 t   24    10.60000        6.487605        154.1401        6.685005        222.3038      -0.1928647E-09
    4 t    1    114.1805        4.278540        233.7246       0.6749449        223.1030      -0.2847697E-09
    4 t    2    68.86813        4.301014        232.5033        1.120901        223.1445      -0.2828234E-09
    4 t    3    49.57539        4.334577        230.7030        1.561106        223.2006      -0.2941699E-09
    4 t    4    38.95436        4.379062        228.3594        1.993763        223.2651      -0.2905807E-09
    4 t    5    32.27351        4.434262        225.5167        2.417546        223.3318      -0.2867902E-09
    4 t    6    27.71286        4.499945        222.2249        2.831703        223.3955      -0.2838330E-09
    4 t    7    24.42303        4.575867        218.5378        3.236120        223.4540      -0.2749454E-09
    4 t    8    21.95438        4.661790        214.5099        3.631372        223.5095      -0.2667599E-09
    4 t    9    20.04668        4.757499        210.1945        4.018729        223.5703      -0.2603378E-09
    4 t   10    18.53900        4.862819        205.6420        4.400109        223.6519      -0.2530882E-09
    4 t   11    17.32656        4.977630        200.8988        4.777911        223.7782      -0.2483304E-09
    4 t   12    16.33832        5.101875        196.0064        5.154616        223.9817      -0.2409077E-09
    4 t   13    15.52444        5.235549        191.0019        5.531939        224.3003      -0.2395217E-09
    4 t   14    14.84890        5.378668        185.9196        5.909290        224.7701      -0.2461296E-09
    4 t   15    14.28478        5.531179        180.7933        6.281428        225.4106      -0.2525004E-09
    4 t   16    13.81117        5.692813        175.6601        6.635952        226.2023      -0.2358609E-09
    4 t   17    13.41100        5.862889        170.5644        6.952547        227.0715      -0.7763305E-10
    4 t   18    13.06964        6.040153        165.5587        7.206662        227.9020       0.2190525E-09
    4 t   19    12.77429        6.222771        160.7001        7.378259        228.5940       0.1106199E-09
    4 t   20    12.51396        6.408570        156.0411        7.461693        229.1383       0.4222658E-09
    4 t   21    12.27990        6.595470        151.6192        7.470018        229.6451       0.3166253E-09
    4 t   22    12.06582        6.781910        147.4511        7.429991        230.2874       0.2910826E-09
    4 t   23    11.86776        6.967052        143.5327        7.370806        231.1994       0.2497073E-09
    4 t   24    11.68343        7.150709        139.8463        7.314016        232.4076      -0.2551764E-09
