    0 t    2    6.037262       0.3770445        2652.207        9.123982        251.5333       0.1915917E-08
    0 t    3    6.666052       0.5828399        1715.737        7.572981        241.1920       0.1932662E-10
    0 t    4    6.775121       0.7616266        1312.979        6.780945        229.6987       0.4671609E-09
    0 t    5    6.726850       0.9242446        1081.965        6.251283        218.3608       0.9084656E-09
    0 t    6    6.624867        1.075729        929.6019        5.879007        207.9320       0.1375662E-08
    0 t    7    6.507847        1.219302        820.1417        5.610652        198.6543       0.1823341E-08
    0 t    8    6.391066        1.357078        736.8774        5.410030        190.5035       0.2080380E-08
    0 t    9    6.280248        1.490435        670.9452        5.253636        183.3672       0.2016708E-08
    0 t   10    6.177165        1.620284        617.1759        5.127160        177.1224       0.2016580E-08
    0 t   11    6.082000        1.747257        572.3257        5.022115        171.6576       0.2189146E-08
    0 t   12    5.994346        1.871821        534.2391        4.933380        166.8758       0.2248738E-08
    0 t   13    5.913613        1.994340        501.4190        4.857695        162.6921       0.2586955E-08
    0 t   14    5.839186        2.115110        472.7887        4.792813        159.0320       0.2557439E-08
    0 t   15    5.770487        2.234378        447.5518        4.737061        155.8296       0.2621628E-08
    0 t   16    5.706984        2.352356        425.1057        4.689110        153.0268       0.2589055E-08
    0 t   17    5.648199        2.469225        404.9854        4.647857        150.5725       0.2407848E-08
    0 t   18    5.593705        2.585138        386.8265        4.612370        148.4220       0.2094708E-08
    0 t   19    5.543113        2.700231        370.3387        4.581845        146.5363       0.1632572E-08
    0 t   20    5.496079        2.814617        355.2881        4.555591        144.8813       0.9709108E-09
    0 t   21    5.452290        2.928397        341.4838        4.533012        143.4277       0.1049218E-08
    0 t   22    5.411464        3.041654        328.7685        4.513592        142.1500       0.7383056E-10
    0 t   23    5.373349        3.154463        317.0112        4.496890        141.0262       0.8088823E-10
    0 t   24    5.337713        3.266885        306.1020        4.482523        140.0372       0.8804558E-10
    1 t    1    32.40434        1.214247        823.5558        2.678976        268.5989       0.5394958E-10
    1 t    2    20.83875        1.301440        768.3796        4.252142        265.2207       0.5980489E-11
    1 t    3    16.29223        1.424496        702.0029        5.531412        262.0577       0.1168981E-10
    1 t    4    14.01143        1.575098        634.8812        6.446943        259.1995       0.1700345E-10
    1 t    5    12.69192        1.743824        573.4523        6.982872        255.9068       0.3907443E-09
    1 t    6    11.83418        1.921604        520.3986        7.181887        251.4942       0.5014902E-09
    1 t    7    11.21390        2.101021        475.9591        7.130343        245.9157       0.4620486E-09
    1 t    8    10.72407        2.277147        439.1460        6.936840        239.7839       0.3733566E-09
    1 t    9    10.31408        2.447748        408.5389        6.702553        233.9263       0.2576806E-09
    1 t   10    9.960685        2.612709        382.7445        6.492719        228.8884       0.2612378E-09
    1 t   11    9.652537        2.773013        360.6186        6.330990        224.7867       0.3137901E-09
    1 t   12    9.382630        2.929862        341.3130        6.214610        221.4628       0.4791270E-09
    1 t   13    9.145398        3.084245        324.2284        6.131454        218.6744       0.4722252E-09
    1 t   14    8.935941        3.236837        308.9436        6.069395        216.1988       0.4908145E-09
    1 t   15    8.749933        3.388043        295.1556        6.019297        213.8662       0.4861813E-09
    1 t   16    8.583639        3.538082        282.6390        5.975109        211.5590       0.3143145E-09
    1 t   17    8.433903        3.687051        271.2194        5.933127        209.2024       0.1372072E-09
    1 t   18    8.298096        3.834977        260.7578        5.891240        206.7542       0.2846197E-09
    1 t   19    8.174049        3.981845        251.1398        5.848366        204.1958       0.5845143E-09
    1 t   20    8.059981        4.127626        242.2700        5.804069        201.5265       0.7067148E-09
    1 t   21    7.954430        4.272284        234.0669        5.758315        198.7575       0.1264975E-08
    1 t   22    7.856202        4.415783        226.4604        5.711306        195.9081       0.1172695E-08
    1 t   23    7.764314        4.558096        219.3898        5.663387        193.0029       0.1107945E-08
    1 t   24    7.677962        4.699207        212.8019        5.614966        190.0684       0.6899841E-09
    2 t    1    58.08187        2.176428        459.4684        1.287567        211.6656      -0.1434975E-09
    2 t    2    35.53521        2.219277        450.5973        2.135863        212.2234      -0.1253987E-09
    2 t    3    26.11355        2.283214        437.9792        2.973424        213.2608      -0.1033579E-09
    2 t    4    21.06466        2.367988        422.2994        3.802163        214.9885      -0.8136937E-10
    2 t    5    18.00197        2.473405        404.3009        4.623403        217.6200      -0.6265788E-10
    2 t    6    16.00708        2.599190        384.7352        5.427274        221.2619      -0.4740006E-10
    2 t    7    14.64856        2.744535        364.3605        6.178980        225.7254       0.1979774E-10
    2 t    8    13.69218        2.907396        343.9504        6.816102        230.3680       0.2130493E-10
    2 t    9    12.99519        3.084030        324.2510        7.270555        234.2082       0.2424285E-10
    2 t   10    12.46380        3.269282        305.8775        7.502257        236.3635       0.3258298E-09
    2 t   11    12.03537        3.457560        289.2213        7.517612        236.4857       0.5599457E-09
    2 t   12    11.66962        3.644008        274.4231        7.367384        234.8916       0.7492958E-09
    2 t   13    11.34316        3.825429        261.4086        7.129241        232.3443       0.3525604E-09
    2 t   14    11.04447        4.000601        249.9624        6.878216        229.6344       0.3705778E-09
    2 t   15    10.76906        4.169864        239.8160        6.661692        227.2606       0.4055676E-09
    2 t   16    10.51541        4.334338        230.7158        6.495860        225.3954       0.4715371E-09
    2 t   17    10.28267        4.495277        222.4557        6.377682        224.0192       0.3996873E-09
    2 t   18    10.06977        4.653756        214.8802        6.297290        223.0476      -0.4294875E-10
    2 t   19    9.875322        4.810591        207.8747        6.244660        222.3954      -0.4665437E-10
    2 t   20    9.697789        4.966370        201.3543        6.211808        221.9953       0.2921695E-09
    2 t   21    9.535584        5.121513        195.2548        6.192920        221.7976       0.1457753E-09
    2 t   22    9.387188        5.276313        189.5263        6.183872        221.7649       0.1638482E-09
    2 t   23    9.251191        5.430978        184.1289        6.181713        221.8670       0.4137202E-09
    2 t   24    9.126310        5.585652        179.0301        6.184279        222.0771       0.4817867E-09
    3 t    1    84.09049        3.151016        317.3579       0.8808273        204.5623      -0.5899775E-10
    3 t    2    50.92369        3.180332        314.4326        1.461146        205.3702      -0.5702049E-10
    3 t    3    36.87412        3.224054        310.1685        2.032037        206.5737      -0.5595350E-10
    3 t    4    29.19463        3.281920        304.6997        2.591602        208.1670      -0.5135161E-10
    3 t    5    24.40851        3.353641        298.1834        3.139873        210.1502      -0.5038808E-10
    3 t    6    21.17880        3.438961        290.7855        3.679430        212.5374      -0.4981716E-10
    3 t    7    18.88210        3.537724        282.6676        4.215903        215.3670      -0.4983786E-10
    3 t    8    17.18922        3.649956        273.9759        4.757896        218.7102      -0.5060690E-10
    3 t    9    15.91058        3.775915        264.8364        5.315164        222.6670      -0.5223435E-10
    3 t   10    14.92961        3.916070        255.3581        5.893027        227.3233      -0.5855397E-10
    3 t   11    14.17018        4.070855        245.6486        6.481738        232.6410      -0.4279822E-10
    3 t   12    13.57873        4.240155        235.8404        7.045508        238.2991       0.1224515E-09
    3 t   13    13.11398        4.422631        226.1098        7.524617        243.6267       0.1063215E-09
    3 t   14    12.74167        4.615372        216.6672        7.857998        247.7905       0.3849787E-10
    3 t   15    12.43317        4.814221        207.7179        8.010334        250.1488       0.3678890E-09
    3 t   16    12.16579        5.014606        199.4175        7.984589        250.5057       0.2825836E-09
    3 t   17    11.92327        5.212500        191.8465        7.820287        249.1551       0.2459029E-09
    3 t   18    11.69575        5.405206        185.0068        7.580912        246.7341       0.4447289E-09
    3 t   19    11.47874        5.591669        178.8375        7.330116        243.9282       0.1116575E-09
    3 t   20    11.27129        5.772181        173.2447        7.109435        241.2071       0.1009573E-09
    3 t   21    11.07388        5.947726        168.1315        6.933346        238.7616       0.1003195E-09
    3 t   22    10.88715        6.119404        163.4146        6.798693        236.5970       0.9599368E-10
    3 t   23    10.71128        6.288134        159.0297        6.695730        234.6442       0.1143481E-09
    3 t   24    10.54604        6.454581        154.9287        6.614529        232.8257       0.1590558E-09
    4 t    1    111.6101        4.182225        239.1072       0.6602874        215.7843      -0.2775264E-09
    4 t    2    67.31823        4.204218        237.8564        1.097204        216.1541      -0.2696996E-09
    4 t    3    48.46037        4.237086        236.0113        1.529417        216.7017      -0.2589331E-09
    4 t    4    38.07930        4.280692        233.6071        1.955459        217.4195      -0.2496452E-09
    4 t    5    31.55009        4.334868        230.6875        2.374268        218.2991      -0.2496146E-09
    4 t    6    27.09380        4.399424        227.3025        2.785306        219.3323      -0.2489088E-09
    4 t    7    23.88022        4.474167        223.5053        3.188684        220.5129      -0.2375354E-09
    4 t    8    21.46989        4.558912        219.3506        3.585328        221.8388      -0.2310659E-09
    4 t    9    19.60853        4.653515        214.8913        3.977207        223.3144      -0.2252399E-09
    4 t   10    18.13898        4.757894        210.1770        4.367640        224.9551      -0.2200596E-09
    4 t   11    16.95912        4.872071        205.2515        4.761688        226.7912      -0.2066044E-09
    4 t   12    15.99997        4.996222        200.1513        5.166514        228.8749      -0.1751685E-09
    4 t   13    15.21362        5.130726        194.9042        5.591282        231.2836      -0.1499807E-09
    4 t   14    14.56603        5.276206        189.5301        6.045606        234.1141      -0.1387001E-09
    4 t   15    14.03247        5.433482        184.0441        6.534754        237.4476      -0.1295124E-09
    4 t   16    13.59415        5.603360        178.4643        7.050383        241.2616       0.1820706E-11
    4 t   17    13.23548        5.786158        172.8263        7.560367        245.2969       0.2995536E-09
    4 t   18    12.94180        5.981069        167.1942        8.008675        248.9768       0.1947470E-09
    4 t   19    12.69830        6.185753        161.6618        8.331952        251.5048       0.4947677E-11
    4 t   20    12.49023        6.396417        156.3375        8.480543        252.1104      -0.1699763E-09
    4 t   21    12.30384        6.608329        151.3242        8.430050        250.3093      -0.2040314E-09
    4 t   22    12.12746        6.816554        146.7017        8.190761        246.1748      -0.2302261E-09
    4 t   23    11.95283        7.016994        142.5112        7.821045        240.5510       0.4800761E-09
    4 t   24    11.77632        7.207561        138.7432        7.417811        234.7886      -0.2967825E-09
