    0 t    2    6.140851       0.3835139        2607.468        9.267527        248.4562       0.8482477E-09
    0 t    3    6.774653       0.5923353        1688.233        7.677107        238.2257       0.9494735E-10
    0 t    4    6.880419       0.7734637        1292.886        6.866278        226.9170       0.5330534E-09
    0 t    5    6.827505       0.9380743        1066.014        6.326171        215.7625       0.9584010E-09
    0 t    6    6.720929        1.091328        916.3150        5.945705        205.4504       0.1425830E-08
    0 t    7    6.599435        1.236461        808.7596        5.668721        196.2046       0.1889511E-08
    0 t    8    6.478168        1.375573        726.9698        5.458689        188.0154       0.1953508E-08
    0 t    9    6.362802        1.510026        662.2401        5.292683        180.7955       0.1756511E-08
    0 t   10    6.255139        1.640736        609.4824        5.157065        174.4444       0.1671314E-08
    0 t   11    6.155436        1.768354        565.4977        5.043833        168.8670       0.1661829E-08
    0 t   12    6.063363        1.893373        528.1581        4.948128        163.9764       0.1903113E-08
    0 t   13    5.978398        2.016188        495.9854        4.866776        159.6933       0.2223681E-08
    0 t   14    5.899978        2.137130        467.9173        4.797501        155.9454       0.2552356E-08
    0 t   15    5.827555        2.256476        443.1690        4.738527        152.6671       0.2456413E-08
    0 t   16    5.760618        2.374464        421.1477        4.688385        149.7994       0.2165488E-08
    0 t   17    5.698694        2.491299        401.3970        4.645819        147.2898       0.2000719E-08
    0 t   18    5.641349        2.607157        383.5596        4.609741        145.0920       0.1728647E-08
    0 t   19    5.588185        2.722187        367.3517        4.579205        143.1654       0.1330187E-08
    0 t   20    5.538841        2.836516        352.5451        4.553386        141.4746       0.1435562E-08
    0 t   21    5.492986        2.950255        338.9538        4.531572        139.9890       0.8413853E-09
    0 t   22    5.450318        3.063493        326.4248        4.513147        138.6821       0.6794592E-10
    0 t   23    5.410563        3.176310        314.8307        4.497585        137.5310       0.5617445E-10
    0 t   24    5.373472        3.288771        304.0650        4.484432        136.5160       0.6101096E-10
    1 t    1    32.96007        1.235071        809.6701        2.788656        270.8323       0.6082536E-10
    1 t    2    21.22610        1.325631        754.3575        4.406388        266.7394       0.5971529E-11
    1 t    3    16.61522        1.452736        688.3565        5.694679        262.5024       0.7976324E-11
    1 t    4    14.29668        1.607164        622.2142        6.584456        258.1839       0.1843811E-09
    1 t    5    12.94612        1.778750        562.1926        7.071417        253.1197       0.3140891E-09
    1 t    6    12.05864        1.958052        510.7117        7.215285        246.8334       0.4040102E-09
    1 t    7    11.40972        2.137710        467.7902        7.118734        239.5462       0.3903114E-09
    1 t    8    10.89378        2.313184        432.3045        6.899158        232.0555       0.4191797E-09
    1 t    9    10.46136        2.482701        402.7871        6.655202        225.2032       0.2750985E-09
    1 t   10    10.08932        2.646451        377.8645        6.443225        219.4390       0.3353481E-09
    1 t   11    9.765638        2.805505        356.4421        6.279611        214.7844       0.3082773E-09
    1 t   12    9.482431        2.961026        337.7208        6.158724        211.0316       0.5356685E-09
    1 t   13    9.233435        3.113935        321.1371        6.068496        207.9231       0.5505647E-09
    1 t   14    9.013291        3.264855        306.2923        5.997908        205.2349       0.5612398E-09
    1 t   15    8.817409        3.414171        292.8969        5.938969        202.7976       0.3448058E-09
    1 t   16    8.641914        3.562103        280.7331        5.886471        200.4917       0.4257449E-09
    1 t   17    8.483580        3.708769        269.6313        5.837214        198.2369       0.4936319E-09
    1 t   18    8.339744        3.854224        259.4556        5.789317        195.9825       0.6875105E-09
    1 t   19    8.208215        3.998489        250.0945        5.741732        193.6990       0.8548816E-09
    1 t   20    8.087194        4.141563        241.4547        5.693932        191.3728       0.9681645E-09
    1 t   21    7.975199        4.283438        233.4573        5.645717        189.0021       0.1080390E-08
    1 t   22    7.871007        4.424104        226.0345        5.597099        186.5930       0.7535267E-09
    1 t   23    7.773608        4.563553        219.1275        5.548227        184.1572       0.1200355E-08
    1 t   24    7.682166        4.701780        212.6854        5.499337        181.7098       0.2070673E-08
    2 t    1    58.80890        2.203671        453.7882        1.322600        205.0017      -0.1748883E-09
    2 t    2    35.98987        2.247672        444.9049        2.192313        205.4165      -0.1519111E-09
    2 t    3    26.45717        2.313258        432.2908        3.047738        206.2681      -0.1187010E-09
    2 t    4    21.34990        2.400054        416.6574        3.887516        207.7934      -0.7900157E-10
    2 t    5    18.25102        2.507624        398.7839        4.706857        210.2241      -0.5539888E-10
    2 t    6    16.22921        2.635258        379.4695        5.486430        213.6621      -0.4621008E-10
    2 t    7    14.84566        2.781464        359.5229        6.182418        217.9003      -0.4205196E-10
    2 t    8    13.86172        2.943396        339.7437        6.733747        222.3414       0.1335908E-09
    2 t    9    13.13314        3.116770        320.8450        7.092668        226.2228       0.3346269E-09
    2 t   10    12.56800        3.296614        303.3416        7.254764        229.0442       0.3998858E-09
    2 t   11    12.10805        3.478441        287.4851        7.261081        230.7905       0.4894319E-09
    2 t   12    11.71806        3.659134        273.2887        7.175183        231.7864       0.4218614E-09
    2 t   13    11.37792        3.837152        260.6099        7.055561        232.4052       0.4107655E-09
    2 t   14    11.07641        4.012171        249.2416        6.939790        232.8863       0.2094320E-09
    2 t   15    10.80692        4.184527        238.9757        6.843905        233.3161       0.2454064E-09
    2 t   16    10.56496        4.354762        229.6337        6.769973        233.6891       0.4185359E-09
    2 t   17    10.34696        4.523382        221.0735        6.713903        233.9693       0.4554849E-09
    2 t   18    10.14985        4.690765        213.1848        6.670275        234.1241       0.1422674E-09
    2 t   19    9.970927        4.857163        205.8815        6.634459        234.1375      -0.3428458E-10
    2 t   20    9.807836        5.022727        199.0950        6.603182        234.0105       0.3735008E-09
    2 t   21    9.658524        5.187543        192.7695        6.574437        233.7578       0.4232719E-09
    2 t   22    9.521241        5.351661        186.8579        6.547181        233.4021       0.4819147E-09
    2 t   23    9.394505        5.515111        181.3200        6.521015        232.9699       0.9078949E-09
    2 t   24    9.277068        5.677921        176.1208        6.495923        232.4875       0.6387858E-09
    3 t    1    83.92456        3.144799        317.9854       0.9500716        207.7242      -0.4559434E-10
    3 t    2    50.86165        3.176457        314.8162        1.579912        209.0391      -0.4537496E-10
    3 t    3    36.87144        3.223819        310.1911        2.205387        211.0163      -0.4516291E-10
    3 t    4    29.23781        3.286774        304.2497        2.826535        213.6608      -0.4073726E-10
    3 t    5    24.49284        3.365228        297.1567        3.444881        216.9775      -0.4092285E-10
    3 t    6    21.30309        3.459142        289.0890        4.063177        220.9659      -0.4152176E-10
    3 t    7    19.04663        3.568551        280.2258        4.684151        225.6062      -0.4519189E-10
    3 t    8    17.39442        3.693528        270.7439        5.307480        230.8289      -0.5651296E-10
    3 t    9    16.15553        3.834047        260.8210        5.924589        236.4595      -0.6027384E-10
    3 t   10    15.21033        3.989702        250.6453        6.512893        242.1549      -0.6249563E-10
    3 t   11    14.47813        4.159325        240.4236        7.034541        247.3833      -0.6328620E-10
    3 t   12    13.90069        4.340692        230.3780        7.444912        251.5162       0.7006870E-10
    3 t   13    13.43395        4.530539        220.7243        7.708600        254.0230       0.3258539E-09
    3 t   14    13.04428        4.724986        211.6408        7.812990        254.6549       0.3087778E-09
    3 t   15    12.70681        4.920178        203.2447        7.772812        253.5242       0.2946147E-09
    3 t   16    12.40435        5.112939        195.5822        7.626221        251.0663       0.2992342E-09
    3 t   17    12.12624        5.301229        188.6355        7.423942        247.9000       0.4657968E-09
    3 t   18    11.86685        5.484280        182.3393        7.214093        244.6292       0.3041454E-09
    3 t   19    11.62385        5.662356        176.6049        7.029846        241.6820       0.3715910E-09
    3 t   20    11.39653        5.836318        171.3409        6.886213        239.2661       0.1440785E-09
    3 t   21    11.18466        6.007221        166.4663        6.784503        237.4178       0.1517799E-09
    3 t   22    10.98792        6.176048        161.9158        6.718784        236.0750      -0.1314732E-09
    3 t   23    10.80575        6.343595        157.6393        6.680670        235.1333       0.1862836E-09
    3 t   24    10.63732        6.510447        153.5993        6.661833        234.4768       0.2076653E-09
    4 t    1    113.0082        4.234614        236.1491       0.7414657        230.8380      -0.2651391E-09
    4 t    2    68.20011        4.259294        234.7807        1.230714        231.0579      -0.2632136E-09
    4 t    3    49.13563        4.296127        232.7678        1.712598        231.3699      -0.2606113E-09
    4 t    4    38.65043        4.344896        230.1551        2.184646        231.7552      -0.2700678E-09
    4 t    5    32.06293        4.405329        226.9978        2.644880        232.1932      -0.2675600E-09
    4 t    6    27.57225        4.477114        223.3582        3.092008        232.6650      -0.2656188E-09
    4 t    7    24.33788        4.559914        219.3024        3.525638        233.1580      -0.2629853E-09
    4 t    8    21.91487        4.653399        214.8967        3.946532        233.6723      -0.2617398E-09
    4 t    9    20.04574        4.757274        210.2044        4.356879        234.2259      -0.2566280E-09
    4 t   10    18.57141        4.871321        205.2831        4.760475        234.8617      -0.2025076E-09
    4 t   11    17.38852        4.995432        200.1829        5.162624        235.6511      -0.1792458E-09
    4 t   12    16.42725        5.129648        194.9452        5.569315        236.6923      -0.1503414E-09
    4 t   13    15.63888        5.274143        189.6043        5.985030        238.0939      -0.1376682E-09
    4 t   14    14.98826        5.429147        184.1910        6.408660        239.9348      -0.1383595E-09
    4 t   15    14.44892        5.594736        178.7394        6.828318        242.1967      -0.1437188E-09
    4 t   16    13.99969        5.770518        173.2947        7.218559        244.6935      -0.1529676E-09
    4 t   17    13.62246        5.955335        167.9167        7.544914        247.0595       0.1182293E-09
    4 t   18    13.30122        6.147175        162.6763        7.775898        248.8413       0.3960247E-09
    4 t   19    13.02193        6.343405        157.6440        7.894779        249.6491       0.1038011E-09
    4 t   20    12.77296        6.541208        152.8770        7.903360        249.2680      -0.1649397E-09
    4 t   21    12.54528        6.738007        148.4118        7.817823        247.6822       0.1907416E-09
    4 t   22    12.33238        6.931733        144.2641        7.661737        245.0397       0.1578608E-09
    4 t   23    12.12989        7.120939        140.4309        7.460170        241.6005       0.1199897E-09
    4 t   24    11.93517        7.304783        136.8966        7.236192        237.6874       0.6874671E-10
