ANISOTROPIC_PREM
   1    1.00000  0
    30  40 120 6371.00000
  10    0.00000  305.37500
 12.89397  0.00000 -8.83810  0.00000
 11.07870  0.00000 -6.36400  0.00000
  3.67765  0.00000 -4.44750  0.00000
1327.70000
 84.60000
 11.03352  0.00000 -6.36400  0.00000
  3.63371  0.00000 -4.44750  0.00000
  1.01000  0.00000
  10  305.37500  610.75000
 12.91979  0.00000 -8.83810  0.00000
 11.24228  0.00000 -6.36400  0.00000
  3.72700  0.00000 -4.44750  0.00000
1327.70000
 84.60000
 11.10423  0.00000 -6.36400  0.00000
  3.73526  0.00000 -4.44750  0.00000
  0.98827  0.00000
  10  610.75000  916.12500
 13.31459  0.00000 -8.83810  0.00000
 11.25883  0.00000 -6.36400  0.00000
  3.58279  0.00000 -4.44750  0.00000
1327.70000
 84.60000
 11.27859  0.00000 -6.36400  0.00000
  3.75606  0.00000 -4.44750  0.00000
  1.00363  0.00000
  10  916.12500 1228.48816
 13.07989  0.00000 -8.83810  0.00000
 11.00031  0.00000 -6.36400  0.00000
  3.72050  0.00000 -4.44750  0.00000
1327.70000
 84.60000
 11.27820  0.00000 -6.36400  0.00000
  3.68011  0.00000 -4.44750  0.00000
  1.01861  0.00000
  10 1228.48816 1503.81250
 12.91513 -1.26380 -3.64260 -5.52810
 10.90398 -4.03620  4.80230-13.57320
  0.00000  0.00000  0.00000  0.00000
57823.00000
  0.00000
 11.15814 -4.03620  4.80230-13.57320
  0.00000  0.00000  0.00000  0.00000
  1.01585  0.00000
  10 1503.81250 1786.12500
 12.60458 -1.26380 -3.64260 -5.52810
 11.26742 -4.03620  4.80230-13.57320
  0.00000  0.00000  0.00000  0.00000
57823.00000
  0.00000
 10.94090 -4.03620  4.80230-13.57320
  0.00000  0.00000  0.00000  0.00000
  0.97646  0.00000
  10 1786.12500 2068.43750
 12.95404 -1.26380 -3.64260 -5.52810
 11.12716 -4.03620  4.80230-13.57320
  0.00000  0.00000  0.00000  0.00000
57823.00000
  0.00000
 10.85882 -4.03620  4.80230-13.57320
  0.00000  0.00000  0.00000  0.00000
  0.99622  0.00000
  10 2068.43750 2350.75000
 12.49133 -1.26380 -3.64260 -5.52810
 11.27990 -4.03620  4.80230-13.57320
  0.00000  0.00000  0.00000  0.00000
57823.00000
  0.00000
 10.89764 -4.03620  4.80230-13.57320
  0.00000  0.00000  0.00000  0.00000
  0.99468  0.00000
  10 2350.75000 2633.06250
 12.73259 -1.26380 -3.64260 -5.52810
 10.98733 -4.03620  4.80230-13.57320
  0.00000  0.00000  0.00000  0.00000
57823.00000
  0.00000
 11.01757 -4.03620  4.80230-13.57320
  0.00000  0.00000  0.00000  0.00000
  1.02002  0.00000
  10 2633.06250 2915.37500
 12.59192 -1.26380 -3.64260 -5.52810
 11.16784 -4.03620  4.80230-13.57320
  0.00000  0.00000  0.00000  0.00000
57823.00000
  0.00000
 10.90592 -4.03620  4.80230-13.57320
  0.00000  0.00000  0.00000  0.00000
  0.97679  0.00000
  10 2915.37500 3197.68750
 12.86760 -1.26380 -3.64260 -5.52810
 11.09215 -4.03620  4.80230-13.57320
  0.00000  0.00000  0.00000  0.00000
57823.00000
  0.00000
 10.88455 -4.03620  4.80230-13.57320
  0.00000  0.00000  0.00000  0.00000
  0.99774  0.00000
  10 3197.68750 3442.56511
 12.62192 -1.26380 -3.64260 -5.52810
 11.09106 -4.03620  4.80230-13.57320
  0.00000  0.00000  0.00000  0.00000
57823.00000
  0.00000
 11.14207 -4.03620  4.80230-13.57320
  0.00000  0.00000  0.00000  0.00000
  1.02407  0.00000
  10 3442.56511 3620.07427
  7.82294 -6.47610  5.52830 -3.08070
 14.85939 -5.31810  5.52420 -2.55140
  6.85715  1.46720 -2.08340  0.97830
57823.00000
312.00000
 15.95096 -5.31810  5.52420 -2.55140
  6.69781  1.46720 -2.08340  0.97830
  0.97682  0.00000
  10 3620.07427 3876.25000
  8.01018 -6.47610  5.52830 -3.08070
 24.57606-40.46730 51.48320-26.64190
 11.03388-13.78180 17.45750 -9.27770
57823.00000
312.00000
 24.35779-40.46730 51.48320-26.64190
 11.22919-13.78180 17.45750 -9.27770
  1.00854  0.00000
  10 3876.25000 4122.50000
  7.90047 -6.47610  5.52830 -3.08070
 24.38542-40.46730 51.48320-26.64190
 11.35917-13.78180 17.45750 -9.27770
57823.00000
312.00000
 24.34510-40.46730 51.48320-26.64190
 11.25169-13.78180 17.45750 -9.27770
  1.01174  0.00000
  10 4122.50000 4368.75000
  8.16291 -6.47610  5.52830 -3.08070
 24.95887-40.46730 51.48320-26.64190
 11.13205-13.78180 17.45750 -9.27770
57823.00000
312.00000
 24.67421-40.46730 51.48320-26.64190
 10.95026-13.78180 17.45750 -9.27770
  0.98024  0.00000
  10 4368.75000 4615.00000
  8.15505 -6.47610  5.52830 -3.08070
 24.75566-40.46730 51.48320-26.64190
 11.31157-13.78180 17.45750 -9.27770
57823.00000
312.00000
 25.05295-40.46730 51.48320-26.64190
 11.46634-13.78180 17.45750 -9.27770
  0.98806  0.00000
  10 4615.00000 4861.25000
  7.79066 -6.47610  5.52830 -3.08070
 24.57676-40.46730 51.48320-26.64190
 10.97939-13.78180 17.45750 -9.27770
57823.00000
312.00000
 25.49424-40.46730 51.48320-26.64190
 11.30772-13.78180 17.45750 -9.27770
  0.99876  0.00000
  10 4861.25000 5107.50000
  7.79370 -6.47610  5.52830 -3.08070
 24.80106-40.46730 51.48320-26.64190
 11.38172-13.78180 17.45750 -9.27770
57823.00000
312.00000
 25.05040-40.46730 51.48320-26.64190
 11.36706-13.78180 17.45750 -9.27770
  0.98505  0.00000
  10 5107.50000 5353.75000
  8.23128 -6.47610  5.52830 -3.08070
 24.98286-40.46730 51.48320-26.64190
 11.30768-13.78180 17.45750 -9.27770
57823.00000
312.00000
 25.16234-40.46730 51.48320-26.64190
 11.34917-13.78180 17.45750 -9.27770
  1.02163  0.00000
  10 5353.75000 5600.00000
  7.95373 -6.47610  5.52830 -3.08070
 25.18992-40.46730 51.48320-26.64190
 11.16662-13.78180 17.45750 -9.27770
57823.00000
312.00000
 25.12125-40.46730 51.48320-26.64190
 11.18184-13.78180 17.45750 -9.27770
  1.01081  0.00000
   5 5600.00000 5714.25890
  7.94381 -6.47610  5.52830 -3.08070
 29.37475-23.60270  5.52420 -2.55140
 22.52354-17.24730 -2.08340  0.97830
57823.00000
312.00000
 29.76258-23.60270  5.52420 -2.55140
 22.42619-17.24730 -2.08340  0.97830
  0.98005  0.00000
   5 5714.25890 5771.00000
  5.27971 -1.48360  0.00000  0.00000
 19.23774 -9.86720  0.00000  0.00000
 10.21655 -4.93240  0.00000  0.00000
57823.00000
143.00000
 19.45997 -9.86720  0.00000  0.00000
  9.71713 -4.93240  0.00000  0.00000
  1.01869  0.00000
  10 5771.00000 5964.16186
 11.16202 -8.02980  0.00000  0.00000
 39.90287-32.61660  0.00000  0.00000
 22.65148-18.58560  0.00000  0.00000
57823.00000
143.00000
 39.43417-32.61660  0.00000  0.00000
 22.43794-18.58560  0.00000  0.00000
  0.98941  0.00000
  10 5964.16186 6162.08451
  7.37268 -3.80450  0.00000  0.00000
 20.17181-12.25690  0.00000  0.00000
  8.75929 -4.45970  0.00000  0.00000
57823.00000
143.00000
 20.95525-12.25690  0.00000  0.00000
  9.05290 -4.45970  0.00000  0.00000
  0.99524  0.00000
  10 6162.08451 6291.00000
  2.34759  0.69240  0.00000  0.00000
  0.62551  7.21800  0.00000  0.00000
  6.00245 -1.46780  0.00000  0.00000
57823.00000
 80.00000
  3.30070  4.61720  0.00000  0.00000
 -0.97066  5.71760  0.00000  0.00000
  3.37438 -2.47780
   5 6291.00000 6346.60000
  2.58038  0.69240  0.00000  0.00000
  0.90498  7.21800  0.00000  0.00000
  5.93418 -1.46780  0.00000  0.00000
57823.00000
600.00000
  4.18645  4.61720  0.00000  0.00000
 -1.28782  5.71760  0.00000  0.00000
  3.36846 -2.47780
   5 6346.60000 6356.00000
  2.90000  0.00000  0.00000  0.00000
  6.80000  0.00000  0.00000  0.00000
  3.90000  0.00000  0.00000  0.00000
57823.00000
600.00000
  6.80000  0.00000  0.00000  0.00000
  3.90000  0.00000  0.00000  0.00000
  1.00000  0.00000
   5 6356.00000 6368.00000
  2.60000  0.00000  0.00000  0.00000
  5.80000  0.00000  0.00000  0.00000
  3.20000  0.00000  0.00000  0.00000
57823.00000
600.00000
  5.80000  0.00000  0.00000  0.00000
  3.20000  0.00000  0.00000  0.00000
  1.00000  0.00000
   5 6368.00000 6371.00000
  1.02000  0.00000  0.00000  0.00000
  1.45000  0.00000  0.00000  0.00000
  0.00000  0.00000  0.00000  0.00000
57823.00000
  0.00000
  1.45000  0.00000  0.00000  0.00000
  0.00000  0.00000  0.00000  0.00000
  1.00000  0.00000
