ANISOTROPIC_PREM
   1    1.00000  0
    30  40 120 6371.00000
  10    0.00000  305.37500
 13.18704  0.00000 -8.83810  0.00000
 11.40225  0.00000 -6.36400  0.00000
  3.63066  0.00000 -4.44750  0.00000
1327.70000
 84.60000
 11.33809  0.00000 -6.36400  0.00000
  3.71231  0.00000 -4.44750  0.00000
  1.02437  0.00000
  10  305.37500  610.75000
 13.34331  0.00000 -8.83810  0.00000
 10.99092  0.00000 -6.36400  0.00000
  3.69499  0.00000 -4.44750  0.00000
1327.70000
 84.60000
 11.25200  0.00000 -6.36400  0.00000
  3.64464  0.00000 -4.44750  0.00000
  0.99823  0.00000
  10  610.75000  916.12500
 13.07012  0.00000 -8.83810  0.00000
 11.22272  0.00000 -6.36400  0.00000
  3.58416  0.00000 -4.44750  0.00000
1327.70000
 84.60000
 11.33842  0.00000 -6.36400  0.00000
  3.72435  0.00000 -4.44750  0.00000
  1.00913  0.00000
  10  916.12500 1222.32926
 12.84745  0.00000 -8.83810  0.00000
 11.42993  0.00000 -6.36400  0.00000
  3.64836  0.00000 -4.44750  0.00000
1327.70000
 84.60000
 11.10196  0.00000 -6.36400  0.00000
  3.75511  0.00000 -4.44750  0.00000
  0.99602  0.00000
  10 1222.32926 1503.81250
 12.46130 -1.26380 -3.64260 -5.52810
 10.86795 -4.03620  4.80230-13.57320
  0.00000  0.00000  0.00000  0.00000
57823.00000
  0.00000
 11.03894 -4.03620  4.80230-13.57320
  0.00000  0.00000  0.00000  0.00000
  0.98560  0.00000
  10 1503.81250 1786.12500
 12.66653 -1.26380 -3.64260 -5.52810
 11.17811 -4.03620  4.80230-13.57320
  0.00000  0.00000  0.00000  0.00000
57823.00000
  0.00000
 10.95537 -4.03620  4.80230-13.57320
  0.00000  0.00000  0.00000  0.00000
  0.98208  0.00000
  10 1786.12500 2068.43750
 12.69309 -1.26380 -3.64260 -5.52810
 10.97387 -4.03620  4.80230-13.57320
  0.00000  0.00000  0.00000  0.00000
57823.00000
  0.00000
 10.88541 -4.03620  4.80230-13.57320
  0.00000  0.00000  0.00000  0.00000
  0.97952  0.00000
  10 2068.43750 2350.75000
 12.88147 -1.26380 -3.64260 -5.52810
 10.82800 -4.03620  4.80230-13.57320
  0.00000  0.00000  0.00000  0.00000
57823.00000
  0.00000
 10.84095 -4.03620  4.80230-13.57320
  0.00000  0.00000  0.00000  0.00000
  0.98615  0.00000
  10 2350.75000 2633.06250
 12.84725 -1.26380 -3.64260 -5.52810
 11.15413 -4.03620  4.80230-13.57320
  0.00000  0.00000  0.00000  0.00000
57823.00000
  0.00000
 10.90908 -4.03620  4.80230-13.57320
  0.00000  0.00000  0.00000  0.00000
  0.99577  0.00000
  10 2633.06250 2915.37500
 12.51405 -1.26380 -3.64260 -5.52810
 11.21109 -4.03620  4.80230-13.57320
  0.00000  0.00000  0.00000  0.00000
57823.00000
  0.00000
 11.00646 -4.03620  4.80230-13.57320
  0.00000  0.00000  0.00000  0.00000
  0.97773  0.00000
  10 2915.37500 3197.68750
 12.42543 -1.26380 -3.64260 -5.52810
 11.25667 -4.03620  4.80230-13.57320
  0.00000  0.00000  0.00000  0.00000
57823.00000
  0.00000
 11.12041 -4.03620  4.80230-13.57320
  0.00000  0.00000  0.00000  0.00000
  0.97530  0.00000
  10 3197.68750 3468.18170
 12.78747 -1.26380 -3.64260 -5.52810
 10.90430 -4.03620  4.80230-13.57320
  0.00000  0.00000  0.00000  0.00000
57823.00000
  0.00000
 10.95104 -4.03620  4.80230-13.57320
  0.00000  0.00000  0.00000  0.00000
  1.01376  0.00000
  10 3468.18170 3622.84292
  7.89644 -6.47610  5.52830 -3.08070
 15.51446 -5.31810  5.52420 -2.55140
  7.20330  1.46720 -2.08340  0.97830
57823.00000
312.00000
 15.90900 -5.31810  5.52420 -2.55140
  6.65743  1.46720 -2.08340  0.97830
  1.01952  0.00000
  10 3622.84292 3876.25000
  8.13388 -6.47610  5.52830 -3.08070
 24.64391-40.46730 51.48320-26.64190
 11.08047-13.78180 17.45750 -9.27770
57823.00000
312.00000
 24.36896-40.46730 51.48320-26.64190
 10.86776-13.78180 17.45750 -9.27770
  0.98978  0.00000
  10 3876.25000 4122.50000
  7.65721 -6.47610  5.52830 -3.08070
 25.46037-40.46730 51.48320-26.64190
 11.02317-13.78180 17.45750 -9.27770
57823.00000
312.00000
 25.35369-40.46730 51.48320-26.64190
 11.48903-13.78180 17.45750 -9.27770
  0.99500  0.00000
  10 4122.50000 4368.75000
  7.80748 -6.47610  5.52830 -3.08070
 24.42234-40.46730 51.48320-26.64190
 11.18488-13.78180 17.45750 -9.27770
57823.00000
312.00000
 24.91152-40.46730 51.48320-26.64190
 11.48810-13.78180 17.45750 -9.27770
  1.02130  0.00000
  10 4368.75000 4615.00000
  8.00532 -6.47610  5.52830 -3.08070
 24.54784-40.46730 51.48320-26.64190
 11.02526-13.78180 17.45750 -9.27770
57823.00000
312.00000
 24.72047-40.46730 51.48320-26.64190
 11.04244-13.78180 17.45750 -9.27770
  0.99497  0.00000
  10 4615.00000 4861.25000
  7.91412 -6.47610  5.52830 -3.08070
 24.43027-40.46730 51.48320-26.64190
 10.99600-13.78180 17.45750 -9.27770
57823.00000
312.00000
 24.50736-40.46730 51.48320-26.64190
 11.09550-13.78180 17.45750 -9.27770
  0.99952  0.00000
  10 4861.25000 5107.50000
  8.03386 -6.47610  5.52830 -3.08070
 24.70683-40.46730 51.48320-26.64190
 10.87664-13.78180 17.45750 -9.27770
57823.00000
312.00000
 25.06812-40.46730 51.48320-26.64190
 10.90935-13.78180 17.45750 -9.27770
  0.97837  0.00000
  10 5107.50000 5353.75000
  7.99705 -6.47610  5.52830 -3.08070
 25.48141-40.46730 51.48320-26.64190
 11.07201-13.78180 17.45750 -9.27770
57823.00000
312.00000
 25.03396-40.46730 51.48320-26.64190
 11.00419-13.78180 17.45750 -9.27770
  1.00035  0.00000
  10 5353.75000 5600.00000
  7.81931 -6.47610  5.52830 -3.08070
 24.80209-40.46730 51.48320-26.64190
 10.95003-13.78180 17.45750 -9.27770
57823.00000
312.00000
 25.16352-40.46730 51.48320-26.64190
 11.05529-13.78180 17.45750 -9.27770
  1.01060  0.00000
   5 5600.00000 5727.23607
  7.83179 -6.47610  5.52830 -3.08070
 29.34315-23.60270  5.52420 -2.55140
 22.50425-17.24730 -2.08340  0.97830
57823.00000
312.00000
 29.66320-23.60270  5.52420 -2.55140
 22.46230-17.24730 -2.08340  0.97830
  0.98901  0.00000
   5 5727.23607 5771.00000
  5.16332 -1.48360  0.00000  0.00000
 18.98975 -9.86720  0.00000  0.00000
 10.08276 -4.93240  0.00000  0.00000
57823.00000
143.00000
 19.05591 -9.86720  0.00000  0.00000
  9.94452 -4.93240  0.00000  0.00000
  0.99806  0.00000
  10 5771.00000 5986.08191
 11.38132 -8.02980  0.00000  0.00000
 40.62986-32.61660  0.00000  0.00000
 22.72954-18.58560  0.00000  0.00000
57823.00000
143.00000
 40.56808-32.61660  0.00000  0.00000
 22.48162-18.58560  0.00000  0.00000
  0.97804  0.00000
  10 5986.08191 6155.91302
  6.99877 -3.80450  0.00000  0.00000
 20.76867-12.25690  0.00000  0.00000
  8.92914 -4.45970  0.00000  0.00000
57823.00000
143.00000
 21.24029-12.25690  0.00000  0.00000
  9.09379 -4.45970  0.00000  0.00000
  1.00519  0.00000
  10 6155.91302 6291.00000
  2.83974  0.69240  0.00000  0.00000
  1.23558  7.21800  0.00000  0.00000
  5.68780 -1.46780  0.00000  0.00000
57823.00000
 80.00000
  3.12770  4.61720  0.00000  0.00000
 -1.06319  5.71760  0.00000  0.00000
  3.37846 -2.47780
   5 6291.00000 6346.60000
  2.89127  0.69240  0.00000  0.00000
  0.38519  7.21800  0.00000  0.00000
  6.03006 -1.46780  0.00000  0.00000
57823.00000
600.00000
  3.64789  4.61720  0.00000  0.00000
 -1.05673  5.71760  0.00000  0.00000
  3.34699 -2.47780
   5 6346.60000 6356.00000
  2.90000  0.00000  0.00000  0.00000
  6.80000  0.00000  0.00000  0.00000
  3.90000  0.00000  0.00000  0.00000
57823.00000
600.00000
  6.80000  0.00000  0.00000  0.00000
  3.90000  0.00000  0.00000  0.00000
  1.00000  0.00000
   5 6356.00000 6368.00000
  2.60000  0.00000  0.00000  0.00000
  5.80000  0.00000  0.00000  0.00000
  3.20000  0.00000  0.00000  0.00000
57823.00000
600.00000
  5.80000  0.00000  0.00000  0.00000
  3.20000  0.00000  0.00000  0.00000
  1.00000  0.00000
   5 6368.00000 6371.00000
  1.02000  0.00000  0.00000  0.00000
  1.45000  0.00000  0.00000  0.00000
  0.00000  0.00000  0.00000  0.00000
57823.00000
  0.00000
  1.45000  0.00000  0.00000  0.00000
  0.00000  0.00000  0.00000  0.00000
  1.00000  0.00000
