ANISOTROPIC_PREM
   1    1.00000  0
    30  40 120 6371.00000
  10    0.00000  305.37500
 13.15967  0.00000 -8.83810  0.00000
 11.26412  0.00000 -6.36400  0.00000
  3.64279  0.00000 -4.44750  0.00000
1327.70000
 84.60000
 11.19570  0.00000 -6.36400  0.00000
  3.70371  0.00000 -4.44750  0.00000
  1.00551  0.00000
  10  305.37500  610.75000
 13.15739  0.00000 -8.83810  0.00000
 11.50825  0.00000 -6.36400  0.00000
  3.70395  0.00000 -4.44750  0.00000
1327.70000
 84.60000
 11.37712  0.00000 -6.36400  0.00000
  3.61748  0.00000 -4.44750  0.00000
  1.01776  0.00000
  10  610.75000  916.12500
 12.86889  0.00000 -8.83810  0.00000
 11.21028  0.00000 -6.36400  0.00000
  3.71303  0.00000 -4.44750  0.00000
1327.70000
 84.60000
 11.28566  0.00000 -6.36400  0.00000
  3.59126  0.00000 -4.44750  0.00000
  0.99235  0.00000
  10  916.12500 1238.80154
 12.89764  0.00000 -8.83810  0.00000
 11.28445  0.00000 -6.36400  0.00000
  3.63935  0.00000 -4.44750  0.00000
1327.70000
 84.60000
 11.17216  0.00000 -6.36400  0.00000
  3.58299  0.00000 -4.44750  0.00000
  0.98194  0.00000
  10 1238.80154 1503.81250
 12.52563 -1.26380 -3.64260 -5.52810
 10.94457 -4.03620  4.80230-13.57320
  0.00000  0.00000  0.00000  0.00000
57823.00000
  0.00000
 10.83420 -4.03620  4.80230-13.57320
  0.00000  0.00000  0.00000  0.00000
  0.97555  0.00000
  10 1503.81250 1786.12500
 12.58192 -1.26380 -3.64260 -5.52810
 10.95987 -4.03620  4.80230-13.57320
  0.00000  0.00000  0.00000  0.00000
57823.00000
  0.00000
 10.90115 -4.03620  4.80230-13.57320
  0.00000  0.00000  0.00000  0.00000
  0.99389  0.00000
  10 1786.12500 2068.43750
 12.48272 -1.26380 -3.64260 -5.52810
 10.99552 -4.03620  4.80230-13.57320
  0.00000  0.00000  0.00000  0.00000
57823.00000
  0.00000
 11.28617 -4.03620  4.80230-13.57320
  0.00000  0.00000  0.00000  0.00000
  0.99673  0.00000
  10 2068.43750 2350.75000
 12.68005 -1.26380 -3.64260 -5.52810
 10.93084 -4.03620  4.80230-13.57320
  0.00000  0.00000  0.00000  0.00000
57823.00000
  0.00000
 10.97146 -4.03620  4.80230-13.57320
  0.00000  0.00000  0.00000  0.00000
  1.01140  0.00000
  10 2350.75000 2633.06250
 12.83218 -1.26380 -3.64260 -5.52810
 11.17666 -4.03620  4.80230-13.57320
  0.00000  0.00000  0.00000  0.00000
57823.00000
  0.00000
 11.15309 -4.03620  4.80230-13.57320
  0.00000  0.00000  0.00000  0.00000
  0.98352  0.00000
  10 2633.06250 2915.37500
 12.77476 -1.26380 -3.64260 -5.52810
 11.05250 -4.03620  4.80230-13.57320
  0.00000  0.00000  0.00000  0.00000
57823.00000
  0.00000
 11.03871 -4.03620  4.80230-13.57320
  0.00000  0.00000  0.00000  0.00000
  0.99564  0.00000
  10 2915.37500 3197.68750
 12.41026 -1.26380 -3.64260 -5.52810
 11.24360 -4.03620  4.80230-13.57320
  0.00000  0.00000  0.00000  0.00000
57823.00000
  0.00000
 11.08571 -4.03620  4.80230-13.57320
  0.00000  0.00000  0.00000  0.00000
  0.99841  0.00000
  10 3197.68750 3451.58346
 12.58570 -1.26380 -3.64260 -5.52810
 11.07977 -4.03620  4.80230-13.57320
  0.00000  0.00000  0.00000  0.00000
57823.00000
  0.00000
 10.95900 -4.03620  4.80230-13.57320
  0.00000  0.00000  0.00000  0.00000
  1.01861  0.00000
  10 3451.58346 3626.46361
  8.22976 -6.47610  5.52830 -3.08070
 15.68736 -5.31810  5.52420 -2.55140
  6.90521  1.46720 -2.08340  0.97830
57823.00000
312.00000
 15.59202 -5.31810  5.52420 -2.55140
  6.70755  1.46720 -2.08340  0.97830
  0.98831  0.00000
  10 3626.46361 3876.25000
  7.93681 -6.47610  5.52830 -3.08070
 24.90320-40.46730 51.48320-26.64190
 11.24862-13.78180 17.45750 -9.27770
57823.00000
312.00000
 24.39478-40.46730 51.48320-26.64190
 11.06565-13.78180 17.45750 -9.27770
  1.00113  0.00000
  10 3876.25000 4122.50000
  8.15075 -6.47610  5.52830 -3.08070
 24.62980-40.46730 51.48320-26.64190
 11.33269-13.78180 17.45750 -9.27770
57823.00000
312.00000
 25.13897-40.46730 51.48320-26.64190
 11.25643-13.78180 17.45750 -9.27770
  0.97908  0.00000
  10 4122.50000 4368.75000
  7.73914 -6.47610  5.52830 -3.08070
 24.70749-40.46730 51.48320-26.64190
 11.40702-13.78180 17.45750 -9.27770
57823.00000
312.00000
 25.42676-40.46730 51.48320-26.64190
 11.05624-13.78180 17.45750 -9.27770
  0.98569  0.00000
  10 4368.75000 4615.00000
  8.05721 -6.47610  5.52830 -3.08070
 24.60701-40.46730 51.48320-26.64190
 11.30635-13.78180 17.45750 -9.27770
57823.00000
312.00000
 25.45340-40.46730 51.48320-26.64190
 11.19996-13.78180 17.45750 -9.27770
  0.98544  0.00000
  10 4615.00000 4861.25000
  7.78773 -6.47610  5.52830 -3.08070
 24.41527-40.46730 51.48320-26.64190
 11.24259-13.78180 17.45750 -9.27770
57823.00000
312.00000
 25.07452-40.46730 51.48320-26.64190
 11.20104-13.78180 17.45750 -9.27770
  0.99373  0.00000
  10 4861.25000 5107.50000
  8.15735 -6.47610  5.52830 -3.08070
 25.19816-40.46730 51.48320-26.64190
 11.15725-13.78180 17.45750 -9.27770
57823.00000
312.00000
 24.52125-40.46730 51.48320-26.64190
 11.03151-13.78180 17.45750 -9.27770
  1.01236  0.00000
  10 5107.50000 5353.75000
  7.91028 -6.47610  5.52830 -3.08070
 24.97761-40.46730 51.48320-26.64190
 11.11199-13.78180 17.45750 -9.27770
57823.00000
312.00000
 25.35611-40.46730 51.48320-26.64190
 11.07980-13.78180 17.45750 -9.27770
  1.00120  0.00000
  10 5353.75000 5600.00000
  7.91641 -6.47610  5.52830 -3.08070
 24.66187-40.46730 51.48320-26.64190
 11.34530-13.78180 17.45750 -9.27770
57823.00000
312.00000
 24.87240-40.46730 51.48320-26.64190
 11.41803-13.78180 17.45750 -9.27770
  0.99315  0.00000
   5 5600.00000 5721.72819
  7.77797 -6.47610  5.52830 -3.08070
 28.83776-23.60270  5.52420 -2.55140
 22.33465-17.24730 -2.08340  0.97830
57823.00000
312.00000
 29.33051-23.60270  5.52420 -2.55140
 22.25390-17.24730 -2.08340  0.97830
  0.99515  0.00000
   5 5721.72819 5771.00000
  5.15092 -1.48360  0.00000  0.00000
 18.96790 -9.86720  0.00000  0.00000
  9.80280 -4.93240  0.00000  0.00000
57823.00000
143.00000
 19.28314 -9.86720  0.00000  0.00000
 10.20515 -4.93240  0.00000  0.00000
  1.02181  0.00000
  10 5771.00000 5997.49807
 11.33559 -8.02980  0.00000  0.00000
 40.01398-32.61660  0.00000  0.00000
 22.09367-18.58560  0.00000  0.00000
57823.00000
143.00000
 39.85349-32.61660  0.00000  0.00000
 22.83553-18.58560  0.00000  0.00000
  1.00264  0.00000
  10 5997.49807 6141.01343
  7.13661 -3.80450  0.00000  0.00000
 20.11423-12.25690  0.00000  0.00000
  8.70721 -4.45970  0.00000  0.00000
57823.00000
143.00000
 20.96624-12.25690  0.00000  0.00000
  9.20493 -4.45970  0.00000  0.00000
  0.98656  0.00000
  10 6141.01343 6291.00000
  2.61450  0.69240  0.00000  0.00000
  0.73177  7.21800  0.00000  0.00000
  6.06736 -1.46780  0.00000  0.00000
57823.00000
 80.00000
  3.79562  4.61720  0.00000  0.00000
 -1.11364  5.71760  0.00000  0.00000
  3.35207 -2.47780
   5 6291.00000 6346.60000
  2.92744  0.69240  0.00000  0.00000
  0.79473  7.21800  0.00000  0.00000
  6.18661 -1.46780  0.00000  0.00000
57823.00000
600.00000
  4.14234  4.61720  0.00000  0.00000
 -0.77662  5.71760  0.00000  0.00000
  3.38259 -2.47780
   5 6346.60000 6356.00000
  2.90000  0.00000  0.00000  0.00000
  6.80000  0.00000  0.00000  0.00000
  3.90000  0.00000  0.00000  0.00000
57823.00000
600.00000
  6.80000  0.00000  0.00000  0.00000
  3.90000  0.00000  0.00000  0.00000
  1.00000  0.00000
   5 6356.00000 6368.00000
  2.60000  0.00000  0.00000  0.00000
  5.80000  0.00000  0.00000  0.00000
  3.20000  0.00000  0.00000  0.00000
57823.00000
600.00000
  5.80000  0.00000  0.00000  0.00000
  3.20000  0.00000  0.00000  0.00000
  1.00000  0.00000
   5 6368.00000 6371.00000
  1.02000  0.00000  0.00000  0.00000
  1.45000  0.00000  0.00000  0.00000
  0.00000  0.00000  0.00000  0.00000
57823.00000
  0.00000
  1.45000  0.00000  0.00000  0.00000
  0.00000  0.00000  0.00000  0.00000
  1.00000  0.00000
