ANISOTROPIC_PREM
   1    1.00000  0
    30  40 120 6371.00000
  10    0.00000  305.37500
 13.07212  0.00000 -8.83810  0.00000
 11.25347  0.00000 -6.36400  0.00000
  3.67505  0.00000 -4.44750  0.00000
1327.70000
 84.60000
 11.02194  0.00000 -6.36400  0.00000
  3.70142  0.00000 -4.44750  0.00000
  1.00459  0.00000
  10  305.37500  610.75000
 13.21040  0.00000 -8.83810  0.00000
 11.37322  0.00000 -6.36400  0.00000
  3.62940  0.00000 -4.44750  0.00000
1327.70000
 84.60000
 11.45097  0.00000 -6.36400  0.00000
  3.66088  0.00000 -4.44750  0.00000
  0.97769  0.00000
  10  610.75000  916.12500
 13.28063  0.00000 -8.83810  0.00000
 11.43041  0.00000 -6.36400  0.00000
  3.59627  0.00000 -4.44750  0.00000
1327.70000
 84.60000
 11.43213  0.00000 -6.36400  0.00000
  3.69736  0.00000 -4.44750  0.00000
  1.01217  0.00000
  10  916.12500 1206.85318
 12.77069  0.00000 -8.83810  0.00000
 11.13296  0.00000 -6.36400  0.00000
  3.66614  0.00000 -4.44750  0.00000
1327.70000
 84.60000
 11.21029  0.00000 -6.36400  0.00000
  3.62930  0.00000 -4.44750  0.00000
  0.98505  0.00000
  10 1206.85318 1503.81250
 12.30762 -1.26380 -3.64260 -5.52810
 11.25901 -4.03620  4.80230-13.57320
  0.00000  0.00000  0.00000  0.00000
57823.00000
  0.00000
 10.81061 -4.03620  4.80230-13.57320
  0.00000  0.00000  0.00000  0.00000
  1.02023  0.00000
  10 1503.81250 1786.12500
 12.68758 -1.26380 -3.64260 -5.52810
 10.80791 -4.03620  4.80230-13.57320
  0.00000  0.00000  0.00000  0.00000
57823.00000
  0.00000
 11.18357 -4.03620  4.80230-13.57320
  0.00000  0.00000  0.00000  0.00000
  0.99868  0.00000
  10 1786.12500 2068.43750
 12.70311 -1.26380 -3.64260 -5.52810
 10.98694 -4.03620  4.80230-13.57320
  0.00000  0.00000  0.00000  0.00000
57823.00000
  0.00000
 11.13719 -4.03620  4.80230-13.57320
  0.00000  0.00000  0.00000  0.00000
  0.99708  0.00000
  10 2068.43750 2350.75000
 12.61284 -1.26380 -3.64260 -5.52810
 10.90362 -4.03620  4.80230-13.57320
  0.00000  0.00000  0.00000  0.00000
57823.00000
  0.00000
 11.25105 -4.03620  4.80230-13.57320
  0.00000  0.00000  0.00000  0.00000
  0.98180  0.00000
  10 2350.75000 2633.06250
 12.37758 -1.26380 -3.64260 -5.52810
 10.97488 -4.03620  4.80230-13.57320
  0.00000  0.00000  0.00000  0.00000
57823.00000
  0.00000
 11.07696 -4.03620  4.80230-13.57320
  0.00000  0.00000  0.00000  0.00000
  1.01538  0.00000
  10 2633.06250 2915.37500
 12.44385 -1.26380 -3.64260 -5.52810
 11.02332 -4.03620  4.80230-13.57320
  0.00000  0.00000  0.00000  0.00000
57823.00000
  0.00000
 11.26107 -4.03620  4.80230-13.57320
  0.00000  0.00000  0.00000  0.00000
  1.02085  0.00000
  10 2915.37500 3197.68750
 12.52232 -1.26380 -3.64260 -5.52810
 11.04789 -4.03620  4.80230-13.57320
  0.00000  0.00000  0.00000  0.00000
57823.00000
  0.00000
 10.96517 -4.03620  4.80230-13.57320
  0.00000  0.00000  0.00000  0.00000
  1.00973  0.00000
  10 3197.68750 3487.85591
 12.46191 -1.26380 -3.64260 -5.52810
 11.01316 -4.03620  4.80230-13.57320
  0.00000  0.00000  0.00000  0.00000
57823.00000
  0.00000
 10.98185 -4.03620  4.80230-13.57320
  0.00000  0.00000  0.00000  0.00000
  1.00838  0.00000
  10 3487.85591 3648.03856
  7.99014 -6.47610  5.52830 -3.08070
 14.99768 -5.31810  5.52420 -2.55140
  7.22851  1.46720 -2.08340  0.97830
57823.00000
312.00000
 15.70537 -5.31810  5.52420 -2.55140
  7.21493  1.46720 -2.08340  0.97830
  1.01033  0.00000
  10 3648.03856 3876.25000
  7.96719 -6.47610  5.52830 -3.08070
 24.56854-40.46730 51.48320-26.64190
 11.17969-13.78180 17.45750 -9.27770
57823.00000
312.00000
 25.22451-40.46730 51.48320-26.64190
 10.82504-13.78180 17.45750 -9.27770
  1.01224  0.00000
  10 3876.25000 4122.50000
  8.20012 -6.47610  5.52830 -3.08070
 24.59741-40.46730 51.48320-26.64190
 10.90691-13.78180 17.45750 -9.27770
57823.00000
312.00000
 25.25050-40.46730 51.48320-26.64190
 10.92316-13.78180 17.45750 -9.27770
  1.01073  0.00000
  10 4122.50000 4368.75000
  7.83937 -6.47610  5.52830 -3.08070
 25.24897-40.46730 51.48320-26.64190
 10.89627-13.78180 17.45750 -9.27770
57823.00000
312.00000
 25.46268-40.46730 51.48320-26.64190
 11.15095-13.78180 17.45750 -9.27770
  0.98215  0.00000
  10 4368.75000 4615.00000
  8.09788 -6.47610  5.52830 -3.08070
 24.84543-40.46730 51.48320-26.64190
 11.40204-13.78180 17.45750 -9.27770
57823.00000
312.00000
 25.22661-40.46730 51.48320-26.64190
 11.32851-13.78180 17.45750 -9.27770
  1.00832  0.00000
  10 4615.00000 4861.25000
  8.10332 -6.47610  5.52830 -3.08070
 25.05580-40.46730 51.48320-26.64190
 11.19823-13.78180 17.45750 -9.27770
57823.00000
312.00000
 25.17737-40.46730 51.48320-26.64190
 11.07001-13.78180 17.45750 -9.27770
  1.02052  0.00000
  10 4861.25000 5107.50000
  8.20759 -6.47610  5.52830 -3.08070
 24.94518-40.46730 51.48320-26.64190
 11.00871-13.78180 17.45750 -9.27770
57823.00000
312.00000
 25.36533-40.46730 51.48320-26.64190
 11.20982-13.78180 17.45750 -9.27770
  0.97662  0.00000
  10 5107.50000 5353.75000
  7.78648 -6.47610  5.52830 -3.08070
 24.87025-40.46730 51.48320-26.64190
 11.21627-13.78180 17.45750 -9.27770
57823.00000
312.00000
 25.12160-40.46730 51.48320-26.64190
 10.87233-13.78180 17.45750 -9.27770
  0.98424  0.00000
  10 5353.75000 5600.00000
  8.06923 -6.47610  5.52830 -3.08070
 25.21694-40.46730 51.48320-26.64190
 11.04933-13.78180 17.45750 -9.27770
57823.00000
312.00000
 24.72934-40.46730 51.48320-26.64190
 11.25595-13.78180 17.45750 -9.27770
  1.01312  0.00000
   5 5600.00000 5712.66632
  8.06365 -6.47610  5.52830 -3.08070
 29.33792-23.60270  5.52420 -2.55140
 22.52358-17.24730 -2.08340  0.97830
57823.00000
312.00000
 29.63525-23.60270  5.52420 -2.55140
 22.45631-17.24730 -2.08340  0.97830
  0.97709  0.00000
   5 5712.66632 5771.00000
  5.33503 -1.48360  0.00000  0.00000
 18.89415 -9.86720  0.00000  0.00000
  9.98007 -4.93240  0.00000  0.00000
57823.00000
143.00000
 18.83501 -9.86720  0.00000  0.00000
  9.92605 -4.93240  0.00000  0.00000
  0.98895  0.00000
  10 5771.00000 5968.94011
 10.96817 -8.02980  0.00000  0.00000
 40.61095-32.61660  0.00000  0.00000
 22.83722-18.58560  0.00000  0.00000
57823.00000
143.00000
 40.09541-32.61660  0.00000  0.00000
 21.97158-18.58560  0.00000  0.00000
  1.01790  0.00000
  10 5968.94011 6168.62098
  6.82601 -3.80450  0.00000  0.00000
 19.91206-12.25690  0.00000  0.00000
  8.96872 -4.45970  0.00000  0.00000
57823.00000
143.00000
 20.45528-12.25690  0.00000  0.00000
  8.87095 -4.45970  0.00000  0.00000
  0.99345  0.00000
  10 6168.62098 6291.00000
  2.72460  0.69240  0.00000  0.00000
  0.40474  7.21800  0.00000  0.00000
  6.12570 -1.46780  0.00000  0.00000
57823.00000
 80.00000
  3.44600  4.61720  0.00000  0.00000
 -0.92297  5.71760  0.00000  0.00000
  3.38764 -2.47780
   5 6291.00000 6346.60000
  3.04256  0.69240  0.00000  0.00000
  0.96946  7.21800  0.00000  0.00000
  5.69298 -1.46780  0.00000  0.00000
57823.00000
600.00000
  3.19694  4.61720  0.00000  0.00000
 -1.02589  5.71760  0.00000  0.00000
  3.35909 -2.47780
   5 6346.60000 6356.00000
  2.90000  0.00000  0.00000  0.00000
  6.80000  0.00000  0.00000  0.00000
  3.90000  0.00000  0.00000  0.00000
57823.00000
600.00000
  6.80000  0.00000  0.00000  0.00000
  3.90000  0.00000  0.00000  0.00000
  1.00000  0.00000
   5 6356.00000 6368.00000
  2.60000  0.00000  0.00000  0.00000
  5.80000  0.00000  0.00000  0.00000
  3.20000  0.00000  0.00000  0.00000
57823.00000
600.00000
  5.80000  0.00000  0.00000  0.00000
  3.20000  0.00000  0.00000  0.00000
  1.00000  0.00000
   5 6368.00000 6371.00000
  1.02000  0.00000  0.00000  0.00000
  1.45000  0.00000  0.00000  0.00000
  0.00000  0.00000  0.00000  0.00000
57823.00000
  0.00000
  1.45000  0.00000  0.00000  0.00000
  0.00000  0.00000  0.00000  0.00000
  1.00000  0.00000
