ANISOTROPIC_PREM
   1    1.00000  0
    30  40 120 6371.00000
  10    0.00000  305.37500
 13.01798  0.00000 -8.83810  0.00000
 11.12999  0.00000 -6.36400  0.00000
  3.70272  0.00000 -4.44750  0.00000
1327.70000
 84.60000
 11.08893  0.00000 -6.36400  0.00000
  3.68299  0.00000 -4.44750  0.00000
  1.00652  0.00000
  10  305.37500  610.75000
 12.98777  0.00000 -8.83810  0.00000
 11.44238  0.00000 -6.36400  0.00000
  3.62808  0.00000 -4.44750  0.00000
1327.70000
 84.60000
 11.10096  0.00000 -6.36400  0.00000
  3.58945  0.00000 -4.44750  0.00000
  0.99853  0.00000
  10  610.75000  916.12500
 13.29543  0.00000 -8.83810  0.00000
 11.15064  0.00000 -6.36400  0.00000
  3.75386  0.00000 -4.44750  0.00000
1327.70000
 84.60000
 11.12266  0.00000 -6.36400  0.00000
  3.59564  0.00000 -4.44750  0.00000
  0.99764  0.00000
  10  916.12500 1205.81852
 13.14249  0.00000 -8.83810  0.00000
 11.48849  0.00000 -6.36400  0.00000
  3.71188  0.00000 -4.44750  0.00000
1327.70000
 84.60000
 11.04043  0.00000 -6.36400  0.00000
  3.66333  0.00000 -4.44750  0.00000
  1.00298  0.00000
  10 1205.81852 1503.81250
 12.32467 -1.26380 -3.64260 -5.52810
 10.96027 -4.03620  4.80230-13.57320
  0.00000  0.00000  0.00000  0.00000
57823.00000
  0.00000
 10.85829 -4.03620  4.80230-13.57320
  0.00000  0.00000  0.00000  0.00000
  0.97575  0.00000
  10 1503.81250 1786.12500
 12.70215 -1.26380 -3.64260 -5.52810
 10.92208 -4.03620  4.80230-13.57320
  0.00000  0.00000  0.00000  0.00000
57823.00000
  0.00000
 11.16778 -4.03620  4.80230-13.57320
  0.00000  0.00000  0.00000  0.00000
  1.01957  0.00000
  10 1786.12500 2068.43750
 12.76901 -1.26380 -3.64260 -5.52810
 11.18524 -4.03620  4.80230-13.57320
  0.00000  0.00000  0.00000  0.00000
57823.00000
  0.00000
 11.08735 -4.03620  4.80230-13.57320
  0.00000  0.00000  0.00000  0.00000
  0.99577  0.00000
  10 2068.43750 2350.75000
 12.86033 -1.26380 -3.64260 -5.52810
 10.86194 -4.03620  4.80230-13.57320
  0.00000  0.00000  0.00000  0.00000
57823.00000
  0.00000
 11.22883 -4.03620  4.80230-13.57320
  0.00000  0.00000  0.00000  0.00000
  0.98678  0.00000
  10 2350.75000 2633.06250
 12.78533 -1.26380 -3.64260 -5.52810
 11.16994 -4.03620  4.80230-13.57320
  0.00000  0.00000  0.00000  0.00000
57823.00000
  0.00000
 10.82533 -4.03620  4.80230-13.57320
  0.00000  0.00000  0.00000  0.00000
  0.98207  0.00000
  10 2633.06250 2915.37500
 12.70905 -1.26380 -3.64260 -5.52810
 11.05896 -4.03620  4.80230-13.57320
  0.00000  0.00000  0.00000  0.00000
57823.00000
  0.00000
 11.06768 -4.03620  4.80230-13.57320
  0.00000  0.00000  0.00000  0.00000
  1.02484  0.00000
  10 2915.37500 3197.68750
 12.44243 -1.26380 -3.64260 -5.52810
 11.11585 -4.03620  4.80230-13.57320
  0.00000  0.00000  0.00000  0.00000
57823.00000
  0.00000
 11.18202 -4.03620  4.80230-13.57320
  0.00000  0.00000  0.00000  0.00000
  0.99532  0.00000
  10 3197.68750 3409.99309
 12.81893 -1.26380 -3.64260 -5.52810
 11.01777 -4.03620  4.80230-13.57320
  0.00000  0.00000  0.00000  0.00000
57823.00000
  0.00000
 11.09298 -4.03620  4.80230-13.57320
  0.00000  0.00000  0.00000  0.00000
  1.00565  0.00000
  10 3409.99309 3646.24022
  7.77525 -6.47610  5.52830 -3.08070
 15.23551 -5.31810  5.52420 -2.55140
  6.93742  1.46720 -2.08340  0.97830
57823.00000
312.00000
 15.01931 -5.31810  5.52420 -2.55140
  7.14437  1.46720 -2.08340  0.97830
  0.98422  0.00000
  10 3646.24022 3876.25000
  8.18641 -6.47610  5.52830 -3.08070
 25.50950-40.46730 51.48320-26.64190
 11.00185-13.78180 17.45750 -9.27770
57823.00000
312.00000
 24.29783-40.46730 51.48320-26.64190
 11.22197-13.78180 17.45750 -9.27770
  0.97722  0.00000
  10 3876.25000 4122.50000
  7.98050 -6.47610  5.52830 -3.08070
 25.14850-40.46730 51.48320-26.64190
 11.24230-13.78180 17.45750 -9.27770
57823.00000
312.00000
 25.26269-40.46730 51.48320-26.64190
 11.36715-13.78180 17.45750 -9.27770
  0.99068  0.00000
  10 4122.50000 4368.75000
  8.12543 -6.47610  5.52830 -3.08070
 24.65467-40.46730 51.48320-26.64190
 11.31113-13.78180 17.45750 -9.27770
57823.00000
312.00000
 25.34844-40.46730 51.48320-26.64190
 11.22813-13.78180 17.45750 -9.27770
  0.99326  0.00000
  10 4368.75000 4615.00000
  7.91720 -6.47610  5.52830 -3.08070
 24.50789-40.46730 51.48320-26.64190
 11.07972-13.78180 17.45750 -9.27770
57823.00000
312.00000
 24.39796-40.46730 51.48320-26.64190
 11.09258-13.78180 17.45750 -9.27770
  1.01095  0.00000
  10 4615.00000 4861.25000
  8.12195 -6.47610  5.52830 -3.08070
 24.36995-40.46730 51.48320-26.64190
 11.30555-13.78180 17.45750 -9.27770
57823.00000
312.00000
 24.89228-40.46730 51.48320-26.64190
 10.99151-13.78180 17.45750 -9.27770
  0.97562  0.00000
  10 4861.25000 5107.50000
  8.01063 -6.47610  5.52830 -3.08070
 25.10469-40.46730 51.48320-26.64190
 10.92557-13.78180 17.45750 -9.27770
57823.00000
312.00000
 24.71084-40.46730 51.48320-26.64190
 11.23961-13.78180 17.45750 -9.27770
  1.02142  0.00000
  10 5107.50000 5353.75000
  7.93163 -6.47610  5.52830 -3.08070
 24.83517-40.46730 51.48320-26.64190
 11.30168-13.78180 17.45750 -9.27770
57823.00000
312.00000
 24.92729-40.46730 51.48320-26.64190
 10.91355-13.78180 17.45750 -9.27770
  1.00620  0.00000
  10 5353.75000 5600.00000
  7.92133 -6.47610  5.52830 -3.08070
 25.18139-40.46730 51.48320-26.64190
 11.34349-13.78180 17.45750 -9.27770
57823.00000
312.00000
 25.25544-40.46730 51.48320-26.64190
 11.33587-13.78180 17.45750 -9.27770
  0.98126  0.00000
   5 5600.00000 5725.27019
  8.16044 -6.47610  5.52830 -3.08070
 29.02763-23.60270  5.52420 -2.55140
 22.64051-17.24730 -2.08340  0.97830
57823.00000
312.00000
 29.34721-23.60270  5.52420 -2.55140
 22.25958-17.24730 -2.08340  0.97830
  1.02039  0.00000
   5 5725.27019 5771.00000
  5.47535 -1.48360  0.00000  0.00000
 19.40533 -9.86720  0.00000  0.00000
 10.11584 -4.93240  0.00000  0.00000
57823.00000
143.00000
 18.97530 -9.86720  0.00000  0.00000
 10.25443 -4.93240  0.00000  0.00000
  0.98010  0.00000
  10 5771.00000 5975.97587
 11.29348 -8.02980  0.00000  0.00000
 40.51873-32.61660  0.00000  0.00000
 22.81683-18.58560  0.00000  0.00000
57823.00000
143.00000
 40.09590-32.61660  0.00000  0.00000
 22.19591-18.58560  0.00000  0.00000
  1.01156  0.00000
  10 5975.97587 6148.95466
  6.96385 -3.80450  0.00000  0.00000
 20.71893-12.25690  0.00000  0.00000
  8.70672 -4.45970  0.00000  0.00000
57823.00000
143.00000
 20.55768-12.25690  0.00000  0.00000
  9.27380 -4.45970  0.00000  0.00000
  1.01649  0.00000
  10 6148.95466 6291.00000
  2.60582  0.69240  0.00000  0.00000
  0.77772  7.21800  0.00000  0.00000
  6.08723 -1.46780  0.00000  0.00000
57823.00000
 80.00000
  4.04459  4.61720  0.00000  0.00000
 -0.93520  5.71760  0.00000  0.00000
  3.37780 -2.47780
   5 6291.00000 6346.60000
  2.67967  0.69240  0.00000  0.00000
  0.89137  7.21800  0.00000  0.00000
  5.98389 -1.46780  0.00000  0.00000
57823.00000
600.00000
  3.19224  4.61720  0.00000  0.00000
 -1.29232  5.71760  0.00000  0.00000
  3.35501 -2.47780
   5 6346.60000 6356.00000
  2.90000  0.00000  0.00000  0.00000
  6.80000  0.00000  0.00000  0.00000
  3.90000  0.00000  0.00000  0.00000
57823.00000
600.00000
  6.80000  0.00000  0.00000  0.00000
  3.90000  0.00000  0.00000  0.00000
  1.00000  0.00000
   5 6356.00000 6368.00000
  2.60000  0.00000  0.00000  0.00000
  5.80000  0.00000  0.00000  0.00000
  3.20000  0.00000  0.00000  0.00000
57823.00000
600.00000
  5.80000  0.00000  0.00000  0.00000
  3.20000  0.00000  0.00000  0.00000
  1.00000  0.00000
   5 6368.00000 6371.00000
  1.02000  0.00000  0.00000  0.00000
  1.45000  0.00000  0.00000  0.00000
  0.00000  0.00000  0.00000  0.00000
57823.00000
  0.00000
  1.45000  0.00000  0.00000  0.00000
  0.00000  0.00000  0.00000  0.00000
  1.00000  0.00000
