ANISOTROPIC_PREM
   1    1.00000  0
    30  40 120 6371.00000
  10    0.00000  305.37500
 13.02635  0.00000 -8.83810  0.00000
 11.35395  0.00000 -6.36400  0.00000
  3.63306  0.00000 -4.44750  0.00000
1327.70000
 84.60000
 11.39457  0.00000 -6.36400  0.00000
  3.74193  0.00000 -4.44750  0.00000
  1.00729  0.00000
  10  305.37500  610.75000
 13.12328  0.00000 -8.83810  0.00000
 11.50830  0.00000 -6.36400  0.00000
  3.67124  0.00000 -4.44750  0.00000
1327.70000
 84.60000
 11.09423  0.00000 -6.36400  0.00000
  3.71786  0.00000 -4.44750  0.00000
  1.01231  0.00000
  10  610.75000  916.12500
 13.23049  0.00000 -8.83810  0.00000
 11.11294  0.00000 -6.36400  0.00000
  3.69746  0.00000 -4.44750  0.00000
1327.70000
 84.60000
 11.34498  0.00000 -6.36400  0.00000
  3.75286  0.00000 -4.44750  0.00000
  0.99943  0.00000
  10  916.12500 1221.61929
 13.08840  0.00000 -8.83810  0.00000
 11.30376  0.00000 -6.36400  0.00000
  3.64833  0.00000 -4.44750  0.00000
1327.70000
 84.60000
 11.48863  0.00000 -6.36400  0.00000
  3.62140  0.00000 -4.44750  0.00000
  0.99913  0.00000
  10 1221.61929 1503.81250
 12.47118 -1.26380 -3.64260 -5.52810
 11.30212 -4.03620  4.80230-13.57320
  0.00000  0.00000  0.00000  0.00000
57823.00000
  0.00000
 11.16798 -4.03620  4.80230-13.57320
  0.00000  0.00000  0.00000  0.00000
  0.99223  0.00000
  10 1503.81250 1786.12500
 12.48934 -1.26380 -3.64260 -5.52810
 11.29844 -4.03620  4.80230-13.57320
  0.00000  0.00000  0.00000  0.00000
57823.00000
  0.00000
 11.24472 -4.03620  4.80230-13.57320
  0.00000  0.00000  0.00000  0.00000
  1.02296  0.00000
  10 1786.12500 2068.43750
 12.79007 -1.26380 -3.64260 -5.52810
 11.19756 -4.03620  4.80230-13.57320
  0.00000  0.00000  0.00000  0.00000
57823.00000
  0.00000
 11.27560 -4.03620  4.80230-13.57320
  0.00000  0.00000  0.00000  0.00000
  1.02467  0.00000
  10 2068.43750 2350.75000
 12.48725 -1.26380 -3.64260 -5.52810
 11.09071 -4.03620  4.80230-13.57320
  0.00000  0.00000  0.00000  0.00000
57823.00000
  0.00000
 10.93977 -4.03620  4.80230-13.57320
  0.00000  0.00000  0.00000  0.00000
  1.00712  0.00000
  10 2350.75000 2633.06250
 12.47740 -1.26380 -3.64260 -5.52810
 11.10866 -4.03620  4.80230-13.57320
  0.00000  0.00000  0.00000  0.00000
57823.00000
  0.00000
 10.91159 -4.03620  4.80230-13.57320
  0.00000  0.00000  0.00000  0.00000
  1.01731  0.00000
  10 2633.06250 2915.37500
 12.53691 -1.26380 -3.64260 -5.52810
 10.99981 -4.03620  4.80230-13.57320
  0.00000  0.00000  0.00000  0.00000
57823.00000
  0.00000
 11.23060 -4.03620  4.80230-13.57320
  0.00000  0.00000  0.00000  0.00000
  0.99378  0.00000
  10 2915.37500 3197.68750
 12.90497 -1.26380 -3.64260 -5.52810
 10.92782 -4.03620  4.80230-13.57320
  0.00000  0.00000  0.00000  0.00000
57823.00000
  0.00000
 11.00054 -4.03620  4.80230-13.57320
  0.00000  0.00000  0.00000  0.00000
  1.00439  0.00000
  10 3197.68750 3443.29217
 12.89644 -1.26380 -3.64260 -5.52810
 11.21322 -4.03620  4.80230-13.57320
  0.00000  0.00000  0.00000  0.00000
57823.00000
  0.00000
 10.88601 -4.03620  4.80230-13.57320
  0.00000  0.00000  0.00000  0.00000
  0.99347  0.00000
  10 3443.29217 3610.90794
  7.83658 -6.47610  5.52830 -3.08070
 15.50565 -5.31810  5.52420 -2.55140
  7.10532  1.46720 -2.08340  0.97830
57823.00000
312.00000
 15.55825 -5.31810  5.52420 -2.55140
  6.79285  1.46720 -2.08340  0.97830
  1.02245  0.00000
  10 3610.90794 3876.25000
  7.69656 -6.47610  5.52830 -3.08070
 24.76097-40.46730 51.48320-26.64190
 11.03670-13.78180 17.45750 -9.27770
57823.00000
312.00000
 24.92295-40.46730 51.48320-26.64190
 11.21433-13.78180 17.45750 -9.27770
  1.00539  0.00000
  10 3876.25000 4122.50000
  7.81796 -6.47610  5.52830 -3.08070
 24.72324-40.46730 51.48320-26.64190
 10.99785-13.78180 17.45750 -9.27770
57823.00000
312.00000
 24.54407-40.46730 51.48320-26.64190
 11.27746-13.78180 17.45750 -9.27770
  1.01971  0.00000
  10 4122.50000 4368.75000
  8.04339 -6.47610  5.52830 -3.08070
 24.52739-40.46730 51.48320-26.64190
 11.01830-13.78180 17.45750 -9.27770
57823.00000
312.00000
 25.49151-40.46730 51.48320-26.64190
 11.40812-13.78180 17.45750 -9.27770
  1.00590  0.00000
  10 4368.75000 4615.00000
  7.88733 -6.47610  5.52830 -3.08070
 24.55279-40.46730 51.48320-26.64190
 11.39940-13.78180 17.45750 -9.27770
57823.00000
312.00000
 24.92641-40.46730 51.48320-26.64190
 11.08451-13.78180 17.45750 -9.27770
  0.97924  0.00000
  10 4615.00000 4861.25000
  8.04240 -6.47610  5.52830 -3.08070
 25.15942-40.46730 51.48320-26.64190
 11.40280-13.78180 17.45750 -9.27770
57823.00000
312.00000
 25.55971-40.46730 51.48320-26.64190
 11.46305-13.78180 17.45750 -9.27770
  0.99042  0.00000
  10 4861.25000 5107.50000
  8.02759 -6.47610  5.52830 -3.08070
 24.69463-40.46730 51.48320-26.64190
 11.37438-13.78180 17.45750 -9.27770
57823.00000
312.00000
 24.68855-40.46730 51.48320-26.64190
 11.08828-13.78180 17.45750 -9.27770
  1.00466  0.00000
  10 5107.50000 5353.75000
  7.99202 -6.47610  5.52830 -3.08070
 24.73797-40.46730 51.48320-26.64190
 11.02352-13.78180 17.45750 -9.27770
57823.00000
312.00000
 24.43735-40.46730 51.48320-26.64190
 11.11739-13.78180 17.45750 -9.27770
  1.02078  0.00000
  10 5353.75000 5600.00000
  8.01866 -6.47610  5.52830 -3.08070
 25.34144-40.46730 51.48320-26.64190
 11.08981-13.78180 17.45750 -9.27770
57823.00000
312.00000
 25.41203-40.46730 51.48320-26.64190
 11.11286-13.78180 17.45750 -9.27770
  1.00784  0.00000
   5 5600.00000 5674.27401
  7.85320 -6.47610  5.52830 -3.08070
 28.83325-23.60270  5.52420 -2.55140
 22.21810-17.24730 -2.08340  0.97830
57823.00000
312.00000
 29.05433-23.60270  5.52420 -2.55140
 22.50715-17.24730 -2.08340  0.97830
  0.99272  0.00000
   5 5674.27401 5771.00000
  5.11674 -1.48360  0.00000  0.00000
 19.55436 -9.86720  0.00000  0.00000
 10.08721 -4.93240  0.00000  0.00000
57823.00000
143.00000
 19.52849 -9.86720  0.00000  0.00000
 10.11571 -4.93240  0.00000  0.00000
  1.00789  0.00000
  10 5771.00000 5999.90692
 11.30766 -8.02980  0.00000  0.00000
 39.53875-32.61660  0.00000  0.00000
 22.07443-18.58560  0.00000  0.00000
57823.00000
143.00000
 39.67262-32.61660  0.00000  0.00000
 22.27006-18.58560  0.00000  0.00000
  1.00663  0.00000
  10 5999.90692 6150.27191
  7.35051 -3.80450  0.00000  0.00000
 20.96446-12.25690  0.00000  0.00000
  9.17839 -4.45970  0.00000  0.00000
57823.00000
143.00000
 20.73026-12.25690  0.00000  0.00000
  8.80146 -4.45970  0.00000  0.00000
  1.02360  0.00000
  10 6150.27191 6291.00000
  2.73501  0.69240  0.00000  0.00000
  1.21456  7.21800  0.00000  0.00000
  6.05264 -1.46780  0.00000  0.00000
57823.00000
 80.00000
  3.12457  4.61720  0.00000  0.00000
 -1.36568  5.71760  0.00000  0.00000
  3.37379 -2.47780
   5 6291.00000 6346.60000
  2.52781  0.69240  0.00000  0.00000
  1.05046  7.21800  0.00000  0.00000
  5.88023 -1.46780  0.00000  0.00000
57823.00000
600.00000
  3.30232  4.61720  0.00000  0.00000
 -1.25329  5.71760  0.00000  0.00000
  3.34629 -2.47780
   5 6346.60000 6356.00000
  2.90000  0.00000  0.00000  0.00000
  6.80000  0.00000  0.00000  0.00000
  3.90000  0.00000  0.00000  0.00000
57823.00000
600.00000
  6.80000  0.00000  0.00000  0.00000
  3.90000  0.00000  0.00000  0.00000
  1.00000  0.00000
   5 6356.00000 6368.00000
  2.60000  0.00000  0.00000  0.00000
  5.80000  0.00000  0.00000  0.00000
  3.20000  0.00000  0.00000  0.00000
57823.00000
600.00000
  5.80000  0.00000  0.00000  0.00000
  3.20000  0.00000  0.00000  0.00000
  1.00000  0.00000
   5 6368.00000 6371.00000
  1.02000  0.00000  0.00000  0.00000
  1.45000  0.00000  0.00000  0.00000
  0.00000  0.00000  0.00000  0.00000
57823.00000
  0.00000
  1.45000  0.00000  0.00000  0.00000
  0.00000  0.00000  0.00000  0.00000
  1.00000  0.00000
