ANISOTROPIC_PREM
   1    1.00000  0
    30  40 120 6371.00000
  10    0.00000  305.37500
 13.46050  0.00000 -8.83810  0.00000
 11.19105  0.00000 -6.36400  0.00000
  3.70928  0.00000 -4.44750  0.00000
1327.70000
 84.60000
 11.09860  0.00000 -6.36400  0.00000
  3.63368  0.00000 -4.44750  0.00000
  1.02326  0.00000
  10  305.37500  610.75000
 13.25849  0.00000 -8.83810  0.00000
 11.35660  0.00000 -6.36400  0.00000
  3.66420  0.00000 -4.44750  0.00000
1327.70000
 84.60000
 11.39173  0.00000 -6.36400  0.00000
  3.65314  0.00000 -4.44750  0.00000
  1.01255  0.00000
  10  610.75000  916.12500
 13.40941  0.00000 -8.83810  0.00000
 11.17275  0.00000 -6.36400  0.00000
  3.72945  0.00000 -4.44750  0.00000
1327.70000
 84.60000
 11.34661  0.00000 -6.36400  0.00000
  3.73577  0.00000 -4.44750  0.00000
  0.99215  0.00000
  10  916.12500 1221.93310
 13.36972  0.00000 -8.83810  0.00000
 11.30254  0.00000 -6.36400  0.00000
  3.71115  0.00000 -4.44750  0.00000
1327.70000
 84.60000
 11.25055  0.00000 -6.36400  0.00000
  3.60647  0.00000 -4.44750  0.00000
  1.02243  0.00000
  10 1221.93310 1503.81250
 12.55474 -1.26380 -3.64260 -5.52810
 10.95923 -4.03620  4.80230-13.57320
  0.00000  0.00000  0.00000  0.00000
57823.00000
  0.00000
 10.93302 -4.03620  4.80230-13.57320
  0.00000  0.00000  0.00000  0.00000
  1.01003  0.00000
  10 1503.81250 1786.12500
 12.38293 -1.26380 -3.64260 -5.52810
 11.02102 -4.03620  4.80230-13.57320
  0.00000  0.00000  0.00000  0.00000
57823.00000
  0.00000
 11.12552 -4.03620  4.80230-13.57320
  0.00000  0.00000  0.00000  0.00000
  1.01703  0.00000
  10 1786.12500 2068.43750
 12.72083 -1.26380 -3.64260 -5.52810
 10.83184 -4.03620  4.80230-13.57320
  0.00000  0.00000  0.00000  0.00000
57823.00000
  0.00000
 11.27445 -4.03620  4.80230-13.57320
  0.00000  0.00000  0.00000  0.00000
  0.97727  0.00000
  10 2068.43750 2350.75000
 12.66331 -1.26380 -3.64260 -5.52810
 10.92441 -4.03620  4.80230-13.57320
  0.00000  0.00000  0.00000  0.00000
57823.00000
  0.00000
 11.01756 -4.03620  4.80230-13.57320
  0.00000  0.00000  0.00000  0.00000
  0.97778  0.00000
  10 2350.75000 2633.06250
 12.55092 -1.26380 -3.64260 -5.52810
 11.27018 -4.03620  4.80230-13.57320
  0.00000  0.00000  0.00000  0.00000
57823.00000
  0.00000
 10.84682 -4.03620  4.80230-13.57320
  0.00000  0.00000  0.00000  0.00000
  1.01214  0.00000
  10 2633.06250 2915.37500
 12.47771 -1.26380 -3.64260 -5.52810
 10.92637 -4.03620  4.80230-13.57320
  0.00000  0.00000  0.00000  0.00000
57823.00000
  0.00000
 10.84789 -4.03620  4.80230-13.57320
  0.00000  0.00000  0.00000  0.00000
  0.99023  0.00000
  10 2915.37500 3197.68750
 12.57967 -1.26380 -3.64260 -5.52810
 11.13217 -4.03620  4.80230-13.57320
  0.00000  0.00000  0.00000  0.00000
57823.00000
  0.00000
 10.86686 -4.03620  4.80230-13.57320
  0.00000  0.00000  0.00000  0.00000
  1.00084  0.00000
  10 3197.68750 3445.68332
 12.61366 -1.26380 -3.64260 -5.52810
 11.11114 -4.03620  4.80230-13.57320
  0.00000  0.00000  0.00000  0.00000
57823.00000
  0.00000
 11.23945 -4.03620  4.80230-13.57320
  0.00000  0.00000  0.00000  0.00000
  0.98281  0.00000
  10 3445.68332 3635.96576
  7.94845 -6.47610  5.52830 -3.08070
 15.69586 -5.31810  5.52420 -2.55140
  7.13242  1.46720 -2.08340  0.97830
57823.00000
312.00000
 15.44494 -5.31810  5.52420 -2.55140
  7.06984  1.46720 -2.08340  0.97830
  1.02390  0.00000
  10 3635.96576 3876.25000
  7.96320 -6.47610  5.52830 -3.08070
 24.91829-40.46730 51.48320-26.64190
 11.50748-13.78180 17.45750 -9.27770
57823.00000
312.00000
 25.40868-40.46730 51.48320-26.64190
 11.15448-13.78180 17.45750 -9.27770
  1.00014  0.00000
  10 3876.25000 4122.50000
  8.05518 -6.47610  5.52830 -3.08070
 25.08004-40.46730 51.48320-26.64190
 11.41629-13.78180 17.45750 -9.27770
57823.00000
312.00000
 24.51492-40.46730 51.48320-26.64190
 11.01591-13.78180 17.45750 -9.27770
  1.01645  0.00000
  10 4122.50000 4368.75000
  8.26774 -6.47610  5.52830 -3.08070
 24.39065-40.46730 51.48320-26.64190
 11.19757-13.78180 17.45750 -9.27770
57823.00000
312.00000
 24.64133-40.46730 51.48320-26.64190
 11.40035-13.78180 17.45750 -9.27770
  0.97870  0.00000
  10 4368.75000 4615.00000
  8.12228 -6.47610  5.52830 -3.08070
 24.41021-40.46730 51.48320-26.64190
 10.88501-13.78180 17.45750 -9.27770
57823.00000
312.00000
 25.19534-40.46730 51.48320-26.64190
 11.42304-13.78180 17.45750 -9.27770
  0.99895  0.00000
  10 4615.00000 4861.25000
  7.96960 -6.47610  5.52830 -3.08070
 24.57956-40.46730 51.48320-26.64190
 11.15958-13.78180 17.45750 -9.27770
57823.00000
312.00000
 25.44142-40.46730 51.48320-26.64190
 10.89151-13.78180 17.45750 -9.27770
  0.97811  0.00000
  10 4861.25000 5107.50000
  7.96982 -6.47610  5.52830 -3.08070
 24.53263-40.46730 51.48320-26.64190
 11.45071-13.78180 17.45750 -9.27770
57823.00000
312.00000
 24.76009-40.46730 51.48320-26.64190
 10.97885-13.78180 17.45750 -9.27770
  1.01921  0.00000
  10 5107.50000 5353.75000
  8.05651 -6.47610  5.52830 -3.08070
 24.48465-40.46730 51.48320-26.64190
 11.35362-13.78180 17.45750 -9.27770
57823.00000
312.00000
 24.44324-40.46730 51.48320-26.64190
 11.38225-13.78180 17.45750 -9.27770
  0.99729  0.00000
  10 5353.75000 5600.00000
  7.94287 -6.47610  5.52830 -3.08070
 24.53365-40.46730 51.48320-26.64190
 11.15767-13.78180 17.45750 -9.27770
57823.00000
312.00000
 25.36291-40.46730 51.48320-26.64190
 11.38746-13.78180 17.45750 -9.27770
  0.97843  0.00000
   5 5600.00000 5712.58828
  7.94421 -6.47610  5.52830 -3.08070
 29.33472-23.60270  5.52420 -2.55140
 22.31865-17.24730 -2.08340  0.97830
57823.00000
312.00000
 29.04847-23.60270  5.52420 -2.55140
 22.23297-17.24730 -2.08340  0.97830
  0.97882  0.00000
   5 5712.58828 5771.00000
  5.40660 -1.48360  0.00000  0.00000
 18.77690 -9.86720  0.00000  0.00000
  9.82758 -4.93240  0.00000  0.00000
57823.00000
143.00000
 19.34189 -9.86720  0.00000  0.00000
  9.86156 -4.93240  0.00000  0.00000
  1.00194  0.00000
  10 5771.00000 5950.41206
 11.09849 -8.02980  0.00000  0.00000
 40.57488-32.61660  0.00000  0.00000
 22.01394-18.58560  0.00000  0.00000
57823.00000
143.00000
 39.04261-32.61660  0.00000  0.00000
 22.27891-18.58560  0.00000  0.00000
  0.97878  0.00000
  10 5950.41206 6152.78596
  7.20581 -3.80450  0.00000  0.00000
 20.70977-12.25690  0.00000  0.00000
  8.54822 -4.45970  0.00000  0.00000
57823.00000
143.00000
 20.73309-12.25690  0.00000  0.00000
  8.98673 -4.45970  0.00000  0.00000
  0.98419  0.00000
  10 6152.78596 6291.00000
  2.44380  0.69240  0.00000  0.00000
  0.88018  7.21800  0.00000  0.00000
  6.11865 -1.46780  0.00000  0.00000
57823.00000
 80.00000
  4.00559  4.61720  0.00000  0.00000
 -1.35684  5.71760  0.00000  0.00000
  3.36568 -2.47780
   5 6291.00000 6346.60000
  2.62131  0.69240  0.00000  0.00000
  1.08002  7.21800  0.00000  0.00000
  5.95077 -1.46780  0.00000  0.00000
57823.00000
600.00000
  3.86918  4.61720  0.00000  0.00000
 -0.85210  5.71760  0.00000  0.00000
  3.36860 -2.47780
   5 6346.60000 6356.00000
  2.90000  0.00000  0.00000  0.00000
  6.80000  0.00000  0.00000  0.00000
  3.90000  0.00000  0.00000  0.00000
57823.00000
600.00000
  6.80000  0.00000  0.00000  0.00000
  3.90000  0.00000  0.00000  0.00000
  1.00000  0.00000
   5 6356.00000 6368.00000
  2.60000  0.00000  0.00000  0.00000
  5.80000  0.00000  0.00000  0.00000
  3.20000  0.00000  0.00000  0.00000
57823.00000
600.00000
  5.80000  0.00000  0.00000  0.00000
  3.20000  0.00000  0.00000  0.00000
  1.00000  0.00000
   5 6368.00000 6371.00000
  1.02000  0.00000  0.00000  0.00000
  1.45000  0.00000  0.00000  0.00000
  0.00000  0.00000  0.00000  0.00000
57823.00000
  0.00000
  1.45000  0.00000  0.00000  0.00000
  0.00000  0.00000  0.00000  0.00000
  1.00000  0.00000
