ANISOTROPIC_PREM
   1    1.00000  0
    30  40 120 6371.00000
  10    0.00000  305.37500
 13.16992  0.00000 -8.83810  0.00000
 11.12255  0.00000 -6.36400  0.00000
  3.75626  0.00000 -4.44750  0.00000
1327.70000
 84.60000
 11.06270  0.00000 -6.36400  0.00000
  3.72650  0.00000 -4.44750  0.00000
  1.02068  0.00000
  10  305.37500  610.75000
 13.19890  0.00000 -8.83810  0.00000
 11.48904  0.00000 -6.36400  0.00000
  3.59200  0.00000 -4.44750  0.00000
1327.70000
 84.60000
 11.28322  0.00000 -6.36400  0.00000
  3.68108  0.00000 -4.44750  0.00000
  1.01097  0.00000
  10  610.75000  916.12500
 12.82827  0.00000 -8.83810  0.00000
 11.17592  0.00000 -6.36400  0.00000
  3.69144  0.00000 -4.44750  0.00000
1327.70000
 84.60000
 11.53912  0.00000 -6.36400  0.00000
  3.61310  0.00000 -4.44750  0.00000
  0.99903  0.00000
  10  916.12500 1233.44873
 13.07265  0.00000 -8.83810  0.00000
 11.01664  0.00000 -6.36400  0.00000
  3.68143  0.00000 -4.44750  0.00000
1327.70000
 84.60000
 11.01231  0.00000 -6.36400  0.00000
  3.74228  0.00000 -4.44750  0.00000
  0.97921  0.00000
  10 1233.44873 1503.81250
 12.31693 -1.26380 -3.64260 -5.52810
 11.15907 -4.03620  4.80230-13.57320
  0.00000  0.00000  0.00000  0.00000
57823.00000
  0.00000
 10.94743 -4.03620  4.80230-13.57320
  0.00000  0.00000  0.00000  0.00000
  0.99318  0.00000
  10 1503.81250 1786.12500
 12.46601 -1.26380 -3.64260 -5.52810
 11.00551 -4.03620  4.80230-13.57320
  0.00000  0.00000  0.00000  0.00000
57823.00000
  0.00000
 11.17023 -4.03620  4.80230-13.57320
  0.00000  0.00000  0.00000  0.00000
  0.99953  0.00000
  10 1786.12500 2068.43750
 12.73849 -1.26380 -3.64260 -5.52810
 11.16508 -4.03620  4.80230-13.57320
  0.00000  0.00000  0.00000  0.00000
57823.00000
  0.00000
 10.82088 -4.03620  4.80230-13.57320
  0.00000  0.00000  0.00000  0.00000
  0.98919  0.00000
  10 2068.43750 2350.75000
 12.36520 -1.26380 -3.64260 -5.52810
 11.03763 -4.03620  4.80230-13.57320
  0.00000  0.00000  0.00000  0.00000
57823.00000
  0.00000
 11.16785 -4.03620  4.80230-13.57320
  0.00000  0.00000  0.00000  0.00000
  1.00173  0.00000
  10 2350.75000 2633.06250
 12.50218 -1.26380 -3.64260 -5.52810
 11.04897 -4.03620  4.80230-13.57320
  0.00000  0.00000  0.00000  0.00000
57823.00000
  0.00000
 11.08318 -4.03620  4.80230-13.57320
  0.00000  0.00000  0.00000  0.00000
  0.98548  0.00000
  10 2633.06250 2915.37500
 12.88386 -1.26380 -3.64260 -5.52810
 11.01127 -4.03620  4.80230-13.57320
  0.00000  0.00000  0.00000  0.00000
57823.00000
  0.00000
 11.15391 -4.03620  4.80230-13.57320
  0.00000  0.00000  0.00000  0.00000
  0.99972  0.00000
  10 2915.37500 3197.68750
 12.86619 -1.26380 -3.64260 -5.52810
 10.95736 -4.03620  4.80230-13.57320
  0.00000  0.00000  0.00000  0.00000
57823.00000
  0.00000
 11.07086 -4.03620  4.80230-13.57320
  0.00000  0.00000  0.00000  0.00000
  1.00140  0.00000
  10 3197.68750 3416.25207
 12.60825 -1.26380 -3.64260 -5.52810
 11.21497 -4.03620  4.80230-13.57320
  0.00000  0.00000  0.00000  0.00000
57823.00000
  0.00000
 11.23102 -4.03620  4.80230-13.57320
  0.00000  0.00000  0.00000  0.00000
  1.00867  0.00000
  10 3416.25207 3637.18007
  8.10993 -6.47610  5.52830 -3.08070
 15.62031 -5.31810  5.52420 -2.55140
  6.87594  1.46720 -2.08340  0.97830
57823.00000
312.00000
 15.17870 -5.31810  5.52420 -2.55140
  6.68564  1.46720 -2.08340  0.97830
  1.01227  0.00000
  10 3637.18007 3876.25000
  8.05149 -6.47610  5.52830 -3.08070
 25.34287-40.46730 51.48320-26.64190
 10.88024-13.78180 17.45750 -9.27770
57823.00000
312.00000
 25.05278-40.46730 51.48320-26.64190
 11.24158-13.78180 17.45750 -9.27770
  1.01150  0.00000
  10 3876.25000 4122.50000
  7.96099 -6.47610  5.52830 -3.08070
 25.47620-40.46730 51.48320-26.64190
 10.90995-13.78180 17.45750 -9.27770
57823.00000
312.00000
 24.35696-40.46730 51.48320-26.64190
 11.25200-13.78180 17.45750 -9.27770
  0.99621  0.00000
  10 4122.50000 4368.75000
  8.16489 -6.47610  5.52830 -3.08070
 24.62816-40.46730 51.48320-26.64190
 10.81909-13.78180 17.45750 -9.27770
57823.00000
312.00000
 25.02127-40.46730 51.48320-26.64190
 11.30543-13.78180 17.45750 -9.27770
  0.99780  0.00000
  10 4368.75000 4615.00000
  7.81310 -6.47610  5.52830 -3.08070
 25.48413-40.46730 51.48320-26.64190
 10.96747-13.78180 17.45750 -9.27770
57823.00000
312.00000
 24.84983-40.46730 51.48320-26.64190
 11.02402-13.78180 17.45750 -9.27770
  1.01868  0.00000
  10 4615.00000 4861.25000
  8.14165 -6.47610  5.52830 -3.08070
 25.40064-40.46730 51.48320-26.64190
 10.97563-13.78180 17.45750 -9.27770
57823.00000
312.00000
 25.54980-40.46730 51.48320-26.64190
 11.02658-13.78180 17.45750 -9.27770
  0.99314  0.00000
  10 4861.25000 5107.50000
  7.75888 -6.47610  5.52830 -3.08070
 24.95933-40.46730 51.48320-26.64190
 11.17787-13.78180 17.45750 -9.27770
57823.00000
312.00000
 25.48879-40.46730 51.48320-26.64190
 11.33645-13.78180 17.45750 -9.27770
  1.01190  0.00000
  10 5107.50000 5353.75000
  8.15078 -6.47610  5.52830 -3.08070
 25.03136-40.46730 51.48320-26.64190
 11.21263-13.78180 17.45750 -9.27770
57823.00000
312.00000
 24.52926-40.46730 51.48320-26.64190
 11.09461-13.78180 17.45750 -9.27770
  1.02470  0.00000
  10 5353.75000 5600.00000
  8.05898 -6.47610  5.52830 -3.08070
 24.51745-40.46730 51.48320-26.64190
 11.37206-13.78180 17.45750 -9.27770
57823.00000
312.00000
 24.43471-40.46730 51.48320-26.64190
 10.94722-13.78180 17.45750 -9.27770
  1.02124  0.00000
   5 5600.00000 5679.05309
  7.95531 -6.47610  5.52830 -3.08070
 29.56253-23.60270  5.52420 -2.55140
 22.33780-17.24730 -2.08340  0.97830
57823.00000
312.00000
 28.86281-23.60270  5.52420 -2.55140
 22.59282-17.24730 -2.08340  0.97830
  1.00246  0.00000
   5 5679.05309 5771.00000
  5.40346 -1.48360  0.00000  0.00000
 18.76200 -9.86720  0.00000  0.00000
 10.20089 -4.93240  0.00000  0.00000
57823.00000
143.00000
 18.78193 -9.86720  0.00000  0.00000
  9.71400 -4.93240  0.00000  0.00000
  0.99026  0.00000
  10 5771.00000 5989.88694
 11.25096 -8.02980  0.00000  0.00000
 39.76798-32.61660  0.00000  0.00000
 22.24156-18.58560  0.00000  0.00000
57823.00000
143.00000
 40.13860-32.61660  0.00000  0.00000
 22.75502-18.58560  0.00000  0.00000
  1.00612  0.00000
  10 5989.88694 6141.57302
  7.32520 -3.80450  0.00000  0.00000
 19.74020-12.25690  0.00000  0.00000
  9.17987 -4.45970  0.00000  0.00000
57823.00000
143.00000
 20.46940-12.25690  0.00000  0.00000
  8.75403 -4.45970  0.00000  0.00000
  1.00922  0.00000
  10 6141.57302 6291.00000
  2.37013  0.69240  0.00000  0.00000
  0.32690  7.21800  0.00000  0.00000
  5.89322 -1.46780  0.00000  0.00000
57823.00000
 80.00000
  3.63323  4.61720  0.00000  0.00000
 -1.16365  5.71760  0.00000  0.00000
  3.36998 -2.47780
   5 6291.00000 6346.60000
  2.57007  0.69240  0.00000  0.00000
  0.96238  7.21800  0.00000  0.00000
  5.93997 -1.46780  0.00000  0.00000
57823.00000
600.00000
  3.54734  4.61720  0.00000  0.00000
 -0.75474  5.71760  0.00000  0.00000
  3.36148 -2.47780
   5 6346.60000 6356.00000
  2.90000  0.00000  0.00000  0.00000
  6.80000  0.00000  0.00000  0.00000
  3.90000  0.00000  0.00000  0.00000
57823.00000
600.00000
  6.80000  0.00000  0.00000  0.00000
  3.90000  0.00000  0.00000  0.00000
  1.00000  0.00000
   5 6356.00000 6368.00000
  2.60000  0.00000  0.00000  0.00000
  5.80000  0.00000  0.00000  0.00000
  3.20000  0.00000  0.00000  0.00000
57823.00000
600.00000
  5.80000  0.00000  0.00000  0.00000
  3.20000  0.00000  0.00000  0.00000
  1.00000  0.00000
   5 6368.00000 6371.00000
  1.02000  0.00000  0.00000  0.00000
  1.45000  0.00000  0.00000  0.00000
  0.00000  0.00000  0.00000  0.00000
57823.00000
  0.00000
  1.45000  0.00000  0.00000  0.00000
  0.00000  0.00000  0.00000  0.00000
  1.00000  0.00000
