ANISOTROPIC_PREM
   1    1.00000  0
    30  40 120 6371.00000
  10    0.00000  305.37500
 13.04512  0.00000 -8.83810  0.00000
 11.16584  0.00000 -6.36400  0.00000
  3.64315  0.00000 -4.44750  0.00000
1327.70000
 84.60000
 11.31930  0.00000 -6.36400  0.00000
  3.67071  0.00000 -4.44750  0.00000
  0.97835  0.00000
  10  305.37500  610.75000
 13.02185  0.00000 -8.83810  0.00000
 11.19748  0.00000 -6.36400  0.00000
  3.70148  0.00000 -4.44750  0.00000
1327.70000
 84.60000
 11.32648  0.00000 -6.36400  0.00000
  3.58057  0.00000 -4.44750  0.00000
  0.99394  0.00000
  10  610.75000  916.12500
 13.42444  0.00000 -8.83810  0.00000
 11.14587  0.00000 -6.36400  0.00000
  3.68020  0.00000 -4.44750  0.00000
1327.70000
 84.60000
 11.07293  0.00000 -6.36400  0.00000
  3.72555  0.00000 -4.44750  0.00000
  1.00015  0.00000
  10  916.12500 1207.34085
 12.78405  0.00000 -8.83810  0.00000
 11.14856  0.00000 -6.36400  0.00000
  3.59428  0.00000 -4.44750  0.00000
1327.70000
 84.60000
 11.37895  0.00000 -6.36400  0.00000
  3.70120  0.00000 -4.44750  0.00000
  0.98744  0.00000
  10 1207.34085 1503.81250
 12.68420 -1.26380 -3.64260 -5.52810
 11.08018 -4.03620  4.80230-13.57320
  0.00000  0.00000  0.00000  0.00000
57823.00000
  0.00000
 11.06808 -4.03620  4.80230-13.57320
  0.00000  0.00000  0.00000  0.00000
  1.02348  0.00000
  10 1503.81250 1786.12500
 12.59812 -1.26380 -3.64260 -5.52810
 10.96086 -4.03620  4.80230-13.57320
  0.00000  0.00000  0.00000  0.00000
57823.00000
  0.00000
 11.17098 -4.03620  4.80230-13.57320
  0.00000  0.00000  0.00000  0.00000
  1.02493  0.00000
  10 1786.12500 2068.43750
 12.38900 -1.26380 -3.64260 -5.52810
 10.83396 -4.03620  4.80230-13.57320
  0.00000  0.00000  0.00000  0.00000
57823.00000
  0.00000
 10.82351 -4.03620  4.80230-13.57320
  0.00000  0.00000  0.00000  0.00000
  0.98947  0.00000
  10 2068.43750 2350.75000
 12.67515 -1.26380 -3.64260 -5.52810
 11.14060 -4.03620  4.80230-13.57320
  0.00000  0.00000  0.00000  0.00000
57823.00000
  0.00000
 11.16125 -4.03620  4.80230-13.57320
  0.00000  0.00000  0.00000  0.00000
  1.00501  0.00000
  10 2350.75000 2633.06250
 12.76733 -1.26380 -3.64260 -5.52810
 10.95883 -4.03620  4.80230-13.57320
  0.00000  0.00000  0.00000  0.00000
57823.00000
  0.00000
 11.26015 -4.03620  4.80230-13.57320
  0.00000  0.00000  0.00000  0.00000
  1.01914  0.00000
  10 2633.06250 2915.37500
 12.73992 -1.26380 -3.64260 -5.52810
 10.99979 -4.03620  4.80230-13.57320
  0.00000  0.00000  0.00000  0.00000
57823.00000
  0.00000
 11.08759 -4.03620  4.80230-13.57320
  0.00000  0.00000  0.00000  0.00000
  1.00419  0.00000
  10 2915.37500 3197.68750
 12.36795 -1.26380 -3.64260 -5.52810
 10.91194 -4.03620  4.80230-13.57320
  0.00000  0.00000  0.00000  0.00000
57823.00000
  0.00000
 10.89183 -4.03620  4.80230-13.57320
  0.00000  0.00000  0.00000  0.00000
  0.99259  0.00000
  10 3197.68750 3423.84803
 12.74404 -1.26380 -3.64260 -5.52810
 10.86171 -4.03620  4.80230-13.57320
  0.00000  0.00000  0.00000  0.00000
57823.00000
  0.00000
 11.22454 -4.03620  4.80230-13.57320
  0.00000  0.00000  0.00000  0.00000
  1.01729  0.00000
  10 3423.84803 3614.01068
  7.96497 -6.47610  5.52830 -3.08070
 15.60044 -5.31810  5.52420 -2.55140
  6.68286  1.46720 -2.08340  0.97830
57823.00000
312.00000
 15.46540 -5.31810  5.52420 -2.55140
  6.57547  1.46720 -2.08340  0.97830
  1.00144  0.00000
  10 3614.01068 3876.25000
  8.24492 -6.47610  5.52830 -3.08070
 24.84808-40.46730 51.48320-26.64190
 11.25420-13.78180 17.45750 -9.27770
57823.00000
312.00000
 24.65078-40.46730 51.48320-26.64190
 11.03989-13.78180 17.45750 -9.27770
  1.00596  0.00000
  10 3876.25000 4122.50000
  8.08453 -6.47610  5.52830 -3.08070
 25.52475-40.46730 51.48320-26.64190
 11.50667-13.78180 17.45750 -9.27770
57823.00000
312.00000
 25.11379-40.46730 51.48320-26.64190
 11.30866-13.78180 17.45750 -9.27770
  1.01285  0.00000
  10 4122.50000 4368.75000
  7.83082 -6.47610  5.52830 -3.08070
 24.32837-40.46730 51.48320-26.64190
 11.22726-13.78180 17.45750 -9.27770
57823.00000
312.00000
 25.41724-40.46730 51.48320-26.64190
 11.11103-13.78180 17.45750 -9.27770
  0.98941  0.00000
  10 4368.75000 4615.00000
  8.17647 -6.47610  5.52830 -3.08070
 25.36381-40.46730 51.48320-26.64190
 11.02624-13.78180 17.45750 -9.27770
57823.00000
312.00000
 24.45551-40.46730 51.48320-26.64190
 11.02815-13.78180 17.45750 -9.27770
  1.00931  0.00000
  10 4615.00000 4861.25000
  8.08291 -6.47610  5.52830 -3.08070
 24.35631-40.46730 51.48320-26.64190
 11.31312-13.78180 17.45750 -9.27770
57823.00000
312.00000
 25.02582-40.46730 51.48320-26.64190
 11.46187-13.78180 17.45750 -9.27770
  0.98833  0.00000
  10 4861.25000 5107.50000
  8.02759 -6.47610  5.52830 -3.08070
 24.55805-40.46730 51.48320-26.64190
 10.97041-13.78180 17.45750 -9.27770
57823.00000
312.00000
 25.11190-40.46730 51.48320-26.64190
 11.31735-13.78180 17.45750 -9.27770
  1.00762  0.00000
  10 5107.50000 5353.75000
  8.11648 -6.47610  5.52830 -3.08070
 24.38383-40.46730 51.48320-26.64190
 11.25878-13.78180 17.45750 -9.27770
57823.00000
312.00000
 25.44999-40.46730 51.48320-26.64190
 11.47296-13.78180 17.45750 -9.27770
  0.98783  0.00000
  10 5353.75000 5600.00000
  8.02545 -6.47610  5.52830 -3.08070
 24.96259-40.46730 51.48320-26.64190
 11.11263-13.78180 17.45750 -9.27770
57823.00000
312.00000
 24.43084-40.46730 51.48320-26.64190
 11.04243-13.78180 17.45750 -9.27770
  1.01481  0.00000
   5 5600.00000 5709.53680
  7.84443 -6.47610  5.52830 -3.08070
 29.11701-23.60270  5.52420 -2.55140
 22.06003-17.24730 -2.08340  0.97830
57823.00000
312.00000
 29.28471-23.60270  5.52420 -2.55140
 22.15948-17.24730 -2.08340  0.97830
  0.99237  0.00000
   5 5709.53680 5771.00000
  5.54938 -1.48360  0.00000  0.00000
 18.91020 -9.86720  0.00000  0.00000
  9.99299 -4.93240  0.00000  0.00000
57823.00000
143.00000
 19.33326 -9.86720  0.00000  0.00000
 10.24352 -4.93240  0.00000  0.00000
  1.02302  0.00000
  10 5771.00000 5960.81377
 11.21794 -8.02980  0.00000  0.00000
 40.61788-32.61660  0.00000  0.00000
 22.35905-18.58560  0.00000  0.00000
57823.00000
143.00000
 40.01036-32.61660  0.00000  0.00000
 21.91179-18.58560  0.00000  0.00000
  0.98367  0.00000
  10 5960.81377 6151.65541
  7.03766 -3.80450  0.00000  0.00000
 20.52890-12.25690  0.00000  0.00000
  9.33738 -4.45970  0.00000  0.00000
57823.00000
143.00000
 21.02379-12.25690  0.00000  0.00000
  9.21836 -4.45970  0.00000  0.00000
  1.01072  0.00000
  10 6151.65541 6291.00000
  2.36472  0.69240  0.00000  0.00000
  1.33562  7.21800  0.00000  0.00000
  5.99816 -1.46780  0.00000  0.00000
57823.00000
 80.00000
  3.78085  4.61720  0.00000  0.00000
 -0.78205  5.71760  0.00000  0.00000
  3.38555 -2.47780
   5 6291.00000 6346.60000
  2.70630  0.69240  0.00000  0.00000
  1.29790  7.21800  0.00000  0.00000
  5.72866 -1.46780  0.00000  0.00000
57823.00000
600.00000
  3.75212  4.61720  0.00000  0.00000
 -0.93386  5.71760  0.00000  0.00000
  3.38561 -2.47780
   5 6346.60000 6356.00000
  2.90000  0.00000  0.00000  0.00000
  6.80000  0.00000  0.00000  0.00000
  3.90000  0.00000  0.00000  0.00000
57823.00000
600.00000
  6.80000  0.00000  0.00000  0.00000
  3.90000  0.00000  0.00000  0.00000
  1.00000  0.00000
   5 6356.00000 6368.00000
  2.60000  0.00000  0.00000  0.00000
  5.80000  0.00000  0.00000  0.00000
  3.20000  0.00000  0.00000  0.00000
57823.00000
600.00000
  5.80000  0.00000  0.00000  0.00000
  3.20000  0.00000  0.00000  0.00000
  1.00000  0.00000
   5 6368.00000 6371.00000
  1.02000  0.00000  0.00000  0.00000
  1.45000  0.00000  0.00000  0.00000
  0.00000  0.00000  0.00000  0.00000
57823.00000
  0.00000
  1.45000  0.00000  0.00000  0.00000
  0.00000  0.00000  0.00000  0.00000
  1.00000  0.00000
