ANISOTROPIC_PREM
   1    1.00000  0
    30  40 120 6371.00000
  10    0.00000  305.37500
 13.13539  0.00000 -8.83810  0.00000
 11.26810  0.00000 -6.36400  0.00000
  3.57946  0.00000 -4.44750  0.00000
1327.70000
 84.60000
 11.40982  0.00000 -6.36400  0.00000
  3.73102  0.00000 -4.44750  0.00000
  0.98755  0.00000
  10  305.37500  610.75000
 13.10435  0.00000 -8.83810  0.00000
 11.14734  0.00000 -6.36400  0.00000
  3.70028  0.00000 -4.44750  0.00000
1327.70000
 84.60000
 11.14106  0.00000 -6.36400  0.00000
  3.66247  0.00000 -4.44750  0.00000
  0.98689  0.00000
  10  610.75000  916.12500
 13.33919  0.00000 -8.83810  0.00000
 11.17372  0.00000 -6.36400  0.00000
  3.73989  0.00000 -4.44750  0.00000
1327.70000
 84.60000
 11.22594  0.00000 -6.36400  0.00000
  3.60349  0.00000 -4.44750  0.00000
  0.98839  0.00000
  10  916.12500 1207.78939
 12.93133  0.00000 -8.83810  0.00000
 11.16347  0.00000 -6.36400  0.00000
  3.60712  0.00000 -4.44750  0.00000
1327.70000
 84.60000
 11.38586  0.00000 -6.36400  0.00000
  3.72521  0.00000 -4.44750  0.00000
  0.98816  0.00000
  10 1207.78939 1503.81250
 12.84867 -1.26380 -3.64260 -5.52810
 11.22052 -4.03620  4.80230-13.57320
  0.00000  0.00000  0.00000  0.00000
57823.00000
  0.00000
 11.15622 -4.03620  4.80230-13.57320
  0.00000  0.00000  0.00000  0.00000
  1.02364  0.00000
  10 1503.81250 1786.12500
 12.67688 -1.26380 -3.64260 -5.52810
 10.88494 -4.03620  4.80230-13.57320
  0.00000  0.00000  0.00000  0.00000
57823.00000
  0.00000
 11.13859 -4.03620  4.80230-13.57320
  0.00000  0.00000  0.00000  0.00000
  1.01456  0.00000
  10 1786.12500 2068.43750
 12.42731 -1.26380 -3.64260 -5.52810
 10.91835 -4.03620  4.80230-13.57320
  0.00000  0.00000  0.00000  0.00000
57823.00000
  0.00000
 11.04271 -4.03620  4.80230-13.57320
  0.00000  0.00000  0.00000  0.00000
  1.01955  0.00000
  10 2068.43750 2350.75000
 12.86183 -1.26380 -3.64260 -5.52810
 10.88664 -4.03620  4.80230-13.57320
  0.00000  0.00000  0.00000  0.00000
57823.00000
  0.00000
 10.87633 -4.03620  4.80230-13.57320
  0.00000  0.00000  0.00000  0.00000
  1.01068  0.00000
  10 2350.75000 2633.06250
 12.61730 -1.26380 -3.64260 -5.52810
 10.82098 -4.03620  4.80230-13.57320
  0.00000  0.00000  0.00000  0.00000
57823.00000
  0.00000
 11.26456 -4.03620  4.80230-13.57320
  0.00000  0.00000  0.00000  0.00000
  0.99233  0.00000
  10 2633.06250 2915.37500
 12.46484 -1.26380 -3.64260 -5.52810
 11.01492 -4.03620  4.80230-13.57320
  0.00000  0.00000  0.00000  0.00000
57823.00000
  0.00000
 10.92162 -4.03620  4.80230-13.57320
  0.00000  0.00000  0.00000  0.00000
  1.02209  0.00000
  10 2915.37500 3197.68750
 12.50691 -1.26380 -3.64260 -5.52810
 11.19864 -4.03620  4.80230-13.57320
  0.00000  0.00000  0.00000  0.00000
57823.00000
  0.00000
 11.25768 -4.03620  4.80230-13.57320
  0.00000  0.00000  0.00000  0.00000
  0.99922  0.00000
  10 3197.68750 3460.52106
 12.85844 -1.26380 -3.64260 -5.52810
 11.21582 -4.03620  4.80230-13.57320
  0.00000  0.00000  0.00000  0.00000
57823.00000
  0.00000
 10.89410 -4.03620  4.80230-13.57320
  0.00000  0.00000  0.00000  0.00000
  0.98427  0.00000
  10 3460.52106 3644.13645
  7.72977 -6.47610  5.52830 -3.08070
 15.37179 -5.31810  5.52420 -2.55140
  7.10745  1.46720 -2.08340  0.97830
57823.00000
312.00000
 16.04708 -5.31810  5.52420 -2.55140
  6.56309  1.46720 -2.08340  0.97830
  1.01147  0.00000
  10 3644.13645 3876.25000
  8.06308 -6.47610  5.52830 -3.08070
 24.84560-40.46730 51.48320-26.64190
 11.30675-13.78180 17.45750 -9.27770
57823.00000
312.00000
 24.78435-40.46730 51.48320-26.64190
 11.27770-13.78180 17.45750 -9.27770
  0.98797  0.00000
  10 3876.25000 4122.50000
  8.07010 -6.47610  5.52830 -3.08070
 25.43968-40.46730 51.48320-26.64190
 11.35355-13.78180 17.45750 -9.27770
57823.00000
312.00000
 25.36387-40.46730 51.48320-26.64190
 10.87282-13.78180 17.45750 -9.27770
  1.01614  0.00000
  10 4122.50000 4368.75000
  7.69654 -6.47610  5.52830 -3.08070
 24.98894-40.46730 51.48320-26.64190
 11.27870-13.78180 17.45750 -9.27770
57823.00000
312.00000
 24.31329-40.46730 51.48320-26.64190
 10.94292-13.78180 17.45750 -9.27770
  1.01202  0.00000
  10 4368.75000 4615.00000
  7.87714 -6.47610  5.52830 -3.08070
 25.01369-40.46730 51.48320-26.64190
 11.36943-13.78180 17.45750 -9.27770
57823.00000
312.00000
 24.88229-40.46730 51.48320-26.64190
 10.99173-13.78180 17.45750 -9.27770
  0.98951  0.00000
  10 4615.00000 4861.25000
  8.05039 -6.47610  5.52830 -3.08070
 25.13674-40.46730 51.48320-26.64190
 10.92990-13.78180 17.45750 -9.27770
57823.00000
312.00000
 24.64138-40.46730 51.48320-26.64190
 11.10365-13.78180 17.45750 -9.27770
  0.99798  0.00000
  10 4861.25000 5107.50000
  7.90490 -6.47610  5.52830 -3.08070
 24.44559-40.46730 51.48320-26.64190
 11.20310-13.78180 17.45750 -9.27770
57823.00000
312.00000
 25.18633-40.46730 51.48320-26.64190
 11.29090-13.78180 17.45750 -9.27770
  1.01075  0.00000
  10 5107.50000 5353.75000
  8.07924 -6.47610  5.52830 -3.08070
 25.34760-40.46730 51.48320-26.64190
 10.85676-13.78180 17.45750 -9.27770
57823.00000
312.00000
 25.14253-40.46730 51.48320-26.64190
 11.13109-13.78180 17.45750 -9.27770
  1.00840  0.00000
  10 5353.75000 5600.00000
  7.85562 -6.47610  5.52830 -3.08070
 24.50708-40.46730 51.48320-26.64190
 11.16183-13.78180 17.45750 -9.27770
57823.00000
312.00000
 24.90902-40.46730 51.48320-26.64190
 11.16949-13.78180 17.45750 -9.27770
  1.00133  0.00000
   5 5600.00000 5679.51313
  7.96592 -6.47610  5.52830 -3.08070
 29.31186-23.60270  5.52420 -2.55140
 22.55514-17.24730 -2.08340  0.97830
57823.00000
312.00000
 29.50201-23.60270  5.52420 -2.55140
 22.09805-17.24730 -2.08340  0.97830
  0.98571  0.00000
   5 5679.51313 5771.00000
  5.17491 -1.48360  0.00000  0.00000
 19.53074 -9.86720  0.00000  0.00000
  9.96854 -4.93240  0.00000  0.00000
57823.00000
143.00000
 19.58410 -9.86720  0.00000  0.00000
  9.89420 -4.93240  0.00000  0.00000
  0.99122  0.00000
  10 5771.00000 5998.94538
 11.44511 -8.02980  0.00000  0.00000
 39.79666-32.61660  0.00000  0.00000
 22.13762-18.58560  0.00000  0.00000
57823.00000
143.00000
 38.91764-32.61660  0.00000  0.00000
 22.04472-18.58560  0.00000  0.00000
  1.00974  0.00000
  10 5998.94538 6166.79398
  7.30247 -3.80450  0.00000  0.00000
 20.11703-12.25690  0.00000  0.00000
  8.73746 -4.45970  0.00000  0.00000
57823.00000
143.00000
 20.50206-12.25690  0.00000  0.00000
  9.17472 -4.45970  0.00000  0.00000
  0.99785  0.00000
  10 6166.79398 6291.00000
  2.57793  0.69240  0.00000  0.00000
  1.09957  7.21800  0.00000  0.00000
  5.78754 -1.46780  0.00000  0.00000
57823.00000
 80.00000
  3.80457  4.61720  0.00000  0.00000
 -1.40942  5.71760  0.00000  0.00000
  3.37904 -2.47780
   5 6291.00000 6346.60000
  2.45577  0.69240  0.00000  0.00000
  1.31235  7.21800  0.00000  0.00000
  6.13147 -1.46780  0.00000  0.00000
57823.00000
600.00000
  3.75406  4.61720  0.00000  0.00000
 -1.00354  5.71760  0.00000  0.00000
  3.37709 -2.47780
   5 6346.60000 6356.00000
  2.90000  0.00000  0.00000  0.00000
  6.80000  0.00000  0.00000  0.00000
  3.90000  0.00000  0.00000  0.00000
57823.00000
600.00000
  6.80000  0.00000  0.00000  0.00000
  3.90000  0.00000  0.00000  0.00000
  1.00000  0.00000
   5 6356.00000 6368.00000
  2.60000  0.00000  0.00000  0.00000
  5.80000  0.00000  0.00000  0.00000
  3.20000  0.00000  0.00000  0.00000
57823.00000
600.00000
  5.80000  0.00000  0.00000  0.00000
  3.20000  0.00000  0.00000  0.00000
  1.00000  0.00000
   5 6368.00000 6371.00000
  1.02000  0.00000  0.00000  0.00000
  1.45000  0.00000  0.00000  0.00000
  0.00000  0.00000  0.00000  0.00000
57823.00000
  0.00000
  1.45000  0.00000  0.00000  0.00000
  0.00000  0.00000  0.00000  0.00000
  1.00000  0.00000
