    0 s    2    5.023014       0.3137017        3187.741        6.410060        490.6505       0.2357087E-01
    0 s    3    5.465163       0.4778413        2092.745        6.887423        406.4209       0.1505049E-01
    0 s    4    5.895454       0.6627386        1508.890        7.737338        369.2363       0.1256914E-01
    0 s    5    6.278223       0.8626050        1159.279        8.101895        355.5161       0.1071215E-01
    0 s    6    6.564586        1.065941        938.1382        8.035986        349.0078       0.8790270E-02
    0 s    7    6.737955        1.262414        792.1330        7.567580        343.4088       0.6473003E-02
    0 s    8    6.794369        1.442715        693.1376        6.791987        336.6363       0.3910748E-02
    0 s    9    6.753648        1.602782        623.9150        6.024666        329.2977       0.1883123E-02
    0 s   10    6.658391        1.746510        572.5704        5.508772        322.3303       0.7773589E-03
    0 s   11    6.545054        1.880285        531.8343        5.215342        315.6659       0.2991252E-03
    0 s   12    6.431630        2.008369        497.9163        5.040191        308.9357       0.1117458E-03
    0 s   13    6.324181        2.132802        468.8667        4.916053        301.9010       0.4101865E-04
    0 s   14    6.223770        2.254416        443.5738        4.811484        294.4728       0.1481410E-04
    0 s   15    6.129832        2.373519        421.3153        4.713904        286.6681       0.5255612E-05
    0 s   16    6.041465        2.490226        401.5700        4.619290        278.5745       0.1828061E-05
    0 s   17    5.957865        2.604601        383.9360        4.527228        270.3201       0.6224418E-06
    0 s   18    5.878418        2.716719        368.0911        4.438664        262.0482       0.2072217E-06
    0 s   19    5.802698        2.826683        353.7715        4.354875        253.8971       0.6749033E-07
    0 s   20    5.730423        2.934628        340.7587        4.277009        245.9857       0.2155578E-07
    0 s   21    5.661407        3.040712        328.8703        4.205888        238.4060       0.6875480E-08
    0 s   22    5.595528        3.145112        317.9537        4.141962        231.2214       0.2323958E-08
    0 s   23    5.532694        3.248008        307.8810        4.085328        224.4681       0.9922002E-09
    0 s   24    5.472828        3.349581        298.5448        4.035794        218.1603       0.6201350E-09
    0 s   25    5.415852        3.450003        289.8548        3.992951        212.2944       0.5337555E-09
    0 s   26    5.361681        3.549436        281.7349        3.956253        206.8547       0.5171386E-09
    1 s    2    10.97789       0.6856009        1458.575        10.88065        306.2420       0.2968501E-02
    1 s    3    10.81220       0.9453546        1057.804        9.827479        281.8559       0.6152095E-03
    1 s    4    10.45451        1.175246        850.8856        8.462876        274.8427       0.7959672E-03
    1 s    5    9.928078        1.364082        733.0939        6.563896        298.0060       0.2228128E-02
    1 s    6    9.308219        1.511445        661.6183        5.450477        335.3834       0.4990468E-02
    1 s    7    8.808767        1.650399        605.9142        5.759601        353.7396       0.8276750E-02
    1 s    8    8.509639        1.806935        553.4232        6.712975        362.1184       0.1177022E-01
    1 s    9    8.380766        1.988932        502.7825        7.686733        367.0236       0.1469974E-01
    1 s   10    8.356263        2.191866        456.2323        8.348855        369.0258       0.1664036E-01
    1 s   11    8.380208        2.407494        415.3697        8.705524        367.3775       0.1781272E-01
    1 s   12    8.420195        2.629327        380.3254        8.848698        359.1681       0.1835844E-01
    1 s   13    8.457850        2.852373        350.5853        8.788198        334.2334       0.1775956E-01
    1 s   14    8.472150        3.068839        325.8561        8.246729        266.4311       0.1332971E-01
    1 s   15    8.420950        3.260658        306.6865        7.008269        190.6388       0.4316066E-02
    1 s   16    8.314282        3.427056        291.7956        6.385565        170.1376       0.9559868E-03
    1 s   17    8.197540        3.583721        279.0396        6.157987        165.2181       0.2617759E-03
    1 s   18    8.084494        3.736260        267.6473        6.038889        163.4530       0.8448939E-04
    1 s   19    7.978131        3.886407        257.3071        5.962388        162.7258       0.2987921E-04
    1 s   20    7.879009        4.034948        247.8346        5.908816        162.4929       0.1111417E-04
    1 s   21    7.786966        4.182339        239.1006        5.869505        162.5404       0.4251047E-05
    1 s   22    7.701570        4.328868        231.0073        5.839280        162.7490       0.1649937E-05
    1 s   23    7.622279        4.474714        223.4780        5.814486        163.0368       0.6444375E-06
    1 s   24    7.548509        4.619977        216.4513        5.792381        163.3416       0.2518803E-06
    1 s   25    7.479673        4.764697        209.8769        5.770908        163.6149       0.9810395E-07
    1 s   26    7.415207        4.908872        203.7128        5.748570        163.8192       0.3793872E-07
    2 s    1    10.94838       0.4102548        2437.510        12.93698        388.2350       0.4211080E-03
    2 s    2    15.27119       0.9537301        1048.515        19.16275        96.93986       0.1310097    
    2 s    3    14.38130        1.257415        795.2824        6.043771        414.1263       0.5173204E-02
    2 s    4    12.42397        1.396643        716.0028        5.348955        368.8141       0.2048408E-02
    2 s    5    11.21797        1.541308        648.7996        6.372766        293.4765       0.1942068E-02
    2 s    6    10.57000        1.716330        582.6387        7.422724        242.1376       0.1403356E-02
    2 s    7    10.17243        1.905893        524.6885        7.619423        218.6546       0.1096603E-02
    2 s    8    9.868736        2.095526        477.2072        7.500112        205.1968       0.1020883E-02
    2 s    9    9.611384        2.280983        438.4075        7.305144        195.8860       0.1077124E-02
    2 s   10    9.383895        2.461416        406.2702        7.103379        189.0962       0.1246564E-02
    2 s   11    9.179218        2.637036        379.2136        6.921466        184.4388       0.1577724E-02
    2 s   12    8.994486        2.808658        356.0419        6.785113        182.4085       0.2253138E-02
    2 s   13    8.830950        2.978199        335.7734        6.767314        186.0700       0.3947174E-02
    2 s   14    8.701605        3.151954        317.2635        7.190942        213.1521       0.9397383E-02
    2 s   15    8.644840        3.347350        298.7437        8.297904        307.0756       0.1951316E-01
    2 s   16    8.648885        3.564976        280.5068        8.788447        375.4809       0.2397400E-01
    2 s   17    8.667575        3.789206        263.9075        8.889300        398.0580       0.2568705E-01
    2 s   18    8.686818        4.014625        249.0893        8.891058        406.8126       0.2682963E-01
    2 s   19    8.703487        4.239752        235.8629        8.860967        411.1283       0.2779412E-01
    2 s   20    8.716927        4.464058        224.0115        8.818205        413.4048       0.2865191E-01
    2 s   21    8.727149        4.687307        213.3421        8.769018        413.9953       0.2938818E-01
    2 s   22    8.734245        4.909310        203.6946        8.710609        411.2281       0.2986434E-01
    2 s   23    8.737320        5.129306        194.9581        8.577555        388.2480       0.2879711E-01
    2 s   24    8.709753        5.330702        187.5925        6.937452        207.0974       0.4356526E-02
    2 s   25    8.630684        5.497914        181.8872        6.576649        188.7021       0.2432214E-03
    2 s   26    8.552477        5.661745        176.6240        6.522006        185.4906       0.4330989E-04
    3 s    1    25.40145       0.9518362        1050.601        6.129757        801.1434       0.2533569E-02
    3 s    2    17.92562        1.119506        893.2508        7.185707        358.9726       0.5137551E-02
    3 s    3    16.51367        1.443857        692.5894        16.20116        91.19352       0.9588094E-01
    3 s    4    16.57088        1.862819        536.8208        15.18759        90.02593       0.8680671E-01
    3 s    5    16.44137        2.258984        442.6768        14.43755        89.56757       0.8013188E-01
    3 s    6    15.69723        2.548877        392.3296        5.697804        280.1023       0.6686686E-03
    3 s    7    14.35380        2.689309        371.8428        5.503866        272.0993       0.6640685E-03
    3 s    8    13.30733        2.825676        353.8977        5.390859        265.4417       0.7964472E-03
    3 s    9    12.47617        2.960856        337.7402        5.411300        260.0511       0.9391153E-03
    3 s   10    11.81066        3.097961        322.7930        5.539386        255.2911       0.1049858E-02
    3 s   11    11.27486        3.239078        308.7298        5.726503        250.6607       0.1108542E-02
    3 s   12    10.84059        3.385129        295.4097        5.930352        245.8896       0.1112421E-02
    3 s   13    10.48538        3.536147        282.7936        6.122391        240.8972       0.1069782E-02
    3 s   14    10.19146        3.691618        270.8839        6.286775        235.7196       0.9942078E-03
    3 s   15    9.944931        3.850756        259.6893        6.417112        230.4457       0.9004197E-03
    3 s   16    9.735100        4.012702        249.2087        6.513201        225.1783       0.8018313E-03
    3 s   17    9.553806        4.176639        239.4269        6.578425        220.0155       0.7095956E-03
    3 s   18    9.394894        4.341863        230.3159        6.617873        215.0474       0.6328920E-03
    3 s   19    9.253750        4.507803        221.8376        6.637135        210.3581       0.5806369E-03
    3 s   20    9.126931        4.674027        213.9483        6.641688        206.0378       0.5662493E-03
    3 s   21    9.011897        4.840243        206.6012        6.637177        202.2304       0.6237116E-03
    3 s   22    8.906878        5.006342        199.7466        6.633349        199.4053       0.8911324E-03
    3 s   23    8.811617        5.172923        193.3143        6.699880        201.8577       0.2614301E-02
    3 s   24    8.751913        5.356506        186.6889        8.271976        359.7839       0.2766993E-01
    3 s   25    8.748020        5.572659        179.4475        8.565985        420.0114       0.3252768E-01
    3 s   26    8.747117        5.790597        172.6938        8.554891        424.4095       0.3331238E-01
    4 s    1    37.82256        1.417277        705.5785        11.95561        374.3134       0.4175898E-03
    4 s    2    27.75914        1.733638        576.8215        13.08938        460.9541       0.3586025E-03
    4 s    3    23.63149        2.066197        483.9810        13.39352        532.3396       0.1228517E-03
    4 s    4    20.16318        2.266648        441.1801        5.235026        302.2529       0.6679345E-03
    4 s    5    17.50699        2.405397        415.7318        5.721662        289.0684       0.6373173E-03
    4 s    6    16.26036        2.640317        378.7424        13.96874        89.00807       0.7578565E-01
    4 s    7    16.07660        3.012090        331.9954        13.70571        88.53895       0.7285059E-01
    4 s    8    15.91085        3.378507        295.9887        13.55666        88.16397       0.7057027E-01
    4 s    9    15.66029        3.716516        269.0692        6.058967        318.0262       0.3288983E-03
    4 s   10    14.71904        3.860836        259.0112        5.534443        287.7801       0.3891820E-03
    4 s   11    13.90998        3.996106        250.2436        5.294409        271.4631       0.4598671E-03
    4 s   12    13.21798        4.127506        242.2770        5.216367        261.5135       0.5265431E-03
    4 s   13    12.62739        4.258530        234.8228        5.259785        255.3372       0.5764321E-03
    4 s   14    12.12443        4.391792        227.6975        5.391366        251.6682       0.6028865E-03
    4 s   15    11.69680        4.529095        220.7947        5.579764        249.7395       0.6046821E-03
    4 s   16    11.33342        4.671512        214.0634        5.798061        249.0358       0.5839559E-03
    4 s   17    11.02434        4.819513        207.4898        6.024881        249.1872       0.5447193E-03
    4 s   18    10.76076        4.973101        201.0818        6.244253        249.9122       0.4919451E-03
    4 s   19    10.53500        5.131941        194.8580        6.444974        250.9852       0.4309168E-03
    4 s   20    10.34042        5.295472        188.8406        6.619835        252.2191       0.3666732E-03
    4 s   21    10.17137        5.462991        183.0499        6.764813        253.4571       0.3035449E-03
    4 s   22    10.02308        5.633730        177.5023        6.878282        254.5683       0.2448398E-03
    4 s   23    9.891542        5.806901        172.2089        6.960305        255.4448       0.1927233E-03
    4 s   24    9.773459        5.981731        167.1757        7.012066        255.9993       0.1482808E-03
    4 s   25    9.666094        6.157490        162.4038        7.035473        256.1626       0.1117093E-03
    4 s   26    9.567210        6.333499        157.8906        7.032947        255.8819       0.8256594E-04
    5 s    1    45.80150        1.716261        582.6618        26.66918        87.18738       0.1369554E-03
    5 s    2    33.20794        2.073932        482.1760        2.493731        317.1156       0.8692089E-03
    5 s    3    24.61983        2.152611        464.5521        3.988857        290.5420       0.8713302E-03
    5 s    4    21.40076        2.405771        415.6671        13.44300        500.5116       0.1290787E-03
    5 s    5    19.92346        2.737411        365.3086        12.99919        527.3939       0.6133293E-04
    5 s    6    18.79257        3.051490        327.7087        12.03003        537.1249       0.5510028E-04
    5 s    7    17.78119        3.331460        300.1687        10.14804        506.3789       0.1112892E-03
    5 s    8    16.72099        3.550532        281.6479        7.438415        389.5630       0.2411314E-03
    5 s    9    15.76769        3.742004        267.2365        13.48558        87.85401       0.6874726E-01
    5 s   10    15.64661        4.104140        243.6564        13.46349        87.59613       0.6724756E-01
    5 s   11    15.54514        4.465859        223.9211        13.46834        87.39201       0.6597264E-01
    5 s   12    15.22456        4.754089        210.3453        9.160690        396.5106       0.1265259E-03
    5 s   13    14.74797        4.973688        201.0581        8.374185        380.2142       0.1987583E-03
    5 s   14    14.28136        5.173092        193.3080        7.587216        351.3303       0.2934064E-03
    5 s   15    13.83054        5.355295        186.7311        7.011213        324.2553       0.3730301E-03
    5 s   16    13.40606        5.525830        180.9683        6.638552        304.2649       0.4161977E-03
    5 s   17    13.01249        5.688674        175.7879        6.383915        289.8011       0.4222766E-03
    5 s   18    12.64955        5.846009        171.0569        6.193476        278.8901       0.3989950E-03
    5 s   19    12.31515        5.999108        166.6914        6.044961        270.3536       0.3565372E-03
    5 s   20    12.00693        6.148913        162.6304        5.931320        263.5445       0.3047818E-03
    5 s   21    11.72283        6.296271        158.8242        5.850769        258.0753       0.2515889E-03
    5 s   22    11.46109        6.442001        155.2313        5.802290        253.6787       0.2021174E-03
    5 s   23    11.22018        6.586890        151.8167        5.784126        250.1521       0.1590272E-03
    5 s   24    10.99877        6.731667        148.5516        5.793641        247.3371       0.1231427E-03
    5 s   25    10.79557        6.876988        145.4125        5.827615        245.1127       0.9417429E-04
    5 s   26    10.60939        7.023423        142.3807        5.882508        243.3898       0.7128868E-04
    6 s    1    52.95345        1.984257        503.9669        7.140857        575.1375       0.1826339E-02
    6 s    2    38.00786        2.373701        421.2831        24.96645        85.76740       0.5252667E-03
    6 s    3    32.67474        2.856885        350.0316        12.59649        365.0518       0.1711865E-02
    6 s    4    27.68269        3.111956        321.3413        7.734342        317.3133       0.1186712E-02
    6 s    5    23.77496        3.266593        306.1294        5.292153        265.7479       0.7656402E-03
    6 s    6    20.93887        3.400001        294.1175        5.592395        256.3470       0.5822236E-03
    6 s    7    18.98314        3.556655        281.1630        7.127886        260.4961       0.4149805E-03
    6 s    8    17.72886        3.764543        265.6365        9.388992        300.7236       0.2145100E-03
    6 s    9    16.90881        4.012814        249.2017        10.20927        350.6873       0.1133118E-03
    6 s   10    16.27159        4.268074        234.2977        10.12930        380.1144       0.8575872E-04
    6 s   11    15.72358        4.517123        221.3799        9.752033        395.0248       0.9114605E-04
    6 s   12    15.46024        4.827682        207.1388        13.48708        87.23004       0.6487418E-01
    6 s   13    15.38896        5.189861        192.6834        13.51125        87.10190       0.6391753E-01
    6 s   14    14.97159        5.423109        184.3961        8.430306        290.1247       0.2614509E-03
    6 s   15    14.56333        5.639036        177.3353        8.772555        306.8735       0.2254934E-03
    6 s   16    14.21648        5.859876        170.6521        8.841691        319.5874       0.2104536E-03
    6 s   17    13.90763        6.080000        164.4737        8.730785        326.5779       0.2144181E-03
    6 s   18    13.62281        6.295798        158.8361        8.504504        327.7838       0.2326393E-03
    6 s   19    13.35356        6.504954        153.7290        8.205913        323.6387       0.2588135E-03
    6 s   20    13.09506        6.706160        149.1166        7.874834        315.2852       0.2835899E-03
    6 s   21    12.84517        6.899076        144.9470        7.547715        304.5903       0.2963682E-03
    6 s   22    12.60349        7.084117        141.1609        7.247526        293.4271       0.2904667E-03
    6 s   23    12.37031        7.262080        137.7016        6.982804        283.0329       0.2663303E-03
    6 s   24    12.14611        7.433886        134.5192        6.756285        273.9912       0.2299033E-03
    6 s   25    11.93138        7.600523        131.5699        6.570974        266.4942       0.1887294E-03
    6 s   26    11.72667        7.763063        128.8151        6.429942        260.5353       0.1489342E-03
    7 s    1    59.67913        2.236280        447.1711        8.661700        277.2886       0.1437687E-02
    7 s    2    40.86927        2.552404        391.7875        14.19419        399.2670       0.1864196E-02
    7 s    3    34.52929        3.019036        331.2316        23.71618        87.06927       0.1484646E-02
    7 s    4    30.57776        3.437405        290.9171        8.886382        369.7708       0.4866078E-03
    7 s    5    26.98421        3.707533        269.7212        11.99489        510.7917       0.7202950E-03
    7 s    6    24.68405        4.008135        249.4926        11.49019        484.8607       0.7778037E-03
    7 s    7    22.72256        4.257268        234.8924        8.130834        353.8612       0.7363862E-03
    7 s    8    20.84658        4.426560        225.9091        5.846737        287.0482       0.6034937E-03
    7 s    9    19.24431        4.567079        218.9584        5.555943        269.4959       0.4933512E-03
    7 s   10    17.95658        4.710048        212.3121        5.905450        264.9254       0.4174458E-03
    7 s   11    16.93250        4.864425        205.5742        6.435628        264.1594       0.3713493E-03
    7 s   12    16.11897        5.033381        198.6736        7.071796        266.4641       0.3422459E-03
    7 s   13    15.47686        5.219503        191.5891        7.797416        274.8061       0.3072012E-03
    7 s   14    15.32875        5.552484        180.0996        13.53589        87.00014       0.6307815E-01
    7 s   15    15.27745        5.915549        169.0460        13.55835        86.91853       0.6233743E-01
    7 s   16    15.23331        6.279002        159.2610        13.57743        86.85204       0.6168054E-01
    7 s   17    14.93428        6.528824        153.1669        6.456698        242.0333       0.3674801E-03
    7 s   18    14.48751        6.695422        149.3558        6.847067        245.1323       0.3898558E-03
    7 s   19    14.10683        6.871895        145.5203        7.241925        249.6492       0.3948531E-03
    7 s   20    13.78184        7.057869        141.6858        7.602233        255.3408       0.3819822E-03
    7 s   21    13.50226        7.251993        137.8931        7.891168        261.5267       0.3575488E-03
    7 s   22    13.25836        7.452207        134.1884        8.090853        267.2896       0.3291389E-03
    7 s   23    13.04183        7.656297        130.6114        8.205241        271.8956       0.3009607E-03
    7 s   24    12.84611        7.862310        127.1891        8.249085        275.0043       0.2734252E-03
    7 s   25    12.66629        8.068672        123.9361        8.236723        276.5992       0.2451910E-03
    7 s   26    12.49864        8.274109        120.8589        8.177528        276.8287       0.2151589E-03
    8 s    1    77.17695        2.891954        345.7869        14.42125        983.8787       0.4981475E-02
    8 s    2    51.58893        3.221878        310.3780        2.205485        233.4525       0.3914779E-03
    8 s    3    37.59120        3.286751        304.2518        3.864468        268.9623       0.1368737E-03
    8 s    4    32.24226        3.624520        275.8986        23.79580        85.25723       0.2394048E-02
    8 s    5    30.55726        4.198457        238.1828        16.01848        175.3003       0.2275259E-02
    8 s    6    27.22041        4.419983        226.2452        7.235204        331.3656       0.1783513E-03
    8 s    7    24.71510        4.630589        215.9553        10.17081        374.3748       0.3211205E-05
    8 s    8    23.17661        4.921317        203.1976        12.57970        485.1727       0.1395664E-05
    8 s    9    22.06045        5.235408        191.0071        12.04916        529.3271       0.2049618E-04
    8 s   10    20.93960        5.492501        182.0664        8.183364        375.0044       0.2603230E-03
    8 s   11    19.71634        5.664174        176.5482        6.017578        283.9209       0.3642954E-03
    8 s   12    18.59567        5.806766        172.2129        5.495010        257.3442       0.3360946E-03
    8 s   13    17.62248        5.943104        168.2622        5.434687        246.6491       0.3045134E-03
    8 s   14    16.78670        6.080594        164.4576        5.562788        241.9089       0.2947018E-03
    8 s   15    16.07074        6.222716        160.7015        5.795449        240.1785       0.3077391E-03
    8 s   16    15.45799        6.371615        156.9461        6.099667        240.3558       0.3359747E-03
    8 s   17    15.19494        6.642775        150.5395        13.59284        86.79678       0.6109525E-01
    8 s   18    15.16125        7.006794        142.7186        13.60474        86.74981       0.6057129E-01
    8 s   19    15.13139        7.370995        135.6669        13.61355        86.70892       0.6009996E-01
    8 s   20    14.98173        7.672351        130.3381        5.561425        230.3181       0.2494569E-03
    8 s   21    14.55189        7.815745        127.9469        5.896025        232.9065       0.2847901E-03
    8 s   22    14.17601        7.967992        125.5021        6.266311        236.5803       0.3198911E-03
    8 s   23    13.84830        8.129746        123.0051        6.652610        241.1183       0.3504560E-03
    8 s   24    13.56307        8.301120        120.4657        7.032080        246.2160       0.3728011E-03
    8 s   25    13.31460        8.481658        117.9015        7.383044        251.5001       0.3845269E-03
    8 s   26    13.09731        8.670427        115.3346        7.689138        256.5864       0.3846837E-03
    9 s    1    85.35939        3.198564        312.6403       0.6003017        225.4094       0.2742138E-05
    9 s    2    52.20384        3.260280        306.7221        13.87462        1019.019       0.3702081E-02
    9 s    3    41.30053        3.611073        276.9260        13.53826        820.4086       0.3275744E-02
    9 s    4    35.02221        3.937029        253.9987        12.41190        667.8648       0.2331668E-02
    9 s    5    30.88200        4.243074        235.6782        17.25679        121.9055       0.1805100E-02
    9 s    6    28.67378        4.655978        214.7777        10.21764        419.0201       0.1333387E-02
    9 s    7    26.27520        4.922886        203.1329        10.70995        490.6416       0.1017956E-02
    9 s    8    24.40230        5.181580        192.9913        9.779208        409.3877       0.8777778E-03
    9 s    9    22.81151        5.413651        184.7182        9.001919        323.6945       0.7385602E-03
    9 s   10    21.58384        5.661487        176.6320        11.19374        351.5218       0.3416713E-03
    9 s   11    20.74350        5.959262        167.8060        12.22962        432.2178       0.9981283E-04
    9 s   12    20.05940        6.263838        159.6465        12.06138        472.9057       0.3616172E-04
    9 s   13    19.45084        6.559712        152.4457        11.54187        489.5413       0.2308927E-04
    9 s   14    18.86097        6.831947        146.3712        9.806865        433.9695       0.5582451E-04
    9 s   15    18.14438        7.025648        142.3356        5.950915        276.9866       0.1576158E-03
    9 s   16    17.36799        7.158895        139.6864        5.000674        240.8152       0.1757154E-03
    9 s   17    16.65846        7.282583        137.3139        4.931061        232.1029       0.1804421E-03
    9 s   18    16.02816        7.407436        134.9995        5.058417        229.3065       0.1942532E-03
    9 s   19    15.47161        7.536727        132.6836        5.277562        229.0099       0.2180829E-03
    9 s   20    15.10469        7.735321        129.2771        13.61974        86.67247       0.5967387E-01
    9 s   21    15.08063        8.099729        123.4609        13.62378        86.63930       0.5928675E-01
    9 s   22    15.05879        8.464186        118.1449        13.62608        86.60850       0.5893328E-01
    9 s   23    15.03885        8.828666        113.2674        13.62701        86.57944       0.5860896E-01
    9 s   24    14.91667        9.129575        109.5341        5.728446        246.6870       0.1622773E-03
    9 s   25    14.55602        9.272470        107.8461        5.707891        241.7161       0.1709194E-03
    9 s   26    14.22377        9.416147        106.2006        5.784273        239.1037       0.1790959E-03
   10 s    1    91.34883        3.422999        292.1415        26.69941        87.28952       0.1541235E-03
   10 s    2    65.33469        4.080340        245.0776        19.68321        174.5212       0.1956629E-02
   10 s    3    49.06296        4.289773        233.1125        3.515112        262.1658       0.7878929E-03
   10 s    4    38.76192        4.357429        229.4931        2.778428        234.6177       0.5887319E-03
   10 s    5    32.43387        4.456296        224.4016        5.766522        269.6367       0.9676932E-03
   10 s    6    29.65316        4.815006        207.6840        22.85776        83.28198       0.3149610E-02
   10 s    7    28.76056        5.388540        185.5790        22.56945        82.67331       0.3434306E-02
   10 s    8    27.07276        5.748625        173.9547        7.706822        284.3932       0.8536809E-03
   10 s    9    25.15171        5.969029        167.5314        9.864615        343.6665       0.7163472E-03
   10 s   10    23.76814        6.234433        160.3995        10.96912        392.8220       0.7431596E-03
   10 s   11    22.61235        6.496150        153.9373        9.410897        340.3403       0.7052974E-03
   10 s   12    21.43795        6.694310        149.3806        6.570806        263.3773       0.5143265E-03
   10 s   13    20.28667        6.841592        146.1648        5.499376        234.8860       0.3573118E-03
   10 s   14    19.28723        6.986352        143.1362        6.578640        240.3757       0.2339698E-03
   10 s   15    18.58934        7.197941        138.9286        10.09554        339.9093       0.8326180E-04
   10 s   16    18.10588        7.463046        133.9935        10.80887        406.1845       0.4304289E-04
   10 s   17    17.68651        7.732016        129.3324        10.64777        422.4378       0.3760295E-04
   10 s   18    17.29598        7.993361        125.1038        10.21782        416.8387       0.4234008E-04
   10 s   19    16.91676        8.240706        121.3488        9.511611        392.8170       0.5622921E-04
   10 s   20    16.53158        8.466047        118.1189        8.452920        350.5582       0.8151905E-04
   10 s   21    16.12790        8.662214        115.4439        7.247903        304.5671       0.1126304E-03
   10 s   22    15.71239        8.831555        113.2303        6.363711        273.0093       0.1368347E-03
   10 s   23    15.30408        8.984371        111.3044        5.907063        255.8238       0.1519180E-03
   10 s   24    15.02055        9.193153        108.7766        13.62681        86.55162       0.5830996E-01
   10 s   25    15.00368        9.557636        104.6284        13.62572        86.52466       0.5803304E-01
   10 s   26    14.98806        9.922107        100.7850        13.62386        86.49827       0.5777544E-01
   11 s    1    100.0356        3.748506        266.7729        14.64906        760.1340       0.5685710E-02
   11 s    2    65.54154        4.093258        244.3041        18.71795        135.5836       0.1522392E-02
   11 s    3    51.37280        4.491732        222.6313        11.05728        510.9131       0.1726585E-02
   11 s    4    42.71130        4.801400        208.2726        12.85292        719.7957       0.2307489E-02
   11 s    5    37.26142        5.119583        195.3284        12.20236        629.6335       0.3101205E-02
   11 s    6    33.19697        5.390441        185.5136        8.894343        369.2736       0.2685572E-02
   11 s    7    29.75518        5.574891        179.3757        6.570680        269.1066       0.1361274E-02
   11 s    8    28.03625        5.953212        167.9766        22.16322        82.38914       0.3533956E-02
   11 s    9    27.28422        6.475119        154.4373        10.02080        500.9607       0.4003268E-03
   11 s   10    25.45355        6.676520        149.7786        6.806387        306.1681       0.1327342E-04
   11 s   11    23.88196        6.860887        145.7538        8.567388        324.5948       0.2061003E-03
   11 s   12    22.78848        7.116032        140.5278        11.55508        438.3543       0.4725532E-03
   11 s   13    21.99480        7.417651        134.8136        12.11587        496.2725       0.6404907E-03
   11 s   14    21.27267        7.705529        129.7769        10.62568        428.7246       0.6765932E-03
   11 s   15    20.51512        7.943617        125.8872        8.428872        337.0287       0.5923177E-03
   11 s   16    19.73422        8.134230        122.9373        6.962735        287.2616       0.4637423E-03
   11 s   17    18.98413        8.299295        120.4922        6.329162        265.4957       0.3536952E-03
   11 s   18    18.29569        8.455377        118.2679        6.206847        257.1874       0.2704512E-03
   11 s   19    17.68195        8.613451        116.0975        6.489476        258.8090       0.2053705E-03
   11 s   20    17.15216        8.783855        113.8452        7.190495        273.1302       0.1489065E-03
   11 s   21    16.71028        8.975005        111.4206        8.075239        300.7093       0.1011982E-03
   11 s   22    16.34162        9.185232        108.8704        8.656801        328.9532       0.7109387E-04
   11 s   23    16.01956        9.404398        106.3332        8.805693        345.0575       0.5833067E-04
   11 s   24    15.72309        9.623132        103.9163        8.644414        346.9184       0.5716265E-04
   11 s   25    15.43915        9.835037        101.6773        8.271483        336.7962       0.6376532E-04
   11 s   26    15.16357        10.03829        99.61853        7.738131        317.9678       0.7597286E-04
   12 s    1    114.8881        4.305056        232.2850       0.6124922        218.0068       0.1658133E-03
   12 s    2    69.38713        4.333427        230.7643        2.161350        231.3607       0.4252475E-03
   12 s    3    54.08783        4.729118        211.4559        24.96119        85.69971       0.3738704E-04
   12 s    4    47.48398        5.337921        187.3388        23.50189        86.93166       0.2464354E-03
   12 s    5    40.01071        5.497326        181.9066        4.172349        234.7152       0.8297464E-04
   12 s    6    34.76744        5.645451        177.1338        8.156559        332.6289       0.8079321E-03
   12 s    7    31.48778        5.899509        169.5056        11.46662        563.4256       0.1668372E-02
   12 s    8    29.17533        6.195084        161.4183        11.84582        665.0563       0.1306848E-02
   12 s    9    27.42000        6.507341        153.6726        21.72674        82.50158       0.3602810E-02
   12 s   10    26.31039        6.901272        144.9008        11.24929        424.9267       0.1225834E-02
   12 s   11    25.06265        7.200081        138.8873        12.28384        527.5700       0.6858628E-03
   12 s   12    24.04649        7.508864        133.1759        12.30947        535.7378       0.3375217E-03
   12 s   13    23.16942        7.813786        127.9789        12.04788        503.2564       0.1281749E-03
   12 s   14    22.39551        8.112254        123.2703        11.88065        472.8194       0.2334556E-04
   12 s   15    21.71935        8.409904        118.9074        11.86317        482.4029       0.3660842E-05
   12 s   16    21.07777        8.688027        115.1009        9.994558        433.4061       0.1143950E-03
   12 s   17    20.39465        8.915936        112.1587        8.432387        362.0960       0.2727756E-03
   12 s   18    19.72276        9.114902        109.7105        7.538578        319.3788       0.3330950E-03
   12 s   19    19.08373        9.296304        107.5696        7.011618        293.7080       0.3450403E-03
   12 s   20    18.48840        9.468163        105.6171        6.751996        278.5673       0.3326773E-03
   12 s   21    17.94044        9.635716        103.7806        6.649686        269.2691       0.3103101E-03
   12 s   22    17.43884        9.801955        102.0205        6.639049        263.4621       0.2848202E-03
   12 s   23    16.98103        9.968834        100.3126        6.700574        260.4240       0.2585237E-03
   12 s   24    16.56657        10.13938        98.62539        6.849774        260.6249       0.2306872E-03
   12 s   25    16.19074        10.31382        96.95733        7.102644        264.8893       0.2024030E-03
   12 s   26    15.85470        10.49582        95.27603        7.452090        274.0165       0.1732114E-03
   13 s    1    121.2249        4.542507        220.1428        16.07127        804.0199       0.4230500E-02
   13 s    2    79.02698        4.935463        202.6152        14.97097        889.3804       0.7316873E-02
   13 s    3    60.43140        5.283762        189.2591        12.81031        794.4696       0.6424743E-02
   13 s    4    48.17901        5.416053        184.6363        2.698455        214.7223       0.3757261E-04
   13 s    5    42.79871        5.880387        170.0568        16.28300        206.7900       0.1230292E-02
   13 s    6    38.20492        6.203619        161.1962        10.84996        525.2976       0.8665993E-03
   13 s    7    34.20699        6.408976        156.0312        5.790001        282.2090       0.1060129E-02
   13 s    8    30.76229        6.532059        153.0911        4.627184        236.7170       0.1134351E-02
   13 s    9    28.09607        6.667787        149.9748        6.891149        261.2962       0.1426493E-02
   13 s   10    26.88523        7.052052        141.8027        21.42934        82.23290       0.3681166E-02
   13 s   11    26.41345        7.588144        131.7845        21.10220        82.21553       0.3734730E-02
   13 s   12    25.38781        7.927709        126.1398        5.417681        256.7791       0.5775815E-03
   13 s   13    23.95041        8.077170        123.8057        6.612694        279.5067       0.4374041E-03
   13 s   14    22.81335        8.263607        121.0125        8.297113        328.2103       0.3747061E-03
   13 s   15    21.92657        8.490141        117.7837        9.714982        383.1724       0.3934306E-03
   13 s   16    21.24285        8.756070        114.2065        11.68871        448.8891       0.3601053E-03
   13 s   17    20.72424        9.060021        110.3750        12.31600        503.0253       0.2656570E-03
   13 s   18    20.26552        9.365740        106.7721        12.09577        510.8823       0.2229971E-03
   13 s   19    19.83893        9.664188        103.4748        11.77049        503.5620       0.1960450E-03
   13 s   20    19.43622        9.953556        100.4666        11.33817        482.6196       0.1914916E-03
   13 s   21    19.04907        10.23116        97.74063        10.38301        427.5965       0.2252754E-03
   13 s   22    18.62566        10.46904        95.51978        8.513905        340.5452       0.2947219E-03
   13 s   23    18.15808        10.65983        93.81014        6.913964        285.7936       0.3305988E-03
   13 s   24    17.68514        10.82398        92.38744        6.318251        266.6748       0.3301251E-03
   13 s   25    17.23687        10.98022        91.07286        6.200311        260.3882       0.3223562E-03
   13 s   26    16.82174        11.13600        89.79886        6.251137        258.3920       0.3142581E-03
   14 s    1    132.4263        4.962242        201.5218        26.70196        86.13747       0.2067245E-03
   14 s    2    85.31428        5.328123        187.6833        1.138781        209.8302       0.8066456E-06
   14 s    3    61.35618        5.364619        186.4065        1.912522        217.1535       0.3532348E-04
   14 s    4    49.84548        5.603390        178.4634        12.59845        757.8227       0.3263301E-02
   14 s    5    43.39272        5.962001        167.7289        19.32628        123.3954       0.3428932E-03
   14 s    6    40.03145        6.500208        153.8412        18.33848        101.3640       0.6413956E-03
   14 s    7    36.17333        6.777388        147.5495        12.37485        424.6939       0.8866935E-03
   14 s    8    33.50740        7.114956        140.5490        13.87928        590.8444       0.1930415E-02
   14 s    9    31.37111        7.445023        134.3179        11.74628        468.2478       0.2627646E-02
   14 s   10    29.23175        7.667551        130.4197        6.189251        277.3930       0.1601120E-02
   14 s   11    27.15021        7.799803        128.2084        4.918069        250.9736       0.8475751E-03
   14 s   12    25.99176        8.116302        123.2088        20.79730        82.21225       0.3776535E-02
   14 s   13    25.61074        8.637111        115.7795        20.51689        82.21081       0.3809581E-02
   14 s   14    24.82880        8.993657        111.1895        7.043093        294.7068       0.9841260E-03
   14 s   15    23.66984        9.165151        109.1089        6.963569        288.0065       0.5944966E-03
   14 s   16    22.68968        9.352439        106.9240        8.091765        317.3198       0.3791755E-03
   14 s   17    21.89634        9.572426        104.4667        9.451124        368.9649       0.2558995E-03
   14 s   18    21.24941        9.820445        101.8284        10.20486        412.7279       0.2150575E-03
   14 s   19    20.68694        10.07728        99.23312        9.674944        393.0031       0.2360679E-03
   14 s   20    20.11770        10.30255        97.06334        8.342206        335.0431       0.2473273E-03
   14 s   21    19.55515        10.50297        95.21114        7.964615        315.8449       0.1939024E-03
   14 s   22    19.06507        10.71602        93.31823        9.287300        359.0522       0.9458822E-04
   14 s   23    18.68288        10.96792        91.17501        10.70601        431.4852       0.3424140E-04
   14 s   24    18.36938        11.24276        88.94609        11.13136        466.2249       0.2061943E-04
   14 s   25    18.07980        11.51719        86.82675        10.64950        444.2979       0.3129314E-04
   14 s   26    17.77010        11.76382        85.00641        8.831029        358.2828       0.8081491E-04
   15 s    1    141.5816        5.305308        188.4905        1.130517        216.1832       0.1737032E-03
   15 s    2    89.62733        5.597486        178.6516        24.41122        100.4626       0.3113121E-03
   15 s    3    69.87920        6.109821        163.6709        15.07096        662.8228       0.4086804E-02
   15 s    4    56.43293        6.343919        157.6313        4.278229        249.0041       0.2360403E-02
   15 s    5    46.79340        6.429243        155.5393        3.407083        217.0331       0.9751424E-03
   15 s    6    40.37089        6.555325        152.5477        10.61085        171.4397       0.3434107E-03
   15 s    7    37.79337        7.080915        141.2247        22.31768        85.28129       0.6506922E-03
   15 s    8    35.81968        7.605945        131.4761        3.400044        244.3533       0.2337862E-04
   15 s    9    32.49244        7.711137        129.6826        5.626352        287.1136       0.1926813E-03
   15 s   10    30.19663        7.920639        126.2524        10.88905        491.4949       0.1500929E-02
   15 s   11    28.59414        8.214619        121.7342        12.06062        590.4339       0.2042138E-02
   15 s   12    27.26580        8.514141        117.4517        11.69337        542.3629       0.1911540E-02
   15 s   13    26.05791        8.787917        113.7926        9.732668        397.6967       0.1576703E-02
   15 s   14    25.26369        9.151186        109.2755        20.26106        82.20599       0.3832401E-02
   15 s   15    24.80479        9.604610        104.1167        13.28739        553.6813       0.1827337E-03
   15 s   16    24.10265        9.934850        100.6558        12.59770        481.6781       0.3369676E-04
   15 s   17    23.30357        10.18763        98.15828        7.189790        287.3664       0.1201602E-03
   15 s   18    22.39134        10.34819        96.63528        6.325731        272.2483       0.1916141E-03
   15 s   19    21.59942        10.52178        95.04093        7.759664        310.6585       0.1400433E-03
   15 s   20    20.97525        10.74172        93.09500        9.781657        393.9199       0.1084997E-03
   15 s   21    20.48339        11.00152        90.89651        10.71912        460.1617       0.1505050E-03
   15 s   22    20.03748        11.26259        88.78955        9.881572        416.9860       0.2403775E-03
   15 s   23    19.56588        11.48629        87.06031        7.974722        330.3061       0.3050920E-03
   15 s   24    19.06280        11.66716        85.71063        6.678116        284.7362       0.3051564E-03
   15 s   25    18.57293        11.83132        84.52142        6.671102        277.6181       0.2709490E-03
   15 s   26    18.14903        12.01467        83.23158        8.250182        315.4302       0.2049076E-03
   16 s    1    142.2792        5.331450        187.5662        14.20899        646.6979       0.4852135E-02
   16 s    2    91.73390        5.729047        174.5491        17.40313        335.2956       0.1343807E-02
   16 s    3    71.62314        6.262300        159.6857        25.17124        86.13454       0.1099743E-03
   16 s    4    58.60951        6.588600        151.7773        11.87976        468.5176       0.4632132E-02
   16 s    5    50.22075        6.900148        144.9244        12.36696        685.6390       0.5677817E-02
   16 s    6    44.37437        7.205400        138.7848        11.98158        741.6615       0.4369057E-02
   16 s    7    40.02627        7.499268        133.3463        10.43593        657.2834       0.2027584E-02
   16 s    8    35.97519        7.638966        130.9078        21.95854        85.84684       0.9054804E-03
   16 s    9    34.23815        8.125431        123.0704        13.61976        584.1580       0.1083202E-02
   16 s   10    32.25741        8.461186        118.1867        13.20068        785.0658       0.1109602E-02
   16 s   11    30.41531        8.737810        114.4452        7.420238        339.2761       0.7580418E-03
   16 s   12    28.43642        8.879684        112.6166        5.263430        266.4885       0.1464959E-03
   16 s   13    26.79593        9.036809        110.6585        7.873258        321.1266       0.3047673E-05
   16 s   14    25.63785        9.286714        107.6807        11.80219        475.8726       0.1765966E-03
   16 s   15    24.94563        9.659143        103.5288        20.03055        82.19775       0.3844055E-02
   16 s   16    24.63785        10.15545        98.46926        6.511298        283.6390       0.9884527E-03
   16 s   17    23.76197        10.38803        96.26467        12.25515        474.1994       0.5852159E-03
   16 s   18    23.19609        10.72010        93.28268        13.62921        571.4549       0.2997143E-03
   16 s   19    22.68757        11.05185        90.48255        12.61107        524.6165       0.2111487E-03
   16 s   20    22.12900        11.33256        88.24129        9.523606        387.4443       0.1888820E-03
   16 s   21    21.48015        11.53688        86.67857        7.388433        317.3762       0.1194230E-03
   16 s   22    20.86447        11.72742        85.27025        8.199950        343.0036       0.2778487E-04
   16 s   23    20.36637        11.95622        83.63847        10.10561        434.8200       0.1734240E-05
   16 s   24    19.97296        12.22422        81.80481        11.07935        512.5415       0.8116287E-04
   16 s   25    19.61580        12.49565        80.02786        10.36722        463.5464       0.2149797E-03
   16 s   26    19.23329        12.73245        78.53949        8.503970        359.7341       0.3079080E-03
   17 s    1    164.7880        6.174891        161.9462        14.16852        668.3838       0.8269239E-02
   17 s    2    101.4781        6.337603        157.7884        1.650060        203.2684       0.5361741E-03
   17 s    3    73.10639        6.391987        156.4459        3.527919        210.3188       0.3062720E-03
   17 s    4    61.41838        6.904359        144.8360        25.41737        84.96001       0.1096405E-04
   17 s    5    54.10633        7.434013        134.5168        2.226365        237.7748       0.3018400E-03
   17 s    6    46.08649        7.483410        133.6289        2.034963        229.4917       0.2154794E-03
   17 s    7    40.27034        7.544998        132.5381        4.017511        241.8430       0.8838597E-03
   17 s    8    36.79835        7.813754        127.9795        12.43235        647.5668       0.1541124E-02
   17 s    9    34.54696        8.198719        121.9703        21.36822        87.18297       0.9329995E-03
   17 s   10    33.32472        8.741146        114.4015        18.81377        92.79272       0.1075297E-02
   17 s   11    31.05340        8.921124        112.0935        10.92590        421.9005       0.1184028E-02
   17 s   12    29.62434        9.250630        108.1008        13.94738        712.2749       0.2484192E-02
   17 s   13    28.42677        9.586803        104.3101        12.28453        556.6293       0.2937658E-02
   17 s   14    27.17599        9.843871        101.5861        8.025061        337.5653       0.2235068E-02
   17 s   15    25.85458        10.01110        99.88915        5.627771        271.1553       0.1348676E-02
   17 s   16    24.65285        10.16163        98.40937        19.82486        82.18953       0.3843131E-02
   17 s   17    24.38242        10.65927        93.81507        19.64672        82.17198       0.3830341E-02
   17 s   18    24.13212        11.15269        89.66444        19.49272        82.15737       0.3805134E-02
   17 s   19    23.41516        11.40629        87.67095        6.016767        262.5172       0.1959041E-03
   17 s   20    22.63231        11.59032        86.27893        9.025387        323.1337       0.6609032E-04
   17 s   21    22.06616        11.85162        84.37666        11.38957        426.9882       0.1498744E-04
   17 s   22    21.60007        12.14088        82.36634        11.53891        469.6514       0.8480115E-05
   17 s   23    21.15966        12.42193        80.50279        10.84520        458.9651       0.8922632E-05
   17 s   24    20.71502        12.67838        78.87440        9.616447        410.4803       0.6293190E-06
   17 s   25    20.26330        12.90812        77.47064        9.055917        389.5131      -0.3897722E-04
   17 s   26    19.85635        13.14492        76.07503        10.00623        444.4951      -0.3659128E-04
   18 s    1    169.0696        6.335332        157.8449        1.518873        199.3337       0.2738176E-03
   18 s    2    104.9990        6.557490        152.4974        14.08140        664.2587       0.7232649E-02
   18 s    3    79.25152        6.929281        144.3151        15.34618        836.8464       0.4524410E-02
   18 s    4    64.92256        7.298282        137.0185        12.53704        712.8144       0.2842937E-02
   18 s    5    54.78921        7.527838        132.8403        23.83083        87.37107       0.1290848E-03
   18 s    6    49.40941        8.022977        124.6420        14.36420        447.5991       0.3926473E-02
   18 s    7    44.64204        8.364073        119.5590        12.87329        719.0657       0.4375661E-02
   18 s    8    40.46936        8.593257        116.3703        4.107065        253.2084       0.1128556E-02
   18 s    9    36.53273        8.669984        115.3405        2.850930        226.0705       0.2835872E-03
   18 s   10    33.37249        8.753676        114.2377        6.861404        182.8504       0.3228319E-03
   18 s   11    32.32121        9.285342        107.6966        21.47526        82.76729       0.1332395E-02
   18 s   12    31.45858        9.823396        101.7978        21.31782        82.51477       0.1452086E-02
   18 s   13    29.80270        10.05083        99.49429        6.743949        290.0080       0.6097718E-03
   18 s   14    28.36345        10.27400        97.33308        11.14295        442.8035       0.1741154E-02
   18 s   15    27.35362        10.59154        94.41498        13.62404        653.0874       0.2804401E-02
   18 s   16    26.53486        10.93738        91.42960        13.26155        635.6162       0.3221335E-02
   18 s   17    25.50332        11.14929        89.69179        5.082077        263.2072       0.7527318E-03
   18 s   18    24.39005        11.27189        88.71624        4.951367        252.3197       0.3543060E-03
   18 s   19    23.90010        11.64252        85.89209        19.36234        82.14346       0.3768655E-02
   18 s   20    23.68477        12.12930        82.44501        19.25364        82.13145       0.3722262E-02
   18 s   21    23.15660        12.43729        80.40337        5.878347        280.4575       0.6744510E-03
   18 s   22    22.37476        12.57632        79.51454        5.454952        268.3479       0.3666617E-03
   18 s   23    21.66565        12.71898        78.62267        6.101500        278.9267       0.1905983E-03
   18 s   24    21.06126        12.89030        77.57774        7.758228        320.9982       0.6357127E-04
   18 s   25    20.57788        13.10851        76.28634        9.563571        395.9750      -0.9153550E-05
   18 s   26    20.18131        13.36004        74.85009        10.44924        457.2086      -0.4176889E-04
   19 s    1    173.1941        6.489882        154.0860        27.49495        86.95481       0.2306451E-03
   19 s    2    114.3295        7.140210        140.0519        24.44904        92.46204       0.4589947E-03
   19 s    3    84.57879        7.395066        135.2253        1.156028        218.7397       0.1934037E-03
   19 s    4    66.18754        7.440486        134.3998        3.748857        236.4045       0.7628524E-03
   19 s    5    56.08552        7.705945        129.7699        13.93281        591.3580       0.3630373E-02
   19 s    6    50.21089        8.153120        122.6524        22.77439        93.59068       0.4952721E-03
   19 s    7    45.88750        8.597421        116.3139        2.757755        227.4817       0.2581674E-03
   19 s    8    41.28535        8.766524        114.0703        12.02969        601.2554       0.3427871E-02
   19 s    9    38.34950        9.101141        109.8763        13.80609        859.5003       0.3852484E-02
   19 s   10    36.00285        9.443624        105.8915        13.34498        755.0215       0.3288807E-02
   19 s   11    33.92495        9.746072        102.6054        9.686072        408.2390       0.2063774E-02
   19 s   12    31.73529        9.909802        100.9102        4.994089        258.0345       0.5390474E-03
   19 s   13    30.71483        10.35844        96.53963        21.21641        82.24609       0.1540976E-02
   19 s   14    29.57156        10.71161        93.35663        9.010939        443.9122       0.4522174E-03
   19 s   15    28.15857        10.90322        91.71603        6.441166        320.0915       0.1970898E-03
   19 s   16    26.80955        11.05060        90.49279        6.027200        290.3587       0.8191962E-06
   19 s   17    25.88594        11.31656        88.36605        13.77235        680.2843       0.2289959E-02
   19 s   18    25.23830        11.66392        85.73450        13.69868        669.0208       0.2296385E-02
   19 s   19    24.62244        11.99439        83.37230        12.37328        540.6718       0.1937519E-02
   19 s   20    23.94424        12.26217        81.55161        8.628732        355.5395       0.1301910E-02
   19 s   21    23.48477        12.61355        79.27983        19.16429        82.12226       0.3667585E-02
   19 s   22    23.29884        13.09572        76.36082        19.09177        82.11645       0.3606352E-02
   19 s   23    23.00467        13.50506        74.04635        9.105730        349.8799       0.1308611E-03
   19 s   24    22.36779        13.68994        73.04633        6.378062        284.3191       0.3002504E-03
   19 s   25    21.72957        13.84216        72.24307        5.951007        273.0855       0.2261541E-03
   19 s   26    21.13746        13.99301        71.46425        6.185727        276.1080       0.1225002E-03
   20 s    1    187.0713        7.009885        142.6557        16.81851        847.5002       0.5082933E-02
   20 s    2    117.8862        7.362335        135.8265        4.267081        252.0282       0.1273337E-02
   20 s    3    88.28039        7.718711        129.5553        20.77074        163.6154       0.2546950E-02
   20 s    4    72.77153        8.180626        122.2400        16.90448        780.2700       0.4833953E-02
   20 s    5    61.96529        8.513805        117.4563        1.878351        219.5968       0.4357008E-03
   20 s    6    52.65182        8.549472        116.9663        1.535079        216.3737       0.7301144E-04
   20 s    7    46.62282        8.735189        114.4795        23.14343        86.32565       0.1978145E-03
   20 s    8    43.86767        9.314853        107.3554        22.98136        86.78679       0.3231209E-03
   20 s    9    40.95381        9.719198        102.8891        3.477094        264.6187       0.1353693E-03
   20 s   10    37.34645        9.796054        102.0819        3.247408        249.5697       0.3106908E-05
   20 s   11    34.48837        9.907931        100.9292        6.848064        337.3820       0.4614320E-03
   20 s   12    32.55415        10.16550        98.37191        11.74271        660.3950       0.1254042E-02
   20 s   13    31.00466        10.45618        95.63718        11.16960        610.8179       0.8629136E-03
   20 s   14    30.06710        10.89111        91.81801        21.13968        82.04325       0.1608182E-02
   20 s   15    29.23133        11.31860        88.35012        10.27395        438.3908       0.1275112E-02
   20 s   16    28.13415        11.59659        86.23224        11.67566        561.4314       0.1394266E-02
   20 s   17    27.21118        11.89592        84.06245        11.97149        607.2178       0.1591197E-02
   20 s   18    26.34998        12.17768        82.11745        9.677444        428.0977       0.1169778E-02
   20 s   19    25.39598        12.37121        80.83285        6.927960        299.2845       0.9713658E-04
   20 s   20    24.56254        12.57881        79.49877        10.27060        375.9974       0.7181473E-04
   20 s   21    23.97888        12.87893        77.64618        13.20501        503.4643       0.2008908E-03
   20 s   22    23.51252        13.21582        75.66687        13.28077        509.5394       0.5389028E-04
   20 s   23    23.12587        13.57620        73.65829        19.03357        82.11430       0.3540265E-02
   20 s   24    22.88308        14.00532        71.40144        13.77923        546.4085       0.5634307E-03
   20 s   25    22.52189        14.34688        69.70156        13.32503        535.5537       0.3365289E-03
   20 s   26    22.14371        14.65915        68.21677        11.26795        440.2470       0.2818236E-03
