    0 s    2    5.002249       0.3124049        3200.974        6.489644        493.7195       0.6158986E-03
    0 s    3    5.427772       0.4745720        2107.162        6.903624        406.4989      -0.7346905E-02
    0 s    4    5.848342       0.6574425        1521.045        7.741897        367.6864      -0.7542839E-02
    0 s    5    6.226760       0.8555342        1168.860        8.108218        352.9123      -0.6130700E-02
    0 s    6    6.512783        1.057529        945.6001        8.054466        345.6448      -0.4530502E-02
    0 s    7    6.690415        1.253507        797.7616        7.617239        339.7891      -0.2962840E-02
    0 s    8    6.756879        1.434754        696.9834        6.889193        333.6717      -0.1593402E-02
    0 s    9    6.730118        1.597198        626.0964        6.149231        327.8353      -0.6854569E-03
    0 s   10    6.647857        1.743747        573.4777        5.620713        322.5601      -0.2515838E-03
    0 s   11    6.543313        1.879785        531.9759        5.287655        317.1631      -0.8539540E-04
    0 s   12    6.433600        2.008984        497.7639        5.057628        310.9401      -0.2796007E-04
    0 s   13    6.324936        2.133057        468.8108        4.869751        303.5524      -0.8949127E-05
    0 s   14    6.218939        2.252666        443.9184        4.697732        294.9931      -0.2804982E-05
    0 s   15    6.115797        2.368085        422.2821        4.533789        285.4903      -0.8597217E-06
    0 s   16    6.015455        2.479505        403.3064        4.377835        275.4015      -0.2571787E-06
    0 s   17    5.917949        2.587151        386.5255        4.232073        265.1134      -0.7496464E-07
    0 s   18    5.823433        2.691308        371.5666        4.098663        254.9679      -0.2114365E-07
    0 s   19    5.732118        2.792301        358.1275        3.978938        245.2240      -0.5642913E-08
    0 s   20    5.644219        2.890482        345.9631        3.873327        236.0508      -0.1249227E-08
    0 s   21    5.559911        2.986199        334.8738        3.781554        227.5394      -0.2292964E-10
    0 s   22    5.479316        3.079792        324.6973        3.702873        219.7218       0.8321515E-10
    0 s   23    5.402496        3.171574        315.3009        3.636284        212.5898       0.1741694E-09
    0 s   24    5.329461        3.261834        306.5760        3.580680        206.1101       0.2275126E-09
    0 s   25    5.260174        3.350833        298.4333        3.534938        200.2362       0.1949560E-09
    0 s   26    5.194562        3.438804        290.7988        3.497978        194.9155       0.1583891E-09
    1 s    2    10.91113       0.6814317        1467.498        10.83630        307.1276       0.8847069E-03
    1 s    3    10.74495       0.9394743        1064.425        9.794749        279.7982      -0.1597943E-03
    1 s    4    10.40567        1.169755        854.8798        8.577585        268.5677      -0.4481796E-03
    1 s    5    9.919731        1.362935        733.7108        6.776490        290.6776      -0.1507043E-02
    1 s    6    9.309833        1.511707        661.5036        5.486872        339.0232      -0.3408049E-02
    1 s    7    8.803590        1.649429        606.2704        5.808661        359.9527      -0.4849495E-02
    1 s    8    8.498497        1.804569        554.1488        6.774327        367.2555      -0.5853458E-02
    1 s    9    8.362623        1.984626        503.8733        7.746755        369.2463      -0.6345693E-02
    1 s   10    8.330603        2.185135        457.6376        8.403822        364.9084      -0.6334424E-02
    1 s   11    8.345270        2.397457        417.1087        8.698719        347.3436      -0.5910388E-02
    1 s   12    8.364062        2.611799        382.8778        8.490625        292.5390      -0.4691953E-02
    1 s   13    8.329750        2.809172        355.9768        7.255188        200.0252      -0.1831003E-02
    1 s   14    8.219265        2.977238        335.8818        6.377891        167.0696      -0.3645794E-03
    1 s   15    8.091053        3.132920        319.1911        6.113961        159.8153      -0.8810507E-04
    1 s   16    7.968216        3.284411        304.4686        6.003951        157.1627      -0.2603821E-04
    1 s   17    7.854721        3.433850        291.2183        5.940358        155.8609      -0.8574145E-05
    1 s   18    7.750601        3.581951        279.1775        5.893722        155.1688      -0.2984915E-05
    1 s   19    7.654945        3.728973        268.1704        5.852732        154.8213      -0.1067694E-05
    1 s   20    7.566648        3.874984        258.0656        5.812320        154.6876      -0.3859815E-06
    1 s   21    7.484648        4.019966        248.7583        5.770288        154.6892      -0.1395942E-06
    1 s   22    7.408014        4.163867        240.1614        5.725945        154.7736      -0.5016219E-07
    1 s   23    7.335963        4.306630        232.2001        5.679399        154.9036      -0.1783805E-07
    1 s   24    7.267852        4.448204        224.8098        5.631145        155.0513      -0.6268840E-08
    1 s   25    7.203163        4.588555        217.9335        5.581815        155.1952      -0.2177457E-08
    1 s   26    7.141479        4.727664        211.5210        5.532032        155.3179      -0.7575335E-09
    2 s    1    10.88341       0.4078202        2452.061        12.88435        391.8046      -0.2550733E-03
    2 s    2    15.07747       0.9416316        1061.986        19.41787        96.79702       0.5248013E-01
    2 s    3    14.15563        1.237684        807.9608        5.899073        401.2497       0.8651564E-03
    2 s    4    12.17351        1.368488        730.7335        4.983365        358.3174      -0.1597194E-02
    2 s    5    10.91863        1.500179        666.5869        5.897049        283.5963      -0.1892418E-02
    2 s    6    10.25240        1.664760        600.6873        7.111432        227.8137      -0.1098732E-02
    2 s    7    9.851038        1.845677        541.8065        7.266812        205.5094      -0.6824839E-03
    2 s    8    9.538210        2.025342        493.7438        7.091490        193.4215      -0.5531359E-03
    2 s    9    9.269608        2.199872        454.5718        6.874913        185.3544      -0.5490633E-03
    2 s   10    9.032818        2.369328        422.0607        6.695834        180.3114      -0.6533307E-03
    2 s   11    8.825183        2.535328        394.4264        6.622118        179.7351      -0.9745171E-03
    2 s   12    8.654967        2.702638        370.0088        6.902183        194.0687      -0.2042765E-02
    2 s   13    8.562346        2.887613        346.3067        8.139202        272.3634      -0.4760577E-02
    2 s   14    8.562038        3.101399        322.4351        8.989638        362.6381      -0.6106348E-02
    2 s   15    8.591220        3.326588        300.6083        9.214229        394.2814      -0.6290583E-02
    2 s   16    8.624178        3.554792        281.3104        9.279346        406.0415      -0.6281579E-02
    2 s   17    8.655143        3.783771        264.2866        9.294140        411.9176      -0.6242771E-02
    2 s   18    8.682691        4.012717        249.2077        9.287737        415.4216      -0.6200771E-02
    2 s   19    8.706594        4.241265        235.7787        9.270407        417.4436      -0.6156406E-02
    2 s   20    8.726974        4.469203        223.7536        9.244593        417.7432      -0.6098361E-02
    2 s   21    8.743835        4.696269        212.9350        9.200034        413.7949      -0.5979940E-02
    2 s   22    8.755365        4.921180        203.2033        9.006776        383.5590      -0.5402166E-02
    2 s   23    8.730997        5.125594        195.0993        7.250516        230.4130      -0.8521856E-03
    2 s   24    8.659732        5.300088        188.6761        6.872567        212.2056      -0.6376744E-04
    2 s   25    8.588908        5.471302        182.7719        6.822976        208.6730      -0.1184279E-04
    2 s   26    8.522064        5.641612        177.2543        6.791304        205.9264      -0.3064190E-05
    3 s    1    25.00472       0.9369702        1067.270        6.237030        806.8758      -0.2023342E-02
    3 s    2    17.68665        1.104582        905.3196        7.140703        348.0745       0.9575753E-03
    3 s    3    16.31423        1.426419        701.0561        16.70604        90.67553       0.3666998E-01
    3 s    4    16.43110        1.847105        541.3877        15.99215        89.93128       0.3126129E-01
    3 s    5    16.38372        2.251064        444.2345        15.45264        89.97622       0.2730320E-01
    3 s    6    15.65661        2.542281        393.3475        5.806507        262.5629      -0.5791423E-03
    3 s    7    14.32082        2.683129        372.6991        5.499526        257.4746      -0.7232067E-03
    3 s    8    13.26762        2.817244        354.9569        5.284601        252.9348      -0.7593872E-03
    3 s    9    12.42191        2.947979        339.2154        5.227550        249.3141      -0.7263394E-03
    3 s   10    11.73893        3.079148        324.7652        5.307553        246.2481      -0.6548344E-03
    3 s   11    11.18604        3.213563        311.1811        5.474387        243.3961      -0.5686259E-03
    3 s   12    10.73701        3.352786        298.2594        5.681345        240.5842      -0.4821457E-03
    3 s   13    10.37038        3.497365        285.9295        5.894837        237.7767      -0.4030788E-03
    3 s   14    10.06877        3.647178        274.1846        6.094377        235.0117      -0.3349517E-03
    3 s   15    9.818302        3.801724        263.0385        6.269687        232.3461      -0.2789099E-03
    3 s   16    9.608061        3.960338        252.5037        6.417354        229.8254      -0.2349110E-03
    3 s   17    9.429560        4.122323        242.5817        6.537998        227.4737      -0.2026188E-03
    3 s   18    9.276245        4.287030        233.2617        6.634321        225.3034      -0.1823049E-03
    3 s   19    9.143073        4.453888        224.5229        6.710184        223.3435      -0.1764627E-03
    3 s   20    9.026202        4.622442        216.3359        6.771344        221.7302      -0.1949719E-03
    3 s   21    8.922909        4.792449        208.6616        6.833435        221.1752      -0.2825004E-03
    3 s   22    8.832973        4.964802        201.4179        7.029951        228.9019      -0.8375010E-03
    3 s   23    8.785404        5.157534        193.8911        8.778106        373.4897      -0.5367326E-02
    3 s   24    8.789990        5.379811        185.8801        9.138960        425.4446      -0.6136279E-02
    3 s   25    8.798437        5.604776        178.4193        9.162818        430.8406      -0.6174521E-02
    3 s   26    8.806434        5.829865        171.5306        9.161493        432.4953      -0.6172175E-02
    4 s    1    37.49047        1.404833        711.8285        11.56618        340.3264      -0.3516783E-03
    4 s    2    27.42213        1.712592        583.9104        12.76968        404.4887      -0.3838971E-03
    4 s    3    23.28139        2.035586        491.2590        12.84867        394.8436      -0.2600135E-03
    4 s    4    20.01518        2.250011        444.4423        5.674943        263.0460      -0.4757960E-03
    4 s    5    17.43544        2.395566        417.4379        5.945933        266.0737      -0.4491991E-03
    4 s    6    16.28711        2.644660        378.1204        15.12988        89.90156       0.2467500E-01
    4 s    7    16.18052        3.031560        329.8632        14.95231        89.90998       0.2290168E-01
    4 s    8    16.08100        3.414636        292.8570        14.83906        89.94960       0.2161892E-01
    4 s    9    15.58452        3.698533        270.3775        6.543628        332.8690      -0.5713985E-03
    4 s   10    14.70569        3.857334        259.2464        6.262351        305.7501      -0.6946166E-03
    4 s   11    13.96678        4.012423        249.2260        6.194705        292.6944      -0.7374593E-03
    4 s   12    13.34360        4.166731        239.9963        6.189439        284.1568      -0.7226528E-03
    4 s   13    12.81373        4.321373        231.4079        6.214680        277.6162      -0.6673993E-03
    4 s   14    12.35938        4.476900        223.3689        6.253356        272.1053      -0.5872617E-03
    4 s   15    11.96637        4.633472        215.8209        6.291526        267.1588      -0.4953408E-03
    4 s   16    11.62317        4.790943        208.7272        6.319131        262.5497      -0.4019038E-03
    4 s   17    11.32047        4.948973        202.0621        6.331399        258.2007      -0.3144342E-03
    4 s   18    11.05087        5.107173        195.8030        6.329101        254.1356      -0.2377870E-03
    4 s   19    10.80862        5.265228        189.9253        6.317409        250.4335      -0.1743898E-03
    4 s   20    10.58942        5.422986        184.4003        6.303671        247.1836      -0.1245870E-03
    4 s   21    10.39012        5.580478        179.1961        6.294908        244.4475      -0.8718784E-04
    4 s   22    10.20838        5.737888        174.2802        6.295990        242.2413      -0.6013866E-04
    4 s   23    10.04244        5.895489        169.6212        6.308984        240.5374      -0.4114251E-04
    4 s   24    9.890839        6.053573        165.1917        6.333503        239.2771      -0.2808502E-04
    4 s   25    9.752295        6.212402        160.9683        6.367537        238.3865      -0.1923810E-04
    4 s   26    9.625638        6.372179        156.9322        6.408303        237.7879      -0.1329693E-04
    5 s    1    45.31208        1.697922        588.9552        27.92293        88.33078       0.3332025E-04
    5 s    2    32.74256        2.044868        489.0292        2.812785        306.3649      -0.9958274E-03
    5 s    3    24.40099        2.133477        468.7183        4.571519        315.2489      -0.5910317E-03
    5 s    4    21.09851        2.371793        421.6220        12.95141        540.0210      -0.1026512E-04
    5 s    5    19.60473        2.693619        371.2478        12.67358        521.3227      -0.1063177E-04
    5 s    6    18.48827        3.002079        333.1025        11.95429        525.4743      -0.1522900E-04
    5 s    7    17.54388        3.286999        304.2289        10.68051        526.1210      -0.6340661E-04
    5 s    8    16.58647        3.521967        283.9322        7.967152        419.3263      -0.3125144E-03
    5 s    9    15.99222        3.795290        263.4845        14.76865        89.98405       0.2067605E-01
    5 s   10    15.90102        4.170872        239.7580        10.46259        401.0621      -0.5091678E-04
    5 s   11    15.42342        4.430891        225.6882        10.32196        420.0904      -0.3759077E-04
    5 s   12    15.00622        4.685911        213.4057        10.05412        432.6480      -0.3807586E-04
    5 s   13    14.62053        4.930710        202.8105        9.417495        433.3826      -0.7069793E-04
    5 s   14    14.20249        5.144523        194.3815        7.398243        357.9417      -0.2250303E-03
    5 s   15    13.70156        5.305354        188.4888        5.851200        283.0521      -0.3618916E-03
    5 s   16    13.21724        5.448003        183.5535        5.672355        264.9310      -0.3814989E-03
    5 s   17    12.78907        5.590999        178.8589        5.803996        260.3938      -0.3667852E-03
    5 s   18    12.41698        5.738523        174.2609        6.016765        260.0151      -0.3378878E-03
    5 s   19    12.09468        5.891710        169.7300        6.248777        261.3240      -0.3009675E-03
    5 s   20    11.81504        6.050645        165.2716        6.470750        263.2960      -0.2597019E-03
    5 s   21    11.57121        6.214836        160.9053        6.664890        265.3573      -0.2171819E-03
    5 s   22    11.35691        6.383446        156.6552        6.820879        267.1475      -0.1760864E-03
    5 s   23    11.16664        6.555454        152.5447        6.934519        268.4453      -0.1385014E-03
    5 s   24    10.99571        6.729798        148.5929        7.006430        269.1304      -0.1057757E-03
    5 s   25    10.84029        6.905477        144.8126        7.040585        269.1552      -0.7851925E-04
    5 s   26    10.69729        7.081615        141.2107        7.042899        268.5226      -0.5672166E-04
    6 s    1    52.12301        1.953140        511.9962        6.808967        531.9012      -0.2738370E-03
    6 s    2    38.10276        2.379627        420.2339        24.89856        90.38505       0.4647776E-04
    6 s    3    31.68180        2.770068        361.0020        11.42146        390.2357      -0.2316431E-02
    6 s    4    26.82308        3.015322        331.6396        8.084557        327.3262      -0.1644792E-02
    6 s    5    23.15794        3.181817        314.2859        5.715500        278.2914      -0.7845736E-03
    6 s    6    20.44122        3.319194        301.2779        5.548253        265.9540      -0.4677694E-03
    6 s    7    18.50847        3.467722        288.3737        6.564533        263.9823      -0.4025167E-03
    6 s    8    17.24359        3.661502        273.1120        9.120726        301.2231      -0.2484705E-03
    6 s    9    16.47390        3.909601        255.7806        10.37224        366.8325      -0.9983564E-04
    6 s   10    15.91439        4.174378        239.5566        14.72336        90.02032       0.1996218E-01
    6 s   11    15.84648        4.552428        219.6630        14.69436        90.03422       0.1941309E-01
    6 s   12    15.78714        4.929763        202.8495        14.67421        90.04891       0.1897540E-01
    6 s   13    15.11405        5.097147        196.1882        5.664043        235.9867      -0.3626392E-03
    6 s   14    14.51899        5.259166        190.1442        7.608313        265.0698      -0.2173723E-03
    6 s   15    14.13360        5.472641        182.7271        9.104816        328.0695      -0.7828154E-04
    6 s   16    13.83637        5.703200        175.3402        9.243374        354.7646      -0.4646675E-04
    6 s   17    13.56992        5.932366        168.5668        9.064419        361.0526      -0.4091590E-04
    6 s   18    13.31935        6.155556        162.4549        8.778304        357.9270      -0.4362176E-04
    6 s   19    13.07811        6.370773        156.9668        8.431226        348.9464      -0.5061055E-04
    6 s   20    12.84250        6.576822        152.0491        8.049775        335.8760      -0.6000656E-04
    6 s   21    12.61094        6.773269        147.6392        7.670250        320.5828      -0.6954494E-04
    6 s   22    12.38395        6.960719        143.6633        7.336874        305.2913      -0.7645035E-04
    6 s   23    12.16368        7.140774        140.0408        7.081572        291.8153      -0.7866543E-04
    6 s   24    11.95270        7.315511        136.6958        6.909537        280.9227      -0.7584508E-04
    6 s   25    11.75293        7.486846        133.5676        6.805078        272.5065      -0.6906196E-04
    6 s   26    11.56523        7.656191        130.6133        6.745903        266.0999      -0.5990495E-04
    7 s    1    58.33855        2.186047        457.4468        8.395126        251.1149       0.1535709E-03
    7 s    2    39.76829        2.483645        402.6341        14.04885        328.4360      -0.1504528E-02
    7 s    3    34.69788        3.033776        329.6222        24.63946        87.07875       0.4001921E-03
    7 s    4    30.47517        3.425873        291.8964        8.261120        354.5163      -0.6561789E-03
    7 s    5    26.77056        3.678177        271.8738        11.49471        479.2254      -0.1018841E-02
    7 s    6    24.47838        3.974738        251.5889        11.79124        493.7892      -0.9456110E-03
    7 s    7    22.64729        4.243166        235.6731        9.323744        390.2252      -0.7085170E-03
    7 s    8    20.89770        4.437415        225.3565        6.511524        302.2652      -0.4551956E-03
    7 s    9    19.31212        4.583171        218.1895        5.384836        267.8600      -0.3452906E-03
    7 s   10    17.96631        4.712601        212.1970        5.058451        252.6795      -0.3324319E-03
    7 s   11    16.83989        4.837820        206.7047        5.006812        243.8327      -0.3544667E-03
    7 s   12    15.89648        4.963905        201.4543        5.132501        237.8190      -0.3762574E-03
    7 s   13    15.73508        5.306587        188.4451        14.65981        90.05769       0.1862012E-01
    7 s   14    15.68914        5.683027        175.9626        14.64899        90.06176       0.1832576E-01
    7 s   15    15.64836        6.059169        165.0391        14.64042        90.06216       0.1807736E-01
    7 s   16    15.47072        6.376860        156.8170        5.566823        237.7443      -0.3202078E-03
    7 s   17    14.90930        6.517900        153.4236        5.736258        237.6592      -0.3022678E-03
    7 s   18    14.41913        6.663823        150.0640        5.955706        238.6685      -0.2765063E-03
    7 s   19    13.99184        6.815878        146.7162        6.223545        241.0055      -0.2446249E-03
    7 s   20    13.62027        6.975126        143.3666        6.524873        244.8528      -0.2089111E-03
    7 s   21    13.29751        7.142022        140.0164        6.826135        250.0404      -0.1724524E-03
    7 s   22    13.01604        7.316005        136.6866        7.082899        255.8043      -0.1387527E-03
    7 s   23    12.76792        7.495500        133.4134        7.262150        261.0051      -0.1104243E-03
    7 s   24    12.54567        7.678429        130.2350        7.357687        264.7301      -0.8822270E-04
    7 s   25    12.34320        7.862858        127.1802        7.384849        266.6655      -0.7138773E-04
    7 s   26    12.15612        8.047357        124.2644        7.366490        267.0079      -0.5858026E-04
    8 s    1    76.28569        2.858557        349.8269        14.55748        932.6103      -0.2931544E-02
    8 s    2    51.08106        3.190160        313.4639        7.095289        305.8762      -0.1257421E-03
    8 s    3    37.50653        3.279348        304.9387        4.133293        269.5877      -0.1778076E-03
    8 s    4    32.47461        3.650640        273.9246        24.02892        88.89958       0.7900140E-03
    8 s    5    30.26598        4.158435        240.4751        12.39101        525.2979      -0.1414365E-02
    8 s    6    27.19730        4.416230        226.4375        8.805351        402.0613      -0.5496113E-03
    8 s    7    24.75819        4.638662        215.5794        9.835932        356.5904      -0.1250946E-04
    8 s    8    23.17253        4.920451        203.2334        12.46401        426.7915      -0.3304130E-04
    8 s    9    22.10214        5.245301        190.6468        13.24694        469.9295      -0.7676689E-04
    8 s   10    21.15961        5.550211        180.1733        7.815257        288.8312      -0.5621672E-03
    8 s   11    19.85107        5.702880        175.3500        5.588385        260.6353      -0.4139778E-03
    8 s   12    18.69785        5.838673        171.2718        5.351359        250.0527      -0.3458994E-03
    8 s   13    17.70695        5.971590        167.4596        5.318237        244.2856      -0.3310843E-03
    8 s   14    16.85338        6.104745        163.8070        5.359279        240.8626      -0.3310265E-03
    8 s   15    16.11408        6.239499        160.2693        5.442896        238.7962      -0.3294118E-03
    8 s   16    15.61193        6.435068        155.3985        14.63330        90.05977       0.1786431E-01
    8 s   17    15.57921        6.810765        146.8264        14.62713        90.05526       0.1767897E-01
    8 s   18    15.54964        7.186289        139.1539        14.62161        90.04917       0.1751570E-01
    8 s   19    15.52280        7.561662        132.2461        14.61657        90.04187       0.1737031E-01
    8 s   20    15.22731        7.798115        128.2361        5.618926        237.5912      -0.2549842E-03
    8 s   21    14.78061        7.938589        125.9670        5.633076        234.9289      -0.2303975E-03
    8 s   22    14.37511        8.079907        123.7638        5.683228        233.3696      -0.2042161E-03
    8 s   23    14.00696        8.222886        121.6118        5.763091        232.7191      -0.1782483E-03
    8 s   24    13.67267        8.368199        119.5000        5.867311        232.8645      -0.1536326E-03
    8 s   25    13.36911        8.516383        117.4207        5.990173        233.7129      -0.1310207E-03
    8 s   26    13.09337        8.667821        115.3692        6.125300        235.1619      -0.1107274E-03
    9 s    1    85.04371        3.186735        313.8008       0.7853261        231.3100      -0.1485718E-05
    9 s    2    51.93412        3.243436        308.3150        8.574182        528.8502      -0.1659808E-03
    9 s    3    40.68341        3.557115        281.1267        12.87957        886.6281      -0.8835535E-03
    9 s    4    34.45729        3.873523        258.1629        12.58823        657.8398      -0.1673840E-02
    9 s    5    31.05934        4.267440        234.3325        22.61276        89.68786       0.8444994E-03
    9 s    6    28.44848        4.619393        216.4786        9.513451        391.5799      -0.1558955E-02
    9 s    7    26.07979        4.886275        204.6549        11.25893        567.9808      -0.1925570E-02
    9 s    8    24.29127        5.158005        193.8734        10.22651        512.0237      -0.1568180E-02
    9 s    9    22.69423        5.385818        185.6728        8.006764        381.2896      -0.9702265E-03
    9 s   10    21.29863        5.586677        178.9973        11.51783        533.1369      -0.5391485E-04
    9 s   11    20.53624        5.899719        169.4996        12.45579        535.4879      -0.6360931E-05
    9 s   12    19.86530        6.203228        161.2064        11.82105        519.7278      -0.8169686E-05
    9 s   13    19.24637        6.490752        154.0654        11.18542        502.5202      -0.1160153E-04
    9 s   14    18.66708        6.761716        147.8914        10.45225        472.4670      -0.2697049E-04
    9 s   15    18.09853        7.007893        142.6962        9.056115        396.1123      -0.9240653E-04
    9 s   16    17.48553        7.207345        138.7473        6.993528        299.4313      -0.2213649E-03
    9 s   17    16.85415        7.368134        135.7196        6.061546        262.1808      -0.2792878E-03
    9 s   18    16.26122        7.515144        133.0646        5.762946        248.6679      -0.2866456E-03
    9 s   19    15.71947        7.657465        130.5915        5.652045        241.7858      -0.2752257E-03
    9 s   20    15.49832        7.936902        125.9937        14.61187        90.03360       0.1723960E-01
    9 s   21    15.47590        8.312027        120.3076        14.60744        90.02454       0.1712111E-01
    9 s   22    15.45529        8.687049        115.1139        14.60319        90.01478       0.1701289E-01
    9 s   23    15.28636        8.973969        111.4334        7.151444        280.8121      -0.1954646E-03
    9 s   24    14.94334        9.145899        109.3386        6.662599        263.5321      -0.2070837E-03
    9 s   25    14.61356        9.309121        107.4215        6.433393        254.9982      -0.1994468E-03
    9 s   26    14.30307        9.468643        105.6118        6.349666        250.8701      -0.1820434E-03
   10 s    1    89.77094        3.363873        297.2764        24.78932        88.19013       0.2120947E-04
   10 s    2    64.37285        4.020270        248.7395        25.55278        97.57938      -0.4875234E-03
   10 s    3    48.74644        4.262098        234.6262        3.813071        273.6836      -0.5050985E-03
   10 s    4    38.62580        4.342127        230.3019        3.276210        247.4310      -0.2477949E-03
   10 s    5    32.34294        4.443801        225.0326        5.331148        261.2059      -0.5987197E-03
   10 s    6    29.90776        4.856347        205.9161        23.16305        85.40091       0.1153029E-02
   10 s    7    28.99933        5.433276        184.0510        22.59739        85.70502       0.1256935E-02
   10 s    8    26.70947        5.671485        176.3207        6.950770        276.4691      -0.8044276E-03
   10 s    9    24.75863        5.875743        170.1913        9.432872        342.6768      -0.1199908E-02
   10 s   10    23.37898        6.132357        163.0694        10.81180        417.9237      -0.1434169E-02
   10 s   11    22.27045        6.397928        156.3006        10.16955        408.9408      -0.1314626E-02
   10 s   12    21.23082        6.629631        150.8380        8.364807        339.3951      -0.9478068E-03
   10 s   13    20.22173        6.819689        146.6343        7.036026        291.7306      -0.6273420E-03
   10 s   14    19.29400        6.988804        143.0860        6.679095        273.6721      -0.4497497E-03
   10 s   15    18.49783        7.162507        139.6159        7.483437        288.0486      -0.3157426E-03
   10 s   16    17.88372        7.371474        135.6581        9.186673        354.4044      -0.1578543E-03
   10 s   17    17.41110        7.611616        131.3782        9.861781        402.0526      -0.8416456E-04
   10 s   18    17.00660        7.859625        127.2325        9.932779        413.7392      -0.6408057E-04
   10 s   19    16.64103        8.106388        123.3595        9.783062        406.9106      -0.6452608E-04
   10 s   20    16.29926        8.347075        119.8024        9.437891        386.1604      -0.7987738E-04
   10 s   21    15.96717        8.575886        116.6060        8.820111        351.9447      -0.1126704E-03
   10 s   22    15.63093        8.785770        113.8204        7.952911        311.7995      -0.1587910E-03
   10 s   23    15.43628        9.061980        110.3512        14.59908        90.00437       0.1691337E-01
   10 s   24    15.41870        9.436833        105.9678        14.59506        89.99331       0.1682129E-01
   10 s   25    15.24602        9.712012        102.9653        8.952619        343.1002      -0.7977906E-04
   10 s   26    15.00498        9.933308        100.6714        8.720290        330.4810      -0.7525638E-04
   11 s    1    98.67163        3.697397        270.4606        14.88052        704.0539      -0.4648926E-02
   11 s    2    64.98343        4.058403        246.4024        13.88932        346.6479      -0.3048753E-02
   11 s    3    51.53535        4.505944        221.9291        12.51666        523.4344      -0.1934305E-02
   11 s    4    42.95015        4.828249        207.1144        12.68995        693.7929      -0.1924255E-02
   11 s    5    37.32105        5.127776        195.0163        11.13183        596.8237      -0.1767440E-02
   11 s    6    33.04062        5.365053        186.3914        7.566122        350.5683      -0.1150202E-02
   11 s    7    29.46511        5.520543        181.1416        5.780354        256.0317      -0.6746659E-03
   11 s    8    28.26064        6.000859        166.6428        22.29776        84.85553       0.1305347E-02
   11 s    9    26.93749        6.392831        156.4252        11.56649        599.6294      -0.2144576E-03
   11 s   10    25.43717        6.672224        149.8751        10.22320        445.4391      -0.4037462E-05
   11 s   11    24.00192        6.895349        145.0253        8.550301        320.7139      -0.3405563E-03
   11 s   12    22.82646        7.127891        140.2939        10.13421        370.7755      -0.8637441E-03
   11 s   13    21.92206        7.393118        135.2609        10.84178        425.7450      -0.1174943E-02
   11 s   14    21.13408        7.655328        130.6280        9.953294        403.8163      -0.1139429E-02
   11 s   15    20.35864        7.883025        126.8548        8.287769        339.0302      -0.8778025E-03
   11 s   16    19.58350        8.072106        123.8834        6.993539        293.7617      -0.6318842E-03
   11 s   17    18.84267        8.237453        121.3967        6.358964        271.6304      -0.4908999E-03
   11 s   18    18.16046        8.392882        119.1486        6.154845        261.9914      -0.4183142E-03
   11 s   19    17.54501        8.546746        117.0036        6.214175        259.6215      -0.3724492E-03
   11 s   20    16.99817        8.704998        114.8765        6.506214        263.8987      -0.3279129E-03
   11 s   21    16.52226        8.874023        112.6885        7.080961        277.4284      -0.2698723E-03
   11 s   22    16.12028        9.060824        110.3652        7.892210        302.1816      -0.1981879E-03
   11 s   23    15.78648        9.267568        107.9032        8.603883        329.2418      -0.1350168E-03
   11 s   24    15.50182        9.487710        105.3995        8.947051        344.0322      -0.9697042E-04
   11 s   25    15.40238        9.811617        101.9200        14.59107        89.98158       0.1673559E-01
   11 s   26    15.38723        10.18636        98.17052        14.58705        89.96862       0.1665514E-01
   12 s    1    113.5875        4.256322        234.9447       0.9292811        234.5457      -0.6196621E-04
   12 s    2    68.85835        4.300403        232.5364        3.324826        251.8176      -0.4846850E-03
   12 s    3    53.30333        4.660526        214.5681        24.50283        85.97653      -0.2105446E-04
   12 s    4    46.77354        5.258056        190.1843        23.24424        86.55487      -0.1573580E-04
   12 s    5    39.76002        5.462881        183.0536        3.636547        227.9364      -0.5548106E-04
   12 s    6    34.47079        5.597281        178.6582        7.560450        319.4384      -0.3672119E-03
   12 s    7    31.12174        5.830929        171.4993        10.55849        502.3470      -0.5464524E-03
   12 s    8    28.75671        6.106194        163.7681        11.34991        583.6592      -0.4003576E-03
   12 s    9    27.62838        6.556795        152.5135        21.87717        84.76001       0.1321766E-02
   12 s   10    25.86311        6.783949        147.4068        8.181783        312.4551      -0.5945307E-03
   12 s   11    24.53570        7.048696        141.8702        12.23497        524.7874      -0.4287257E-03
   12 s   12    23.59786        7.368772        135.7078        13.21449        582.3992      -0.2416079E-03
   12 s   13    22.84675        7.704967        129.7864        13.64310        580.0430      -0.1183245E-03
   12 s   14    22.21890        8.048281        124.2501        13.77256        565.2915      -0.5054888E-04
   12 s   15    21.65715        8.385819        119.2489        12.65347        507.2320      -0.1979882E-03
   12 s   16    20.99461        8.653748        115.5569        9.898197        401.3800      -0.9433160E-03
   12 s   17    20.33835        8.891323        112.4692        9.041276        362.8509      -0.8796564E-03
   12 s   18    19.69409        9.101650        109.8702        7.825844        313.3373      -0.6891013E-03
   12 s   19    19.05878        9.284153        107.7104        6.880778        280.7893      -0.5359721E-03
   12 s   20    18.44998        9.448488        105.8370        6.355571        263.7627      -0.4469390E-03
   12 s   21    17.88087        9.603723        104.1263        6.124603        255.5027      -0.3978504E-03
   12 s   22    17.35640        9.755614        102.5051        6.070052        252.0681      -0.3667823E-03
   12 s   23    16.87686        9.907680        100.9318        6.129020        251.7205      -0.3416376E-03
   12 s   24    16.44231        10.06332        99.37076        6.275011        253.9598      -0.3155269E-03
   12 s   25    16.04776        10.22273        97.82119        6.503921        258.8083      -0.2883535E-03
   12 s   26    15.69309        10.38883        96.25720        6.805841        266.5552      -0.2581227E-03
   13 s    1    120.7000        4.522839        221.1001        13.78114        740.9455      -0.1060120E-02
   13 s    2    77.75873        4.856258        205.9199        13.28891        877.7263      -0.2676654E-02
   13 s    3    59.39833        5.193437        192.5507        13.55595        925.4586      -0.2157789E-02
   13 s    4    47.98384        5.394113        185.3873        2.119082        212.2661      -0.3367912E-06
   13 s    5    42.26003        5.806374        172.2245        17.81378        163.3475      -0.1131393E-02
   13 s    6    37.79186        6.136548        162.9581        10.93571        583.8119      -0.2837359E-02
   13 s    7    33.93205        6.357463        157.2954        6.839291        341.1991      -0.1755645E-02
   13 s    8    30.60470        6.498596        153.8794        5.007254        264.8599      -0.7639103E-03
   13 s    9    27.91342        6.624441        150.9561        5.381433        253.5720      -0.4840455E-03
   13 s   10    27.08179        7.103612        140.7735        21.58119        84.51933       0.1327614E-02
   13 s   11    26.60206        7.642327        130.8502        21.29026        84.51353       0.1323041E-02
   13 s   12    25.26564        7.889562        126.7498        5.440001        263.1599      -0.2927198E-03
   13 s   13    23.82239        8.033995        124.4711        6.262508        273.8902      -0.3880688E-03
   13 s   14    22.66120        8.208494        121.8250        7.812919        308.1045      -0.6531891E-03
   13 s   15    21.77169        8.430169        118.6216        10.39557        385.2989      -0.8052206E-03
   13 s   16    21.21260        8.743604        114.3693        13.34170        523.9481      -0.2297532E-03
   13 s   17    20.75422        9.073129        110.2156        12.94556        523.6597      -0.2608882E-03
   13 s   18    20.31309        9.387725        106.5221        12.19495        501.3327      -0.3197893E-03
   13 s   19    19.87230        9.680442        103.3011        11.20902        460.6836      -0.3513755E-03
   13 s   20    19.42230        9.946427        100.5386        10.07835        409.5543      -0.3603972E-03
   13 s   21    18.96774        10.18748        98.15974        8.922762        359.1659      -0.3586562E-03
   13 s   22    18.49902        10.39786        96.17367        7.969022        320.2900      -0.3565695E-03
   13 s   23    18.03495        10.58754        94.45060        7.270652        293.4920      -0.3503369E-03
   13 s   24    17.58529        10.76287        92.91199        6.810681        276.2015      -0.3393967E-03
   13 s   25    17.15667        10.92913        91.49855        6.533883        265.4288      -0.3238673E-03
   13 s   26    16.75266        11.09027        90.16914        6.391717        259.0955      -0.3044356E-03
   14 s    1    131.0981        4.912473        203.5635        23.26811        88.07118      -0.1213558E-03
   14 s    2    85.28131        5.326064        187.7559       0.8477386        202.5265      -0.1283311E-04
   14 s    3    61.22336        5.353006        186.8109        1.354149        204.0434      -0.1986760E-04
   14 s    4    49.21779        5.532827        180.7394        13.44204        724.8774      -0.1797611E-02
   14 s    5    42.88340        5.892023        169.7210        17.97113        145.8746      -0.1268808E-02
   14 s    6    39.62248        6.433800        155.4291        21.96784        88.54594       0.1407133E-03
   14 s    7    35.89101        6.724492        148.7101        10.27152        368.4801      -0.2486110E-02
   14 s    8    33.02876        7.013322        142.5858        12.43820        542.2176      -0.3368813E-02
   14 s    9    30.85106        7.321604        136.5821        11.94669        536.5787      -0.2860847E-02
   14 s   10    28.90662        7.582269        131.8866        8.559222        362.5818      -0.1464201E-02
   14 s   11    26.98908        7.753512        128.9738        5.727448        276.4267      -0.4912736E-03
   14 s   12    26.17755        8.174319        122.3344        21.04305        84.51195       0.1312740E-02
   14 s   13    25.79865        8.700481        114.9362        20.82772        84.55236       0.1298513E-02
   14 s   14    24.71477        8.952351        111.7025        7.182037        288.8604      -0.3229704E-03
   14 s   15    23.55280        9.119832        109.6511        6.541287        273.0008      -0.3232585E-03
   14 s   16    22.53822        9.290006        107.6426        7.236934        289.4494      -0.4569053E-03
   14 s   17    21.70025        9.486702        105.4107        8.572897        331.8086      -0.6560878E-03
   14 s   18    21.02729        9.717792        102.9040        9.869100        392.2883      -0.8238584E-03
   14 s   19    20.47434        9.973715        100.2635        10.50754        437.3839      -0.8656190E-03
   14 s   20    19.99734        10.24091        97.64755        10.39735        438.9346      -0.7603811E-03
   14 s   21    19.53981        10.49473        95.28590        9.919781        415.3057      -0.5785630E-03
   14 s   22    19.10068        10.73604        93.14424        9.429183        394.1494      -0.4119866E-03
   14 s   23    18.68029        10.96640        91.18767        9.037696        380.4971      -0.2997823E-03
   14 s   24    18.27993        11.18802        89.38134        8.718005        369.8316      -0.2340596E-03
   14 s   25    17.89935        11.40223        87.70211        8.438050        358.8165      -0.1977652E-03
   14 s   26    17.53747        11.60982        86.13400        8.183587        346.3489      -0.1787029E-03
   15 s    1    141.2977        5.294668        188.8692        11.02464        404.3002       0.1268820E-03
   15 s    2    88.34143        5.517177        181.2521        24.55564        95.16895      -0.6062138E-04
   15 s    3    68.99231        6.032277        165.7749        14.52896        726.5641      -0.3717843E-02
   15 s    4    56.12789        6.309628        158.4880        6.490185        305.0753      -0.1484835E-02
   15 s    5    46.71617        6.418632        155.7964        3.716155        228.4165      -0.2915295E-03
   15 s    6    40.24271        6.534512        153.0336        6.731200        227.5336      -0.8539187E-03
   15 s    7    37.46999        7.020327        142.4435        23.02260        85.32430       0.2050321E-03
   15 s    8    35.78107        7.597747        131.6180        22.81373        85.85995       0.2977212E-03
   15 s    9    32.59331        7.735077        129.2812        4.865310        264.3297      -0.3350359E-03
   15 s   10    30.12103        7.900811        126.5693        8.802419        352.5912      -0.1045200E-02
   15 s   11    28.42469        8.165939        122.4599        11.86335        490.7276      -0.1284712E-02
   15 s   12    27.11542        8.467183        118.1030        11.91448        487.2822      -0.9237864E-03
   15 s   13    25.92435        8.742873        114.3789        9.837587        373.1533      -0.5411164E-03
   15 s   14    25.45821        9.221643        108.4405        20.64425        84.58007       0.1281881E-02
   15 s   15    24.62824        9.536249        104.8630        10.86553        452.3863      -0.3802091E-05
   15 s   16    23.77997        9.801842        102.0216        10.24071        401.9696      -0.3463183E-05
   15 s   17    22.98076        10.04650        99.53710        9.036792        337.3508      -0.5959368E-04
   15 s   18    22.20358        10.26141        97.45246        8.305049        306.4841      -0.1977540E-03
   15 s   19    21.49145        10.46918        95.51843        8.452162        310.5490      -0.3961569E-03
   15 s   20    20.87061        10.68813        93.56176        9.123150        339.5684      -0.6276931E-03
   15 s   21    20.33963        10.92431        91.53897        9.739710        378.9295      -0.8278258E-03
   15 s   22    19.87148        11.16928        89.53128        9.780027        397.3235      -0.9124242E-03
   15 s   23    19.43028        11.40668        87.66790        9.179054        378.3817      -0.8638285E-03
   15 s   24    18.99416        11.62515        86.02039        8.352374        345.7312      -0.7466431E-03
   15 s   25    18.56279        11.82486        84.56759        7.716817        321.6264      -0.6329857E-03
   15 s   26    18.14560        12.01240        83.24731        7.366710        308.8645      -0.5461524E-03
   16 s    1    141.9671        5.319752        187.9787        6.018175        253.7151       0.7195504E-04
   16 s    2    91.19064        5.695119        175.5890        15.13490        417.9426      -0.1870076E-02
   16 s    3    70.63514        6.175916        161.9193        24.79245        85.75611      -0.9391086E-04
   16 s    4    58.03448        6.523958        153.2812        10.26193        381.1468      -0.2283111E-02
   16 s    5    49.75285        6.835860        146.2874        13.23995        700.1024      -0.2050884E-02
   16 s    6    44.12074        7.164217        139.5826        12.94085        790.0765      -0.1240541E-02
   16 s    7    39.93062        7.481347        133.6658        12.39328        805.5912      -0.1236979E-02
   16 s    8    35.96767        7.637369        130.9351        3.385968        244.9027      -0.4327060E-04
   16 s    9    34.09936        8.092494        123.5713        12.40658        627.3526      -0.2333052E-02
   16 s   10    31.97556        8.387258        119.2285        11.43630        686.1176      -0.2487967E-02
   16 s   11    30.12203        8.653555        115.5594        9.644719        513.2691      -0.1643976E-02
   16 s   12    28.36754        8.858174        112.8901        7.062916        345.6334      -0.3427104E-03
   16 s   13    26.80035        9.038301        110.6403        7.951877        350.5514      -0.7025513E-05
   16 s   14    25.58730        9.268405        107.8934        10.28279        434.8902      -0.9033643E-05
   16 s   15    25.15043        9.738446        102.6858        20.48338        84.62985       0.1263041E-02
   16 s   16    24.44607        10.07640        99.24177        8.808805        342.1851      -0.3664163E-03
   16 s   17    23.57520        10.30637        97.02733        9.741100        383.2242      -0.2638328E-03
   16 s   18    22.85922        10.56442        94.65734        10.86283        441.1824      -0.2018566E-03
   16 s   19    22.26386        10.84545        92.20456        11.55899        477.3274      -0.1632728E-03
   16 s   20    21.75037        11.13866        89.77738        11.83363        485.5494      -0.1587887E-03
   16 s   21    21.28402        11.43154        87.47729        11.44850        456.4774      -0.2242255E-03
   16 s   22    20.81847        11.70156        85.45869        10.08821        393.5807      -0.4404963E-03
   16 s   23    20.34527        11.94383        83.72521        9.574846        381.3014      -0.6985895E-03
   16 s   24    19.91005        12.18571        82.06332        9.797274        399.0189      -0.8611435E-03
   16 s   25    19.50961        12.42800        80.46348        9.498967        387.2238      -0.8848488E-03
   16 s   26    19.11434        12.65371        79.02823        8.535618        343.4403      -0.7805474E-03
   17 s    1    164.0784        6.148301        162.6466        15.94703        678.7085      -0.3352982E-02
   17 s    2    101.4012        6.332797        157.9081        1.542928        209.0151       0.1957124E-04
   17 s    3    72.96532        6.379653        156.7483        2.695388        213.7036      -0.2452190E-03
   17 s    4    60.54849        6.806571        146.9169        24.92214        84.37087      -0.2212266E-05
   17 s    5    53.94354        7.411646        134.9228        20.83536        98.33192      -0.2353401E-03
   17 s    6    46.26203        7.511913        133.1219        2.173967        241.3865      -0.1198399E-03
   17 s    7    40.40423        7.570082        132.0990        2.672323        236.2704      -0.1246623E-03
   17 s    8    36.70886        7.794752        128.2914        12.33192        678.8470      -0.1933942E-02
   17 s    9    34.45996        8.178072        122.2782        22.44067        86.34587       0.2518860E-03
   17 s   10    33.34087        8.745382        114.3461        22.09703        85.95189       0.3891290E-03
   17 s   11    30.97921        8.899809        112.3620        6.204161        263.6831      -0.1360223E-02
   17 s   12    29.13822        9.098832        109.9042        9.603471        368.1428      -0.2246225E-02
   17 s   13    27.74027        9.355283        106.8915        10.59527        428.6468      -0.1952510E-02
   17 s   14    26.54253        9.614414        104.0105        10.03249        397.4203      -0.1242898E-02
   17 s   15    25.44403        9.852128        101.5009        9.049286        350.8532      -0.6556962E-03
   17 s   16    24.87078        10.25146        97.54705        20.34295        84.68471       0.1242583E-02
   17 s   17    24.61547        10.76115        92.92688        20.22013        84.74366       0.1221100E-02
   17 s   18    24.14973        11.16083        89.59906        6.793884        306.7932      -0.3323225E-03
   17 s   19    23.23460        11.31833        88.35225        6.073812        282.9203      -0.2262838E-03
   17 s   20    22.40333        11.47305        87.16077        6.453653        285.7568      -0.2341056E-03
   17 s   21    21.68775        11.64838        85.84887        7.776447        313.2327      -0.2486765E-03
   17 s   22    21.12210        11.87223        84.23021        10.23386        388.3061      -0.1756739E-03
   17 s   23    20.69790        12.15085        82.29877        11.75008        454.3205      -0.1032331E-03
   17 s   24    20.33827        12.44780        80.33547        11.85885        456.3760      -0.1102096E-03
   17 s   25    19.99691        12.73842        78.50265        11.33833        427.9616      -0.1929586E-03
   17 s   26    19.65831        13.01381        76.84145        10.73101        404.9328      -0.3500802E-03
   18 s    1    168.9027        6.329078        158.0009        1.359599        203.6563      -0.1217611E-03
   18 s    2    104.9812        6.556381        152.5232        13.88045        676.6168      -0.5535482E-03
   18 s    3    78.79893        6.889709        145.1440        13.03995        848.1825      -0.2234908E-04
   18 s    4    64.19253        7.216216        138.5768        12.84586        860.4424      -0.1541982E-02
   18 s    5    54.25804        7.454857        134.1407        6.675153        204.0109      -0.5112946E-03
   18 s    6    48.82429        7.927966        126.1358        15.20066        308.6358      -0.2926322E-02
   18 s    7    44.14694        8.271312        120.8998        12.66611        639.4041      -0.2980602E-02
   18 s    8    40.22202        8.540737        117.0859        8.032446        370.3445      -0.1392422E-02
   18 s    9    36.56637        8.677966        115.2344        4.063575        243.9456      -0.4613435E-03
   18 s   10    33.46088        8.776861        113.9360        4.642518        223.0344      -0.5848833E-03
   18 s   11    32.40945        9.310693        107.4034        22.36868        84.25889       0.4443447E-03
   18 s   12    31.43056        9.814646        101.8885        8.223034        324.4008      -0.1782235E-02
   18 s   13    29.66470        10.00429        99.95711        7.253667        297.4938      -0.1566142E-02
   18 s   14    28.15052        10.19687        98.06930        8.432648        332.2463      -0.1551294E-02
   18 s   15    26.93747        10.43040        95.87360        10.26677        408.2800      -0.1498808E-02
   18 s   16    25.96123        10.70093        93.44979        11.10071        464.7324      -0.1228086E-02
   18 s   17    25.07581        10.96240        91.22093        9.362728        393.1979      -0.7355704E-03
   18 s   18    24.38146        11.26792        88.74749        20.11241        84.80437       0.1198826E-02
   18 s   19    24.16620        11.77214        84.94631        20.01775        84.86552       0.1176055E-02
   18 s   20    23.68048        12.12710        82.45995        10.16691        379.6697      -0.4350824E-03
   18 s   21    22.98824        12.34686        80.99223        7.569262        301.5890      -0.3274164E-03
   18 s   22    22.26996        12.51741        79.88873        6.344070        274.0172      -0.2880972E-03
   18 s   23    21.58834        12.67359        78.90424        6.318404        274.3573      -0.3061074E-03
   18 s   24    20.97856        12.83968        77.88354        7.108810        296.0050      -0.3630334E-03
   18 s   25    20.46166        13.03447        76.71963        8.579239        347.9449      -0.4412244E-03
   18 s   26    20.04403        13.26916        75.36272        10.15449        430.6199      -0.5143132E-03
   19 s    1    171.5993        6.430123        155.5180        24.60611        87.67663      -0.3024197E-04
   19 s    2    112.7540        7.041816        142.0088        24.24587        89.33514      -0.1105568E-03
   19 s    3    85.01140        7.432891        134.5372        1.375761        232.5875      -0.1162694E-03
   19 s    4    66.45791        7.470880        133.8530        2.138760        231.1375      -0.5719872E-04
   19 s    5    55.50804        7.626602        131.1200        12.22589        436.7964      -0.2559781E-02
   19 s    6    49.53036        8.042616        124.3377        21.77663        100.3145      -0.7151786E-03
   19 s    7    45.93395        8.606123        116.1963        19.89021        94.15958       0.2583685E-04
   19 s    8    41.27035        8.763339        114.1118        7.543040        308.5223      -0.1304376E-02
   19 s    9    37.98062        9.013597        110.9435        11.50581        540.0533      -0.1841415E-02
   19 s   10    35.47506        9.305184        107.4670        11.68466        568.9954      -0.1870232E-02
   19 s   11    33.35863        9.583377        104.3474        10.49303        452.8485      -0.1955658E-02
   19 s   12    31.60770        9.869960        101.3175        22.06924        84.41177       0.4650414E-03
   19 s   13    30.76352        10.37486        96.38683        10.83806        562.4266      -0.9459878E-03
   19 s   14    29.38733        10.64488        93.94189        10.49466        528.7571      -0.7265860E-03
   19 s   15    28.10435        10.88223        91.89297        8.305695        377.4301      -0.1594828E-03
   19 s   16    26.85411        11.06897        90.34264        7.131189        309.2353      -0.1826808E-04
   19 s   17    25.77326        11.26730        88.75239        9.246865        346.2878      -0.3024995E-03
   19 s   18    24.96381        11.53706        86.67719        12.00292        451.4288      -0.5549342E-03
   19 s   19    24.31442        11.84434        84.42849        12.18213        468.1826      -0.5453189E-03
   19 s   20    23.96754        12.27411        81.47233        19.93437        84.92611       0.1153034E-02
   19 s   21    23.74614        12.75393        78.40719        10.11380        427.3665      -0.2745871E-04
   19 s   22    23.13710        13.00481        76.89464        9.809686        397.4884      -0.3441139E-04
   19 s   23    22.55266        13.23970        75.53041        8.948440        347.4486      -0.7056729E-04
   19 s   24    21.98010        13.45267        74.33471        8.140274        309.8100      -0.1166205E-03
   19 s   25    21.42818        13.65017        73.25916        7.750419        292.6936      -0.1617302E-03
   19 s   26    20.91297        13.84440        72.23139        7.878122        294.0686      -0.2063685E-03
   20 s    1    185.1938        6.939533        144.1019        15.25674        834.8059      -0.1161841E-02
   20 s    2    117.4062        7.332359        136.3818        13.36628        473.0341      -0.2765286E-02
   20 s    3    87.52397        7.652575        130.6750        23.01428        111.8957      -0.8720384E-03
   20 s    4    71.91532        8.084375        123.6954        14.11920        802.3993      -0.1765630E-02
   20 s    5    61.27101        8.418414        118.7872        11.90251        578.9611      -0.6097625E-03
   20 s    6    52.81264        8.575585        116.6101        2.675303        220.6087      -0.2028887E-03
   20 s    7    46.16160        8.648776        115.6233        6.231946        181.2171      -0.4186416E-03
   20 s    8    43.27485        9.188974        108.8261        22.88384        86.43909       0.6766611E-04
   20 s    9    40.99974        9.730099        102.7739        5.216723        208.6323      -0.4530427E-03
   20 s   10    37.42623        9.816980        101.8643        3.906448        248.8344      -0.9243429E-04
   20 s   11    34.58372        9.935325        100.6510        5.801375        295.7934      -0.2124294E-03
   20 s   12    32.41751        10.12284        98.78655        9.021785        431.8797      -0.6318394E-03
   20 s   13    30.90758        10.42344        95.93758        21.93557        84.18652       0.5040006E-03
   20 s   14    30.27338        10.96583        91.19237        7.194213        270.7277      -0.1194526E-02
   20 s   15    28.80485        11.15347        89.65822        8.841423        373.3823      -0.1616956E-02
   20 s   16    27.66650        11.40383        87.68986        10.93699        500.4689      -0.1541907E-02
   20 s   17    26.73102        11.68601        85.57244        11.49870        563.3394      -0.1190952E-02
   20 s   18    25.90601        11.97250        83.52474        11.35773        562.1530      -0.8267768E-03
   20 s   19    25.14552        12.24920        81.63797        10.69062        509.1556      -0.4579767E-03
   20 s   20    24.41780        12.50469        79.96999        9.886180        437.9436      -0.1232111E-03
   20 s   21    23.78366        12.77408        78.28352        19.86072        84.98544       0.1129977E-02
   20 s   22    23.52524        13.22297        75.62595        11.64886        472.9985      -0.7158060E-03
   20 s   23    23.01182        13.50925        74.02333        11.23012        469.6560      -0.5487714E-03
   20 s   24    22.52041        13.78335        72.55129        10.76562        465.7008      -0.3880583E-03
   20 s   25    22.05330        14.04838        71.18259        10.48033        461.5668      -0.2819698E-03
   20 s   26    21.61113        14.30658        69.89789        10.17401        442.3906      -0.2279517E-03
