    0 s    2    4.921227       0.3073448        3253.674        6.263912        494.9926       0.1645599E-01
    0 s    3    5.339687       0.4668704        2141.922        6.730798        407.0685       0.9075423E-03
    0 s    4    5.754414       0.6468836        1545.873        7.588855        367.7133      -0.4124231E-02
    0 s    5    6.127511       0.8418977        1187.793        7.955773        353.0941      -0.5871759E-02
    0 s    6    6.407569        1.040445        961.1271        7.893963        346.2527      -0.6098556E-02
    0 s    7    6.578834        1.232602        811.2922        7.450436        340.9229      -0.5237612E-02
    0 s    8    6.639134        1.409752        709.3444        6.715358        335.0234      -0.3630705E-02
    0 s    9    6.605576        1.567642        637.9008        5.951967        328.4452      -0.2008436E-02
    0 s   10    6.515108        1.708927        585.1626        5.398854        321.4379      -0.9419130E-03
    0 s   11    6.402648        1.839374        543.6633        5.067946        313.9752      -0.4054826E-03
    0 s   12    6.287756        1.963443        509.3095        4.871693        306.0272      -0.1680272E-03
    0 s   13    6.178105        2.083539        479.9527        4.740418        297.6520      -0.6833053E-04
    0 s   14    6.075640        2.200760        454.3886        4.636944        288.9531      -0.2743847E-04
    0 s   15    5.980133        2.315555        431.8619        4.544228        280.0542      -0.1089526E-04
    0 s   16    5.890725        2.428093        411.8459        4.455368        271.0894      -0.4278216E-05
    0 s   17    5.806515        2.538435        393.9434        4.368211        262.1937      -0.1660872E-05
    0 s   18    5.726744        2.646623        377.8400        4.282717        253.4936      -0.6373082E-06
    0 s   19    5.650833        2.752705        363.2791        4.199681        245.0977      -0.2415607E-06
    0 s   20    5.578363        2.856756        350.0474        4.120118        237.0911      -0.9021600E-07
    0 s   21    5.509036        2.958875        337.9663        4.044968        229.5336      -0.3335336E-07
    0 s   22    5.442647        3.059181        326.8848        3.974969        222.4603      -0.1211002E-07
    0 s   23    5.379052        3.157811        316.6751        3.910612        215.8848      -0.4477377E-08
    0 s   24    5.318144        3.254908        307.2283        3.852151        209.8033      -0.1408990E-08
    0 s   25    5.259841        3.350621        298.4521        3.799635        204.1995      -0.4776213E-09
    0 s   26    5.204070        3.445098        290.2675        3.752944        199.0479      -0.6134261E-10
    1 s    2    10.82925       0.6763180        1478.594        10.62052        309.4047       0.2496895E-02
    1 s    3    10.64368       0.9306197        1074.553        9.677328        279.4701       0.3082272E-03
    1 s    4    10.31555        1.159625        862.3477        8.600892        266.0595       0.7417269E-04
    1 s    5    9.879890        1.357461        736.6695        7.126762        278.8811      -0.3376306E-03
    1 s    6    9.333582        1.515564        659.8204        5.715908        327.6181      -0.2062775E-02
    1 s    7    8.833815        1.655092        604.1961        5.705829        360.7621      -0.5041803E-02
    1 s    8    8.504969        1.805944        553.7271        6.508020        371.7308      -0.8455957E-02
    1 s    9    8.339318        1.979095        505.2814        7.427887        373.4544      -0.1153136E-01
    1 s   10    8.281439        2.172239        460.3545        8.097161        369.2681      -0.1369944E-01
    1 s   11    8.277463        2.377977        420.5256        8.453370        356.9537      -0.1486243E-01
    1 s   12    8.290695        2.588889        386.2660        8.507209        326.5719      -0.1469018E-01
    1 s   13    8.290147        2.795816        357.6774        8.047152        258.8362      -0.1133387E-01
    1 s   14    8.234490        2.982753        335.2608        6.951320        188.5809      -0.4426731E-02
    1 s   15    8.127297        3.146954        317.7676        6.295657        165.6791      -0.1191198E-02
    1 s   16    8.007685        3.300680        302.9678        6.025995        159.1339      -0.3693197E-03
    1 s   17    7.890532        3.449506        289.8966        5.877610        156.3424      -0.1324836E-03
    1 s   18    7.779496        3.595305        278.1405        5.776658        154.8218      -0.5189632E-04
    1 s   19    7.675372        3.738924        267.4567        5.700602        153.9210      -0.2138956E-04
    1 s   20    7.578103        3.880850        257.6755        5.640134        153.3931      -0.9078696E-05
    1 s   21    7.487326        4.021404        248.6694        5.590171        153.1090      -0.3918200E-05
    1 s   22    7.402564        4.160804        240.3382        5.547343        152.9835      -0.1706148E-05
    1 s   23    7.323297        4.299194        232.6017        5.509176        152.9525      -0.7458921E-06
    1 s   24    7.249002        4.436667        225.3944        5.473784        152.9653      -0.3263423E-06
    1 s   25    7.179173        4.573273        218.6618        5.439741        152.9815      -0.1425802E-06
    1 s   26    7.113336        4.709033        212.3578        5.405994        152.9696      -0.6211579E-07
    2 s    1    10.85319       0.4066877        2458.889        12.74572        403.5847      -0.2989323E-03
    2 s    2    15.23602       0.9515337        1050.935        19.07075        97.20685       0.1153500    
    2 s    3    14.23110        1.244283        803.6760        6.053483        428.1355       0.4052811E-02
    2 s    4    12.28403        1.380911        724.1594        5.096336        391.7631       0.1012958E-02
    2 s    5    10.99975        1.511326        661.6708        5.593735        318.8330      -0.2019972E-03
    2 s    6    10.26717        1.667158        599.8233        6.825520        248.5039      -0.8168366E-03
    2 s    7    9.844366        1.844427        542.1737        7.232447        216.9187      -0.8815270E-03
    2 s    8    9.536145        2.024903        493.8507        7.174838        201.8097      -0.9505782E-03
    2 s    9    9.279742        2.202277        454.0754        7.011722        192.4280      -0.1120420E-02
    2 s   10    9.055993        2.375406        420.9806        6.845454        186.3145      -0.1451107E-02
    2 s   11    8.858065        2.544774        392.9622        6.722995        183.5510      -0.2120981E-02
    2 s   12    8.685751        2.712251        368.6974        6.728143        187.4045      -0.3733159E-02
    2 s   13    8.550846        2.883735        346.7725        7.152532        214.6275      -0.8324326E-02
    2 s   14    8.485136        3.073543        325.3574        8.167206        301.1736      -0.1628654E-01
    2 s   15    8.480291        3.283636        304.5405        8.722412        375.0672      -0.2047032E-01
    2 s   16    8.494785        3.501457        285.5954        8.885460        403.4378      -0.2219871E-01
    2 s   17    8.512489        3.721407        268.7156        8.928975        414.7461      -0.2328746E-01
    2 s   18    8.529068        3.941720        253.6963        8.930673        420.2984      -0.2415776E-01
    2 s   19    8.543310        4.161724        240.2850        8.914431        423.4149      -0.2490868E-01
    2 s   20    8.554963        4.381113        228.2525        8.889099        425.0568      -0.2555925E-01
    2 s   21    8.564072        4.599719        217.4046        8.857299        425.1774      -0.2608842E-01
    2 s   22    8.570671        4.817369        207.5822        8.814575        422.3070      -0.2639092E-01
    2 s   23    8.574149        5.033516        198.6683        8.720318        407.6398      -0.2585347E-01
    2 s   24    8.565837        5.242620        190.7443        7.903985        297.2219      -0.1590939E-01
    2 s   25    8.504857        5.417759        184.5782        6.593556        210.8185      -0.1084878E-02
    2 s   26    8.430142        5.580759        179.1871        6.473448        204.6049      -0.1650128E-03
    3 s    1    25.05031       0.9386786        1065.327        6.006253        789.0541      -0.9579795E-03
    3 s    2    17.71029        1.106059        904.1112        7.369343        344.6421       0.2948772E-02
    3 s    3    16.51723        1.444168        692.4400        16.31257        91.10245       0.8158987E-01
    3 s    4    16.59169        1.865158        536.1476        15.26721        90.54182       0.7209974E-01
    3 s    5    16.47309        2.263343        441.8244        14.51817        90.27615       0.6562715E-01
    3 s    6    15.55307        2.525469        395.9660        5.703346        275.0700      -0.6741536E-04
    3 s    7    14.23430        2.666919        374.9646        5.612310        270.9565      -0.1568982E-03
    3 s    8    13.21348        2.805748        356.4112        5.520632        266.9887      -0.3591426E-03
    3 s    9    12.40144        2.943121        339.7754        5.504516        263.4564      -0.6081681E-03
    3 s   10    11.74643        3.081113        324.5581        5.567861        260.1529      -0.8287346E-03
    3 s   11    11.21344        3.221434        310.4208        5.684553        256.8372      -0.9838910E-03
    3 s   12    10.77630        3.365056        297.1719        5.825189        253.3608      -0.1065635E-02
    3 s   13    10.41462        3.512284        284.7150        5.967191        249.6781      -0.1082561E-02
    3 s   14    10.11235        3.662964        273.0030        6.096489        245.8161      -0.1050790E-02
    3 s   15    9.856915        3.816676        262.0081        6.206105        241.8412      -0.9882926E-03
    3 s   16    9.638518        3.972892        251.7058        6.294047        237.8338      -0.9117344E-03
    3 s   17    9.449579        4.131075        242.0678        6.361389        233.8744      -0.8352109E-03
    3 s   18    9.284265        4.290736        233.0603        6.410809        230.0370      -0.7705042E-03
    3 s   19    9.138092        4.451462        224.6453        6.445647        226.3921      -0.7289614E-03
    3 s   20    9.007624        4.612927        216.7821        6.469523        223.0217      -0.7263518E-03
    3 s   21    8.890237        4.774901        209.4284        6.486836        220.0712      -0.7972137E-03
    3 s   22    8.784029        4.937292        202.5402        6.506421        217.9793      -0.1054928E-02
    3 s   23    8.688212        5.100477        196.0601        6.571700        219.2377      -0.2129843E-02
    3 s   24    8.610378        5.269881        189.7576        7.354598        269.6850      -0.1268160E-01
    3 s   25    8.590562        5.472355        182.7367        8.630521        419.4853      -0.2778550E-01
    3 s   26    8.589151        5.686023        175.8698        8.713866        436.0398      -0.2908431E-01
    4 s    1    37.40927        1.401790        713.3735        11.66348        355.2832       0.1356716E-03
    4 s    2    27.40262        1.711373        584.3262        12.83562        430.9393      -0.1842776E-03
    4 s    3    23.31170        2.038236        490.6203        13.23048        460.7954      -0.1945283E-03
    4 s    4    20.02795        2.251446        444.1591        4.931169        278.1816      -0.6096354E-03
    4 s    5    17.35242        2.384160        419.4350        5.575731        277.5021      -0.2576152E-03
    4 s    6    16.30046        2.646828        377.8108        14.05214        89.64330       0.6159796E-01
    4 s    7    16.12237        3.020665        331.0529        13.77522        89.08984       0.5892261E-01
    4 s    8    15.96000        3.388943        295.0772        13.61504        88.59049       0.5693594E-01
    4 s    9    15.60513        3.703424        270.0204        6.392358        329.3835      -0.1649591E-03
    4 s   10    14.69833        3.855404        259.3762        5.874982        295.9035      -0.2199683E-03
    4 s   11    13.92223        3.999623        250.0235        5.706620        279.8865      -0.2952240E-03
    4 s   12    13.26265        4.141454        241.4611        5.669312        270.5042      -0.3771263E-03
    4 s   13    12.70102        4.283365        233.4613        5.707073        264.4818      -0.4472572E-03
    4 s   14    12.22134        4.426898        225.8918        5.794125        260.4981      -0.4939200E-03
    4 s   15    11.81029        4.573039        218.6730        5.910644        257.8529      -0.5128232E-03
    4 s   16    11.45666        4.722310        211.7607        6.039776        256.1012      -0.5051567E-03
    4 s   17    11.15092        4.874852        205.1344        6.167980        254.9308      -0.4754816E-03
    4 s   18    10.88498        5.030507        198.7871        6.285341        254.1118      -0.4300005E-03
    4 s   19    10.65196        5.188916        192.7185        6.385458        253.4726      -0.3752429E-03
    4 s   20    10.44611        5.349597        186.9300        6.465010        252.8848      -0.3171315E-03
    4 s   21    10.26265        5.512018        181.4218        6.523159        252.2549      -0.2604085E-03
    4 s   22    10.09766        5.675650        176.1913        6.560895        251.5172      -0.2083951E-03
    4 s   23    9.947932        5.840005        171.2327        6.580424        250.6289      -0.1630233E-03
    4 s   24    9.810922        6.004660        166.5373        6.584628        249.5657      -0.1250507E-03
    4 s   25    9.684586        6.169270        162.0937        6.576641        248.3182      -0.9436520E-04
    4 s   26    9.567311        6.333566        157.8889        6.559537        246.8884      -0.7029926E-04
    5 s    1    46.39287        1.738421        575.2345        27.39692        89.31997       0.1034810E-03
    5 s    2    33.19037        2.072835        482.4311        2.290837        304.9536       0.2292272E-03
    5 s    3    24.52690        2.144486        466.3121        3.605624        293.8482      -0.5400540E-03
    5 s    4    21.09484        2.371381        421.6953        13.25614        521.4831      -0.5935008E-04
    5 s    5    19.64196        2.698733        370.5442        12.85698        523.9847      -0.3384407E-04
    5 s    6    18.54063        3.010581        332.1618        12.01765        528.4461      -0.2701226E-04
    5 s    7    17.58224        3.294186        303.5652        10.51318        511.2005      -0.4765717E-04
    5 s    8    16.60911        3.526775        283.5452        8.018275        413.2411      -0.1112721E-03
    5 s    9    15.81867        3.754103        266.3752        13.53475        88.15835       0.5539173E-01
    5 s   10    15.69846        4.117739        242.8517        13.50499        87.79961       0.5413961E-01
    5 s   11    15.53231        4.462173        224.1061        9.809414        388.2248      -0.5656058E-04
    5 s   12    15.06231        4.703424        212.6111        9.472727        400.0743      -0.6455451E-04
    5 s   13    14.63162        4.934450        202.6568        8.980988        402.6917      -0.8941012E-04
    5 s   14    14.21866        5.150377        194.1605        8.257776        387.5620      -0.1395406E-03
    5 s   15    13.80616        5.345853        187.0609        7.390524        351.8363      -0.2101837E-03
    5 s   16    13.39521        5.521359        181.1148        6.712223        315.5960      -0.2698182E-03
    5 s   17    13.00141        5.683830        175.9377        6.337506        291.5485      -0.3000017E-03
    5 s   18    12.63580        5.839653        171.2430        6.158744        276.9769      -0.3048225E-03
    5 s   19    12.30147        5.992446        166.8768        6.081715        267.7876      -0.2919665E-03
    5 s   20    11.99748        6.144074        162.7585        6.058042        261.6442      -0.2675991E-03
    5 s   21    11.72147        6.295539        158.8426        6.063925        257.3316      -0.2365825E-03
    5 s   22    11.47070        6.447403        155.1012        6.086716        254.1849      -0.2027635E-03
    5 s   23    11.24249        6.599986        151.5155        6.118995        251.8105      -0.1690500E-03
    5 s   24    11.03437        6.753458        148.0723        6.155995        249.9567      -0.1374664E-03
    5 s   25    10.84408        6.907891        144.7620        6.194423        248.4519      -0.1092539E-03
    5 s   26    10.66961        7.063287        141.5772        6.231890        247.1735      -0.8501287E-04
    6 s    1    52.95976        1.984494        503.9068        7.366850        569.8583       0.2108940E-02
    6 s    2    38.31457        2.392855        417.9108        24.64791        87.92241       0.4618026E-03
    6 s    3    32.48230        2.840059        352.1054        12.49157        398.2846       0.1501817E-02
    6 s    4    27.59740        3.102367        322.3345        8.191172        322.7239       0.3286203E-04
    6 s    5    23.75971        3.264497        306.3259        5.389274        261.4459      -0.5265300E-03
    6 s    6    20.91328        3.395847        294.4774        5.356791        249.9680      -0.5094154E-03
    6 s    7    18.90327        3.541692        282.3509        6.483962        251.0436      -0.3645058E-03
    6 s    8    17.56465        3.729675        268.1199        8.626464        280.5004      -0.1933907E-03
    6 s    9    16.70469        3.964373        252.2467        9.873735        332.8664      -0.9442917E-04
    6 s   10    16.06584        4.214105        237.2983        10.00903        367.9566      -0.6291458E-04
    6 s   11    15.59727        4.480835        223.1727        13.50470        87.51133       0.5309037E-01
    6 s   12    15.51233        4.843949        206.4431        13.52005        87.28326       0.5219350E-01
    6 s   13    15.43109        5.204067        192.1574        6.473736        243.0618      -0.2332856E-03
    6 s   14    14.83188        5.372503        186.1330        7.044895        246.4939      -0.1931305E-03
    6 s   15    14.35239        5.557358        179.9416        7.742136        260.0614      -0.1378391E-03
    6 s   16    13.96894        5.757843        173.6762        8.242444        279.6603      -0.8955555E-04
    6 s   17    13.64890        5.966891        167.5915        8.435683        296.2276      -0.6140282E-04
    6 s   18    13.36799        6.178035        161.8638        8.429303        306.6520      -0.4785759E-04
    6 s   19    13.11251        6.387531        156.5550        8.314335        311.6586      -0.4256346E-04
    6 s   20    12.87465        6.593287        151.6694        8.134901        312.3878      -0.4216382E-04
    6 s   21    12.64950        6.793983        147.1891        7.912081        309.6380      -0.4490620E-04
    6 s   22    12.43376        6.988718        143.0878        7.660434        304.0293      -0.4940830E-04
    6 s   23    12.22533        7.176968        139.3346        7.396068        296.2929      -0.5404735E-04
    6 s   24    12.02318        7.358649        135.8945        7.137859        287.3896      -0.5703949E-04
    6 s   25    11.82718        7.534145        132.7291        6.903413        278.3508      -0.5707800E-04
    6 s   26    11.63777        7.704212        129.7991        6.704371        270.0023      -0.5389460E-04
    7 s    1    59.22216        2.219157        450.6216        8.284449        263.9498       0.4690177E-03
    7 s    2    40.56946        2.533680        394.6828        14.54977        373.4635       0.2268222E-02
    7 s    3    34.78342        3.041255        328.8116        24.11233        86.01041       0.1180626E-02
    7 s    4    30.48728        3.427234        291.7805        8.411341        351.1758       0.4378923E-03
    7 s    5    26.84143        3.687915        271.1560        11.76479        496.9138       0.1522798E-03
    7 s    6    24.56732        3.989181        250.6780        11.88677        502.6592      -0.2674879E-03
    7 s    7    22.74745        4.261932        234.6354        9.510494        391.8885      -0.5317064E-03
    7 s    8    21.00779        4.460791        224.1755        6.670499        299.3776      -0.5717213E-03
    7 s    9    19.43730        4.612880        216.7843        5.735581        267.9502      -0.4826040E-03
    7 s   10    18.12637        4.754584        210.3233        5.671173        256.3232      -0.3863868E-03
    7 s   11    17.05014        4.898219        204.1558        5.844164        249.9569      -0.3135471E-03
    7 s   12    16.16352        5.047293        198.1260        6.102806        245.4082      -0.2666310E-03
    7 s   13    15.44087        5.207364        192.0357        13.54207        87.10479       0.5141606E-01
    7 s   14    15.38040        5.571191        179.4948        13.56548        86.96489       0.5073640E-01
    7 s   15    15.32882        5.935439        168.4795        13.58725        86.85514       0.5013764E-01
    7 s   16    15.28441        6.300067        158.7285        13.60601        86.76799       0.4960728E-01
    7 s   17    14.90245        6.514906        153.4942        6.052102        247.3908      -0.3289754E-03
    7 s   18    14.42862        6.668206        149.9654        6.225147        247.4697      -0.3355653E-03
    7 s   19    14.01226        6.825828        146.5024        6.396959        247.5750      -0.3385182E-03
    7 s   20    13.64498        6.987780        143.1070        6.569977        247.8248      -0.3331818E-03
    7 s   21    13.32002        7.154115        139.7797        6.745198        248.4296      -0.3172722E-03
    7 s   22    13.03180        7.324864        136.5213        6.919777        249.6114      -0.2910580E-03
    7 s   23    12.77545        7.499919        133.3348        7.085431        251.4793      -0.2570869E-03
    7 s   24    12.54645        7.678905        130.2269        7.229955        253.9256      -0.2192987E-03
    7 s   25    12.34051        7.861143        127.2080        7.342183        256.6419      -0.1816651E-03
    7 s   26    12.15367        8.045737        124.2894        7.416660        259.2594      -0.1470467E-03
    8 s    1    77.00984        2.885692        346.5373        13.89573        936.0984      -0.1015629E-02
    8 s    2    51.34998        3.206955        311.8223        5.091388        257.9005      -0.4931686E-03
    8 s    3    37.54155        3.282410        304.6542        3.895898        257.4061       0.1185266E-03
    8 s    4    32.46976        3.650095        273.9655        23.79512        86.28809       0.2019413E-02
    8 s    5    30.28182        4.160612        240.3493        12.12207        492.5024       0.1430982E-02
    8 s    6    27.12976        4.405263        227.0012        8.012927        385.5306       0.3219940E-03
    8 s    7    24.58570        4.606343        217.0919        8.943824        355.1572      -0.1022036E-05
    8 s    8    22.92606        4.868116        205.4183        11.76745        450.6603      -0.7236815E-08
    8 s    9    21.81491        5.177137        193.1570        12.64640        536.4144      -0.9066188E-07
    8 s   10    20.89178        5.479960        182.4831        10.61581        501.0035      -0.1023242E-03
    8 s   11    19.74201        5.671551        176.3186        5.917996        287.4104      -0.4457512E-03
    8 s   12    18.60799        5.810614        172.0988        5.391557        259.3378      -0.4381517E-03
    8 s   13    17.62800        5.944966        168.2095        5.398049        251.4217      -0.3907178E-03
    8 s   14    16.78866        6.081303        164.4384        5.529584        248.5485      -0.3523262E-03
    8 s   15    16.06750        6.221464        160.7339        5.698711        247.5757      -0.3310344E-03
    8 s   16    15.44431        6.365974        157.0852        5.876102        247.3579      -0.3251454E-03
    8 s   17    15.24580        6.665009        150.0373        13.62131        86.69765       0.4913507E-01
    8 s   18    15.21189        7.030197        142.2435        13.63322        86.63969       0.4871248E-01
    8 s   19    15.18184        7.395567        135.2161        13.64210        86.59080       0.4833235E-01
    8 s   20    15.15496        7.761065        128.8483        13.64838        86.54851       0.4798865E-01
    8 s   21    14.73075        7.911812        126.3933        5.880935        243.6807      -0.2823362E-03
    8 s   22    14.34083        8.060638        124.0597        6.037885        243.7498      -0.2820885E-03
    8 s   23    13.99116        8.213609        121.7492        6.210432        244.6182      -0.2809903E-03
    8 s   24    13.67733        8.371048        119.4594        6.392850        246.1784      -0.2768320E-03
    8 s   25    13.39538        8.533117        117.1905        6.578181        248.2938      -0.2682359E-03
    8 s   26    13.14168        8.699797        114.9452        6.759019        250.8042      -0.2546806E-03
    9 s    1    85.04201        3.186672        313.8070       0.8306335        222.4732       0.3166065E-07
    9 s    2    51.90339        3.241516        308.4976        10.15187        649.6908      -0.8812871E-03
    9 s    3    40.73133        3.561305        280.7959        12.74820        821.6964      -0.1608861E-03
    9 s    4    34.48899        3.877087        257.9256        12.46332        639.5626       0.8919783E-03
    9 s    5    31.01654        4.261559        234.6559        22.40171        87.42371       0.2239830E-02
    9 s    6    28.51859        4.630778        215.9464        9.587642        369.1668       0.1035137E-02
    9 s    7    26.14753        4.898966        204.1247        11.12434        491.4859       0.8919287E-03
    9 s    8    24.33187        5.166626        193.5499        9.906519        423.1022       0.1932543E-03
    9 s    9    22.70377        5.388081        185.5948        7.812654        317.6441      -0.3828230E-03
    9 s   10    21.26464        5.577760        179.2835        8.411941        286.1063      -0.4601594E-03
    9 s   11    20.36717        5.851148        170.9066        12.33606        441.3286      -0.9286886E-04
    9 s   12    19.73651        6.163011        162.2584        12.47156        499.7121      -0.3210578E-04
    9 s   13    19.19037        6.471867        154.5149        12.21127        518.6882      -0.1959549E-04
    9 s   14    18.69383        6.771404        147.6799        11.66516        517.0698      -0.3030792E-04
    9 s   15    18.17434        7.037250        142.1010        8.715567        383.4333      -0.1925509E-03
    9 s   16    17.48394        7.206688        138.7600        5.802183        270.8202      -0.3498413E-03
    9 s   17    16.80582        7.347004        136.1099        5.533957        255.3296      -0.3321253E-03
    9 s   18    16.19639        7.485183        133.5973        5.549336        249.5463      -0.3079283E-03
    9 s   19    15.65221        7.624700        131.1527        5.630540        246.3473      -0.2922035E-03
    9 s   20    15.16593        7.766682        128.7551        5.743850        244.5035      -0.2846265E-03
    9 s   21    15.13075        8.126646        123.0520        13.65252        86.51102       0.4767626E-01
    9 s   22    15.10877        8.492277        117.7541        13.65492        86.47701       0.4739085E-01
    9 s   23    15.08871        8.857933        112.8931        13.65593        86.44551       0.4712876E-01
    9 s   24    14.96356        9.158274        109.1909        6.435119        257.8607      -0.2522528E-03
    9 s   25    14.62924        9.319113        107.3063        6.450557        255.5968      -0.2508863E-03
    9 s   26    14.32164        9.480932        105.4749        6.506845        254.5890      -0.2466292E-03
   10 s    1    92.74592        3.475351        287.7408        28.99987        91.68491       0.1973792E-03
   10 s    2    65.12109        4.067000        245.8815        14.21784        681.1869       0.3273314E-02
   10 s    3    48.97884        4.282418        233.5129        3.672416        265.4860      -0.7988939E-04
   10 s    4    38.75611        4.356776        229.5275        3.007699        235.6912      -0.2290164E-03
   10 s    5    32.40987        4.452998        224.5678        5.132212        250.7713       0.1450263E-03
   10 s    6    29.84739        4.846546        206.3325        23.01474        83.22704       0.2731445E-02
   10 s    7    28.94032        5.422221        184.4263        22.58024        83.38011       0.2949363E-02
   10 s    8    26.84096        5.699404        175.4569        7.683030        283.8161       0.5086165E-03
   10 s    9    24.95271        5.921801        168.8675        9.983813        346.6890       0.6978357E-03
   10 s   10    23.59013        6.187743        161.6098        10.84216        395.2225       0.4103227E-03
   10 s   11    22.43875        6.446279        155.1283        9.446628        360.3873      -0.1162845E-03
   10 s   12    21.31000        6.654354        150.2775        7.241436        301.5345      -0.4789496E-03
   10 s   13    20.21737        6.818220        146.6658        6.049658        271.0444      -0.5545908E-03
   10 s   14    19.22935        6.965386        143.5671        5.894135        259.3358      -0.5002047E-03
   10 s   15    18.42232        7.133270        140.1882        8.460226        303.2098      -0.2746005E-03
   10 s   16    17.92772        7.389609        135.3252        11.10127        432.3479      -0.6110397E-04
   10 s   17    17.54114        7.668462        130.4042        11.10363        455.7617      -0.3897779E-04
   10 s   18    17.18491        7.942029        125.9124        10.74540        446.8148      -0.4405967E-04
   10 s   19    16.84008        8.203353        121.9014        10.10267        416.4196      -0.6775906E-04
   10 s   20    16.48685        8.443141        118.4393        8.998471        362.2083      -0.1207312E-03
   10 s   21    16.10696        8.650966        115.5940        7.664124        306.2133      -0.1906154E-03
   10 s   22    15.71095        8.830746        113.2407        6.834816        275.6653      -0.2335586E-03
   10 s   23    15.32524        8.996792        111.1507        6.516619        263.0776      -0.2488353E-03
   10 s   24    15.07030        9.223598        108.4176        13.65580        86.41581       0.4688688E-01
   10 s   25    15.05332        9.589259        104.2833        13.65476        86.38736       0.4666257E-01
   10 s   26    15.03761        9.954910        100.4529        13.65295        86.35975       0.4645359E-01
   11 s    1    98.93713        3.707346        269.7348        15.75356        639.3412       0.4423704E-02
   11 s    2    66.30817        4.141136        241.4796        24.65509        89.08135       0.8039212E-04
   11 s    3    51.41035        4.495015        222.4687        11.68018        530.9320       0.1174598E-02
   11 s    4    42.75082        4.805841        208.0801        12.41064        708.2174      -0.6203509E-03
   11 s    5    37.16376        5.106165        195.8417        11.25032        596.7934      -0.1354980E-02
   11 s    6    32.97171        5.353864        186.7810        8.173237        359.2247      -0.9038162E-03
   11 s    7    29.50928        5.528820        180.8704        6.448729        265.5545      -0.6385879E-04
   11 s    8    28.20663        5.989391        166.9619        22.25395        82.85443       0.3038278E-02
   11 s    9    27.39176        6.500640        153.8310        11.92805        645.4774      -0.7625653E-04
   11 s   10    25.65296        6.728825        148.6144        6.838613        326.1984       0.3092393E-04
   11 s   11    24.07484        6.916299        144.5860        8.570627        345.8797       0.2892857E-03
   11 s   12    22.93295        7.161143        139.6425        10.75825        415.4931       0.3579593E-03
   11 s   13    22.05573        7.438199        134.4412        10.97316        427.8703       0.8592266E-04
   11 s   14    21.24239        7.694564        129.9619        9.271012        358.7884      -0.3031852E-03
   11 s   15    20.40279        7.900123        126.5803        7.264400        294.4950      -0.5270730E-03
   11 s   16    19.57002        8.066547        123.9688        6.207080        264.8218      -0.5521535E-03
   11 s   17    18.79522        8.216709        121.7032        5.898782        253.8903      -0.4997814E-03
   11 s   18    18.09970        8.364803        119.5485        6.014214        252.3985      -0.4291778E-03
   11 s   19    17.49063        8.520257        117.3674        6.501348        259.8193      -0.3507560E-03
   11 s   20    16.97656        8.693929        115.0228        7.489390        283.2932      -0.2555343E-03
   11 s   21    16.56475        8.896841        112.3995        8.717795        326.3708      -0.1552658E-03
   11 s   22    16.23455        9.125052        109.5884        9.430138        363.9353      -0.9232266E-04
   11 s   23    15.95023        9.363696        106.7954        9.597187        379.1714      -0.6585428E-04
   11 s   24    15.68919        9.602383        104.1408        9.461378        376.3465      -0.5892148E-04
   11 s   25    15.43910        9.835007        101.6776        9.117600        360.1752      -0.6427753E-04
   11 s   26    15.19569        10.05955        99.40798        8.561091        333.1691      -0.8104803E-04
   12 s    1    114.1719        4.278219        233.7421       0.8143524        220.3733      -0.2566698E-05
   12 s    2    69.08861        4.314783        231.7613        2.667956        232.2088       0.3771855E-03
   12 s    3    54.63316        4.776798        209.3453        25.15960        86.88025       0.2696895E-05
   12 s    4    47.94662        5.389929        185.5312        21.14130        95.74646       0.1893765E-03
   12 s    5    39.97488        5.492403        182.0697        4.284369        227.1093       0.1666485E-04
   12 s    6    34.75752        5.643839        177.1844        8.165851        317.9433      -0.3697238E-03
   12 s    7    31.46218        5.894712        169.6436        11.35949        511.5715      -0.6567142E-03
   12 s    8    29.16893        6.193725        161.4537        12.30110        642.1268      -0.4521477E-03
   12 s    9    27.58213        6.545817        152.7693        21.79693        83.12666       0.3086344E-02
   12 s   10    26.10628        6.847733        146.0337        12.00710        519.2107       0.9416113E-04
   12 s   11    24.92053        7.159251        139.6794        12.56644        606.6001       0.3255698E-03
   12 s   12    23.92958        7.472358        133.8266        12.39714        597.2019       0.3727638E-03
   12 s   13    23.06424        7.778315        128.5626        12.01700        553.7100       0.2603013E-03
   12 s   14    22.28822        8.073390        123.8637        11.60883        498.3601       0.7655777E-04
   12 s   15    21.59733        8.362656        119.5792        11.58053        482.6271       0.5539793E-05
   12 s   16    20.98829        8.651146        115.5916        11.40032        479.2882      -0.1037345E-04
   12 s   17    20.40977        8.922543        112.0757        9.961279        404.9121      -0.1328144E-03
   12 s   18    19.77335        9.138282        109.4298        7.453759        301.8288      -0.4180363E-03
   12 s   19    19.10781        9.308038        107.4340        6.316180        266.5479      -0.4887598E-03
   12 s   20    18.47234        9.459940        105.7089        5.915312        254.1000      -0.4559194E-03
   12 s   21    17.88522        9.606058        104.1010        5.815266        249.4181      -0.4027960E-03
   12 s   22    17.34936        9.751661        102.5466        5.860208        248.3576      -0.3517643E-03
   12 s   23    16.86308        9.899589        101.0143        5.997312        249.7654      -0.3074454E-03
   12 s   24    16.42544        10.05300        99.47281        6.226702        254.0079      -0.2673959E-03
   12 s   25    16.03183        10.21259        97.91835        6.570659        262.2354      -0.2318577E-03
   12 s   26    15.68357        10.38253        96.31564        7.053905        276.5552      -0.1953959E-03
   13 s    1    120.9879        4.533625        220.5741        15.23540        802.1550       0.3459740E-03
   13 s    2    78.50766        4.903030        203.9555        14.36514        916.7996       0.9162232E-04
   13 s    3    60.07622        5.252707        190.3780        13.28628        804.3142       0.1625567E-02
   13 s    4    48.14492        5.412221        184.7670        5.334945        176.9560       0.4839641E-04
   13 s    5    42.97046        5.903985        169.3771        14.15686        396.8584       0.1755392E-02
   13 s    6    38.18670        6.200661        161.2731        9.579216        551.4115       0.8313541E-03
   13 s    7    34.06608        6.382576        156.6766        5.403332        323.5801      -0.2216353E-03
   13 s    8    30.61951        6.501742        153.8049        4.484922        274.4394      -0.4105150E-03
   13 s    9    27.90614        6.622712        150.9955        5.642807        271.8269      -0.3215911E-03
   13 s   10    27.04020        7.092702        140.9900        21.51203        82.79756       0.3153882E-02
   13 s   11    26.56195        7.630804        131.0478        21.17457        82.80489       0.3195706E-02
   13 s   12    25.25875        7.887408        126.7844        5.344147        248.1163      -0.6583301E-04
   13 s   13    23.83340        8.037708        124.4136        6.832472        272.9531       0.3212343E-03
   13 s   14    22.74298        8.238117        121.3870        9.175809        338.9228       0.6239740E-03
   13 s   15    21.92703        8.490320        117.7812        10.62217        410.2643       0.4816237E-03
   13 s   16    21.24443        8.756720        114.1980        10.41508        402.9830       0.1059638E-05
   13 s   17    20.61353        9.011621        110.9678        10.19313        387.0226      -0.3230586E-03
   13 s   18    20.07845        9.279284        107.7669        11.15615        447.9718      -0.2108311E-03
   13 s   19    19.63001        9.562416        104.5761        11.40175        477.0888      -0.1373969E-03
   13 s   20    19.22702        9.846421        101.5597        11.27809        476.3716      -0.1262772E-03
   13 s   21    18.85650        10.12773        98.73879        10.81374        450.8723      -0.1556259E-03
   13 s   22    18.47921        10.38672        96.27678        9.795325        395.5682      -0.2331963E-03
   13 s   23    18.07775        10.61267        94.22696        8.263731        330.0817      -0.3334584E-03
   13 s   24    17.65057        10.80282        92.56839        7.072832        289.4872      -0.3788927E-03
   13 s   25    17.22302        10.97140        91.14606        6.508278        271.0587      -0.3687855E-03
   13 s   26    16.81401        11.13088        89.84012        6.302217        262.6848      -0.3391701E-03
   14 s    1    133.6835        5.009352        199.6266        32.03333        88.17267       0.9402946E-04
   14 s    2    85.31646        5.328259        187.6786        1.096445        200.3184       0.1631148E-06
   14 s    3    61.36038        5.364986        186.3938        2.106692        211.9264       0.1978391E-04
   14 s    4    49.83235        5.601914        178.5104        13.53909        771.9870       0.2031653E-02
   14 s    5    43.76468        6.013108        166.3034        21.75117        98.50389       0.2872770E-03
   14 s    6    40.19769        6.527202        153.2050        9.856588        205.1703       0.7488562E-03
   14 s    7    36.19005        6.780520        147.4813        11.59957        440.9258       0.1085175E-02
   14 s    8    33.37836        7.087554        141.0924        12.40182        540.8030       0.2762502E-03
   14 s    9    31.12399        7.386376        135.3844        11.00069        460.3185      -0.6930968E-03
   14 s   10    29.03266        7.615328        131.3141        7.045591        298.9635      -0.8816299E-03
   14 s   11    27.01126        7.759884        128.8679        5.059529        248.9026      -0.4424066E-03
   14 s   12    26.13409        8.160746        122.5378        20.86024        82.79320       0.3227951E-02
   14 s   13    25.74706        8.683083        115.1665        20.56930        82.77207       0.3252394E-02
   14 s   14    24.69148        8.943914        111.8079        6.952305        279.8365      -0.2427961E-03
   14 s   15    23.52728        9.109949        109.7701        6.616115        271.1034       0.1986899E-03
   14 s   16    22.53460        9.288517        107.6598        7.796447        302.0456       0.5139144E-03
   14 s   17    21.74554        9.506504        105.1911        9.559503        370.4378       0.5707903E-03
   14 s   18    21.12226        9.761683        102.4414        10.56631        437.1360       0.2465294E-03
   14 s   19    20.58985        10.02999        99.70102        10.16923        430.0740      -0.2691127E-03
   14 s   20    20.05390        10.26988        97.37214        8.960794        372.2631      -0.6110299E-03
   14 s   21    19.51558        10.48172        95.40419        8.135312        334.5655      -0.6499828E-03
   14 s   22    19.01157        10.68595        93.58085        8.408701        337.6444      -0.4977926E-03
   14 s   23    18.58369        10.90969        91.66163        9.565446        380.4193      -0.2964492E-03
   14 s   24    18.23768        11.16216        89.58838        10.53641        431.2209      -0.1632118E-03
   14 s   25    17.94450        11.43100        87.48142        10.88104        455.3670      -0.1075690E-03
   14 s   26    17.67625        11.70169        85.45776        10.68617        443.7878      -0.9863552E-04
   15 s    1    141.6315        5.307176        188.4241       0.6132651        198.4232       0.8449432E-06
   15 s    2    90.83241        5.672747        176.2815        22.58603        145.5608       0.1228466E-02
   15 s    3    69.87165        6.109161        163.6886        12.77270        663.9936       0.1727621E-02
   15 s    4    56.13016        6.309884        158.4815        4.407348        285.5258       0.1318377E-03
   15 s    5    46.62695        6.406373        156.0946        4.039403        247.4830       0.8492719E-04
   15 s    6    40.61619        6.595156        151.6264        20.25448        98.18941       0.3285118E-03
   15 s    7    38.18788        7.154830        139.7657        22.47231        86.19022       0.5300840E-03
   15 s    8    35.93526        7.630486        131.0533        3.264375        227.3176       0.8545296E-04
   15 s    9    32.56796        7.729060        129.3818        5.039176        258.2181       0.1052718E-03
   15 s   10    30.14335        7.906665        126.4756        9.353214        376.1602      -0.3579249E-03
   15 s   11    28.46533        8.177614        122.2851        11.71371        500.6146      -0.9971449E-03
   15 s   12    27.13501        8.473298        118.0178        11.60323        479.2712      -0.1118213E-02
   15 s   13    25.92073        8.741651        114.3949        9.477550        359.5274      -0.7980940E-03
   15 s   14    25.39418        9.198450        108.7140        20.30475        82.72790       0.3267691E-02
   15 s   15    24.85113        9.622555        103.9225        12.44062        536.9590      -0.8090967E-04
   15 s   16    24.08882        9.929150        100.7136        11.67977        491.2262      -0.3680213E-05
   15 s   17    23.28134        10.17791        98.25202        7.857034        322.2124       0.2076390E-04
   15 s   18    22.41436        10.35883        96.53604        7.097905        295.7414       0.2330476E-03
   15 s   19    21.65199        10.54739        94.81018        8.098946        321.8684       0.4079168E-03
   15 s   20    21.02843        10.76895        92.85959        9.552128        379.6117       0.3200223E-03
   15 s   21    20.51897        11.02064        90.73887        10.34532        430.6591      -0.8188936E-04
   15 s   22    20.06252        11.27666        88.67874        9.897419        414.5716      -0.5618131E-03
   15 s   23    19.60224        11.50763        86.89884        8.480257        348.3666      -0.8306277E-03
   15 s   24    19.11735        11.70055        85.46605        7.040837        294.6007      -0.8074641E-03
   15 s   25    18.62548        11.86479        84.28297        6.228406        268.0966      -0.6577655E-03
   15 s   26    18.15257        12.01701        83.21537        6.072196        260.8606      -0.5013967E-03
   16 s    1    142.2084        5.328794        187.6597        17.06679        720.9357       0.4077127E-02
   16 s    2    92.50046        5.776921        173.1026        19.52363        176.4837       0.1529732E-02
   16 s    3    72.64639        6.351767        157.4365        23.76475        91.83348       0.1291248E-04
   16 s    4    58.64299        6.592364        151.6907        11.01183        454.8326       0.1229126E-02
   16 s    5    50.10118        6.883719        145.2703        11.82297        635.8683       0.1288844E-03
   16 s    6    44.24018        7.183611        139.2058        12.04789        703.1088      -0.5928305E-03
   16 s    7    39.97558        7.489771        133.5154        12.10222        629.7075      -0.4036673E-03
   16 s    8    36.33351        7.715051        129.6168        21.77450        89.60112       0.7587768E-03
   16 s    9    34.26117        8.130895        122.9877        13.09660        833.9588       0.1007023E-02
   16 s   10    32.23256        8.454669        118.2778        12.58184        841.0782       0.9960918E-03
   16 s   11    30.42069        8.739355        114.4249        9.015242        442.7745       0.2016188E-03
   16 s   12    28.52041        8.905912        112.2850        5.799272        275.7500      -0.2235955E-04
   16 s   13    26.90773        9.074514        110.1987        8.172053        326.6739      -0.2581678E-04
   16 s   14    25.73403        9.321556        107.2782        11.32521        458.2870      -0.1254197E-03
   16 s   15    25.07048        9.707490        103.0132        20.06674        82.67464       0.3272854E-02
   16 s   16    24.50014        10.09869        99.02273        7.718429        313.3401      -0.5222417E-03
   16 s   17    23.63947        10.33447        96.76355        11.28187        445.8390      -0.8916881E-04
   16 s   18    23.01441        10.63614        94.01908        12.41971        534.4001       0.3956004E-04
   16 s   19    22.47280        10.94723        91.34727        12.38716        544.2274       0.6271827E-04
   16 s   20    21.97404        11.25321        88.86355        12.02842        524.1868       0.6982866E-04
   16 s   21    21.49207        11.54328        86.63049        10.93559        451.4797       0.1127888E-03
   16 s   22    20.96765        11.78541        84.85065        8.523868        336.2509       0.2187383E-03
   16 s   23    20.43511        11.99658        83.35710        8.665692        342.5896       0.2215586E-04
   16 s   24    19.96892        12.22174        81.82140        9.195518        369.2209      -0.4252740E-03
   16 s   25    19.54146        12.44829        80.33230        8.768813        352.9628      -0.7852566E-03
   16 s   26    19.11727        12.65565        79.01611        7.815750        314.8155      -0.8736523E-03
   17 s    1    164.9832        6.182207        161.7545        12.71682        643.2437       0.3121266E-02
   17 s    2    101.1582        6.317620        158.2875        1.964519        225.9804       0.7625160E-04
   17 s    3    73.07963        6.389648        156.5032        5.899904        211.1902       0.4999036E-03
   17 s    4    62.17530        6.989449        143.0728        25.16188        86.26913      -0.1687403E-06
   17 s    5    54.37368        7.470745        133.8555        1.859076        231.0380       0.1235255E-03
   17 s    6    46.28013        7.514852        133.0698        1.865786        224.6603       0.1633355E-05
   17 s    7    40.39563        7.568472        132.1271        2.664674        238.1031      -0.1857394E-05
   17 s    8    36.79885        7.813860        127.9777        13.11231        584.7086       0.2758486E-03
   17 s    9    34.87816        8.277320        120.8121        21.84425        85.08906       0.8470819E-03
   17 s   10    33.37863        8.755286        114.2167        3.795391        218.9078       0.1051305E-03
   17 s   11    30.92447        8.884083        112.5609        7.658605        292.6701       0.4740212E-03
   17 s   12    29.28178        9.143659        109.3654        11.65719        539.4670      -0.9094379E-04
   17 s   13    27.97109        9.433127        106.0094        11.17788        524.7012      -0.9288392E-03
   17 s   14    26.76197        9.693901        103.1576        9.509538        411.5159      -0.1270981E-02
   17 s   15    25.58924        9.908358        100.9249        7.732231        327.6511      -0.1010274E-02
   17 s   16    24.77236        10.21090        97.93458        19.85640        82.61207       0.3266929E-02
   17 s   17    24.49695        10.70934        93.37647        19.67384        82.54495       0.3250256E-02
   17 s   18    24.24205        11.20350        89.25785        19.51807        82.47681       0.3223066E-02
   17 s   19    23.39492        11.39642        87.74682        5.717009        270.8177      -0.1553282E-03
   17 s   20    22.52990        11.53787        86.67112        5.732217        265.1935       0.9373766E-04
   17 s   21    21.77284        11.69408        85.51337        7.045634        291.6922       0.1898959E-03
   17 s   22    21.18944        11.91008        83.96250        10.18020        408.7844       0.8887558E-04
   17 s   23    20.74685        12.17959        82.10459        11.02633        466.5473       0.3840389E-04
   17 s   24    20.34922        12.45450        80.29225        10.92615        466.8514       0.1780071E-05
   17 s   25    19.97775        12.72622        78.57796        10.82608        468.9309      -0.1220948E-03
   17 s   26    19.63192        12.99635        76.94470        10.76889        476.2213      -0.3570795E-03
   18 s    1    168.8166        6.325851        158.0815        2.558710        224.1801       0.3776734E-03
   18 s    2    105.1006        6.563837        152.3499        13.41106        652.3252       0.1010610E-02
   18 s    3    79.16598        6.921802        144.4710        15.00672        852.5460      -0.4133624E-03
   18 s    4    64.93818        7.300038        136.9856        14.48297        962.1557       0.1431301E-02
   18 s    5    55.32858        7.601945        131.5453        22.66079        96.55813       0.3927546E-03
   18 s    6    49.38979        8.019792        124.6915        13.48899        651.4122       0.3414337E-02
   18 s    7    44.50726        8.338820        119.9210        11.71951        679.3278       0.1698890E-02
   18 s    8    40.36531        8.571163        116.6703        5.754098        288.4423      -0.1762340E-03
   18 s    9    36.53767        8.671155        115.3249        3.242874        219.9955      -0.1254139E-03
   18 s   10    33.64874        8.826136        113.2999        21.68492        84.12758       0.1011160E-02
   18 s   11    32.61758        9.370487        106.7180        21.57515        83.60902       0.1145267E-02
   18 s   12    31.54573        9.850609        101.5166        7.783280        319.5844       0.1899922E-03
   18 s   13    29.74161        10.03023        99.69865        6.911216        294.0556       0.2956014E-03
   18 s   14    28.21663        10.22082        97.83954        8.551370        341.4813      -0.8661003E-04
   18 s   15    27.02127        10.46285        95.57626        10.69696        438.2945      -0.7852353E-03
   18 s   16    26.07028        10.74588        93.05889        11.60725        505.0066      -0.1311385E-02
   18 s   17    25.21779        11.02447        90.70733        10.15827        428.5391      -0.1261661E-02
   18 s   18    24.32044        11.23972        88.97016        7.095232        311.4562      -0.6354513E-03
   18 s   19    24.00584        11.69402        85.51376        19.38741        82.41076       0.3186348E-02
   18 s   20    23.78674        12.18152        82.09159        19.27954        82.34944       0.3141424E-02
   18 s   21    23.07578        12.39388        80.68497        7.206679        287.7236      -0.1930059E-03
   18 s   22    22.34789        12.56121        79.61016        6.360924        269.0633       0.6626345E-04
   18 s   23    21.67043        12.72178        78.60534        6.572220        274.8069       0.1977718E-03
   18 s   24    21.07074        12.89610        77.54283        7.416056        299.3149       0.2281805E-03
   18 s   25    20.55859        13.09623        76.35788        8.578667        343.8524       0.1389784E-03
   18 s   26    20.12819        13.32488        75.04760        9.637826        402.4463      -0.7154792E-04
   19 s    1    173.5078        6.501639        153.8074        33.05574        85.84283       0.2421253E-04
   19 s    2    115.7391        7.228241        138.3462        25.21776        100.6020       0.5681824E-03
   19 s    3    84.92558        7.425387        134.6731       0.9410903        214.4952       0.2643554E-04
   19 s    4    66.32597        7.456047        134.1193        1.947687        216.5789       0.1097915E-04
   19 s    5    56.04185        7.699946        129.8710        15.65101        389.1837       0.3053563E-02
   19 s    6    50.67432        8.228370        121.5308        23.44783        88.90484       0.1159337E-03
   19 s    7    45.97533        8.613876        116.0918        3.123277        212.9337       0.3654495E-03
   19 s    8    41.21940        8.752520        114.2528        8.979958        378.4841       0.3840880E-03
   19 s    9    38.03575        9.026682        110.7827        11.80473        640.3714      -0.7816409E-03
   19 s   10    35.56152        9.327864        107.2057        11.95445        639.6421      -0.1062690E-02
   19 s   11    33.47884        9.617912        103.9727        10.76368        485.1616      -0.5330086E-03
   19 s   12    31.74109        9.911615        100.8917        21.38100        83.43289       0.1229199E-02
   19 s   13    30.96854        10.44400        95.74872        13.69467        349.5770       0.2096030E-03
   19 s   14    29.70596        10.76029        92.93426        12.42629        713.3344       0.1363267E-03
   19 s   15    28.50277        11.03650        90.60845        8.741916        397.1031       0.2454593E-04
   19 s   16    27.19421        11.20916        89.21277        6.151013        282.0302      -0.6582729E-05
   19 s   17    26.03109        11.38002        87.87333        8.011356        308.3694      -0.2363502E-03
   19 s   18    25.14893        11.62261        86.03919        11.17961        407.9942      -0.7727163E-03
   19 s   19    24.46131        11.91590        83.92149        11.69938        439.1460      -0.9239151E-03
   19 s   20    23.79592        12.18622        82.05991        9.559128        353.5870      -0.6114364E-03
   19 s   21    23.58337        12.66651        78.94836        19.19188        82.29415       0.3089829E-02
   19 s   22    23.38915        13.14648        76.06597        9.289647        410.5661      -0.6213138E-04
   19 s   23    22.77006        13.36733        74.80926        8.411494        362.5756      -0.4847047E-04
   19 s   24    22.17119        13.56962        73.69404        7.790813        329.2751       0.2053495E-04
   19 s   25    21.60037        13.75986        72.67517        7.452957        311.2896       0.9311869E-04
   19 s   26    21.06585        13.94560        71.70719        7.431543        307.0147       0.1338367E-03
   20 s    1    186.4766        6.987601        143.1106        16.82362        902.7645       0.1358352E-02
   20 s    2    118.3698        7.392537        135.2716        7.396906        251.3876       0.1851520E-02
   20 s    3    88.81393        7.765361        128.7770        17.70003        351.3220       0.4223915E-02
   20 s    4    72.61597        8.163139        122.5019        14.45399        803.0773       0.1094795E-02
   20 s    5    61.68393        8.475148        117.9920        7.577105        325.9777      -0.6324235E-03
   20 s    6    52.68530        8.554908        116.8920        2.080703        203.1425       0.1120962E-03
   20 s    7    47.06546        8.818122        113.4028        23.35307        87.32717       0.7847198E-04
   20 s    8    44.26331        9.398863        106.3958        22.36400        97.03035       0.4966968E-03
   20 s    9    41.06265        9.745028        102.6164        3.031925        233.8919       0.1125565E-03
   20 s   10    37.47185        9.828945        101.7403        3.843977        249.7954       0.9585796E-05
   20 s   11    34.62782        9.947993        100.5228        6.008415        299.4974      -0.1401455E-03
   20 s   12    32.51919        10.15459        98.47766        10.25277        490.5625      -0.2496091E-03
   20 s   13    30.98697        10.45022        95.69177        20.09414        94.34916       0.1104415E-02
   20 s   14    30.32669        10.98514        91.03208        21.26108        82.88013       0.1371047E-02
   20 s   15    28.93578        11.20416        89.25253        9.161535        377.2985       0.1088524E-03
   20 s   16    27.86315        11.48489        87.07094        12.31511        629.0321       0.1102430E-04
   20 s   17    26.98293        11.79613        84.77354        12.38978        675.5192      -0.1829930E-03
   20 s   18    26.18130        12.09973        82.64650        11.81875        627.5520      -0.3021929E-03
   20 s   19    25.42111        12.38345        80.75295        10.76034        517.8556      -0.2235493E-03
   20 s   20    24.68079        12.63937        79.11787        10.11653        423.2236      -0.4843794E-05
   20 s   21    24.01794        12.89991        77.51989        10.41642        453.7957      -0.4411560E-05
   20 s   22    23.39446        13.14947        76.04872        19.12157        82.24625       0.3033101E-02
   20 s   23    23.14118        13.58519        73.60955        11.75114        506.8618      -0.3548123E-03
   20 s   24    22.65656        13.86668        72.11531        10.74630        474.7710      -0.1080916E-03
   20 s   25    22.17779        14.12768        70.78301        10.18202        460.0412       0.6091613E-05
   20 s   26    21.72140        14.37958        69.54307        9.979550        450.7312       0.4304841E-04
