    0 s    2    4.991597       0.3117397        3207.805        6.419126        512.6157      -0.3234866E-02
    0 s    3    5.415345       0.4734856        2111.997        6.782586        422.6170      -0.2539565E-02
    0 s    4    5.820744       0.6543401        1528.257        7.591315        378.6885      -0.3859884E-02
    0 s    5    6.183277       0.8495597        1177.080        7.950764        361.5657      -0.4572886E-02
    0 s    6    6.458270        1.048678        953.5817        7.926936        354.1614      -0.4661646E-02
    0 s    7    6.633855        1.242910        804.5633        7.565461        349.8693      -0.4114142E-02
    0 s    8    6.707040        1.424172        702.1626        6.902242        345.9029      -0.2967457E-02
    0 s    9    6.686517        1.586851        630.1790        6.121061        340.9924      -0.1662463E-02
    0 s   10    6.600707        1.731379        577.5741        5.478145        334.5352      -0.7483302E-03
    0 s   11    6.483264        1.862533        536.9031        5.043789        326.2939      -0.2949533E-03
    0 s   12    6.356147        1.984799        503.8294        4.753040        316.4227      -0.1083475E-03
    0 s   13    6.229569        2.100895        475.9876        4.541651        305.3625      -0.3816872E-04
    0 s   14    6.107552        2.212319        452.0144        4.375139        293.6620      -0.1304102E-04
    0 s   15    5.991539        2.319971        431.0398        4.237964        281.8434      -0.4341416E-05
    0 s   16    5.881983        2.424489        412.4581        4.123236        270.3267      -0.1411168E-05
    0 s   17    5.778951        2.526385        395.8225        4.027492        259.4054      -0.4481641E-06
    0 s   18    5.682349        2.626105        380.7920        3.948512        249.2543      -0.1388634E-06
    0 s   19    5.592002        2.724046        367.1010        3.884500        239.9541      -0.4167080E-07
    0 s   20    5.507684        2.820561        354.5395        3.833808        231.5185      -0.1204270E-07
    0 s   21    5.429138        2.915962        342.9400        3.794871        223.9179      -0.3260170E-08
    0 s   22    5.356082        3.010525        332.1680        3.766197        217.0976      -0.7984434E-09
    0 s   23    5.288223        3.104489        322.1142        3.746383        210.9905      -0.2808485E-09
    0 s   24    5.225258        3.198058        312.6897        3.734128        205.5253      -0.4907023E-10
    0 s   25    5.166886        3.291407        303.8214        3.728242        200.6319       0.2019342E-10
    0 s   26    5.112805        3.384680        295.4489        3.727651        196.2441       0.5000675E-10
    1 s    2    10.79611       0.6742480        1483.134        10.82235        303.9404      -0.6492529E-03
    1 s    3    10.65879       0.9319415        1073.029        9.754343        278.5338       0.2370561E-04
    1 s    4    10.32423        1.160601        861.6228        8.457643        269.9843      -0.1269846E-04
    1 s    5    9.821422        1.349428        741.0549        6.547263        296.7476      -0.4646435E-03
    1 s    6    9.199907        1.493858        669.4077        5.295932        343.2217      -0.1974303E-02
    1 s    7    8.677806        1.625862        615.0583        5.434714        362.7024      -0.4284945E-02
    1 s    8    8.335063        1.769866        565.0146        6.170981        368.6462      -0.7104935E-02
    1 s    9    8.151932        1.934625        516.8962        7.040032        370.5580      -0.9934240E-02
    1 s   10    8.078666        2.119051        471.9093        7.718762        371.0219      -0.1221210E-01
    1 s   11    8.064985        2.316935        431.6046        8.130171        370.5520      -0.1386592E-01
    1 s   12    8.077924        2.522448        396.4402        8.349604        368.5828      -0.1506691E-01
    1 s   13    8.100346        2.731806        366.0582        8.450240        363.0143      -0.1587826E-01
    1 s   14    8.123210        2.942444        339.8535        8.449695        347.0139      -0.1603380E-01
    1 s   15    8.136880        3.150664        317.3934        8.189689        294.7900      -0.1381271E-01
    1 s   16    8.109929        3.342824        299.1483        7.100672        198.8262      -0.4853044E-02
    1 s   17    8.030891        3.510867        284.8300        6.487372        173.3663      -0.7927060E-03
    1 s   18    7.943099        3.670914        272.4117        6.330006        170.1283      -0.1781870E-03
    1 s   19    7.858920        3.828336        261.2101        6.255635        169.8434      -0.5064077E-04
    1 s   20    7.779955        3.984221        250.9901        6.203091        170.2830      -0.1624084E-04
    1 s   21    7.706109        4.138911        241.6094        6.159006        171.0022      -0.5555196E-05
    1 s   22    7.636968        4.292556        232.9614        6.119269        171.8518      -0.1967310E-05
    1 s   23    7.572075        4.445241        224.9597        6.082218        172.7557      -0.7090013E-06
    1 s   24    7.511002        4.597021        217.5322        6.046979        173.6636      -0.2572019E-06
    1 s   25    7.453358        4.747934        210.6179        6.012958        174.5370      -0.9321464E-07
    1 s   26    7.398791        4.898004        204.1648        5.979677        175.3450      -0.3356488E-07
    2 s    1    10.68109       0.4002390        2498.507        12.97047        381.9460      -0.2372727E-03
    2 s    2    15.12472       0.9445825        1058.669        19.42375        98.75682      -0.5139817E-01
    2 s    3    13.89695        1.215067        823.0000        5.728089        400.6792      -0.8645200E-03
    2 s    4    11.99808        1.348767        741.4181        5.217644        359.1631       0.2602857E-03
    2 s    5    10.84112        1.489530        671.3526        6.251381        285.2322      -0.1832212E-03
    2 s    6    10.22977        1.661085        602.0163        7.274368        233.2318      -0.3528577E-03
    2 s    7    9.849696        1.845426        541.8804        7.380353        211.7937      -0.3800710E-03
    2 s    8    9.551954        2.028260        493.0334        7.222654        199.9109      -0.4311592E-03
    2 s    9    9.297689        2.206537        453.1989        7.031281        191.7836      -0.5145948E-03
    2 s   10    9.074415        2.380238        420.1260        6.860525        185.9004      -0.6294438E-03
    2 s   11    8.876557        2.550086        392.1436        6.724065        181.7361      -0.7827542E-03
    2 s   12    8.700884        2.716977        368.0561        6.624514        179.1369      -0.1003234E-02
    2 s   13    8.545243        2.881846        346.9999        6.564581        178.3702      -0.1384511E-02
    2 s   14    8.408751        3.045875        328.3129        6.568928        181.1401      -0.2273844E-02
    2 s   15    8.295616        3.212128        311.3201        6.815498        198.7484      -0.5441002E-02
    2 s   16    8.233979        3.393956        294.6414        7.883455        294.2652      -0.1520908E-01
    2 s   17    8.233131        3.599280        277.8334        8.472937        377.4642      -0.1993696E-01
    2 s   18    8.248198        3.811916        262.3353        8.604402        396.9069      -0.2117580E-01
    2 s   19    8.265675        4.026479        248.3559        8.652493        402.9190      -0.2186037E-01
    2 s   20    8.283097        4.241888        235.7441        8.679259        405.8900      -0.2238539E-01
    2 s   21    8.299880        4.457823        224.3248        8.698507        407.9318      -0.2282601E-01
    2 s   22    8.315892        4.674164        213.9420        8.714500        409.6089      -0.2320501E-01
    2 s   23    8.331139        4.890855        204.4632        8.728832        411.1046      -0.2353298E-01
    2 s   24    8.345665        5.107867        195.7764        8.742156        412.4842      -0.2381663E-01
    2 s   25    8.359526        5.325181        187.7870        8.754710        413.7616      -0.2406053E-01
    2 s   26    8.372771        5.542780        180.4149        8.766377        414.8781      -0.2426540E-01
    3 s    1    24.97616       0.9359001        1068.490        5.519464        776.1387      -0.1070013E-02
    3 s    2    17.44007        1.089183        918.1195        6.924488        323.4362      -0.4158017E-02
    3 s    3    16.25630        1.421354        703.5547        16.78036        90.25992      -0.5124718E-01
    3 s    4    16.26093        1.827975        547.0533        15.99530        89.14852      -0.5305207E-01
    3 s    5    16.14151        2.217785        450.9003        15.55658        88.80845      -0.5365699E-01
    3 s    6    15.45940        2.510259        398.3653        5.058246        271.7091      -0.6126460E-04
    3 s    7    14.06839        2.635835        379.3864        4.999181        265.7129      -0.8882781E-05
    3 s    8    13.00344        2.761147        362.1683        5.047303        260.2807      -0.8778884E-04
    3 s    9    12.17432        2.889221        346.1141        5.217018        255.6043      -0.2055265E-03
    3 s   10    11.52357        3.022657        330.8347        5.467085        251.3927      -0.3095098E-03
    3 s   11    11.00938        3.162812        316.1743        5.745474        247.4029      -0.3730494E-03
    3 s   12    10.59953        3.309857        302.1278        6.011585        243.4991      -0.3914280E-03
    3 s   13    10.26892        3.463149        288.7545        6.241181        239.6246      -0.3728560E-03
    3 s   14    9.998223        3.621624        276.1192        6.424087        235.7616      -0.3303867E-03
    3 s   15    9.772758        3.784089        264.2644        6.559779        231.9067      -0.2766779E-03
    3 s   16    9.581571        3.949419        253.2018        6.653266        228.0625      -0.2214917E-03
    3 s   17    9.416575        4.116646        242.9162        6.712057        224.2387      -0.1710775E-03
    3 s   18    9.271861        4.285003        233.3721        6.744182        220.4526      -0.1285776E-03
    3 s   19    9.143129        4.453916        224.5215        6.757010        216.7282      -0.9484890E-04
    3 s   20    9.027253        4.622980        216.3107        6.756637        213.0914      -0.6933590E-04
    3 s   21    8.921933        4.791924        208.6844        6.747666        209.5654      -0.5080443E-04
    3 s   22    8.825456        4.960577        201.5895        6.733280        206.1685      -0.3786480E-04
    3 s   23    8.736506        5.128829        194.9763        6.715468        202.9123      -0.2930651E-04
    3 s   24    8.654047        5.296608        188.8001        6.695327        199.8026      -0.2434702E-04
    3 s   25    8.577233        5.463864        183.0206        6.673364        196.8425      -0.2309789E-04
    3 s   26    8.505362        5.630555        177.6024        6.649888        194.0431      -0.2899832E-04
    4 s    1    37.68553        1.412142        708.1441        11.68167        349.6256      -0.4505178E-04
    4 s    2    27.57450        1.722107        580.6839        12.83130        423.6174      -0.1594588E-03
    4 s    3    23.42299        2.047967        488.2892        13.14453        450.5822      -0.1377083E-03
    4 s    4    20.11535        2.261272        442.2291        4.676244        279.9248      -0.3434185E-03
    4 s    5    17.35016        2.383849        419.4896        5.039404        277.5383      -0.2042122E-03
    4 s    6    16.00500        2.598852        384.7852        15.31943        88.59041      -0.5377229E-01
    4 s    7    15.87702        2.974698        336.1686        15.19310        88.48505      -0.5356708E-01
    4 s    8    15.76498        3.347533        298.7274        15.10769        88.45287      -0.5312650E-01
    4 s    9    15.60178        3.702629        270.0784        6.485070        323.1166      -0.6533125E-04
    4 s   10    14.70042        3.855952        259.3393        5.882918        292.1285      -0.5284402E-04
    4 s   11    13.92283        3.999796        250.0128        5.663731        276.8798      -0.8099430E-04
    4 s   12    13.25958        4.140497        241.5169        5.614104        268.1070      -0.1271234E-03
    4 s   13    12.69499        4.281331        233.5722        5.666224        262.7790      -0.1720084E-03
    4 s   14    12.21433        4.424358        226.0215        5.783550        259.6147      -0.2036701E-03
    4 s   15    11.80465        4.570855        218.7774        5.938955        257.9216      -0.2176988E-03
    4 s   16    11.45469        4.721497        211.7972        6.111035        257.2548      -0.2148910E-03
    4 s   17    11.15466        4.876484        205.0658        6.283304        257.2939      -0.1988590E-03
    4 s   18    10.89613        5.035660        198.5837        6.443680        257.7906      -0.1742510E-03
    4 s   19    10.67187        5.198615        192.3589        6.583971        258.5444      -0.1455802E-03
    4 s   20    10.47576        5.364779        186.4010        6.699320        259.3917      -0.1165487E-03
    4 s   21    10.30264        5.533496        180.7176        6.787615        260.2011      -0.8975937E-04
    4 s   22    10.14824        5.704084        175.3130        6.848850        260.8696      -0.6671209E-04
    4 s   23    10.00904        5.875881        170.1872        6.884510        261.3198      -0.4798181E-04
    4 s   24    9.882188        6.048277        165.3363        6.897009        261.4960      -0.3347903E-04
    4 s   25    9.765365        6.220728        160.7529        6.889250        261.3607      -0.2271451E-04
    4 s   26    9.656734        6.392764        156.4269        6.864304        260.8913      -0.1501938E-04
    5 s    1    44.60596        1.671462        598.2785        27.19024        84.66623      -0.4436103E-05
    5 s    2    33.28958        2.079030        480.9935        2.652064        312.7063       0.1971987E-04
    5 s    3    24.66622        2.156667        463.6784        3.702370        301.3219      -0.2728002E-03
    5 s    4    21.15761        2.378437        420.4441        13.09863        516.4145      -0.5178921E-04
    5 s    5    19.66277        2.701593        370.1520        12.68434        514.5360      -0.4003383E-04
    5 s    6    18.53395        3.009497        332.2815        11.88139        514.1829      -0.3768492E-04
    5 s    7    17.56268        3.290520        303.9033        10.44821        487.9301      -0.5341818E-04
    5 s    8    16.59254        3.523256        283.8283        8.101765        396.4777      -0.7414955E-04
    5 s    9    15.66833        3.718423        268.9312        15.05037        88.44752      -0.5257102E-01
    5 s   10    15.58524        4.088043        244.6158        15.01404        88.43244      -0.5198404E-01
    5 s   11    15.51371        4.456831        224.3747        14.98817        88.42606      -0.5138569E-01
    5 s   12    15.12338        4.722492        211.7526        9.152936        396.1701      -0.2423653E-04
    5 s   13    14.64787        4.939931        202.4320        8.220531        371.5187      -0.4008191E-04
    5 s   14    14.17366        5.134077        194.7770        7.356237        339.1343      -0.6782410E-04
    5 s   15    13.71511        5.310598        188.3027        6.825143        314.2411      -0.1025676E-03
    5 s   16    13.28937        5.477732        182.5573        6.583706        298.6162      -0.1364437E-03
    5 s   17    12.90375        5.641134        177.2693        6.508239        288.9450      -0.1630918E-03
    5 s   18    12.55830        5.803837        172.2998        6.517124        282.6439      -0.1789945E-03
    5 s   19    12.24992        5.967337        167.5789        6.565878        278.2385      -0.1832895E-03
    5 s   20    11.97448        6.132293        163.0711        6.629634        274.8980      -0.1770639E-03
    5 s   21    11.72769        6.298879        158.7584        6.693474        272.1285      -0.1625736E-03
    5 s   22    11.50551        6.466970        154.6319        6.747922        269.6175      -0.1425715E-03
    5 s   23    11.30426        6.636246        150.6876        6.786833        267.1575      -0.1197988E-03
    5 s   24    11.12065        6.806267        146.9234        6.806382        264.6093      -0.9664050E-04
    5 s   25    10.95181        6.976519        143.3380        6.804602        261.8858      -0.7493000E-04
    5 s   26    10.79525        7.146461        139.9294        6.781229        258.9470      -0.5587868E-04
    6 s    1    52.83079        1.979661        505.1369        7.931444        607.0660       0.2023824E-03
    6 s    2    37.44617        2.338621        427.6024        25.79093        84.18806      -0.5545337E-04
    6 s    3    32.40201        2.833039        352.9779        12.91886        401.6569       0.8397809E-03
    6 s    4    27.57160        3.099467        322.6361        8.054852        339.5218       0.2610444E-03
    6 s    5    23.70779        3.257364        306.9967        5.333715        274.2388      -0.2794767E-03
    6 s    6    20.88499        3.391253        294.8762        5.580608        263.5452      -0.3645285E-03
    6 s    7    18.91713        3.544288        282.1441        6.803524        266.7781      -0.2611855E-03
    6 s    8    17.61058        3.739428        267.4206        8.850954        299.5907      -0.1146217E-03
    6 s    9    16.76642        3.979023        251.3180        10.06357        352.2233      -0.4251144E-04
    6 s   10    16.13992        4.233536        236.2091        10.18444        386.1626      -0.2253129E-04
    6 s   11    15.61001        4.484494        222.9906        9.833978        400.6072      -0.1897831E-04
    6 s   12    15.45183        4.825058        207.2514        14.96957        88.41806      -0.5080630E-01
    6 s   13    15.39796        5.192893        192.5709        14.95542        88.40797      -0.5025874E-01
    6 s   14    15.02791        5.443511        183.7050        8.589421        296.0523      -0.5037363E-04
    6 s   15    14.62761        5.663927        176.5559        8.977340        315.1628      -0.4399962E-04
    6 s   16    14.28873        5.889656        169.7892        9.033777        328.0836      -0.4440858E-04
    6 s   17    13.98495        6.113802        163.5643        8.865497        333.5503      -0.5037133E-04
    6 s   18    13.70038        6.331648        157.9368        8.538398        331.6152      -0.6194986E-04
    6 s   19    13.42521        6.539855        152.9086        8.104523        322.8616      -0.7899895E-04
    6 s   20    13.15460        6.736652        148.4417        7.640856        309.4771      -0.9927417E-04
    6 s   21    12.88869        6.922448        144.4576        7.237283        295.0926      -0.1180841E-03
    6 s   22    12.63085        7.099495        140.8551        6.943707        282.5340      -0.1308541E-03
    6 s   23    12.38480        7.270583        137.5406        6.756180        272.6716      -0.1354752E-03
    6 s   24    12.15289        7.438037        134.4441        6.647483        265.2157      -0.1322085E-03
    6 s   25    11.93605        7.603495        131.5185        6.592313        259.6338      -0.1226135E-03
    6 s   26    11.73423        7.768071        128.7321        6.574145        255.5062      -0.1087306E-03
    7 s    1    58.90818        2.207392        453.0234        8.231896        268.7745      -0.3016988E-03
    7 s    2    40.33322        2.518926        396.9946        14.14215        430.7024       0.4517946E-03
    7 s    3    34.28298        2.997500        333.6113        24.33202        86.23018      -0.4879177E-03
    7 s    4    30.22460        3.397705        294.3163        8.871712        366.5158       0.3139531E-03
    7 s    5    26.73613        3.673447        272.2238        12.29811        518.2930       0.3405822E-03
    7 s    6    24.52323        3.982021        251.1287        11.87548        505.8994      -0.1777545E-04
    7 s    7    22.66752        4.246957        235.4627        9.017136        386.9727      -0.3661291E-03
    7 s    8    20.89686        4.437235        225.3656        6.525788        305.9823      -0.4716079E-03
    7 s    9    19.33691        4.589055        217.9098        5.821818        277.1002      -0.3960295E-03
    7 s   10    18.05091        4.734792        211.2025        5.907141        266.1957      -0.2768414E-03
    7 s   11    17.01126        4.887052        204.6224        6.313860        262.3830      -0.1729774E-03
    7 s   12    16.18061        5.052629        197.9167        6.974398        264.9096      -0.1041981E-03
    7 s   13    15.53043        5.237569        190.9283        7.834624        276.5730      -0.6745000E-04
    7 s   14    15.35071        5.560439        179.8419        14.94397        88.39586      -0.4974904E-01
    7 s   15    15.30898        5.927759        168.6978        14.93418        88.38214      -0.4927891E-01
    7 s   16    15.27186        6.294895        158.8589        14.92543        88.36724      -0.4884755E-01
    7 s   17    14.99220        6.554141        152.5753        6.304234        239.1035      -0.7556861E-04
    7 s   18    14.53175        6.715869        148.9011        6.641820        241.1918      -0.7637730E-04
    7 s   19    14.13729        6.886736        145.2067        7.028358        245.5556      -0.7668411E-04
    7 s   20    13.80025        7.067296        141.4968        7.402733        252.0474      -0.7363563E-04
    7 s   21    13.51006        7.256185        137.8135        7.681744        259.2697      -0.6861056E-04
    7 s   22    13.25500        7.450320        134.2224        7.819639        265.2922      -0.6447605E-04
    7 s   23    13.02464        7.646206        130.7838        7.826792        268.9156      -0.6290054E-04
    7 s   24    12.81135        7.841036        127.5342        7.742660        270.0052      -0.6399485E-04
    7 s   25    12.61042        8.033086        124.4852        7.611340        269.1109      -0.6688481E-04
    7 s   26    12.41943        8.221669        121.6298        7.470712        267.0418      -0.7015455E-04
    8 s    1    77.50412        2.904214        344.3273        14.21381        970.5834      -0.1007182E-02
    8 s    2    51.12287        3.192771        313.2076        1.516404        248.7310      -0.1740684E-06
    8 s    3    37.18401        3.251149        307.5836        3.596686        268.5466       0.3880132E-05
    8 s    4    32.07878        3.606142        277.3047        23.74923        85.16739      -0.9507155E-03
    8 s    5    30.37893        4.173954        239.5810        17.66665        159.0250      -0.2046843E-03
    8 s    6    27.40200        4.449469        224.7459        8.532435        379.4002       0.2985709E-03
    8 s    7    24.92035        4.669043        214.1767        9.881591        358.6727       0.2616527E-05
    8 s    8    23.31425        4.950544        201.9980        12.32535        443.9593      -0.1635772E-05
    8 s    9    22.19498        5.267335        189.8493        12.66049        515.6448      -0.7463261E-06
    8 s   10    21.10871        5.536858        180.6078        7.532791        346.7487      -0.2272741E-03
    8 s   11    19.81879        5.693608        175.6355        5.697523        269.1493      -0.3482678E-03
    8 s   12    18.67791        5.832447        171.4546        5.478390        252.6786      -0.2856448E-03
    8 s   13    17.70108        5.969612        167.5151        5.514668        245.5537      -0.2054896E-03
    8 s   14    16.86500        6.108954        163.6942        5.640517        241.7904      -0.1412398E-03
    8 s   15    16.14653        6.252066        159.9471        5.813808        239.6872      -0.1005220E-03
    8 s   16    15.52698        6.400050        156.2488        6.031323        238.7595      -0.8092228E-04
    8 s   17    15.23862        6.661873        150.1079        14.91740        88.35157      -0.4845277E-01
    8 s   18    15.20868        7.028712        142.2736        14.90988        88.33543      -0.4809174E-01
    8 s   19    15.18155        7.395427        135.2187        14.90278        88.31906      -0.4776139E-01
    8 s   20    15.05127        7.707959        129.7360        5.453634        232.4613      -0.7090223E-04
    8 s   21    14.60848        7.846138        127.4512        5.609099        230.9570      -0.7527708E-04
    8 s   22    14.21335        7.988981        125.1724        5.824038        230.9751      -0.8266325E-04
    8 s   23    13.86204        8.137809        122.8832        6.084882        232.2962      -0.9038612E-04
    8 s   24    13.55072        8.293561        120.5755        6.374061        234.7411      -0.9651957E-04
    8 s   25    13.27536        8.456666        118.2499        6.668441        238.0589      -0.1000216E-03
    8 s   26    13.03161        8.626937        115.9160        6.942927        241.8843      -0.1007571E-03
    9 s    1    84.65048        3.172000        315.2585       0.4514430        227.1240       0.2847285E-05
    9 s    2    52.04841        3.250574        307.6380        13.16645        773.0849      -0.2044972E-02
    9 s    3    40.89020        3.575196        279.7050        12.74389        774.4902      -0.1521346E-02
    9 s    4    34.63868        3.893915        256.8110        12.64017        689.6952      -0.2249497E-03
    9 s    5    30.72738        4.221830        236.8641        17.04646        138.9458      -0.5336725E-03
    9 s    6    28.51533        4.630248        215.9711        9.932920        384.1445       0.9624307E-03
    9 s    7    26.18028        4.905102        203.8693        11.25245        524.5571       0.1175792E-02
    9 s    8    24.36366        5.173374        193.2974        9.875470        435.8896       0.4879947E-03
    9 s    9    22.73404        5.395264        185.3478        7.982380        323.8232      -0.2016273E-03
    9 s   10    21.42432        5.619645        177.9472        11.42262        378.4760      -0.2223067E-03
    9 s   11    20.61550        5.922489        168.8479        12.19349        476.9927      -0.8494922E-04
    9 s   12    19.92420        6.221621        160.7298        11.69693        495.4811      -0.6208809E-04
    9 s   13    19.28979        6.505398        153.7185        10.95441        486.0569      -0.6558718E-04
    9 s   14    18.67568        6.764831        147.8233        9.671040        433.2766      -0.9379193E-04
    9 s   15    18.03315        6.982580        143.2135        7.703645        341.6251      -0.1321091E-03
    9 s   16    17.35765        7.154632        139.7696        6.228888        280.9354      -0.1316269E-03
    9 s   17    16.70135        7.301335        136.9613        5.607520        254.6909      -0.1061195E-03
    9 s   18    16.09513        7.438387        134.4378        5.397862        242.4147      -0.8408118E-04
    9 s   19    15.54562        7.572775        132.0520        5.373125        235.9302      -0.7276339E-04
    9 s   20    15.15685        7.762031        128.8323        14.89601        88.30259      -0.4745873E-01
    9 s   21    15.13427        8.128537        123.0234        14.88953        88.28610      -0.4718093E-01
    9 s   22    15.11354        8.494955        117.7169        14.88328        88.26960      -0.4692541E-01
    9 s   23    15.09443        8.861296        112.8503        14.87723        88.25305      -0.4668990E-01
    9 s   24    14.86514        9.098037        109.9138        5.618146        238.4528      -0.6458896E-04
    9 s   25    14.50344        9.238976        108.2371        5.664675        235.8057      -0.6511142E-04
    9 s   26    14.17186        9.381781        106.5896        5.762656        234.6719      -0.6668068E-04
   10 s    1    91.13098        3.414836        292.8398        25.27729        89.34750      -0.8158289E-04
   10 s    2    63.91676        3.991786        250.5144        22.88902        84.94216       0.1542433E-04
   10 s    3    49.16744        4.298908        232.6172        3.194864        261.7195      -0.5584119E-04
   10 s    4    38.82472        4.364489        229.1219        2.730733        240.7361      -0.3006467E-03
   10 s    5    32.41563        4.453790        224.5279        4.816780        257.5295      -0.6160165E-04
   10 s    6    29.40183        4.774195        209.4594        22.32412        83.72131      -0.1927233E-02
   10 s    7    28.45453        5.331204        187.5749        22.04649        82.92103      -0.2298214E-02
   10 s    8    26.88636        5.709044        175.1607        7.829417        284.3570       0.6136433E-03
   10 s    9    25.00753        5.934812        168.4973        10.12534        349.7186       0.8632078E-03
   10 s   10    23.65819        6.205594        161.1449        11.14276        406.9128       0.5449005E-03
   10 s   11    22.53872        6.474998        154.4402        10.03140        375.4145      -0.2813035E-04
   10 s   12    21.45197        6.698687        149.2830        7.880258        302.8860      -0.3965190E-03
   10 s   13    20.39832        6.879242        145.3648        6.809816        266.1204      -0.4152135E-03
   10 s   14    19.46764        7.051700        141.8098        7.217361        264.2391      -0.2900463E-03
   10 s   15    18.72389        7.250039        137.9303        8.733330        300.5370      -0.1484970E-03
   10 s   16    18.15973        7.485242        133.5962        9.926546        356.6006      -0.6786180E-04
   10 s   17    17.70377        7.739560        129.2063        10.31633        396.1802      -0.3894733E-04
   10 s   18    17.30446        7.997278        125.0425        10.23496        413.4971      -0.3179913E-04
   10 s   19    16.93050        8.247399        121.2503        9.667656        402.6309      -0.3810414E-04
   10 s   20    16.54577        8.473318        118.0175        8.250899        345.7910      -0.5826456E-04
   10 s   21    16.12019        8.658070        115.4992        6.643089        283.4758      -0.7248783E-04
   10 s   22    15.67992        8.813305        113.4648        5.901171        255.3732      -0.7042628E-04
   10 s   23    15.25790        8.957260        111.6413        5.661958        243.8522      -0.6623573E-04
   10 s   24    15.07678        9.227567        108.3709        14.87131        88.23641      -0.4647235E-01
   10 s   25    15.06042        9.593780        104.2342        14.86549        88.21960      -0.4627100E-01
   10 s   26    15.04521        9.959940        100.4022        14.85970        88.20251      -0.4608430E-01
   11 s    1    98.61529        3.695286        270.6150        16.31303        688.3304      -0.1015188E-03
   11 s    2    65.40167        4.084523        244.8266        14.16632        708.5152       0.1996291E-02
   11 s    3    51.48047        4.501146        222.1657        12.62531        354.7069       0.1105129E-02
   11 s    4    42.81017        4.812514        207.7916        12.04229        674.4040      -0.6710785E-03
   11 s    5    37.14398        5.103447        195.9460        11.00167        604.3788      -0.1669029E-02
   11 s    6    32.96541        5.352841        186.8167        8.478275        378.3727      -0.1193403E-02
   11 s    7    29.53886        5.534361        180.6893        6.545299        272.1721      -0.1019912E-03
   11 s    8    27.69032        5.879758        170.0750        21.67314        82.65915      -0.2564666E-02
   11 s    9    27.04673        6.418757        155.7934        21.35864        82.71087      -0.2742982E-02
   11 s   10    25.65751        6.730020        148.5880        7.811961        317.4385       0.5097213E-05
   11 s   11    24.08764        6.919978        144.5091        8.180685        296.9230       0.2261426E-03
   11 s   12    22.90132        7.151267        139.8354        10.17320        356.6116       0.2416952E-03
   11 s   13    21.98451        7.414178        134.8767        10.48673        391.5540      -0.8359402E-04
   11 s   14    21.15277        7.662098        130.5125        9.159845        355.8707      -0.4226475E-03
   11 s   15    20.32521        7.870081        127.0635        7.529396        304.1989      -0.5411543E-03
   11 s   16    19.51523        8.043963        124.3168        6.492064        271.4699      -0.4809399E-03
   11 s   17    18.75616        8.199634        121.9567        6.037806        254.0096      -0.3669838E-03
   11 s   18    18.06602        8.349237        119.7714        5.992775        245.5229      -0.2581387E-03
   11 s   19    17.45577        8.503272        117.6018        6.436813        246.6453      -0.1665667E-03
   11 s   20    16.94659        8.678579        115.2262        7.741020        270.6120      -0.8846462E-04
   11 s   21    16.55642        8.892370        112.4560        9.244713        321.8647      -0.3799424E-04
   11 s   22    16.24883        9.133079        109.4921        9.880426        361.6181      -0.1981955E-04
   11 s   23    15.98166        9.382148        106.5854        9.987013        379.6673      -0.1507367E-04
   11 s   24    15.73472        9.630249        103.8395        9.819172        381.6897      -0.1596587E-04
   11 s   25    15.49539        9.870867        101.3082        9.374798        367.8535      -0.2181726E-04
   11 s   26    15.25473        10.09864        99.02324        8.527420        335.4299      -0.3456643E-04
   12 s    1    114.5457        4.292228        232.9793       0.6822225        229.0860      -0.1048923E-03
   12 s    2    69.22774        4.323472        231.2956        2.371779        240.6244       0.8307881E-04
   12 s    3    52.38917        4.580597        218.3121        22.83494        90.34454       0.6460000E-05
   12 s    4    45.95517        5.166060        193.5711        23.45116        82.84297      -0.9642235E-04
   12 s    5    39.90449        5.482731        182.3909        3.861762        222.8189       0.3606079E-05
   12 s    6    34.60463        5.619014        177.9672        7.465995        301.8864      -0.3234229E-03
   12 s    7    31.26759        5.858254        170.6993        11.16739        505.7239      -0.5776167E-03
   12 s    8    28.99932        6.157710        162.3980        12.47080        657.0897      -0.2649757E-03
   12 s    9    27.27172        6.472150        154.5082        12.31538        631.8155       0.3388319E-04
   12 s   10    26.18272        6.867784        145.6074        11.60205        452.1779       0.2807758E-03
   12 s   11    25.02805        7.190141        139.0793        13.47602        650.5351       0.3658365E-03
   12 s   12    24.11724        7.530955        132.7853        13.67868        679.3480       0.2896001E-03
   12 s   13    23.33820        7.870707        127.0534        13.37607        663.6040       0.2081929E-03
   12 s   14    22.59124        8.183151        122.2023        10.94997        501.5388       0.2200411E-03
   12 s   15    21.76575        8.427869        118.6540        9.273597        388.7192       0.2518054E-05
   12 s   16    20.99493        8.653882        115.5551        8.710655        366.7390      -0.3318092E-03
   12 s   17    20.26744        8.860320        112.8627        7.780940        332.2625      -0.5292386E-03
   12 s   18    19.57013        9.044362        110.5661        6.992136        303.0013      -0.5586372E-03
   12 s   19    18.91220        9.212750        108.5452        6.529310        284.5840      -0.4962309E-03
   12 s   20    18.30228        9.372847        106.6912        6.310371        273.6538      -0.4060827E-03
   12 s   21    17.74244        9.529372        104.9387        6.230135        266.9594      -0.3185396E-03
   12 s   22    17.23069        9.684959        103.2529        6.229825        262.7804      -0.2447080E-03
   12 s   23    16.76391        9.841370        101.6119        6.297611        260.6179      -0.1868820E-03
   12 s   24    16.34165        10.00172        99.98283        6.472306        261.2303      -0.1418704E-03
   12 s   25    15.96142        10.16774        98.35032        6.855762        267.3803      -0.1076386E-03
   12 s   26    15.63038        10.34732        96.64337        7.567257        284.3846      -0.7718639E-04
   13 s    1    120.6421        4.520669        221.2062        13.79979        747.1312      -0.2450884E-02
   13 s    2    77.96157        4.868925        205.3841        14.44694        899.3666      -0.4213784E-02
   13 s    3    59.94812        5.241507        190.7848        14.97776        926.9403      -0.6980146E-03
   13 s    4    48.10744        5.408007        184.9110        2.349366        205.4555       0.2874269E-04
   13 s    5    41.85700        5.751000        173.8828        22.97563        86.13652       0.6258209E-04
   13 s    6    38.24462        6.210066        161.0289        10.51350        444.7081       0.1058266E-02
   13 s    7    34.19695        6.407094        156.0770        5.845577        307.3258      -0.2874683E-03
   13 s    8    30.77130        6.533973        153.0462        4.673845        253.1218      -0.4409069E-03
   13 s    9    28.05869        6.658916        150.1746        5.691700        253.2690      -0.2152827E-03
   13 s   10    26.49829        6.950558        143.8733        21.07958        82.53181      -0.2874769E-02
   13 s   11    26.02092        7.475374        133.7726        20.83851        82.50153      -0.2957099E-02
   13 s   12    25.32507        7.908119        126.4523        5.447496        242.9745       0.1257668E-04
   13 s   13    23.90158        8.060703        124.0587        6.925126        257.6167       0.1527548E-03
   13 s   14    22.84123        8.273704        120.8648        10.73217        329.4497       0.6691539E-04
   13 s   15    22.16470        8.582349        116.5182        13.09418        463.4131       0.7292975E-05
   13 s   16    21.61848        8.910899        112.2221        13.08483        496.4419       0.2786136E-06
   13 s   17    21.12144        9.233665        108.2994        12.69907        502.0506      -0.1776672E-04
   13 s   18    20.65141        9.544079        104.7770        12.09869        494.2774      -0.5085417E-04
   13 s   19    20.19112        9.835751        101.6699        11.13669        466.6428      -0.1209216E-03
   13 s   20    19.71411        10.09587        99.05043        9.113197        388.9346      -0.3033503E-03
   13 s   21    19.17127        10.29679        97.11766        7.177753        318.2739      -0.4273927E-03
   13 s   22    18.61737        10.46437        95.56233        6.355595        288.6247      -0.4060174E-03
   13 s   23    18.08781        10.61858        94.17457        6.033134        274.6038      -0.3458702E-03
   13 s   24    17.59322        10.76772        92.87015        5.923966        266.8400      -0.2846566E-03
   13 s   25    17.13534        10.91555        91.61246        5.915858        262.0743      -0.2321661E-03
   13 s   26    16.71280        11.06389        90.38416        5.960274        258.9852      -0.1903044E-03
   14 s    1    132.6782        4.971682        201.1392        31.36558        90.63292      -0.1922553E-03
   14 s    2    85.33769        5.329585        187.6319       0.9848223        197.7049      -0.9490415E-06
   14 s    3    61.31396        5.360927        186.5349        1.566573        201.7106      -0.3000605E-06
   14 s    4    49.88109        5.607393        178.3360        13.97456        878.2267       0.2289719E-02
   14 s    5    43.25685        5.943333        168.2558        12.80388        573.0060       0.2325829E-02
   14 s    6    39.08531        6.346576        157.5653        21.90726        85.47954      -0.2483537E-03
   14 s    7    36.21579        6.785342        147.3765        11.07956        375.9129       0.1087973E-02
   14 s    8    33.35538        7.082675        141.1896        12.31016        568.5073       0.2572859E-03
   14 s    9    31.13640        7.389321        135.3304        11.63909        527.5958      -0.5118435E-03
   14 s   10    29.10463        7.634206        130.9894        7.277474        306.8551      -0.6079353E-03
   14 s   11    27.07873        7.779268        128.5468        5.040793        245.5836      -0.2273148E-03
   14 s   12    25.60101        7.994287        125.0893        20.61436        82.53554      -0.3004994E-02
   14 s   13    25.22758        8.507891        117.5379        20.41573        82.58337      -0.3028061E-02
   14 s   14    24.61997        8.918010        112.1326        7.149526        300.9886      -0.1371562E-03
   14 s   15    23.48824        9.094834        109.9525        7.206128        294.5682       0.1004056E-03
   14 s   16    22.52953        9.286426        107.6841        8.167051        318.6854       0.1861778E-03
   14 s   17    21.73882        9.503564        105.2237        9.118396        355.1802       0.9341035E-04
   14 s   18    21.06939        9.737246        102.6984        9.437184        376.4433      -0.1188242E-03
   14 s   19    20.46875        9.970993        100.2909        9.239438        369.4452      -0.2849145E-03
   14 s   20    19.93598        10.20949        97.94810        9.714579        378.8431      -0.2170631E-03
   14 s   21    19.48059        10.46293        95.57556        10.41097        414.2505      -0.8478705E-04
   14 s   22    19.07902        10.72386        93.25003        10.39648        425.3606      -0.4556375E-04
   14 s   23    18.70519        10.98102        91.06625        10.15742        422.3649      -0.3698921E-04
   14 s   24    18.35015        11.23100        89.03930        9.824909        411.2543      -0.3985480E-04
   14 s   25    18.00758        11.47118        87.17498        9.358268        390.4251      -0.5245811E-04
   14 s   26    17.66883        11.69678        85.49365        8.635019        356.0451      -0.7784045E-04
   15 s    1    141.7123        5.310207        188.3166       0.7315004        198.4361       0.3877657E-04
   15 s    2    90.12366        5.628483        177.6678        22.86019        113.3720       0.5758947E-03
   15 s    3    69.59095        6.084618        164.3489        14.44068        753.3977      -0.1665566E-02
   15 s    4    56.45588        6.346499        157.5672        5.531671        274.8130      -0.1054823E-02
   15 s    5    46.93271        6.448383        155.0776        3.843129        228.2074       0.1154813E-03
   15 s    6    40.47841        6.572784        152.1425        6.666009        260.3731       0.9101749E-03
   15 s    7    36.91965        6.917216        144.5668        22.08851        84.20918      -0.3346210E-03
   15 s    8    35.19771        7.473875        133.7994        22.12665        82.45778      -0.4514798E-03
   15 s    9    32.45020        7.701114        129.8513        4.574687        255.5605       0.6219323E-04
   15 s   10    30.01106        7.871965        127.0331        9.561858        401.0275      -0.2180452E-03
   15 s   11    28.38728        8.155191        122.6213        12.18068        581.2807      -0.6684220E-03
   15 s   12    27.08562        8.457876        118.2330        11.57949        526.9166      -0.7306000E-03
   15 s   13    25.85479        8.719413        114.6866        9.055595        375.3165      -0.4897014E-03
   15 s   14    24.89269        9.016800        110.9041        20.23939        82.64241      -0.3032032E-02
   15 s   15    24.59032        9.521566        105.0247        20.08433        82.70884      -0.3021270E-02
   15 s   16    24.28729        10.01096        99.89055        11.22779        448.3405      -0.1677141E-05
   15 s   17    23.29900        10.18563        98.17756        6.101792        284.3151      -0.8124498E-04
   15 s   18    22.38771        10.34651        96.65092        6.871611        296.7951       0.2212765E-04
   15 s   19    21.62307        10.53330        94.93698        8.092143        330.0652       0.4860322E-04
   15 s   20    20.99178        10.75018        93.02173        9.163108        374.6173      -0.5845811E-04
   15 s   21    20.45328        10.98535        91.03032        9.492511        399.9408      -0.2538157E-03
   15 s   22    19.95760        11.21769        89.14494        8.965786        382.6920      -0.4281442E-03
   15 s   23    19.46965        11.42980        87.49060        7.975902        342.1768      -0.4975043E-03
   15 s   24    18.98225        11.61786        86.07435        7.134717        309.5758      -0.4613284E-03
   15 s   25    18.50934        11.79081        84.81184        6.796320        295.0829      -0.3734298E-03
   15 s   26    18.07032        11.96256        83.59412        7.042956        299.6399      -0.2713432E-03
   16 s    1    142.9860        5.357933        186.6391        16.90414        640.7774       0.2759392E-02
   16 s    2    92.11856        5.753070        173.8202        15.71295        274.8487       0.8878805E-03
   16 s    3    71.31520        6.235376        160.3753        21.97598        86.46648      -0.3619594E-04
   16 s    4    58.48549        6.574658        152.0992        12.00240        450.6006      -0.1519940E-02
   16 s    5    50.32070        6.913882        144.6366        13.86863        758.6940      -0.1588506E-02
   16 s    6    44.66789        7.253060        137.8728        13.05117        871.0210      -0.5840760E-03
   16 s    7    40.21471        7.534575        132.7215        5.003719        314.3783       0.7505727E-04
   16 s    8    35.84407        7.611124        131.3866        2.966898        235.4856       0.1087555E-04
   16 s    9    33.81788        8.025691        124.5999        21.88558        82.56978      -0.5711476E-03
   16 s   10    32.43824        8.508620        117.5279        11.86488        641.4361       0.1020996E-02
   16 s   11    30.46094        8.750919        114.2737        6.547762        299.2811       0.1314522E-03
   16 s   12    28.49037        8.896529        112.4034        6.191729        264.6155      -0.3714270E-06
   16 s   13    26.94760        9.087960        110.0357        9.379635        334.2769      -0.7039263E-04
   16 s   14    25.84514        9.361802        106.8170        12.17742        452.2453      -0.1691968E-03
   16 s   15    25.00396        9.681733        103.2873        13.18110        523.0884      -0.1488947E-03
   16 s   16    24.31581        10.02271        99.77342        19.94829        82.78055      -0.3001892E-02
   16 s   17    23.70116        10.36144        96.51166        13.26676        529.3430      -0.1061954E-03
   16 s   18    23.13490        10.69182        93.52941        13.12871        532.0125      -0.4751453E-04
   16 s   19    22.61666        11.01731        90.76624        12.90727        527.8825      -0.2158026E-04
   16 s   20    22.13637        11.33634        88.21189        12.55629        514.5855      -0.1273223E-04
   16 s   21    21.62930        11.61699        86.08085        8.253424        333.5523      -0.2957809E-04
   16 s   22    20.99585        11.80127        84.73667        7.460233        312.7496      -0.2482253E-04
   16 s   23    20.44033        11.99964        83.33581        8.382762        345.9335      -0.1201599E-03
   16 s   24    19.96027        12.21645        81.85683        8.830623        369.1554      -0.2874015E-03
   16 s   25    19.52031        12.43482        80.41935        8.517010        358.7410      -0.4303364E-03
   16 s   26    19.09125        12.63842        79.12381        7.733489        326.8504      -0.4803365E-03
   17 s    1    165.2512        6.192247        161.4923        16.95441        667.7922      -0.2967991E-02
   17 s    2    101.6605        6.348992        157.5053        1.482702        210.2047      -0.1721174E-04
   17 s    3    73.18721        6.399054        156.2731        3.063521        219.3518       0.3780297E-04
   17 s    4    60.40118        6.790011        147.2752        22.01656        84.30740      -0.1419635E-04
   17 s    5    53.40788        7.338048        136.2760        21.67556        84.17158      -0.1014397E-04
   17 s    6    46.21684        7.504576        133.2520        1.973385        222.7181      -0.6154397E-04
   17 s    7    40.54765        7.596953        131.6317        9.820692        409.1628       0.1792283E-03
   17 s    8    37.19179        7.897298        126.6256        12.30505        771.4604       0.8769479E-03
   17 s    9    34.58024        8.206616        121.8529        12.27408        767.8047       0.1142237E-02
   17 s   10    32.68807        8.574151        116.6296        21.54521        82.97022      -0.7042098E-03
   17 s   11    30.91322        8.880852        112.6018        9.924393        441.1571       0.9425851E-03
   17 s   12    29.35072        9.165185        109.1085        11.72916        647.6817       0.6774621E-03
   17 s   13    28.02603        9.451656        105.8016        10.81981        559.5562       0.1132375E-03
   17 s   14    26.77410        9.698295        103.1109        8.662726        407.1090      -0.3446689E-03
   17 s   15    25.53696        9.888111        101.1315        6.654177        315.7351      -0.4439862E-03
   17 s   16    24.39202        10.05412        99.46169        8.030270        319.4057      -0.3990637E-03
   17 s   17    24.06539        10.52067        95.05097        19.82961        82.85571      -0.2968332E-02
   17 s   18    23.83606        11.01587        90.77813        19.72609        82.93306      -0.2930964E-02
   17 s   19    23.29912        11.34976        88.10761        5.685610        276.9037      -0.2961753E-03
   17 s   20    22.44151        11.49260        87.01249        5.923897        275.8998      -0.1304762E-03
   17 s   21    21.74535        11.67932        85.62144        10.72737        408.7821      -0.1136698E-04
   17 s   22    21.31374        11.97994        83.47284        12.37465        502.5129      -0.7774593E-06
   17 s   23    20.93085        12.28760        81.38284        12.17564        490.5529      -0.1560979E-05
   17 s   24    20.56311        12.58541        79.45709        11.57218        453.2544      -0.7654933E-05
   17 s   25    20.19178        12.86256        77.74502        10.56431        405.5806      -0.4031409E-04
   17 s   26    19.81245        13.11585        76.24361        9.789711        384.1709      -0.1386414E-03
   18 s    1    169.2715        6.342896        157.6567        1.854671        208.7686      -0.9580984E-04
   18 s    2    105.9737        6.618366        151.0947        14.53583        750.1576      -0.1597470E-02
   18 s    3    79.65485        6.964546        143.5844        13.50066        912.1583      -0.9625556E-03
   18 s    4    64.90776        7.296619        137.0498        12.32124        770.0348      -0.3235716E-03
   18 s    5    54.27595        7.457318        134.0965        2.397143        234.4010      -0.2079326E-04
   18 s    6    48.58046        7.888375        126.7688        21.93228        86.57507       0.1040027E-04
   18 s    7    44.79772        8.393240        119.1435        14.20900        255.2442       0.1943553E-03
   18 s    8    40.34658        8.567187        116.7244        3.201919        230.7973      -0.1002827E-03
   18 s    9    36.40092        8.638702        115.7581        2.848204        220.7604      -0.6649412E-07
   18 s   10    33.24521        8.720289        114.6751        3.937985        232.6734       0.2079913E-03
   18 s   11    31.73374        9.116572        109.6903        21.59717        82.06421      -0.8327007E-03
   18 s   12    30.92452        9.656627        103.5558        21.49660        82.04936      -0.9343673E-03
   18 s   13    29.62648        9.991400        100.0861        6.219360        280.8354       0.4810019E-03
   18 s   14    28.10169        10.17918        98.23971        8.655582        341.0566       0.4916607E-03
   18 s   15    26.93144        10.42807        95.89504        10.95191        443.2337       0.1392164E-03
   18 s   16    25.99627        10.71538        93.32381        11.60493        495.3811      -0.3455652E-03
   18 s   17    25.13990        10.99041        90.98838        9.846528        412.1366      -0.6519206E-03
   18 s   18    24.22813        11.19706        89.30912        6.817691        309.0869      -0.5294098E-03
   18 s   19    23.62532        11.50866        86.89109        19.63584        83.01118      -0.2888802E-02
   18 s   20    23.43104        11.99936        83.33781        19.55705        83.08905      -0.2843274E-02
   18 s   21    23.10242        12.40819        80.59191        7.181802        299.1071      -0.5334406E-03
   18 s   22    22.36735        12.57215        79.54090        6.215230        277.5726      -0.3024668E-03
   18 s   23    21.68342        12.72941        78.55824        6.513527        284.2002      -0.1508616E-03
   18 s   24    21.08547        12.90512        77.48864        7.677369        316.0905      -0.6579544E-04
   18 s   25    20.59503        13.11943        76.22281        9.519890        385.4635      -0.3948632E-04
   18 s   26    20.20914        13.37846        74.74700        11.05140        470.0903      -0.4417109E-04
   19 s    1    171.3800        6.421904        155.7171        33.05912        86.40025      -0.5544209E-04
   19 s    2    114.7557        7.166824        139.5318        26.61910        91.80184      -0.6954911E-04
   19 s    3    85.01736        7.433412        134.5277        1.064756        214.5192      -0.6993574E-04
   19 s    4    66.48916        7.474392        133.7901        3.149538        227.2713      -0.1977456E-03
   19 s    5    56.15794        7.715896        129.6026        14.25606        624.7268       0.9992858E-04
   19 s    6    49.80464        8.087154        123.6529        14.89593        532.8493       0.4143473E-03
   19 s    7    45.27129        8.481969        117.8972        18.82333        98.56351      -0.1060082E-03
   19 s    8    41.59647        8.832587        113.2171        12.63368        603.4012       0.3338676E-04
   19 s    9    38.55053        9.148851        109.3033        12.22670        748.4527      -0.4437175E-03
   19 s   10    35.99610        9.441855        105.9114        10.88498        609.8292      -0.5453615E-03
   19 s   11    33.70638        9.683281        103.2708        7.975098        382.5083      -0.1867891E-03
   19 s   12    31.53591        9.847543        101.5482        5.612691        280.2290       0.2474737E-03
   19 s   13    30.22785        10.19421        98.09489        21.39689        82.05699      -0.1023159E-02
   19 s   14    29.56683        10.70990        93.37158        11.17219        613.1509       0.3425380E-03
   19 s   15    28.33656        10.97214        91.13992        9.166839        445.5176       0.1833316E-03
   19 s   16    27.07214        11.15884        89.61506        6.493084        305.2936       0.2152238E-05
   19 s   17    25.93371        11.33745        88.20328        8.405702        330.7636       0.1325907E-06
   19 s   18    25.08528        11.59319        86.25750        11.79336        441.3650      -0.3074982E-03
   19 s   19    24.43758        11.90434        84.00297        12.53647        482.0166      -0.6430261E-03
   19 s   20    23.81219        12.19455        82.00385        10.17818        383.0306      -0.7451427E-03
   19 s   21    23.25143        12.48822        80.07545        19.48806        83.16585      -0.2795538E-02
   19 s   22    23.08493        12.97549        77.06841        19.42739        83.24092      -0.2746530E-02
   19 s   23    22.93020        13.46134        74.28681        19.37371        83.31388      -0.2697019E-02
   19 s   24    22.27145        13.63098        73.36228        6.221230        282.9717      -0.3536426E-03
   19 s   25    21.63892        13.78441        72.54572        6.132087        279.0788      -0.2186898E-03
   19 s   26    21.05918        13.94119        71.72989        6.465263        285.5298      -0.1184128E-03
   20 s    1    186.9684        7.006029        142.7342        16.01861        900.7477      -0.1519744E-02
   20 s    2    118.3864        7.393576        135.2526        6.681579        279.3336       0.4200793E-04
   20 s    3    89.00396        7.781976        128.5021        21.90556        138.7177       0.1087347E-03
   20 s    4    73.16054        8.224357        121.5900        14.76712        752.9769      -0.1146528E-02
   20 s    5    61.69437        8.476581        117.9721        2.740968        226.7734      -0.3581758E-03
   20 s    6    52.49559        8.524103        117.3144        1.897770        214.1459      -0.1301732E-04
   20 s    7    45.89534        8.598890        116.2941        5.775570        251.3528       0.1894465E-03
   20 s    8    42.59430        9.044466        110.5648        22.54502        83.26312      -0.1227795E-03
   20 s    9    40.50419        9.612495        104.0313        22.60954        82.42977      -0.1181285E-03
   20 s   10    37.38627        9.806498        101.9732        3.881007        248.2351      -0.3620367E-05
   20 s   11    34.59153        9.937570        100.6282        6.969652        329.2186      -0.1378511E-03
   20 s   12    32.54253        10.16187        98.40704        10.09755        514.1239      -0.1160516E-03
   20 s   13    30.92602        10.42967        95.88035        11.05992        616.5438       0.1499919E-03
   20 s   14    29.62022        10.72924        93.20326        21.27318        82.22293      -0.1096671E-02
   20 s   15    28.80907        11.15510        89.64511        7.466264        329.0609       0.4921956E-03
   20 s   16    27.65877        11.40064        87.71435        11.50340        541.9577       0.8059533E-03
   20 s   17    26.77581        11.70559        85.42928        12.50000        645.2382       0.6396352E-03
   20 s   18    26.00433        12.01794        83.20895        12.21255        602.8533       0.2947772E-03
   20 s   19    25.26217        12.30603        81.26099        10.62687        446.2570      -0.8704647E-05
   20 s   20    24.53732        12.56590        79.58046        10.90927        401.7553      -0.7057177E-07
   20 s   21    23.96579        12.87190        77.68859        13.44302        501.3634      -0.1004585E-03
   20 s   22    23.52484        13.22275        75.62725        14.26011        560.8427      -0.1263124E-03
   20 s   23    22.94125        13.46782        74.25105        6.972144        302.9904      -0.4789314E-03
   20 s   24    22.76731        13.93447        71.76450        13.50648        567.6413      -0.3010619E-03
   20 s   25    22.38072        14.25695        70.14122        12.19957        506.1924      -0.2728782E-03
   20 s   26    21.96204        14.53889        68.78106        10.25093        417.2140      -0.2651236E-03
