    0 s    2    5.006463       0.3126681        3198.280        6.510118        494.5724      -0.8082541E-02
    0 s    3    5.419275       0.4738291        2110.465        6.757734        402.3461       0.2380860E-02
    0 s    4    5.805735       0.6526529        1532.208        7.480171        359.1107       0.4271004E-02
    0 s    5    6.147693       0.8446706        1183.893        7.792483        341.3481       0.4198586E-02
    0 s    6    6.404836        1.040001        961.5372        7.753241        332.8185       0.3565380E-02
    0 s    7    6.568123        1.230595        812.6152        7.421547        327.7693       0.2675803E-02
    0 s    8    6.639556        1.409842        709.2992        6.870236        324.3186       0.1705648E-02
    0 s    9    6.633085        1.574170        635.2553        6.269745        321.7311       0.9025282E-03
    0 s   10    6.575211        1.724692        579.8137        5.789472        319.1147       0.4107790E-03
    0 s   11    6.492234        1.865110        536.1613        5.459394        315.5306       0.1710729E-03
    0 s   12    6.400291        1.998583        500.3544        5.225059        310.4173       0.6807431E-04
    0 s   13    6.306433        2.126817        470.1862        5.034132        303.5651       0.2639108E-04
    0 s   14    6.212955        2.250498        444.3460        4.858053        295.0165       0.1003145E-04
    0 s   15    6.120330        2.369840        421.9694        4.686070        285.0333       0.3743787E-05
    0 s   16    6.028592        2.484920        402.4275        4.517182        274.0531       0.1372340E-05
    0 s   17    5.937851        2.595852        385.2300        4.354732        262.6032       0.4945556E-06
    0 s   18    5.848416        2.702854        369.9793        4.203195        251.1965       0.1755969E-06
    0 s   19    5.760751        2.806249        356.3476        4.066427        240.2489       0.6172407E-07
    0 s   20    5.675383        2.906441        344.0634        3.946881        230.0419       0.2173081E-07
    0 s   21    5.592820        3.003875        332.9033        3.845487        220.7257       0.7833720E-08
    0 s   22    5.513493        3.099002        322.6845        3.761888        212.3461       0.2826410E-08
    0 s   23    5.437722        3.192253        313.2583        3.694823        204.8779       0.1037788E-08
    0 s   24    5.365710        3.284020        304.5048        3.642503        198.2549       0.2954405E-09
    0 s   25    5.297556        3.374646        296.3274        3.602917        192.3916       0.1218265E-09
    0 s   26    5.233264        3.464424        288.6483        3.574047        187.1972       0.7456206E-10
    1 s    2    10.82041       0.6757661        1479.802        10.88295        300.6039      -0.2037547E-02
    1 s    3    10.69689       0.9352725        1069.207        9.866309        276.6641      -0.1089918E-03
    1 s    4    10.38491        1.167422        856.5884        8.630536        268.3128       0.1806058E-03
    1 s    5    9.908311        1.361366        734.5564        6.762507        294.0499       0.8687714E-03
    1 s    6    9.301965        1.510430        662.0631        5.423295        343.7320       0.2253496E-02
    1 s    7    8.786610        1.646247        607.4421        5.567178        364.2980       0.3631021E-02
    1 s    8    8.452956        1.794899        557.1344        6.312644        367.9254       0.4844653E-02
    1 s    9    8.276482        1.964183        509.1176        7.140068        365.6408       0.5754637E-02
    1 s   10    8.205569        2.152338        464.6110        7.784667        360.4516       0.6261684E-02
    1 s   11    8.192800        2.353655        424.8712        8.187276        352.0740       0.6426660E-02
    1 s   12    8.205756        2.562366        390.2643        8.374785        335.8312       0.6292829E-02
    1 s   13    8.221313        2.772602        360.6721        8.275742        295.5216       0.5589454E-02
    1 s   14    8.204405        2.971855        336.4902        7.394295        209.8978       0.3181336E-02
    1 s   15    8.112722        3.141310        318.3385        6.263858        159.6927       0.7694134E-03
    1 s   16    7.988425        3.292741        303.6983        5.904094        149.6061       0.1889775E-03
    1 s   17    7.866593        3.439040        290.7788        5.801783        147.2057       0.5897748E-04
    1 s   18    7.754820        3.583901        279.0256        5.777258        146.7559       0.2130083E-04
    1 s   19    7.654140        3.728581        268.1986        5.783301        147.0926       0.8364868E-05
    1 s   20    7.563913        3.873583        258.1589        5.801147        147.8117       0.3453064E-05
    1 s   21    7.482981        4.019071        248.8137        5.821020        148.6999       0.1469994E-05
    1 s   22    7.410060        4.165017        240.0950        5.837295        149.6159       0.6378926E-06
    1 s   23    7.343899        4.311288        231.9492        5.846747        150.4578       0.2800415E-06
    1 s   24    7.283351        4.457690        224.3314        5.847658        151.1518       0.1237268E-06
    1 s   25    7.227404        4.603997        217.2026        5.839263        151.6453       0.5479896E-07
    1 s   26    7.175181        4.749975        210.5274        5.821390        151.9027       0.2425276E-07
    2 s    1    10.75797       0.4031199        2480.652        12.83239        379.7654       0.1322108E-03
    2 s    2    14.82255       0.9257113        1080.250        19.57940        95.11762      -0.9148616E-01
    2 s    3    14.24642        1.245622        802.8118        6.072001        387.5821      -0.4627849E-02
    2 s    4    12.26331        1.378582        725.3830        5.061250        361.4290       0.1784134E-03
    2 s    5    11.02379        1.514628        660.2280        6.065671        283.1107       0.7897792E-03
    2 s    6    10.36997        1.683850        593.8770        7.260309        226.1872       0.5894398E-03
    2 s    7    9.975399        1.868977        535.0519        7.419424        202.0035       0.4126804E-03
    2 s    8    9.666161        2.052511        487.2081        7.218082        188.1030       0.3512040E-03
    2 s    9    9.395848        2.229832        448.4643        6.943586        178.1539       0.3496128E-03
    2 s   10    9.150797        2.400274        416.6192        6.674125        170.7277       0.3947230E-03
    2 s   11    8.926514        2.564438        389.9489        6.445253        165.6539       0.5060285E-03
    2 s   12    8.722882        2.723846        367.1280        6.301332        163.8859       0.7685768E-03
    2 s   13    8.545818        2.882039        346.9765        6.385153        170.8326       0.1534194E-02
    2 s   14    8.422005        3.050676        327.7962        7.237852        218.0032       0.3979844E-02
    2 s   15    8.389700        3.248558        307.8289        8.351031        316.6379       0.6438135E-02
    2 s   16    8.404566        3.464270        288.6611        8.710639        361.3217       0.7057820E-02
    2 s   17    8.430015        3.685351        271.3445        8.828875        376.0595       0.7223033E-02
    2 s   18    8.457101        3.908461        255.8552        8.880738        382.4553       0.7294270E-02
    2 s   19    8.483417        4.132548        241.9814        8.907294        386.0691       0.7338149E-02
    2 s   20    8.508195        4.357163        229.5071        8.921363        388.4017       0.7368598E-02
    2 s   21    8.531182        4.582054        218.2427        8.927259        389.7107       0.7384475E-02
    2 s   22    8.552235        4.807006        208.0297        8.923451        389.2380       0.7368714E-02
    2 s   23    8.570833        5.031569        198.7452        8.886276        381.9536       0.7224833E-02
    2 s   24    8.580779        5.251765        190.4122        8.328709        301.8667       0.5373437E-02
    2 s   25    8.525984        5.431218        184.1208        6.504940        184.9231       0.2745355E-03
    2 s   26    8.446532        5.591609        178.8394        6.351037        178.1650       0.3410144E-04
    3 s    1    25.38572       0.9512471        1051.252        6.151163        755.7821       0.7674865E-03
    3 s    2    17.83753        1.114005        897.6619        6.723664        369.7651      -0.1987074E-02
    3 s    3    15.91267        1.391309        718.7476        16.49290        91.23307      -0.7373113E-01
    3 s    4    15.99865        1.798491        556.0217        16.33562        89.31628      -0.7186379E-01
    3 s    5    16.00286        2.198735        454.8069        16.12527        89.11755      -0.6859134E-01
    3 s    6    15.82500        2.569624        389.1620        5.852652        276.2577      -0.5305993E-03
    3 s    7    14.46600        2.710330        368.9588        5.482309        274.0720       0.2663754E-03
    3 s    8    13.39913        2.845169        351.4730        5.309322        268.2139       0.3639035E-03
    3 s    9    12.54614        2.977462        335.8566        5.277416        263.0875       0.4194202E-03
    3 s   10    11.85840        3.110485        321.4933        5.360920        258.1006       0.4371275E-03
    3 s   11    11.30089        3.246557        308.0187        5.514491        252.8782       0.4265131E-03
    3 s   12    10.84625        3.386898        295.2554        5.697504        247.2829       0.3974734E-03
    3 s   13    10.47264        3.531853        283.1375        5.880489        241.3531       0.3583849E-03
    3 s   14    10.16261        3.681170        271.6528        6.045056        235.2241       0.3156680E-03
    3 s   15    9.902324        3.834258        260.8066        6.181892        229.0599       0.2738581E-03
    3 s   16    9.680949        3.990381        250.6026        6.288244        223.0075       0.2359046E-03
    3 s   17    9.490102        4.148790        241.0341        6.365471        217.1778       0.2035900E-03
    3 s   18    9.323350        4.308799        232.0832        6.417087        211.6453       0.1780121E-03
    3 s   19    9.175787        4.469824        223.7224        6.447446        206.4586       0.1601602E-03
    3 s   20    9.043679        4.631392        215.9178        6.461065        201.6576       0.1518475E-03
    3 s   21    8.924206        4.793145        208.6313        6.462725        197.3079       0.1580669E-03
    3 s   22    8.815299        4.954868        201.8217        6.459611        193.6224       0.1963461E-03
    3 s   23    8.715844        5.116699        195.4385        6.479160        191.8185       0.3620181E-03
    3 s   24    8.630802        5.282381        189.3086        7.010391        216.7117       0.2224657E-02
    3 s   25    8.615307        5.488118        182.2118        8.803344        383.0936       0.7358651E-02
    3 s   26    8.628529        5.712092        175.0672        8.921278        401.0550       0.7623016E-02
    4 s    1    37.44578        1.403158        712.6780        12.33234        379.1946       0.5688488E-04
    4 s    2    27.61575        1.724683        579.8167        13.14068        470.2425       0.1455719E-03
    4 s    3    23.48485        2.053375        487.0030        12.91538        547.2911       0.3016763E-04
    4 s    4    20.25833        2.277344        439.1080        5.805259        315.0057       0.9121015E-04
    4 s    5    17.64040        2.423727        412.5878        5.903307        290.4492       0.6038477E-04
    4 s    6    15.98580        2.595734        385.2475        15.91604        89.51181      -0.6546381E-01
    4 s    7    15.95924        2.990102        334.4368        15.94766        88.98797      -0.6411384E-01
    4 s    8    15.93139        3.382869        295.6070        15.87171        89.01091      -0.6249481E-01
    4 s    9    15.41614        3.658574        273.3305        6.504874        344.3216       0.1527729E-03
    4 s   10    14.53162        3.811675        262.3519        5.822050        307.4916       0.2229902E-03
    4 s   11    13.76116        3.953350        252.9500        5.543913        287.3259       0.2729271E-03
    4 s   12    13.10128        4.091064        244.4352        5.483892        275.6927       0.3024731E-03
    4 s   13    12.53990        4.229028        236.4610        5.552853        268.7573       0.3148868E-03
    4 s   14    12.06358        4.369750        228.8460        5.697805        264.6440       0.3138690E-03
    4 s   15    11.65950        4.514651        221.5011        5.882631        262.3193       0.3027004E-03
    4 s   16    11.31614        4.664390        214.3903        6.082203        261.1577       0.2841433E-03
    4 s   17    11.02341        4.819108        207.5073        6.279476        260.7533       0.2605387E-03
    4 s   18    10.77266        4.978598        200.8597        6.463374        260.8278       0.2338919E-03
    4 s   19    10.55654        5.142434        194.4604        6.627128        261.1797       0.2059078E-03
    4 s   20    10.36891        5.310060        188.3218        6.766986        261.6561       0.1779915E-03
    4 s   21    10.20463        5.480855        182.4533        6.881240        262.1351       0.1512411E-03
    4 s   22    10.05944        5.654172        176.8605        6.969513        262.5158       0.1264500E-03
    4 s   23    9.929813        5.829368        171.5452        7.032254        262.7112       0.1041272E-03
    4 s   24    9.812810        6.005816        166.5053        7.070402        262.6446       0.8453381E-04
    4 s   25    9.706009        6.182917        161.7360        7.085199        262.2469       0.6773071E-04
    4 s   26    9.607403        6.360107        157.2301        7.078119        261.4569       0.5362874E-04
    5 s    1    44.99335        1.685979        593.1272        30.60656        89.56082      -0.6177319E-04
    5 s    2    33.11971        2.068421        483.4605        3.009017        295.4188       0.2231792E-03
    5 s    3    24.72691        2.161974        462.5402        4.769845        270.5272       0.3109106E-03
    5 s    4    21.28896        2.393202        417.8502        12.71996        425.6763       0.5568451E-04
    5 s    5    19.70412        2.707274        369.3753        12.22173        466.6128       0.1678951E-04
    5 s    6    18.47503        2.999930        333.3412        11.13236        471.2029       0.1415886E-04
    5 s    7    17.40392        3.260776        306.6755        9.665144        457.6794       0.2903169E-04
    5 s    8    16.38999        3.480247        287.3360        7.880325        405.3102       0.7661910E-04
    5 s    9    15.90142        3.773740        264.9891        15.79227        89.04189      -0.6114851E-01
    5 s   10    15.86971        4.162658        240.2311        15.71209        89.08113      -0.6000614E-01
    5 s   11    15.31820        4.400664        227.2384        9.269214        337.8727       0.5879318E-04
    5 s   12    14.82861        4.630449        215.9618        9.080514        350.6709       0.6513387E-04
    5 s   13    14.39158        4.853497        206.0370        8.728801        356.1432       0.8123107E-04
    5 s   14    13.98468        5.065626        197.4090        8.208851        351.7030       0.1078049E-03
    5 s   15    13.59289        5.263274        189.9958        7.590630        336.9640       0.1397516E-03
    5 s   16    13.21213        5.445894        183.6246        7.031508        317.7112       0.1653073E-03
    5 s   17    12.84734        5.616474        178.0477        6.632129        300.4374       0.1765854E-03
    5 s   18    12.50460        5.779017        173.0398        6.380707        287.1112       0.1744449E-03
    5 s   19    12.18684        5.936605        168.4465        6.227753        277.0769       0.1632798E-03
    5 s   20    11.89417        6.091166        164.1722        6.133959        269.3240       0.1471330E-03
    5 s   21    11.62525        6.243861        160.1573        6.076140        263.1177       0.1288982E-03
    5 s   22    11.37821        6.395420        156.3619        6.042175        258.0005       0.1104905E-03
    5 s   23    11.15114        6.546357        152.7567        6.026259        253.6969       0.9310185E-04
    5 s   24    10.94227        6.697088        149.3186        6.025843        250.0398       0.7739617E-04
    5 s   25    10.75004        6.847986        146.0283        6.039800        246.9253       0.6365975E-04
    5 s   26    10.57311        6.999402        142.8693        6.067349        244.2866       0.5192335E-04
    6 s    1    52.56675        1.969767        507.6742        7.426530        531.9065      -0.9360358E-03
    6 s    2    38.77285        2.421477        412.9712        26.52142        94.20559      -0.1637296E-03
    6 s    3    32.33270        2.826979        353.7345        12.29985        424.5384       0.2640940E-03
    6 s    4    27.46754        3.087769        323.8584        8.187314        318.9860       0.3955968E-03
    6 s    5    23.65392        3.249963        307.6958        5.538080        260.1051       0.1996477E-03
    6 s    6    20.86451        3.387928        295.1657        5.713468        250.3724       0.1110728E-03
    6 s    7    18.90448        3.541917        282.3329        6.684068        250.2099       0.9159943E-04
    6 s    8    17.54549        3.725607        268.4127        8.009620        264.1203       0.8624636E-04
    6 s    9    16.59903        3.939298        253.8523        8.954909        292.1101       0.7178115E-04
    6 s   10    15.89118        4.168290        239.9065        9.277126        318.4067       0.5353110E-04
    6 s   11    15.83688        4.549671        219.7961        15.63694        89.09925      -0.5904300E-01
    6 s   12    15.80360        4.934901        202.6383        15.56726        89.11833      -0.5820391E-01
    6 s   13    15.37871        5.186401        192.8119        6.815759        256.1659       0.1979372E-03
    6 s   14    14.80310        5.362080        186.4948        7.239545        258.2808       0.1811989E-03
    6 s   15    14.33176        5.549370        180.2006        7.725783        265.1690       0.1502009E-03
    6 s   16    13.94494        5.747951        173.9750        8.118051        275.2008       0.1181400E-03
    6 s   17    13.61916        5.953889        167.9574        8.309143        284.5496       0.9509711E-04
    6 s   18    13.33334        6.162022        162.2844        8.301219        290.4251       0.8258152E-04
    6 s   19    13.07221        6.367901        157.0376        8.137445        291.8835       0.7829366E-04
    6 s   20    12.82568        6.568205        152.2486        7.863516        289.0727       0.7949098E-04
    6 s   21    12.58773        6.760804        147.9114        7.530267        282.8746       0.8326092E-04
    6 s   22    12.35584        6.944921        143.9901        7.193737        274.7449       0.8643921E-04
    6 s   23    12.13010        7.121063        140.4285        6.897241        266.1830       0.8647531E-04
    6 s   24    11.91181        7.290486        137.1651        6.656468        258.1656       0.8241709E-04
    6 s   25    11.70221        7.454536        134.1465        6.465589        251.0862       0.7486411E-04
    6 s   26    11.50197        7.614311        131.3317        6.312701        245.0338       0.6518856E-04
    7 s    1    58.71424        2.200124        454.5197        8.970884        266.4463      -0.5182581E-03
    7 s    2    40.34307        2.519541        396.8977        15.33517        344.7133      -0.3962259E-03
    7 s    3    35.66597        3.118420        320.6752        25.76387        91.50761      -0.5768520E-03
    7 s    4    29.91210        3.362575        297.3911        8.460240        360.0990       0.7160620E-04
    7 s    5    26.38957        3.625831        275.7989        11.83990        495.2505       0.2133450E-03
    7 s    6    24.16799        3.924337        254.8201        11.62207        480.4832       0.2121023E-03
    7 s    7    22.35083        4.187622        238.7990        9.205048        377.2209       0.1750621E-03
    7 s    8    20.65796        4.386509        227.9717        6.967594        304.7617       0.1432342E-03
    7 s    9    19.16920        4.549254        219.8162        6.227836        277.6131       0.1387587E-03
    7 s   10    17.93223        4.703663        212.6003        6.167198        266.8848       0.1552033E-03
    7 s   11    16.91547        4.859532        205.7811        6.301509        261.2262       0.1783155E-03
    7 s   12    16.07545        5.019792        199.2114        6.512711        257.6389       0.1955984E-03
    7 s   13    15.77047        5.318523        188.0221        15.50519        89.12981      -0.5746986E-01
    7 s   14    15.73803        5.700735        175.4160        15.45117        89.13402      -0.5682097E-01
    7 s   15    15.70665        6.081738        164.4267        15.40497        89.13166      -0.5624204E-01
    7 s   16    15.39040        6.343754        157.6354        5.632832        236.0819       0.1883070E-03
    7 s   17    14.83811        6.486780        154.1597        5.799381        236.0027       0.1924372E-03
    7 s   18    14.35591        6.634603        150.7249        6.017131        236.7561       0.1913864E-03
    7 s   19    13.93562        6.788493        147.3081        6.284225        238.4071       0.1848535E-03
    7 s   20    13.57030        6.949536        143.8945        6.586069        241.0279       0.1732744E-03
    7 s   21    13.25318        7.118215        140.4847        6.888749        244.4889       0.1582469E-03
    7 s   22    12.97685        7.293975        137.0995        7.145874        248.2869       0.1423984E-03
    7 s   23    12.73333        7.475192        133.7758        7.322778        251.7071       0.1282362E-03
    7 s   24    12.51513        7.659741        130.5527        7.415167        254.2484       0.1169338E-03
    7 s   25    12.31632        7.845737        127.4578        7.443876        255.8450       0.1082075E-03
    7 s   26    12.13284        8.031947        124.5028        7.437490        256.7307       0.1009951E-03
    8 s    1    76.73640        2.875446        347.7721        14.33764        861.3481       0.1343129E-02
    8 s    2    50.46967        3.151976        317.2613        1.814246        231.5743      -0.6226631E-05
    8 s    3    36.80941        3.218396        310.7138        4.006666        257.9277      -0.1211524E-04
    8 s    4    33.38187        3.752629        266.4798        24.05651        101.3430      -0.1290301E-02
    8 s    5    30.60123        4.204498        237.8405        12.65192        603.2487      -0.2027312E-03
    8 s    6    27.37390        4.444906        224.9766        7.391453        319.5477       0.2195526E-04
    8 s    7    24.82253        4.650716        215.0207        9.702588        335.5164       0.7937875E-06
    8 s    8    23.22234        4.931028        202.7975        12.39518        424.3122       0.7681688E-06
    8 s    9    22.12348        5.250367        190.4629        12.63247        500.0066       0.1823772E-05
    8 s   10    20.97596        5.502039        181.7508        7.056516        323.9397       0.1104891E-03
    8 s   11    19.68927        5.656398        176.7910        5.715132        265.8770       0.1355947E-03
    8 s   12    18.55983        5.795576        172.5454        5.462548        250.2105       0.1435739E-03
    8 s   13    17.58802        5.931483        168.5919        5.412387        243.0057       0.1550475E-03
    8 s   14    16.74982        6.067233        164.8198        5.439391        239.1479       0.1680148E-03
    8 s   15    16.02314        6.204285        161.1789        5.514027        237.0474       0.1797513E-03
    8 s   16    15.67660        6.461722        154.7575        15.36596        89.12359      -0.5572138E-01
    8 s   17    15.64804        6.840858        146.1805        15.33327        89.11075      -0.5524993E-01
    8 s   18    15.62106        7.219295        138.5177        15.30601        89.09400      -0.5482060E-01
    8 s   19    15.50694        7.553934        132.3813        5.408363        237.1268       0.1242651E-03
    8 s   20    15.01635        7.690079        130.0377        5.478633        233.6696       0.1240744E-03
    8 s   21    14.57590        7.828640        127.7361        5.599883        231.6611       0.1221619E-03
    8 s   22    14.18094        7.970764        125.4585        5.762352        230.8093       0.1188011E-03
    8 s   23    13.82721        8.117363        123.1927        5.956217        230.9307       0.1141735E-03
    8 s   24    13.51070        8.269068        120.9326        6.168675        231.8412       0.1084688E-03
    8 s   25    13.22746        8.426150        118.6782        6.383921        233.3151       0.1019439E-03
    8 s   26    12.97351        8.588471        116.4352        6.585487        235.0934       0.9493121E-04
    9 s    1    83.29099        3.121058        320.4042       0.8148407        222.9497       0.7030337E-06
    9 s    2    51.68081        3.227616        309.8262        13.77759        914.6704      -0.1416325E-03
    9 s    3    40.80659        3.567885        280.2781        13.55750        750.6724      -0.4614790E-03
    9 s    4    34.77938        3.909732        255.7720        14.23699        413.9505      -0.2349412E-03
    9 s    5    31.83830        4.374467        228.5993        12.81460        140.9034      -0.9122503E-03
    9 s    6    28.31496        4.597712        217.4995        11.41783        475.1913       0.2347962E-05
    9 s    7    26.10255        4.890538        204.4765        11.46405        533.0141       0.1581603E-03
    9 s    8    24.27486        5.154519        194.0045        9.547645        402.4735       0.2189016E-03
    9 s    9    22.62614        5.369658        186.2316        8.058296        300.9545       0.2033725E-03
    9 s   10    21.41640        5.617568        178.0130        12.26885        372.7610       0.6185465E-04
    9 s   11    20.65009        5.932427        168.5651        12.52020        435.2344       0.2011815E-04
    9 s   12    19.97374        6.237089        160.3312        11.80292        441.9696       0.1264549E-04
    9 s   13    19.33447        6.520465        153.3633        10.81409        430.1033       0.1453139E-04
    9 s   14    18.69907        6.773304        147.6384        9.275361        390.1719       0.3145017E-04
    9 s   15    18.02281        6.978573        143.2958        7.158951        316.8978       0.7184021E-04
    9 s   16    17.32182        7.139866        140.0587        5.933575        271.2238       0.1029797E-03
    9 s   17    16.65777        7.282282        137.3196        5.524381        252.1689       0.1164484E-03
    9 s   18    16.05263        7.418744        134.7937        5.406823        242.6937       0.1221816E-03
    9 s   19    15.59567        7.597160        131.6281        15.28327        89.07410      -0.5442776E-01
    9 s   20    15.57185        7.974559        125.3988        15.26425        89.05173      -0.5406686E-01
    9 s   21    15.54954        8.351579        119.7378        15.24825        89.02741      -0.5373418E-01
    9 s   22    15.35690        8.631745        115.8514        7.172759        289.8512       0.6437268E-04
    9 s   23    15.00158        8.806788        113.5488        6.834809        279.4342       0.7366038E-04
    9 s   24    14.66333        8.974519        111.4266        6.591621        270.7935       0.8056334E-04
    9 s   25    14.34414        9.137498        109.4391        6.453192        264.4618       0.8442473E-04
    9 s   26    14.04557        9.298179        107.5479        6.403590        260.1917       0.8554669E-04
   10 s    1    88.60390        3.320142        301.1920        23.29171        88.15651      -0.8984617E-04
   10 s    2    62.67111        3.913992        255.4936        23.86981        84.11889       0.8817116E-05
   10 s    3    48.56708        4.246417        235.4927        2.053625        230.9972       0.5011873E-04
   10 s    4    38.26629        4.301713        232.4655        2.644236        228.3618      -0.4183992E-05
   10 s    5    32.09863        4.410234        226.7453        15.71164        128.9527      -0.8824755E-03
   10 s    6    30.70382        4.985610        200.5773        23.30191        90.65188      -0.2435260E-02
   10 s    7    29.23595        5.477609        182.5614        7.596785        258.7023      -0.2090900E-03
   10 s    8    26.72906        5.675643        176.1915        8.865275        291.5060      -0.5922279E-04
   10 s    9    24.96164        5.923920        168.8071        10.88116        352.3361       0.5211055E-04
   10 s   10    23.65343        6.204346        161.1773        11.21234        380.4541       0.1674682E-03
   10 s   11    22.49772        6.463220        154.7216        9.178913        324.8144       0.2251191E-03
   10 s   12    21.33158        6.661095        150.1255        6.893130        267.8174       0.1995549E-03
   10 s   13    20.22919        6.822204        146.5802        6.223055        246.2424       0.1626250E-03
   10 s   14    19.27782        6.982942        143.2061        6.827040        246.3002       0.1288385E-03
   10 s   15    18.52210        7.171904        139.4330        8.286767        274.1236       0.8261350E-04
   10 s   16    17.92927        7.390249        135.3134        8.987079        305.5039       0.5102704E-04
   10 s   17    17.41979        7.615415        131.3126        8.952132        318.6210       0.3968697E-04
   10 s   18    16.95593        7.836205        127.6128        8.684991        320.5647       0.3746962E-04
   10 s   19    16.52371        8.049237        124.2354        8.343281        316.9836       0.3998341E-04
   10 s   20    16.11602        8.253236        121.1646        7.964930        310.0160       0.4589557E-04
   10 s   21    15.72809        8.447479        118.3785        7.565170        300.5965       0.5445626E-04
   10 s   22    15.52867        8.728292        114.5699        15.23464        89.00156      -0.5342664E-01
   10 s   23    15.50915        9.104756        109.8327        15.22293        88.97449      -0.5314165E-01
   10 s   24    15.25642        9.337512        107.0949        7.297855        272.1003       0.5952238E-04
   10 s   25    14.94847        9.522468        105.0148        7.474937        279.3995       0.4936560E-04
   10 s   26    14.66883        9.710773        102.9784        7.567759        284.4014       0.4272104E-04
   11 s    1    99.11327        3.713946        269.2554        15.68816        650.8608       0.5119463E-03
   11 s    2    65.36347        4.082137        244.9697        13.56118        678.1183       0.1008570E-02
   11 s    3    50.84262        4.445376        224.9529        13.94915        309.3672       0.6222159E-03
   11 s    4    42.43102        4.769891        209.6484        12.40244        628.3708       0.4681019E-03
   11 s    5    36.84682        5.062619        197.5262        10.89078        525.8887       0.2322506E-03
   11 s    6    32.64023        5.300040        188.6778        8.048709        324.0662      -0.9602531E-05
   11 s    7    29.71019        5.566461        179.6474        22.27744        90.92012      -0.2770041E-02
   11 s    8    28.75822        6.106516        163.7595        13.10395        345.6764      -0.5483404E-03
   11 s    9    26.91589        6.387705        156.5507        10.27486        508.2482      -0.4673412E-04
   11 s   10    25.19835        6.609581        151.2955        7.911577        337.8347       0.5967185E-09
   11 s   11    23.74376        6.821186        146.6021        9.541202        345.7408       0.1624298E-04
   11 s   12    22.70298        7.089334        141.0570        11.60340        413.9941       0.1031585E-03
   11 s   13    21.88750        7.381464        135.4745        11.41864        421.0722       0.1958452E-03
   11 s   14    21.11038        7.646746        130.7746        9.655614        361.6747       0.2498569E-03
   11 s   15    20.30967        7.864066        127.1607        7.823220        304.2082       0.2500873E-03
   11 s   16    19.51754        8.044918        124.3021        6.751415        272.2797       0.2247134E-03
   11 s   17    18.77257        8.206809        121.8500        6.249134        255.9626       0.1976954E-03
   11 s   18    18.09007        8.360353        119.6122        6.053208        247.6255       0.1739243E-03
   11 s   19    17.47257        8.511455        117.4887        6.043000        244.1601       0.1524189E-03
   11 s   20    16.91831        8.664099        115.4188        6.172985        244.4903       0.1317463E-03
   11 s   21    16.42436        8.821441        113.3602        6.414817        248.2435       0.1112316E-03
   11 s   22    15.98676        8.985775        111.2870        6.724587        254.9380       0.9137430E-04
   11 s   23    15.59988        9.158023        109.1939        7.038335        263.4433       0.7366471E-04
   11 s   24    15.49089        9.481016        105.4739        15.21269        88.94643      -0.5287699E-01
   11 s   25    15.47380        9.857111        101.4496        15.20359        88.91753      -0.5263078E-01
   11 s   26    15.45783        10.23309        97.72216        15.19530        88.88723      -0.5240100E-01
   12 s    1    112.3542        4.210106        237.5237       0.5853174        219.7692      -0.9802713E-06
   12 s    2    67.82650        4.235961        236.0739        1.989419        229.9906       0.4873049E-04
   12 s    3    51.68847        4.519332        221.2716        22.75647        96.18212       0.7708704E-04
   12 s    4    45.43121        5.107159        195.8036        23.67354        83.70714      -0.3896073E-04
   12 s    5    39.28946        5.398228        185.2460        4.992595        226.0529       0.5033026E-04
   12 s    6    34.28809        5.567614        179.6102        8.766182        323.5619       0.7177466E-04
   12 s    7    31.07937        5.822989        171.7331        11.21908        485.5148      -0.1982041E-04
   12 s    8    28.87714        6.131767        163.0851        20.73952        99.57178      -0.2729608E-02
   12 s    9    27.76009        6.588051        151.7900        6.913535        256.8397      -0.1259647E-03
   12 s   10    25.96482        6.810628        146.8293        10.73360        381.7773      -0.1350687E-03
   12 s   11    24.70705        7.097922        140.8863        11.95283        486.8136      -0.6137656E-04
   12 s   12    23.69336        7.398593        135.1608        12.05306        509.9621       0.1326511E-04
   12 s   13    22.82556        7.697821        129.9069        11.90989        488.6324       0.5346137E-04
   12 s   14    22.07460        7.996011        125.0624        12.01853        471.1414       0.4652105E-04
   12 s   15    21.43434        8.299545        120.4885        12.21646        477.1643       0.3439909E-04
   12 s   16    20.86429        8.600031        116.2787        11.56927        460.6584       0.6398285E-04
   12 s   17    20.26397        8.858804        112.8821        8.923336        359.1667       0.1938793E-03
   12 s   18    19.60061        9.058450        110.3942        7.336459        305.8462       0.2542752E-03
   12 s   19    18.95687        9.234508        108.2895        6.812544        287.9379       0.2565392E-03
   12 s   20    18.35922        9.402007        106.3603        6.592528        279.1506       0.2461475E-03
   12 s   21    17.80961        9.565449        104.5429        6.469973        273.4730       0.2314816E-03
   12 s   22    17.30423        9.726290        102.8141        6.379757        269.1056       0.2142332E-03
   12 s   23    16.83836        9.885078        101.1626        6.306541        265.5439       0.1952287E-03
   12 s   24    16.40929        10.04312        99.57069        6.252856        262.7590       0.1748606E-03
   12 s   25    16.01105        10.19935        98.04545        6.235623        261.0023       0.1551577E-03
   12 s   26    15.64298        10.35566        96.56552        6.261888        260.4445       0.1362280E-03
   13 s    1    120.1695        4.502958        222.0762        13.92367        629.7263      -0.4545968E-04
   13 s    2    77.65700        4.849904        206.1897        14.10056        778.4818       0.4512959E-03
   13 s    3    59.45627        5.198503        192.3631        11.35964        437.4285       0.3471252E-03
   13 s    4    47.16259        5.301792        188.6155        3.153977        203.5650       0.2011399E-04
   13 s    5    41.52502        5.705386        175.2730        23.67006        88.04709      -0.1248165E-03
   13 s    6    37.91510        6.156559        162.4284        9.718483        403.9828       0.4200431E-03
   13 s    7    33.78391        6.329709        157.9851        5.182043        270.2381       0.1531898E-03
   13 s    8    30.37240        6.449270        155.0563        4.810105        238.9812      -0.3172969E-05
   13 s    9    28.15016        6.680624        149.6866        21.76449        88.86987      -0.3379543E-02
   13 s   10    27.53459        7.222380        138.4585        21.48623        88.32526      -0.3528541E-02
   13 s   11    26.83969        7.710595        129.6917        5.558804        255.1727      -0.7091225E-04
   13 s   12    25.16064        7.856772        127.2787        6.319373        261.8830      -0.6341094E-04
   13 s   13    23.81617        8.031899        124.5036        7.783053        286.7704      -0.2842415E-04
   13 s   14    22.76321        8.245445        121.2791        9.216384        326.7218       0.6709861E-04
   13 s   15    21.90926        8.483439        117.8767        9.642395        348.7011       0.1846842E-03
   13 s   16    21.16224        8.722844        114.6415        9.611930        346.6510       0.2283729E-03
   13 s   17    20.54177        8.980252        111.3554        11.18678        400.0006       0.1199264E-03
   13 s   18    20.06253        9.271925        107.8525        11.87466        449.8918       0.5586371E-04
   13 s   19    19.63818        9.566396        104.5326        11.59143        452.1460       0.4830806E-04
   13 s   20    19.22934        9.847606        101.5475        10.82458        425.7923       0.6340300E-04
   13 s   21    18.81858        10.10736        98.93776        9.575774        378.5009       0.9935680E-04
   13 s   22    18.37832        10.33001        96.80529        8.265015        332.9621       0.1451780E-03
   13 s   23    17.92781        10.52465        95.01502        7.377148        304.3557       0.1803111E-03
   13 s   24    17.48738        10.70294        93.43224        6.924477        289.1163       0.1996573E-03
   13 s   25    17.06904        10.87331        91.96829        6.712806        280.6383       0.2074905E-03
   13 s   26    16.67666        11.03996        90.58004        6.611345        275.3203       0.2073843E-03
   14 s    1    129.9961        4.871180        205.2891        25.28111        89.56611       0.9611091E-06
   14 s    2    83.30854        5.202859        192.2020        1.393471        195.9257       0.1240147E-05
   14 s    3    60.13184        5.257570        190.2019        5.268520        254.2829       0.1005461E-03
   14 s    4    49.57389        5.572859        179.4411        13.73255        776.2567       0.2666514E-03
   14 s    5    42.96980        5.903894        169.3797        12.83885        493.7885       0.4407804E-03
   14 s    6    38.97617        6.328854        158.0065        22.74857        87.50931      -0.2236238E-03
   14 s    7    35.79995        6.707432        149.0884        12.02879        416.6718       0.5196617E-03
   14 s    8    33.06938        7.021947        142.4107        12.89326        552.3994       0.4650949E-03
   14 s    9    30.90628        7.334710        136.3380        11.68818        481.3072       0.1970644E-03
   14 s   10    28.84347        7.565703        132.1754        6.708526        287.3119      -0.3196445E-04
   14 s   11    27.00072        7.756856        128.9182        21.19373        88.01875      -0.3588683E-02
   14 s   12    26.53231        8.285097        120.6986        20.99572        87.63879      -0.3611620E-02
   14 s   13    25.74457        8.682243        115.1776        9.792515        385.7879      -0.1364496E-03
   14 s   14    24.54353        8.890323        112.4819        7.495723        304.6333      -0.9589076E-04
   14 s   15    23.45447        9.081757        110.1108        8.114900        318.7207      -0.4357681E-04
   14 s   16    22.56455        9.300859        107.5170        9.414536        364.9686       0.4662954E-04
   14 s   17    21.83610        9.546095        104.7549        10.03561        403.1247       0.1669561E-03
   14 s   18    21.18956        9.792785        102.1160        9.550554        392.7885       0.2588050E-03
   14 s   19    20.57798        10.02420        99.75854        8.638451        356.7591       0.2810209E-03
   14 s   20    19.98584        10.23502        97.70375        8.353209        339.8389       0.2529780E-03
   14 s   21    19.45487        10.44911        95.70194        8.867311        350.3088       0.2028350E-03
   14 s   22    19.00310        10.68118        93.62258        9.665714        378.5543       0.1497420E-03
   14 s   23    18.61718        10.92935        91.49676        10.08945        401.1069       0.1139637E-03
   14 s   24    18.26952        11.18164        89.43228        10.01093        403.6823       0.9928299E-04
   14 s   25    17.93778        11.42671        87.51423        9.525679        385.4972       0.1011365E-03
   14 s   26    17.60631        11.65539        85.79724        8.714217        351.7364       0.1154167E-03
   15 s    1    138.1333        5.176095        193.1958       0.7827556        193.6571      -0.5782066E-06
   15 s    2    87.98821        5.495118        181.9797        24.29901        94.82284      -0.4610493E-04
   15 s    3    68.94838        6.028436        165.8805        14.45554        459.7144       0.9062434E-03
   15 s    4    55.52859        6.242257        160.1985        4.058767        234.9609       0.1632651E-03
   15 s    5    46.07835        6.330997        157.9530        3.861136        214.2424       0.1456256E-04
   15 s    6    39.83920        6.468990        154.5836        8.266769        244.8850       0.2562189E-03
   15 s    7    37.05374        6.942339        144.0437        23.99547        85.04837      -0.3410308E-03
   15 s    8    35.17744        7.469571        133.8765        3.552276        253.4576       0.3860341E-06
   15 s    9    31.92615        7.576746        131.9828        5.482732        280.5348       0.2671681E-04
   15 s   10    29.66602        7.781461        128.5106        11.03076        467.7196       0.3373177E-04
   15 s   11    28.14580        8.085819        123.6733        12.73415        583.1884      -0.7211703E-04
   15 s   12    26.90346        8.400995        119.0335        12.30282        535.7029      -0.1297412E-03
   15 s   13    26.11907        8.808540        113.5262        20.82144        87.31596      -0.3593780E-02
   15 s   14    25.24533        9.144533        109.3550        11.48328        451.1485      -0.9497788E-05
   15 s   15    24.37584        9.438518        105.9488        11.76441        462.9746      -0.3695475E-05
   15 s   16    23.59139        9.724112        102.8372        10.98227        416.8391      -0.2628163E-06
   15 s   17    22.84463        9.986992        100.1302        10.15089        376.2759      -0.1328721E-05
   15 s   18    22.16623        10.24416        97.61664        10.35104        383.8111       0.3590823E-04
   15 s   19    21.57944        10.51205        95.12896        11.06280        426.1530       0.1329346E-03
   15 s   20    21.07299        10.79177        92.66322        11.15910        449.1609       0.2458116E-03
   15 s   21    20.59504        11.06149        90.40375        10.25421        413.8844       0.3156879E-03
   15 s   22    20.10295        11.29938        88.50040        8.732179        351.1397       0.3140421E-03
   15 s   23    19.59076        11.50090        86.94975        7.472786        306.9333       0.2676004E-03
   15 s   24    19.08267        11.67932        85.62141        6.893734        287.1590       0.2169658E-03
   15 s   25    18.60370        11.85092        84.38162        6.900238        284.3563       0.1734247E-03
   15 s   26    18.16957        12.02826        83.13751        7.325748        295.0251       0.1342445E-03
   16 s    1    142.3889        5.335559        187.4218        16.05789        642.9655      -0.6479360E-03
   16 s    2    91.45575        5.711676        175.0800        14.39518        432.9199      -0.2904212E-04
   16 s    3    69.98281        6.118880        163.4286        21.46362        90.06353       0.7849550E-04
   16 s    4    57.63548        6.479104        154.3423        12.58202        497.4473       0.8198494E-03
   16 s    5    49.57604        6.811567        146.8091        13.47248        699.4163       0.2150981E-03
   16 s    6    43.98361        7.141949        140.0178        12.86566        762.0493      -0.1452230E-04
   16 s    7    39.40571        7.383001        135.4463        4.153359        288.8289       0.2518460E-04
   16 s    8    35.53417        7.545319        132.5325        24.00542        85.33292      -0.4934604E-03
   16 s    9    34.14117        8.102415        123.4200        13.62846        379.5827       0.3468529E-03
   16 s   10    31.98482        8.389687        119.1940        10.03955        483.3416       0.2947323E-03
   16 s   11    29.88128        8.584393        116.4905        5.873831        291.4578       0.3082730E-04
   16 s   12    27.92538        8.720104        114.6775        5.565162        269.5210      -0.4717553E-05
   16 s   13    26.35610        8.888477        112.5052        8.442150        331.2682      -0.3017966E-06
   16 s   14    25.75202        9.328070        107.2033        20.68228        87.02489      -0.3552265E-02
   16 s   15    25.42423        9.844463        101.5799        20.54898        86.86858      -0.3489643E-02
   16 s   16    24.42944        10.06955        99.30931        9.017114        354.3542      -0.8954576E-04
   16 s   17    23.58725        10.31164        96.97776        10.40290        404.3715      -0.4598514E-04
   16 s   18    22.90538        10.58575        94.46658        11.43003        456.7946      -0.8579101E-05
   16 s   19    22.32985        10.87760        91.93208        11.84857        486.2238       0.1659937E-04
   16 s   20    21.82099        11.17483        89.48685        11.88784        494.4592       0.3732616E-04
   16 s   21    21.35432        11.46929        87.18933        11.61910        483.2534       0.6862875E-04
   16 s   22    20.90927        11.75260        85.08758        10.99017        451.2748       0.1354394E-03
   16 s   23    20.46915        12.01656        83.21848        10.07510        406.1969       0.2225689E-03
   16 s   24    20.02094        12.25358        81.60879        8.824945        351.7757       0.2632875E-03
   16 s   25    19.55660        12.45794        80.27011        7.550580        306.5808       0.2534073E-03
   16 s   26    19.08645        12.63524        79.14370        6.699288        280.6251       0.2265750E-03
   17 s    1    163.8984        6.141556        162.8252        12.40133        486.9389       0.8189043E-03
   17 s    2    99.61305        6.221123        160.7427        1.373091        195.7449      -0.4656120E-04
   17 s    3    71.75370        6.273716        159.3952        3.565175        209.6506       0.1162982E-03
   17 s    4    59.46750        6.685051        149.5875        22.59213        83.86441      -0.2863914E-06
   17 s    5    52.74820        7.247411        137.9803        21.76185        85.54099       0.9743429E-05
   17 s    6    45.24134        7.346176        136.1253        2.606059        235.3061      -0.1413122E-05
   17 s    7    39.99355        7.493138        133.4554        11.50856        480.6971       0.1969808E-03
   17 s    8    36.74565        7.802566        128.1630        12.59362        626.0832       0.5018176E-03
   17 s    9    34.36175        8.154765        122.6277        22.33662        93.65281      -0.4146836E-03
   17 s   10    32.88748        8.626457        115.9224        5.780276        260.6970       0.1715761E-03
   17 s   11    30.73609        8.829965        113.2507        10.30115        417.0525       0.2181335E-03
   17 s   12    29.16124        9.106019        109.8175        11.36745        501.0115       0.4347973E-04
   17 s   13    27.82175        9.382764        106.5784        10.66146        457.2669      -0.9545981E-04
   17 s   14    26.59016        9.631667        103.8242        9.290886        383.0195      -0.1413736E-03
   17 s   15    25.44025        9.850665        101.5160        8.490535        342.0682      -0.1310902E-03
   17 s   16    25.13004        10.35833        96.54069        20.47440        86.51296      -0.3428518E-02
   17 s   17    24.86449        10.87002        91.99619        20.39398        86.29155      -0.3358108E-02
   17 s   18    24.21278        11.18997        89.36576        5.542532        269.1445      -0.3573644E-04
   17 s   19    23.25746        11.32947        88.26541        5.754404        267.1415      -0.1189619E-04
   17 s   20    22.42253        11.48289        87.08613        6.628741        280.1759       0.1240405E-04
   17 s   21    21.72160        11.66656        85.71508        8.178694        314.9812       0.5438794E-04
   17 s   22    21.16303        11.89523        84.06730        10.10178        380.3316       0.1036860E-03
   17 s   23    20.72429        12.16634        82.19397        11.42678        451.1048       0.1354002E-03
   17 s   24    20.35754        12.45959        80.25944        11.92302        492.0367       0.1609590E-03
   17 s   25    20.02846        12.75852        78.37899        11.92188        500.2765       0.1809250E-03
   17 s   26    19.71736        13.05291        76.61128        11.56382        481.0062       0.1973908E-03
   18 s    1    165.9158        6.217152        160.8454        3.593392        214.6779       0.1843428E-03
   18 s    2    104.6338        6.534680        153.0297        14.36964        689.8628      -0.9169581E-03
   18 s    3    78.80919        6.890607        145.1251        14.21713        799.3773      -0.8494310E-03
   18 s    4    64.10818        7.206734        138.7591        7.649240        404.5389       0.5373166E-03
   18 s    5    53.07218        7.291924        137.1380        2.773441        226.4068       0.4563087E-04
   18 s    6    48.10958        7.811915        128.0096        22.27739        87.82021       0.5881238E-04
   18 s    7    44.08436        8.259586        121.0714        11.39718        382.0309      -0.3002886E-04
   18 s    8    39.71646        8.433386        118.5763        3.859274        242.5263       0.1587153E-04
   18 s    9    35.89614        8.518908        117.3859        3.494658        229.6051       0.8067037E-04
   18 s   10    33.34583        8.746683        114.3291        23.66078        85.46023      -0.6850975E-03
   18 s   11    32.50925        9.339363        107.0737        23.58031        85.71642      -0.7858282E-03
   18 s   12    31.34583        9.788188        102.1640        7.921408        330.0712       0.2532366E-03
   18 s   13    29.59374        9.980360        100.1968        7.986636        322.3672       0.6323016E-04
   18 s   14    28.17718        10.20653        97.97649        9.983121        383.9503      -0.6160183E-04
   18 s   15    27.06729        10.48067        95.41375        11.86795        472.2707      -0.1511862E-03
   18 s   16    26.16798        10.78616        92.71144        12.19482        498.5705      -0.1916153E-03
   18 s   17    25.24995        11.03853        90.59180        7.289224        314.8387      -0.1061970E-03
   18 s   18    24.62362        11.37984        87.87470        20.32300        86.09200      -0.3287149E-02
   18 s   19    24.31091        11.84264        84.44066        12.12046        460.7024      -0.6675428E-04
   18 s   20    23.64921        12.11109        82.56898        9.231882        350.1461      -0.2754976E-04
   18 s   21    22.92180        12.31118        81.22697        7.126515        295.4689       0.4237336E-05
   18 s   22    22.20853        12.48288        80.10972        6.854448        289.0832       0.3236700E-04
   18 s   23    21.57032        12.66301        78.97017        7.699823        310.9748       0.7768730E-04
   18 s   24    21.03294        12.87297        77.68218        9.144978        360.8580       0.1568628E-03
   18 s   25    20.59510        13.11948        76.22254        10.49233        428.6476       0.2563380E-03
   18 s   26    20.22969        13.39206        74.67109        11.17890        477.1173       0.3287284E-03
   19 s    1    169.2413        6.341765        157.6848        26.90732        86.14852      -0.3152542E-05
   19 s    2    112.0911        7.000413        142.8487        25.69882        87.03817       0.2680695E-05
   19 s    3    82.88641        7.247094        137.9863        1.370745        225.2595      -0.6107993E-04
   19 s    4    65.19878        7.329334        136.4381        8.523571        319.1830       0.4293443E-03
   19 s    5    55.65028        7.646146        130.7848        13.73226        642.0550       0.1426396E-02
   19 s    6    49.16747        7.983691        125.2553        13.46319        461.7058       0.5384796E-03
   19 s    7    44.87662        8.408024        118.9340        19.79817        92.67174      -0.2544163E-04
   19 s    8    40.83031        8.669901        115.3416        11.54653        518.4445      -0.7829492E-04
   19 s    9    37.81129        8.973411        111.4403        12.39369        649.8147       0.2221594E-03
   19 s   10    35.37519        9.278989        107.7704        11.98432        607.1538       0.5036838E-03
   19 s   11    33.28432        9.562029        104.5803        10.43287        460.3325       0.5120998E-03
   19 s   12    31.79692        9.929047        100.7146        23.39844        86.08293      -0.8676208E-03
   19 s   13    30.57952        10.31281        96.96681        11.06164        589.1112       0.1495771E-03
   19 s   14    29.20916        10.58034        94.51493        10.04975        499.9195       0.2295343E-04
   19 s   15    27.89707        10.80197        92.57575        7.655555        357.2984      -0.2297514E-04
   19 s   16    26.62853        10.97599        91.10796        6.837364        306.0237      -0.1124112E-05
   19 s   17    25.61539        11.19828        89.29940        11.73961        439.3134      -0.6432149E-04
   19 s   18    24.92874        11.52085        86.79912        13.32495        527.5478      -0.9463901E-04
   19 s   19    24.40402        11.88799        84.11849        20.25820        85.91310      -0.3217977E-02
   19 s   20    24.20282        12.39459        80.68033        20.19723        85.75332      -0.3152048E-02
   19 s   21    23.77516        12.76951        78.31152        11.49807        435.5632      -0.2238081E-06
   19 s   22    23.22694        13.05531        76.59720        11.08090        425.8635       0.1514636E-07
   19 s   23    22.67674        13.31254        75.11714        9.381818        361.6652       0.7055983E-05
   19 s   24    22.10031        13.52624        73.93039        7.872656        314.0127       0.2592426E-04
   19 s   25    21.53041        13.71529        72.91133        7.414771        300.7423       0.5419791E-04
   19 s   26    21.00284        13.90389        71.92230        7.783764        311.0901       0.1034571E-03
   20 s    1    186.8272        7.000740        142.8420        15.58109        817.0738       0.5671025E-03
   20 s    2    115.6153        7.220511        138.4944        1.202353        230.4314       0.7089914E-04
   20 s    3    87.23711        7.627494        131.1047        23.50006        101.0965       0.1045243E-03
   20 s    4    71.92443        8.085399        123.6797        14.63701        583.3127      -0.1359580E-02
   20 s    5    60.70096        8.340091        119.9028        2.705897        226.4804       0.1193516E-03
   20 s    6    51.67161        8.390307        119.1852        2.073043        217.1475       0.6894697E-04
   20 s    7    45.20611        8.469757        118.0671        7.093361        214.2902      -0.1962884E-05
   20 s    8    42.37820        8.998580        111.1286        23.37501        84.38430      -0.7066333E-04
   20 s    9    40.38188        9.583467        104.3464        22.95428        87.56578      -0.1609411E-03
   20 s   10    37.02898        9.712779        102.9571        4.078139        259.1111       0.5965560E-05
   20 s   11    34.24683        9.838542        101.6411        6.299339        313.5994       0.6822949E-04
   20 s   12    32.17167        10.04607        99.54143        9.890495        482.0111       0.1991764E-03
   20 s   13    31.17689        10.51427        95.10885        23.25256        86.36114      -0.9530278E-03
   20 s   14    30.27029        10.96471        91.20170        7.136921        309.9020       0.1656051E-03
   20 s   15    28.85971        11.17471        89.48779        9.802875        403.7740       0.1154585E-04
   20 s   16    27.76879        11.44599        87.36684        11.69585        532.4908      -0.1498436E-03
   20 s   17    26.86733        11.74560        85.13830        12.14070        587.0710      -0.2353959E-03
   20 s   18    26.04657        12.03746        83.07402        10.85982        487.6207      -0.1942500E-03
   20 s   19    25.19354        12.27259        81.48237        8.425513        344.3638      -0.4041129E-04
   20 s   20    24.40290        12.49706        80.01883        9.976081        373.6944      -0.2124414E-05
   20 s   21    24.01758        12.89972        77.52107        20.13846        85.61103      -0.3090155E-02
   20 s   22    23.68722        13.31402        75.10879        10.25668        382.9865      -0.4104067E-04
   20 s   23    23.11615        13.57050        73.68924        10.48070        392.5140       0.9767103E-05
   20 s   24    22.61503        13.84127        72.24772        11.13383        434.3610       0.2040286E-04
   20 s   25    22.16923        14.12223        70.81033        11.24717        455.9349       0.2054698E-04
   20 s   26    21.75029        14.39871        69.45067        10.77103        441.9041       0.2409180E-04
