    0 s    2    4.887485       0.3052376        3276.137        6.242660        510.9858      -0.1360474E-01
    0 s    3    5.269656       0.4607473        2170.387        6.602483        414.9972      -0.2720630E-03
    0 s    4    5.660969       0.6363790        1571.391        7.453055        370.9952       0.2778318E-02
    0 s    5    6.021863       0.8273820        1208.632        7.829718        354.2607       0.3494377E-02
    0 s    6    6.296047        1.022336        978.1515        7.775980        346.0248       0.3390581E-02
    0 s    7    6.464320        1.211146        825.6640        7.328539        339.0583       0.2763374E-02
    0 s    8    6.521463        1.384766        722.1436        6.569690        330.9102       0.1809840E-02
    0 s    9    6.483109        1.538578        649.9509        5.780972        321.9998       0.9305132E-03
    0 s   10    6.387399        1.675428        596.8622        5.219528        313.2988       0.3998006E-03
    0 s   11    6.270429        1.801389        555.1271        4.888821        304.8554       0.1562563E-03
    0 s   12    6.151812        1.920992        520.5643        4.692985        296.4129       0.5834116E-04
    0 s   13    6.039004        2.036627        491.0078        4.561975        287.8589       0.2121305E-04
    0 s   14    5.933888        2.149413        465.2433        4.460668        279.2199       0.7557595E-05
    0 s   15    5.836317        2.259868        442.5037        4.373583        270.5905       0.2642249E-05
    0 s   16    5.745556        2.368256        422.2517        4.294337        262.0851       0.9065869E-06
    0 s   17    5.660806        2.474736        404.0836        4.220473        253.8119       0.3052332E-06
    0 s   18    5.581353        2.579430        387.6825        4.151151        245.8599       0.1009003E-06
    0 s   19    5.506611        2.682449        372.7936        4.086156        238.2939       0.3288195E-07
    0 s   20    5.436099        2.783901        359.2082        4.025484        231.1552       0.1074029E-07
    0 s   21    5.369430        2.883893        346.7535        3.969160        224.4641       0.3631085E-08
    0 s   22    5.306284        2.982535        335.2853        3.917178        218.2235       0.1358033E-08
    0 s   23    5.246395        3.079934        324.6823        3.869471        212.4239       0.5744574E-09
    0 s   24    5.189536        3.176195        314.8421        3.825914        207.0464       0.3206327E-09
    0 s   25    5.135510        3.271420        305.6776        3.786331        202.0659       0.1679752E-09
    0 s   26    5.084143        3.365706        297.1145        3.750503        197.4544       0.1917417E-09
    1 s    2    10.68991       0.6676155        1497.868        10.62532        305.3181      -0.2441898E-02
    1 s    3    10.53180       0.9208376        1085.968        9.621336        277.7576      -0.2831156E-03
    1 s    4    10.20928        1.147678        871.3245        8.479649        265.6688      -0.1628841E-03
    1 s    5    9.747861        1.339321        746.6472        6.718717        285.3291      -0.1596494E-03
    1 s    6    9.141735        1.484412        673.6673        5.243276        335.8808       0.4788363E-03
    1 s    7    8.615238        1.614140        619.5251        5.440295        358.1435       0.1897423E-02
    1 s    8    8.284163        1.759058        568.4862        6.354001        366.0029       0.3566014E-02
    1 s    9    8.125428        1.928335        518.5822        7.333121        370.1132       0.5003152E-02
    1 s   10    8.077287        2.118690        471.9899        8.031859        371.3171       0.5933366E-02
    1 s   11    8.084133        2.322436        430.5823        8.426215        368.5906       0.6421139E-02
    1 s   12    8.112036        2.533101        394.7731        8.597917        358.1689       0.6561201E-02
    1 s   13    8.140890        2.745479        364.2351        8.534152        325.7028       0.6155188E-02
    1 s   14    8.144146        2.950028        338.9799        7.794412        237.5790       0.3911287E-02
    1 s   15    8.077013        3.127483        319.7459        6.580869        172.2512       0.8895838E-03
    1 s   16    7.971950        3.285951        304.3259        6.173507        159.6871       0.1898239E-03
    1 s   17    7.864854        3.438280        290.8431        6.016729        156.0971       0.5321559E-04
    1 s   18    7.762904        3.587637        278.7350        5.922187        154.3661       0.1741345E-04
    1 s   19    7.667274        3.734979        267.7391        5.852086        153.3173       0.6176833E-05
    1 s   20    7.577909        3.880751        257.6821        5.795403        152.6258       0.2286034E-05
    1 s   21    7.494437        4.025224        248.4334        5.747613        152.1534       0.8643408E-06
    1 s   22    7.416409        4.168586        239.8895        5.706253        151.8188       0.3296904E-06
    1 s   23    7.343366        4.310976        231.9661        5.669668        151.5642       0.1258304E-06
    1 s   24    7.274866        4.452497        224.5931        5.636594        151.3442       0.4775111E-07
    1 s   25    7.210491        4.593223        217.7120        5.606000        151.1225       0.1790784E-07
    1 s   26    7.149851        4.733206        211.2733        5.577027        150.8695       0.6580870E-08
    2 s    1    10.62526       0.3981467        2511.637        12.75104        388.8262       0.1146691E-03
    2 s    2    14.95096       0.9337307        1070.973        18.96885        95.99372      -0.1197464    
    2 s    3    13.91702        1.216821        821.8136        5.726664        401.5753      -0.4391888E-02
    2 s    4    11.96475        1.345020        743.4833        4.874945        364.5888      -0.1454341E-02
    2 s    5    10.72036        1.472938        678.9151        5.720555        292.1713      -0.6686381E-03
    2 s    6    10.06568        1.634440        611.8304        7.058027        232.3270      -0.9226753E-04
    2 s    7    9.687733        1.815081        550.9397        7.292040        208.9586       0.7229541E-04
    2 s    8    9.399972        1.995988        501.0049        7.164769        196.4704       0.1442876E-03
    2 s    9    9.155448        2.172780        460.2399        6.979504        187.7579       0.2076671E-03
    2 s   10    8.940037        2.344991        426.4409        6.802718        181.2880       0.2868669E-03
    2 s   11    8.747823        2.513103        397.9144        6.655688        176.7827       0.4096275E-03
    2 s   12    8.576321        2.678080        373.4018        6.562502        174.9198       0.6511447E-03
    2 s   13    8.427200        2.842036        351.8604        6.617618        179.9611       0.1315058E-02
    2 s   14    8.317938        3.012980        331.8974        7.306669        221.4160       0.3745344E-02
    2 s   15    8.288732        3.209463        311.5787        8.452924        333.5949       0.6931109E-02
    2 s   16    8.304666        3.423092        292.1335        8.786525        384.2706       0.7760519E-02
    2 s   17    8.328441        3.640947        274.6539        8.868838        399.0304       0.7999052E-02
    2 s   18    8.352023        3.859899        259.0741        8.891558        404.8088       0.8116436E-02
    2 s   19    8.373662        4.079083        245.1531        8.893710        407.6523       0.8190582E-02
    2 s   20    8.392970        4.298155        232.6580        8.885738        408.9176       0.8235164E-02
    2 s   21    8.409860        4.516892        221.3911        8.867362        408.0847       0.8234520E-02
    2 s   22    8.423789        4.734810        211.2017        8.802649        398.0065       0.8034619E-02
    2 s   23    8.419658        4.942821        202.3136        7.313509        245.7425       0.2956164E-02
    2 s   24    8.344011        5.106855        195.8153        6.340422        198.3176       0.9159117E-04
    2 s   25    8.264508        5.264653        189.9461        6.284716        194.6302       0.1343223E-04
    2 s   26    8.189666        5.421564        184.4486        6.257924        192.0337       0.3149008E-05
    3 s    1    24.91298       0.9335326        1071.200        5.647662        778.3714       0.3437164E-03
    3 s    2    17.42817        1.088439        918.7467        6.767158        341.5308      -0.4725462E-02
    3 s    3    16.06006        1.404196        712.1514        16.40887        89.61876      -0.9584826E-01
    3 s    4    16.18515        1.819457        549.6144        16.03378        89.03738      -0.8786542E-01
    3 s    5    16.21519        2.227907        448.8517        15.85196        89.32139      -0.8094875E-01
    3 s    6    15.29101        2.482916        402.7523        5.209150        265.5094      -0.6165745E-03
    3 s    7    13.93442        2.610735        383.0339        5.055560        258.3432      -0.6493808E-03
    3 s    8    12.88281        2.735533        365.5595        4.984748        252.7407      -0.5258691E-03
    3 s    9    12.05200        2.860193        349.6267        5.040655        248.3817      -0.3358499E-03
    3 s   10    11.38997        2.987613        334.7153        5.193148        244.7287      -0.1540044E-03
    3 s   11    10.85902        3.119616        320.5523        5.394232        241.3650      -0.1281306E-04
    3 s   12    10.42990        3.256887        307.0417        5.603896        238.0438       0.8156642E-04
    3 s   13    10.07955        3.399284        294.1796        5.796216        234.6524       0.1354115E-03
    3 s   14    9.789932        3.546175        281.9940        5.957884        231.1630       0.1592039E-03
    3 s   15    9.547121        3.696721        270.5100        6.084740        227.5944       0.1634550E-03
    3 s   16    9.340501        3.850052        259.7367        6.178368        223.9871       0.1569517E-03
    3 s   17    9.162074        4.005386        249.6638        6.243377        220.3909       0.1463839E-03
    3 s   18    9.005859        4.162070        240.2650        6.285535        216.8609       0.1367926E-03
    3 s   19    8.867403        4.319601        231.5029        6.310702        213.4618       0.1327695E-03
    3 s   20    8.743405        4.477618        223.3331        6.324742        210.2969       0.1415242E-03
    3 s   21    8.631482        4.635924        215.7067        6.336126        207.6554       0.1857240E-03
    3 s   22    8.530426        4.794748        208.5616        6.385506        207.4791       0.4210671E-03
    3 s   23    8.454043        4.963007        201.4908        7.853215        300.3625       0.5516758E-02
    3 s   24    8.454807        5.174666        193.2492        8.803257        413.3291       0.8429494E-02
    3 s   25    8.464283        5.391913        185.4629        8.832677        419.0841       0.8534718E-02
    3 s   26    8.473334        5.609352        178.2737        8.831523        420.7254       0.8568847E-02
    4 s    1    37.34755        1.399477        714.5524        11.69731        351.1765      -0.1923928E-03
    4 s    2    27.36482        1.709012        585.1334        12.78373        425.1048       0.7049892E-04
    4 s    3    23.24817        2.032682        491.9609        13.03261        464.3229       0.9977358E-04
    4 s    4    19.80346        2.226210        449.1940        4.778863        283.2600       0.1849930E-03
    4 s    5    17.12184        2.352478        425.0837        5.236075        273.0846      -0.3348157E-03
    4 s    6    16.22339        2.634313        379.6056        15.79651        89.50003      -0.7588075E-01
    4 s    7    16.22348        3.039609        328.9896        15.76592        89.80039      -0.7202051E-01
    4 s    8    16.21956        3.444058        290.3551        15.69631        90.35156      -0.6878532E-01
    4 s    9    15.30827        3.632974        275.2566        6.733090        348.0957      -0.3374012E-03
    4 s   10    14.45404        3.791326        263.7599        6.049778        311.4503      -0.4035638E-03
    4 s   11    13.70810        3.938109        253.9290        5.759720        291.3437      -0.3745321E-03
    4 s   12    13.06692        4.080336        245.0779        5.663898        279.6202      -0.2980937E-03
    4 s   13    12.51826        4.221729        236.8698        5.680851        272.4344      -0.2107221E-03
    4 s   14    12.04916        4.364529        229.1198        5.767067        267.9576      -0.1319762E-03
    4 s   15    11.64767        4.510071        221.7260        5.892307        265.1908      -0.6971362E-04
    4 s   16    11.30314        4.659031        214.6369        6.033865        263.5177      -0.2518028E-04
    4 s   17    11.00622        4.811592        207.8314        6.175014        262.5239       0.3610398E-05
    4 s   18    10.74882        4.967583        201.3051        6.304181        261.9163       0.1991187E-04
    4 s   19    10.52404        5.126603        195.0609        6.414192        261.4831       0.2716900E-04
    4 s   20    10.32606        5.288115        189.1033        6.501486        261.0724       0.2846363E-04
    4 s   21    10.15004        5.451533        183.4346        6.565291        260.5796       0.2626943E-04
    4 s   22    9.992025        5.616278        178.0539        6.606820        259.9379       0.2239590E-04
    4 s   23    9.848815        5.781817        172.9560        6.628538        259.1101       0.1804531E-04
    4 s   24    9.717843        5.947692        168.1324        6.633549        258.0820       0.1392733E-04
    4 s   25    9.597075        6.113524        163.5718        6.625129        256.8556       0.1039108E-04
    4 s   26    9.484907        6.279014        159.2607        6.606406        255.4435       0.7547923E-05
    5 s    1    46.40174        1.738754        575.1246        31.46821        94.77839       0.1946553E-05
    5 s    2    32.74471        2.045002        488.9971        2.565533        318.0857      -0.3369275E-03
    5 s    3    24.24634        2.119956        471.7080        3.636388        288.5157       0.3236204E-03
    5 s    4    20.96617        2.356916        424.2832        12.82089        464.7850       0.5359062E-04
    5 s    5    19.43313        2.670041        374.5261        12.16499        467.2163       0.1240018E-04
    5 s    6    18.24253        2.962177        337.5896        11.15678        463.0532      -0.1112613E-04
    5 s    7    17.21287        3.224981        310.0794        9.805963        449.9008      -0.5581729E-04
    5 s    8    16.24365        3.449174        289.9245        8.137071        400.8687      -0.4319990E-03
    5 s    9    16.21156        3.847343        259.9196        15.66769        90.36484      -0.6667540E-01
    5 s   10    15.62531        4.098553        243.9885        8.910041        313.8788      -0.1734175E-03
    5 s   11    15.04163        4.321209        231.4167        8.876565        332.0035      -0.1395799E-03
    5 s   12    14.54287        4.541220        220.2052        8.715050        345.2672      -0.1226382E-03
    5 s   13    14.10325        4.756259        210.2493        8.482657        354.7179      -0.1165182E-03
    5 s   14    13.70608        4.964710        201.4216        8.188885        359.7114      -0.1166106E-03
    5 s   15    13.33932        5.165088        193.6075        7.840304        358.4111      -0.1181412E-03
    5 s   16    12.99487        5.356344        186.6945        7.467758        349.6678      -0.1154891E-03
    5 s   17    12.66915        5.538575        180.5519        7.128960        335.3367      -0.1044495E-03
    5 s   18    12.36245        5.713325        175.0294        6.874438        319.5201      -0.8546605E-04
    5 s   19    12.07670        5.882955        169.9826        6.717046        305.4003      -0.6291135E-04
    5 s   20    11.81324        6.049720        165.2969        6.639374        294.0463      -0.4142687E-04
    5 s   21    11.57205        6.215290        160.8935        6.615459        285.2581      -0.2376725E-04
    5 s   22    11.35205        6.380717        156.7222        6.622932        278.4605      -0.1079383E-04
    5 s   23    11.15150        6.546568        152.7518        6.645713        273.0946      -0.2201069E-05
    5 s   24    10.96840        6.713081        148.9629        6.673081        268.7154       0.2841606E-05
    5 s   25    10.80073        6.880276        145.3430        6.698163        264.9897       0.5290270E-05
    5 s   26    10.64657        7.048034        141.8835        6.716713        261.6725       0.6017618E-05
    6 s    1    51.78659        1.940533        515.3222        8.337564        589.3982      -0.1441459E-02
    6 s    2    39.38582        2.459758        406.5440        13.99114        289.3907      -0.1174854E-02
    6 s    3    31.77065        2.777836        359.9924        12.03972        441.0974      -0.1120974E-02
    6 s    4    27.08330        3.044575        328.4531        8.759520        346.9805      -0.2323011E-04
    6 s    5    23.40844        3.216234        310.9226        5.603568        272.6758       0.3718348E-03
    6 s    6    20.63954        3.351398        298.3830        5.502170        257.1253       0.1661824E-03
    6 s    7    18.67345        3.498633        285.8259        6.385764        254.2707      -0.1159061E-03
    6 s    8    17.30113        3.673718        272.2038        7.662915        264.3675      -0.2539316E-03
    6 s    9    16.34300        3.878537        257.8292        8.616088        289.3499      -0.2288212E-03
    6 s   10    16.19927        4.249103        235.3438        15.60378        90.59797      -0.6482269E-01
    6 s   11    16.18327        4.649183        215.0915        15.53622        90.79928      -0.6333539E-01
    6 s   12    16.12865        5.036404        198.5544        5.994441        242.0994      -0.4683436E-03
    6 s   13    15.38394        5.188165        192.7464        6.179063        236.5177      -0.4363826E-03
    6 s   14    14.75684        5.345321        187.0795        6.424105        232.8456      -0.3643407E-03
    6 s   15    14.22891        5.509545        181.5032        6.738231        231.8376      -0.2763050E-03
    6 s   16    13.78577        5.682344        175.9837        7.096890        234.1778      -0.1923169E-03
    6 s   17    13.41384        5.864132        170.5282        7.441612        239.7361      -0.1252072E-03
    6 s   18    13.09917        6.053798        165.1855        7.716968        247.3266      -0.7854627E-04
    6 s   19    12.82868        6.249268        160.0187        7.903453        255.4301      -0.4891510E-04
    6 s   20    12.59173        6.448398        155.0773        8.011599        262.9859      -0.3085107E-04
    6 s   21    12.38043        6.649467        150.3880        8.060988        269.5449      -0.1989478E-04
    6 s   22    12.18913        6.851219        145.9594        8.068236        275.0495      -0.1315682E-04
    6 s   23    12.01373        7.052745        141.7888        8.044039        279.6051      -0.8923045E-05
    6 s   24    11.85111        7.253331        137.8677        7.993487        283.3315      -0.6196960E-05
    6 s   25    11.69875        7.452329        134.1862        7.916583        286.2546      -0.4389147E-05
    6 s   26    11.55441        7.649026        130.7356        7.808205        288.1713      -0.3133269E-05
    7 s    1    58.45866        2.190547        456.5069        7.004350        247.3800       0.9308648E-04
    7 s    2    40.56314        2.533285        394.7444        28.50216        103.5522      -0.4544522E-03
    7 s    3    36.87251        3.223912        310.1821        11.73005        154.4931      -0.5932431E-04
    7 s    4    29.82657        3.352960        298.2440        7.439403        337.5443      -0.1885695E-03
    7 s    5    26.21355        3.601647        277.6508        11.78941        484.1789      -0.4449416E-05
    7 s    6    24.08843        3.911420        255.6616        12.54207        526.0829       0.2748469E-03
    7 s    7    22.45511        4.207159        237.6901        10.67291        439.8203       0.3397402E-03
    7 s    8    20.87137        4.431822        225.6408        7.460235        324.3317       0.1594436E-03
    7 s    9    19.36929        4.596738        217.5456        6.065698        277.4395      -0.1087533E-03
    7 s   10    18.08446        4.743592        210.8107        5.804684        259.3889      -0.3160093E-03
    7 s   11    17.01702        4.888706        204.5531        5.857238        249.3597      -0.4342918E-03
    7 s   12    16.16433        5.047544        198.1161        15.46951        90.96875      -0.6212373E-01
    7 s   13    16.14327        5.444245        183.6802        15.40685        91.10847      -0.6112121E-01
    7 s   14    16.12087        5.839410        171.2502        15.34992        91.22234      -0.6027735E-01
    7 s   15    16.08409        6.227888        160.5681        5.688435        235.3266      -0.5196806E-03
    7 s   16    15.45491        6.370344        156.9774        5.735871        232.5805      -0.4978724E-03
    7 s   17    14.90041        6.514015        153.5151        5.782329        230.2038      -0.4492274E-03
    7 s   18    14.40849        6.658902        150.1749        5.829760        228.0025      -0.3857791E-03
    7 s   19    13.96962        6.805058        146.9495        5.880154        225.8827      -0.3173239E-03
    7 s   20    13.57622        6.952566        143.8318        5.934049        223.7931      -0.2508980E-03
    7 s   21    13.22207        7.101507        140.8152        5.990900        221.7067      -0.1909470E-03
    7 s   22    12.90207        7.251942        137.8941        6.050102        219.6203      -0.1398089E-03
    7 s   23    12.61194        7.403928        135.0634        6.112109        217.5586      -0.9825809E-04
    7 s   24    12.34818        7.557558        132.3179        6.179483        215.5842      -0.6599440E-04
    7 s   25    12.10799        7.713025        129.6508        6.257908        213.8199      -0.4204726E-04
    7 s   26    11.88928        7.870713        127.0533        6.357147        212.4986      -0.2510145E-04
    8 s    1    74.99266        2.810105        355.8586        14.03919        844.0962       0.1385926E-02
    8 s    2    50.47382        3.152236        317.2351        12.31569        817.6687       0.2076027E-02
    8 s    3    37.03767        3.238354        308.7989        17.83520        131.2891      -0.2488823E-03
    8 s    4    33.52194        3.768375        265.3663        13.65616        458.1435      -0.3413147E-03
    8 s    5    29.65509        4.074501        245.4288        11.40533        629.6892      -0.6621088E-03
    8 s    6    26.70326        4.336009        230.6269        9.350813        442.1911      -0.1824994E-03
    8 s    7    24.32643        4.557768        219.4056        9.137874        356.3773       0.2326680E-04
    8 s    8    22.69907        4.819917        207.4724        11.83289        423.8005       0.5308736E-06
    8 s    9    21.63416        5.134239        194.7708        12.97819        514.2617       0.3744708E-07
    8 s   10    20.78008        5.450660        183.4640        11.51933        533.6791       0.6813127E-05
    8 s   11    19.69191        5.657156        176.7673        6.326077        286.8494      -0.1192117E-03
    8 s   12    18.59074        5.805227        172.2586        5.724027        255.1507      -0.3053281E-03
    8 s   13    17.63188        5.946275        168.1725        5.626539        244.4054      -0.4328921E-03
    8 s   14    16.80339        6.086638        164.2943        5.643809        238.8917      -0.5017907E-03
    8 s   15    16.09781        6.233198        160.4313        15.29957        91.31342      -0.5955582E-01
    8 s   16    16.07461        6.625778        150.9257        15.25590        91.38484      -0.5892973E-01
    8 s   17    16.05169        7.017320        142.5046        15.21857        91.43955      -0.5837916E-01
    8 s   18    16.01352        7.400671        135.1229        5.447473        237.9776      -0.4620710E-03
    8 s   19    15.47369        7.537739        132.6658        5.545995        237.0050      -0.4537938E-03
    8 s   20    14.99178        7.677496        130.2508        5.659244        236.7256      -0.4290488E-03
    8 s   21    14.56025        7.820235        127.8734        5.781774        236.8197      -0.3924709E-03
    8 s   22    14.17273        7.966151        125.5311        5.910525        237.1300      -0.3483301E-03
    8 s   23    13.82379        8.115356        123.2232        6.041744        237.5442      -0.3003473E-03
    8 s   24    13.50872        8.267854        120.9504        6.170336        237.9594      -0.2516159E-03
    8 s   25    13.22331        8.423504        118.7154        6.290206        238.2758      -0.2046104E-03
    8 s   26    12.96375        8.582008        116.5228        6.395097        238.4049      -0.1612242E-03
    9 s    1    84.38331        3.161989        316.2566       0.3741502        222.7474      -0.1636733E-04
    9 s    2    50.96439        3.182874        314.1815        2.343774        232.2088       0.3739201E-03
    9 s    3    39.87147        3.486124        286.8515        13.18332        553.3512       0.7002549E-03
    9 s    4    34.86559        3.919422        255.1396        24.06688        101.7447      -0.1068989E-02
    9 s    5    32.38969        4.450226        224.7077        5.348647        231.6716       0.6675925E-04
    9 s    6    28.32208        4.598869        217.4448        7.566960        308.0169      -0.2801879E-03
    9 s    7    25.77112        4.828443        207.1061        10.28379        425.0848      -0.1556371E-03
    9 s    8    23.96856        5.089480        196.4837        10.20629        430.1486       0.1989833E-03
    9 s    9    22.44381        5.326386        187.7445        8.639855        342.8368       0.2878029E-03
    9 s   10    21.08174        5.529786        180.8388        8.487039        287.1314       0.1002695E-03
    9 s   11    20.21536        5.807536        172.1901        12.54678        451.8831      -0.8313888E-05
    9 s   12    19.60584        6.122206        163.3398        12.51985        512.6105      -0.1023484E-04
    9 s   13    19.07083        6.431555        155.4834        12.21609        538.3501      -0.1133298E-04
    9 s   14    18.58198        6.730890        148.5688        11.61910        545.8103      -0.2771023E-04
    9 s   15    18.03110        6.981784        143.2299        7.308976        324.7402      -0.2527353E-03
    9 s   16    17.30048        7.131069        140.2314        5.467425        249.1555      -0.4056226E-03
    9 s   17    16.61991        7.265729        137.6324        5.383686        240.5738      -0.4488757E-03
    9 s   18    16.02934        7.407980        134.9896        15.18698        91.48018      -0.5788940E-01
    9 s   19    16.00776        7.797900        128.2397        15.16042        91.50903      -0.5744942E-01
    9 s   20    15.98708        8.187202        122.1418        15.13814        91.52809      -0.5705093E-01
    9 s   21    15.96737        8.575993        116.6046        15.11945        91.53903      -0.5668759E-01
    9 s   22    15.61461        8.776598        113.9394        5.354441        235.2167      -0.3461617E-03
    9 s   23    15.17521        8.908716        112.2496        5.268346        228.7751      -0.3305210E-03
    9 s   24    14.77143        9.040681        110.6111        5.315674        226.6087      -0.3054342E-03
    9 s   25    14.40244        9.174638        108.9961        5.420704        226.2388      -0.2771855E-03
    9 s   26    14.06607        9.311748        107.3912        5.564514        226.9892      -0.2479834E-03
   10 s    1    88.91752        3.331894        300.1296        23.17075        87.19469      -0.7718730E-04
   10 s    2    63.17746        3.945615        253.4459        15.03286        647.2771      -0.2790936E-02
   10 s    3    48.54961        4.244889        235.5774        8.281898        381.4680       0.9717546E-03
   10 s    4    38.83328        4.365452        229.0714        3.341582        241.7093       0.5790087E-03
   10 s    5    33.07733        4.544704        220.0363        23.54727        97.16475      -0.1465121E-02
   10 s    6    31.69853        5.147129        194.2831        23.54982        96.90283      -0.1880330E-02
   10 s    7    29.41241        5.510670        181.4661        7.043181        285.9160       0.5166815E-03
   10 s    8    26.73443        5.676785        176.1560        6.899355        260.7771       0.6869568E-04
   10 s    9    24.75113        5.873962        170.2428        8.943706        299.1336       0.5100938E-04
   10 s   10    23.32957        6.119395        163.4148        10.37263        347.0972       0.1633493E-03
   10 s   11    22.18551        6.373525        156.8990        9.554434        331.0937       0.1590983E-03
   10 s   12    21.08559        6.584280        151.8769        7.320227        276.2069       0.7306858E-05
   10 s   13    20.00605        6.746953        148.2151        5.942140        245.9591      -0.1504274E-03
   10 s   14    19.02246        6.890444        145.1285        5.791094        235.5327      -0.2525081E-03
   10 s   15    18.25830        7.069760        141.4475        9.770986        326.7602      -0.1140880E-03
   10 s   16    17.81908        7.344829        136.1502        11.44589        464.8347      -0.2107473E-04
   10 s   17    17.45569        7.631107        131.0426        11.41136        494.5121      -0.1375197E-04
   10 s   18    17.12447        7.914099        126.3568        11.21298        501.6684      -0.1627211E-04
   10 s   19    16.81316        8.190238        122.0966        10.82696        492.4182      -0.3146642E-04
   10 s   20    16.49509        8.447361        118.3802        9.355748        408.0692      -0.1186487E-03
   10 s   21    16.08028        8.636637        115.7858        6.093696        262.5163      -0.3173557E-03
   10 s   22    15.94866        8.964361        111.5528        15.10370        91.54325      -0.5635451E-01
   10 s   23    15.83646        9.296909        107.5626        10.33649        445.3937      -0.1184492E-04
   10 s   24    15.60830        9.552876        104.6805        10.11930        440.7274      -0.1274913E-04
   10 s   25    15.38606        9.801217        102.0281        9.694957        418.9550      -0.2420902E-04
   10 s   26    15.15933        10.03548        99.64643        8.544321        354.0835      -0.7792161E-04
   11 s    1    96.08089        3.600318        277.7533        14.86238        546.6076      -0.4763989E-02
   11 s    2    64.14030        4.005747        249.6413        25.91719        85.52458      -0.8838186E-04
   11 s    3    50.66374        4.429736        225.7471        7.154781        312.0685      -0.1234779E-03
   11 s    4    41.77756        4.696433        212.9276        12.29446        621.2044       0.1992875E-02
   11 s    5    36.43233        5.005669        199.7735        12.23873        656.4402       0.2301791E-02
   11 s    6    32.63405        5.299036        188.7136        10.95835        426.3618       0.1537165E-02
   11 s    7    30.62385        5.737643        174.2876        19.75474        117.4715      -0.1630331E-02
   11 s    8    28.53344        6.058787        165.0495        12.91215        678.4892       0.5872256E-03
   11 s    9    26.92677        6.390288        156.4875        13.39620        773.4435       0.3666968E-03
   11 s   10    25.42582        6.669247        149.9420        6.787308        298.4482       0.1535455E-04
   11 s   11    23.81675        6.842155        146.1528        7.903237        304.2552       0.8914834E-04
   11 s   12    22.65627        7.074748        141.3478        10.55740        391.3901       0.1148744E-03
   11 s   13    21.80548        7.353803        135.9841        11.37854        448.1404       0.3560688E-04
   11 s   14    21.04852        7.624339        131.1589        9.998136        394.4633      -0.1341879E-03
   11 s   15    20.25944        7.844616        127.4760        7.701808        311.2204      -0.2756755E-03
   11 s   16    19.44549        8.015220        124.7626        6.174104        265.9818      -0.3413247E-03
   11 s   17    18.66427        8.159462        122.5571        5.509670        245.6444      -0.3700035E-03
   11 s   18    17.94535        8.293467        120.5768        5.297512        235.6447      -0.3813656E-03
   11 s   19    17.29761        8.426230        118.6770        5.421202        231.8662      -0.3711233E-03
   11 s   20    16.73935        8.572449        116.6528        6.695972        251.3761      -0.2796913E-03
   11 s   21    16.35118        8.782132        113.8676        9.795721        371.7368      -0.6813489E-04
   11 s   22    16.07852        9.037351        110.6519        10.39109        433.1835      -0.1979128E-04
   11 s   23    15.93095        9.352381        106.9246        15.09034        91.54190      -0.5604781E-01
   11 s   24    15.91422        9.740114        102.6682        15.07887        91.53592      -0.5576445E-01
   11 s   25    15.72472        10.01695        99.83075        5.833161        242.2305      -0.3378735E-03
   11 s   26    15.36655        10.17267        98.30264        6.825838        267.7203      -0.2599492E-03
   12 s    1    114.9665        4.307993        232.1266        1.817306        233.0938       0.3066975E-03
   12 s    2    69.49318        4.340050        230.4121        1.687630        224.5615      -0.2073541E-03
   12 s    3    53.36578        4.665986        214.3170        25.57898        85.56090       0.3245097E-04
   12 s    4    47.04615        5.288702        189.0823        23.97848        91.91454      -0.8094385E-04
   12 s    5    39.71552        5.456767        183.2587        2.955057        210.4599       0.1172281E-05
   12 s    6    34.21804        5.556240        179.9778        5.479843        245.5227       0.1365085E-03
   12 s    7    30.77455        5.765879        173.4341        14.02034        219.7114      -0.1259968E-03
   12 s    8    29.76760        6.320847        158.2066        22.60778        92.28224      -0.2652626E-02
   12 s    9    27.67832        6.568646        152.2384        4.645699        241.2288       0.3965105E-03
   12 s   10    25.76576        6.758413        147.9637        12.75723        539.1477       0.5038826E-03
   12 s   11    24.72851        7.104088        140.7640        14.17459        735.6789       0.2980085E-03
   12 s   12    23.88973        7.459915        134.0498        14.21518        720.0346       0.1839549E-03
   12 s   13    23.16495        7.812277        128.0037        13.88956        641.2214       0.7981947E-04
   12 s   14    22.46140        8.136120        122.9087        10.69521        347.9594       0.1244974E-04
   12 s   15    21.65092        8.383406        119.2833        10.22324        352.4101      -0.4003628E-04
   12 s   16    20.96823        8.642876        115.7022        10.19926        375.7068      -0.2773864E-03
   12 s   17    20.30242        8.875612        112.6683        8.308288        318.7429      -0.4369591E-03
   12 s   18    19.59969        9.058023        110.3994        6.503817        269.8851      -0.4494098E-03
   12 s   19    18.90163        9.207598        108.6060        5.642277        248.6880      -0.4268498E-03
   12 s   20    18.24512        9.343578        107.0254        5.333573        240.1650      -0.4137954E-03
   12 s   21    17.64180        9.475320        105.5373        5.262304        236.6889      -0.4078880E-03
   12 s   22    17.09158        9.606766        104.0933        5.291671        235.4059      -0.4019958E-03
   12 s   23    16.59069        9.739682        102.6728        5.372991        235.3357      -0.3913181E-03
   12 s   24    16.13515        9.875327        101.2625        5.513599        236.6467      -0.3726157E-03
   12 s   25    15.89848        10.12764        98.73967        15.06885        91.52520      -0.5550207E-01
   12 s   26    15.88358        10.51494        95.10275        15.06001        91.51207      -0.5525832E-01
   13 s    1    117.4339        4.400451        227.2494        13.74520        600.9514       0.2179119E-02
   13 s    2    76.09897        4.752601        210.4111        14.03127        893.1083      -0.5192953E-03
   13 s    3    58.44042        5.109682        195.7069        14.53762        974.3411      -0.2261056E-02
   13 s    4    47.98310        5.394029        185.3902        2.723904        212.4831      -0.6059340E-04
   13 s    5    42.22256        5.801226        172.3774        15.31015        392.1327      -0.8136090E-03
   13 s    6    37.74623        6.129139        163.1550        11.06699        569.6338       0.4160223E-03
   13 s    7    33.83695        6.339645        157.7375        5.991102        308.6335       0.8169633E-03
   13 s    8    30.42870        6.461225        154.7694        4.280142        246.9968       0.5410270E-03
   13 s    9    29.01105        6.884931        145.2447        22.21972        91.45845      -0.2860001E-02
   13 s   10    28.36027        7.438959        134.4274        21.86977        91.05981      -0.2989082E-02
   13 s   11    26.85812        7.715890        129.6027        5.491013        263.2144       0.6742986E-03
   13 s   12    25.12704        7.846282        127.4489        5.186380        250.1585       0.3792273E-03
   13 s   13    23.68269        7.986882        125.2053        6.256751        266.7731       0.2687978E-03
   13 s   14    22.59713        8.185285        122.1705        11.03087        489.4555       0.1744495E-03
   13 s   15    21.95551        8.501346        117.6284        12.92394        625.1601       0.1113900E-04
   13 s   16    21.39403        8.818386        113.3994        12.43931        555.3873      -0.5599694E-05
   13 s   17    20.87329        9.125183        109.5868        12.15704        524.7053      -0.3903123E-05
   13 s   18    20.39673        9.426377        106.0853        11.90489        517.8372      -0.4996364E-04
   13 s   19    19.94735        9.717001        102.9124        11.28021        490.6059      -0.1193453E-03
   13 s   20    19.49705        9.984704        100.1532        10.02059        424.6127      -0.2186648E-03
   13 s   21    19.01685        10.21385        97.90625        7.994596        337.0005      -0.3363663E-03
   13 s   22    18.48847        10.39193        96.22854        6.448772        285.6582      -0.3864945E-03
   13 s   23    17.95875        10.54281        94.85134        5.764032        264.5826      -0.3891302E-03
   13 s   24    17.45495        10.68310        93.60581        5.535788        255.8156      -0.3836441E-03
   13 s   25    16.98628        10.82059        92.41638        5.511299        252.0790      -0.3781971E-03
   13 s   26    16.55416        10.95886        91.25033        5.584412        250.7657      -0.3717099E-03
   14 s    1    130.2737        4.881580        204.8517        19.95637        87.87888      -0.3186739E-03
   14 s    2    85.43897        5.335911        187.4094       0.9666280        197.1356       0.5087806E-05
   14 s    3    61.33637        5.362887        186.4667        1.355328        196.7008      -0.1205139E-04
   14 s    4    48.83648        5.489962        182.1506        14.48595        476.5582      -0.1864020E-02
   14 s    5    43.27507        5.945837        168.1849        22.87278        98.38037      -0.7190556E-04
   14 s    6    39.93167        6.484005        154.2257        8.835718        192.8204      -0.2869785E-03
   14 s    7    35.79919        6.707288        149.0915        10.88795        388.6467       0.3341492E-03
   14 s    8    32.98723        7.004504        142.7653        12.32821        534.4431       0.1329888E-02
   14 s    9    30.77907        7.304519        136.9015        11.31405        494.0344       0.1714644E-02
   14 s   10    28.78903        7.551423        132.4254        8.110599        337.9255       0.1313082E-02
   14 s   11    27.79713        7.985652        125.2246        21.61240        90.50203      -0.3068911E-02
   14 s   12    26.96271        8.419497        118.7719        11.35120        504.1084       0.1297244E-02
   14 s   13    25.74776        8.683320        115.1633        9.236362        370.7387       0.1073389E-02
   14 s   14    24.49825        8.873923        112.6897        6.307274        270.4265       0.6214453E-03
   14 s   15    23.30293        9.023081        110.8269        5.974343        257.7734       0.3552120E-03
   14 s   16    22.29015        9.187758        108.8405        7.412524        289.1507       0.1742106E-03
   14 s   17    21.50395        9.400888        106.3729        9.638747        368.9462      -0.8449354E-04
   14 s   18    20.90467        9.661123        103.5076        10.97403        454.8314      -0.3960510E-03
   14 s   19    20.39511        9.935120        100.6530        10.79424        457.5647      -0.5954062E-03
   14 s   20    19.91155        10.19698        98.06827        9.863185        405.7084      -0.5215364E-03
   14 s   21    19.44059        10.44144        95.77222        9.938978        407.3352      -0.2816966E-03
   14 s   22    19.03014        10.69639        93.48951        10.43707        439.5814      -0.1289317E-03
   14 s   23    18.66892        10.95972        91.24320        10.58477        455.9498      -0.7147981E-04
   14 s   24    18.33759        11.22331        89.10030        10.47670        455.1595      -0.5285239E-04
   14 s   25    18.02432        11.48184        87.09405        10.17510        440.4410      -0.5414827E-04
   14 s   26    17.71745        11.72896        85.25904        9.495681        402.5765      -0.8465365E-04
   15 s    1    138.9978        5.208489        191.9943        17.04093        578.8268      -0.2397900E-02
   15 s    2    87.41504        5.459322        183.1729        25.05597        94.13604      -0.1903759E-03
   15 s    3    68.41786        5.982050        167.1668        14.49262        752.4519      -0.3323453E-03
   15 s    4    55.72294        6.264105        159.6397        7.168290        328.0108       0.3764916E-03
   15 s    5    46.45880        6.383270        156.6595        3.875720        227.1869      -0.1237640E-03
   15 s    6    40.40849        6.561430        152.4058        21.57710        97.51180      -0.8083842E-04
   15 s    7    38.22926        7.162582        139.6144        24.23403        88.82608      -0.1417006E-03
   15 s    8    35.96088        7.635926        130.9599        3.706967        234.1065      -0.5344160E-04
   15 s    9    32.58607        7.733358        129.3099        4.684766        256.9887       0.1207430E-03
   15 s   10    30.08033        7.890134        126.7406        8.147700        344.5936       0.6439024E-03
   15 s   11    28.31823        8.135355        122.9203        10.99897        485.5298       0.1192444E-02
   15 s   12    27.30495        8.526365        117.2833        21.40852        90.08791      -0.3102408E-02
   15 s   13    26.68198        8.998382        111.1311        7.840087        302.2673       0.9400354E-04
   15 s   14    25.53103        9.248024        108.1312        11.84412        457.6598       0.3967265E-03
   15 s   15    24.71808        9.571034        104.4819        13.68825        580.9143       0.5015924E-03
   15 s   16    24.07603        9.923877        100.7671        14.39937        628.4348       0.4907908E-03
   15 s   17    23.15362        10.12207        98.79398        5.080685        255.3441       0.2786598E-03
   15 s   18    22.19286        10.25646        97.49951        5.788534        265.0526       0.1454731E-03
   15 s   19    21.38865        10.41910        95.97753        7.385146        300.6686      -0.5688304E-04
   15 s   20    20.75880        10.63086        94.06573        9.591498        380.7186      -0.4316567E-03
   15 s   21    20.27552        10.88988        91.82841        10.96086        470.0937      -0.8590456E-03
   15 s   22    19.85909        11.16232        89.58711        10.67736        467.3555      -0.1099749E-02
   15 s   23    19.43370        11.40869        87.65247        8.991105        378.9772      -0.1030217E-02
   15 s   24    18.96553        11.60763        86.15023        7.112523        306.1405      -0.7658971E-03
   15 s   25    18.47654        11.76991        84.96240        6.091077        273.5996      -0.5375975E-03
   15 s   26    18.00411        11.91873        83.90155        6.023993        268.2070      -0.3761051E-03
   16 s    1    142.1952        5.328300        187.6771       0.9568221        194.7887      -0.6728547E-04
   16 s    2    90.20958        5.633849        177.4986        15.94144        368.9714      -0.1220673E-02
   16 s    3    70.29552        6.146222        162.7016        26.19847        83.57197      -0.6302894E-05
   16 s    4    57.82429        6.500329        153.8384        9.236452        328.2168       0.1668151E-03
   16 s    5    49.43086        6.791620        147.2403        12.75562        614.9447       0.7141027E-03
   16 s    6    43.80752        7.113356        140.5806        12.88324        720.0594       0.2460329E-03
   16 s    7    39.67653        7.433741        134.5218        12.66093        628.5986      -0.2450743E-03
   16 s    8    36.47440        7.744968        129.1161        16.70139        214.9071      -0.2697867E-03
   16 s    9    34.05648        8.082318        123.7269        12.99852        973.3304       0.4494881E-04
   16 s   10    32.03883        8.403853        118.9930        12.60221        895.7265       0.5242172E-03
   16 s   11    30.23974        8.687372        115.1096        8.849981        421.7117       0.5076933E-03
   16 s   12    28.31920        8.843079        113.0828        5.213547        254.2055       0.1732915E-04
   16 s   13    26.87208        9.062492        110.3449        21.25607        89.71560      -0.3106220E-02
   16 s   14    26.48946        9.595191        104.2189        21.13723        89.39321      -0.3085001E-02
   16 s   15    25.44485        9.852447        101.4976        6.378671        302.3104       0.7390891E-03
   16 s   16    24.24652        9.994149        100.0585        5.185562        264.1185       0.3975600E-03
   16 s   17    23.54557        10.29342        97.14941        14.59499        640.6902       0.3542576E-03
   16 s   18    23.05733        10.65598        93.84403        14.32635        620.7892       0.2690861E-03
   16 s   19    22.59257        11.00558        90.86302        13.53181        575.4116       0.1953835E-03
   16 s   20    22.10832        11.32197        88.32384        11.30248        458.2262       0.1624322E-03
   16 s   21    21.49258        11.54355        86.62844        6.923884        302.0461       0.4904484E-04
   16 s   22    20.83633        11.71160        85.38543        7.011017        300.1058      -0.2284138E-03
   16 s   23    20.28061        11.90587        83.99215        8.692510        352.2137      -0.6719942E-03
   16 s   24    19.83891        12.14217        82.35759        10.12537        422.0873      -0.1152182E-02
   16 s   25    19.45958        12.39613        80.67032        10.04732        421.4929      -0.1360284E-02
   16 s   26    19.07782        12.62953        79.17952        8.613612        349.9464      -0.1188197E-02
   17 s    1    161.5949        6.055242        165.1462        15.17739        742.2715      -0.1132662E-02
   17 s    2    101.0442        6.310503        158.4660        2.644584        219.3985      -0.1935163E-04
   17 s    3    72.80293        6.365454        157.0980        2.770700        208.0946      -0.2468728E-03
   17 s    4    60.53848        6.805445        146.9412        25.93000        83.79766       0.8562141E-06
   17 s    5    54.13974        7.438602        134.4339        23.13608        95.48611      -0.8939899E-04
   17 s    6    46.37489        7.530238        132.7979        1.861580        232.7076       0.7327324E-05
   17 s    7    40.47610        7.583548        131.8644        2.589631        243.4051       0.8467455E-07
   17 s    8    36.71682        7.796444        128.2636        19.81383        127.3900      -0.2350048E-03
   17 s    9    35.33100        8.384788        119.2636        23.99525        87.65533      -0.3696203E-03
   17 s   10    33.25334        8.722421        114.6471        3.382513        216.0693       0.3524504E-04
   17 s   11    30.78047        8.842714        113.0875        7.513150        298.0893       0.5531500E-03
   17 s   12    29.15840        9.105131        109.8282        11.95823        614.6137       0.1391287E-02
   17 s   13    27.87857        9.401926        106.3612        11.39729        590.6967       0.1530892E-02
   17 s   14    26.67169        9.661200        103.5068        9.049300        416.1699       0.1235575E-02
   17 s   15    26.14945        10.12527        98.76277        21.04689        89.09261      -0.3048200E-02
   17 s   16    25.79841        10.63382        94.03957        11.53525        524.5657       0.1629513E-02
   17 s   17    24.97298        10.91744        91.59655        10.76346        485.6966       0.1502403E-02
   17 s   18    24.13959        11.15615        89.63668        8.045200        354.0380       0.9632903E-03
   17 s   19    23.25393        11.32774        88.27883        6.051988        286.3010       0.4181236E-03
   17 s   20    22.42220        11.48272        87.08742        6.983617        294.2898       0.1181880E-03
   17 s   21    21.80434        11.71100        85.38982        10.90214        424.4174       0.2260575E-05
   17 s   22    21.33372        11.99117        83.39468        11.19622        460.5050       0.8382185E-08
   17 s   23    20.89297        12.26537        81.53036        10.71149        444.2698      -0.1293184E-05
   17 s   24    20.46632        12.52617        79.83285        10.15393        414.7054      -0.2167366E-04
   17 s   25    20.05322        12.77429        78.28221        9.775954        390.1017      -0.1429294E-03
   17 s   26    19.66843        13.02052        76.80188        10.06862        402.0700      -0.4628895E-03
   18 s    1    168.6641        6.320136        158.2244        1.092646        196.7780      -0.7097262E-04
   18 s    2    103.6592        6.473815        154.4684        13.37597        555.3622       0.5149409E-03
   18 s    3    78.05593        6.824746        146.5256        14.32526        913.1302      -0.1343581E-02
   18 s    4    63.97572        7.191843        139.0464        14.94102        1090.715      -0.2223157E-02
   18 s    5    54.47055        7.484055        133.6174        4.410776        217.7384      -0.2702224E-04
   18 s    6    48.85121        7.932339        126.0662        14.99778        501.7344       0.4566939E-03
   18 s    7    44.18647        8.278718        120.7917        12.73822        699.4907       0.9239409E-03
   18 s    8    40.20227        8.536542        117.1434        6.803302        316.8834       0.2747132E-03
   18 s    9    36.42863        8.645278        115.6701        3.141567        219.2405       0.2981186E-05
   18 s   10    34.25974        8.986403        111.2792        23.88041        87.59912      -0.4768203E-03
   18 s   11    33.34212        9.578634        104.3990        19.46504        119.8995      -0.3816745E-03
   18 s   12    31.37302        9.796677        102.0754        6.564526        297.3593       0.3353510E-03
   18 s   13    29.48999        9.945369        100.5493        5.898260        269.7862       0.5169412E-03
   18 s   14    27.93365        10.11832        98.83068        8.005775        321.0396       0.9350849E-03
   18 s   15    26.73806        10.35319        96.58862        10.56164        438.0307       0.1425355E-02
   18 s   16    25.84562        10.65328        93.86778        20.97483        88.83795      -0.2999756E-02
   18 s   17    25.57278        11.17966        89.44816        20.91919        88.59460      -0.2946921E-02
   18 s   18    24.85701        11.48770        87.04960        9.010391        353.4406       0.6984439E-03
   18 s   19    24.11535        11.74737        85.12543        11.31384        449.7176       0.1096565E-02
   18 s   20    23.49954        12.03443        83.09489        11.22771        441.7715       0.1099404E-02
   18 s   21    22.88699        12.29248        81.35052        9.124726        349.7754       0.7939808E-03
   18 s   22    22.22271        12.49085        80.05859        6.937529        286.4575       0.4030433E-03
   18 s   23    21.55313        12.65292        79.03315        6.261842        270.9438       0.1295405E-03
   18 s   24    20.93603        12.81365        78.04175        6.772593        285.1912      -0.8962781E-04
   18 s   25    20.40441        12.99800        76.93488        8.092727        330.8060      -0.3158517E-03
   18 s   26    19.96676        13.21801        75.65436        9.492975        400.4498      -0.5303822E-03
   19 s    1    172.3037        6.456520        154.8822        21.49047        86.84871      -0.6167241E-05
   19 s    2    112.2105        7.007870        142.6967        22.80950        88.18651      -0.3518100E-03
   19 s    3    85.15151        7.445141        134.3158        1.037090        222.8419       0.3028604E-04
   19 s    4    66.46348        7.471505        133.8418        1.294055        219.8204      -0.5946320E-04
   19 s    5    55.31107        7.599539        131.5869        14.32283        454.6382      -0.8866235E-03
   19 s    6    49.88180        8.099682        123.4616        24.27222        92.44984       0.8324660E-04
   19 s    7    45.99732        8.617997        116.0362        3.433303        203.2719       0.9139735E-04
   19 s    8    41.18779        8.745808        114.3405        8.341108        337.4649       0.4204687E-03
   19 s    9    37.98224        9.013983        110.9388        11.90763        634.5964       0.2059062E-03
   19 s   10    35.50816        9.313867        107.3668        11.83635        646.1942       0.9354218E-05
   19 s   11    33.40641        9.597103        104.1981        14.29254        190.8980      -0.5756779E-04
   19 s   12    32.42659        10.12567        98.75888        10.02039        434.6619       0.1132331E-03
   19 s   13    30.84484        10.40229        96.13270        11.76978        627.4585       0.4413662E-03
   19 s   14    29.54342        10.70142        93.44558        12.00059        683.5734       0.6667328E-03
   19 s   15    28.38069        10.98923        90.99820        10.30580        530.7310       0.4703085E-03
   19 s   16    27.09783        11.16943        89.53010        5.186632        279.4630       0.6140610E-05
   19 s   17    25.85490        11.30299        88.47214        5.970944        281.1891       0.2080300E-03
   19 s   18    25.32655        11.70470        85.43578        20.87136        88.38685      -0.2891135E-02
   19 s   19    25.10318        12.22858        81.77566        20.82892        88.20402      -0.2835571E-02
   19 s   20    24.45298        12.52271        79.85494        9.221986        360.7993       0.7552713E-04
   19 s   21    23.73450        12.74768        78.44564        9.783878        344.8147       0.1870334E-03
   19 s   22    23.17234        13.02461        76.77771        12.13387        441.7395       0.5326569E-03
   19 s   23    22.71388        13.33434        74.99431        11.98720        469.2043       0.7754813E-03
   19 s   24    22.19727        13.58558        73.60746        7.986826        333.8728       0.5767873E-03
   19 s   25    21.59873        13.75881        72.68071        6.263563        286.5204       0.2103262E-03
   19 s   26    21.01196        13.90993        71.89110        5.967817        278.4354      -0.1311852E-04
   20 s    1    183.8160        6.887906        145.1820        16.50434        906.8688      -0.5449465E-02
   20 s    2    117.2490        7.322540        136.5646        16.40787        551.2748      -0.1631605E-02
   20 s    3    87.01050        7.607680        131.4461        24.02429        100.3802       0.5142244E-04
   20 s    4    71.82176        8.073857        123.8565        14.01517        777.3520       0.7575707E-04
   20 s    5    61.12898        8.398899        119.0632        11.60352        583.4579      -0.1352223E-02
   20 s    6    52.71754        8.560142        116.8205        2.607892        210.5636      -0.1512086E-03
   20 s    7    46.54371        8.720368        114.6741        24.09559        89.56829       0.2393707E-04
   20 s    8    43.92925        9.327929        107.2049        23.53890        97.07791       0.7173417E-04
   20 s    9    41.04571        9.741007        102.6588        4.530372        239.9507       0.3471850E-03
   20 s   10    37.43332        9.818840        101.8450        3.313557        227.9131       0.1905215E-04
   20 s   11    34.55237        9.926318        100.7423        5.688418        274.0365      -0.1639208E-04
   20 s   12    32.59736        10.17900        98.24150        23.48059        88.08784      -0.6411162E-03
   20 s   13    31.93072        10.76850        92.86349        23.41396        87.81005      -0.7276807E-03
   20 s   14    30.36239        10.99807        90.92505        4.462057        272.1120       0.2031325E-03
   20 s   15    28.71240        11.11767        89.94692        5.922046        290.0851       0.6325846E-03
   20 s   16    27.52873        11.34704        88.12870        11.43377        565.8408       0.1219556E-02
   20 s   17    26.63586        11.64441        85.87815        12.08897        653.2337       0.1177142E-02
   20 s   18    25.85464        11.94876        83.69072        12.17723        657.0827       0.1072688E-02
   20 s   19    25.15034        12.25155        81.62235        11.86927        595.3977       0.8172593E-03
   20 s   20    24.65361        12.62545        79.20508        9.543337        387.7059       0.1207420E-02
   20 s   21    24.02374        12.90303        77.50120        11.68880        544.6159       0.1177014E-02
   20 s   22    23.46855        13.19111        75.80864        11.11978        481.0821       0.8064155E-03
   20 s   23    22.92426        13.45785        74.30608        10.47723        399.3583       0.2290204E-03
   20 s   24    22.46033        13.74658        72.74536        12.74659        464.3720       0.2082789E-04
   20 s   25    22.09428        14.07448        71.05056        13.17032        501.1469       0.9540791E-04
   20 s   26    21.74577        14.39572        69.46511        12.38482        467.7521       0.1003773E-03
