    0 s    2    5.022818       0.3136895        3187.866        6.396383        487.3823       0.2006358E-01
    0 s    3    5.437432       0.4754167        2103.418        6.748549        391.8595       0.1472744E-01
    0 s    4    5.838564       0.6563434        1523.593        7.541947        351.4153       0.1210628E-01
    0 s    5    6.193788       0.8510038        1175.083        7.876689        335.9585       0.9605322E-02
    0 s    6    6.457908        1.048619        953.6352        7.817827        328.6466       0.7123017E-02
    0 s    7    6.619155        1.240156        806.3501        7.417596        323.8312       0.4688876E-02
    0 s    8    6.677724        1.417947        705.2451        6.758919        320.0449       0.2560516E-02
    0 s    9    6.649839        1.578146        633.6548        6.064213        317.1310       0.1129070E-02
    0 s   10    6.567801        1.722748        580.4678        5.532701        314.3900       0.4233330E-03
    0 s   11    6.461759        1.856355        538.6900        5.176297        310.7380       0.1453317E-03
    0 s   12    6.348792        1.982502        504.4131        4.924413        305.4827       0.4779327E-04
    0 s   13    6.235969        2.103053        475.4991        4.722050        298.3997       0.1533685E-04
    0 s   14    6.125619        2.218863        450.6812        4.542214        289.6037       0.4832177E-05
    0 s   15    6.018334        2.330347        429.1207        4.374910        279.4484       0.1497780E-05
    0 s   16    5.914231        2.437782        410.2090        4.218077        268.4245       0.4571721E-06
    0 s   17    5.813385        2.541439        393.4779        4.072678        257.0514       0.1376390E-06
    0 s   18    5.715930        2.641625        378.5549        3.940372        245.7894       0.4097985E-07
    0 s   19    5.622055        2.738686        365.1386        3.822503        234.9893       0.1215054E-07
    0 s   20    5.531960        2.832993        352.9836        3.719763        224.8806       0.3678268E-08
    0 s   21    5.445825        2.924925        341.8891        3.632159        215.5854       0.1232178E-08
    0 s   22    5.363785        3.014855        331.6910        3.559125        207.1435       0.5420078E-09
    0 s   23    5.285916        3.103135        322.2548        3.499677        199.5383       0.3681805E-09
    0 s   24    5.212239        3.190090        313.4708        3.452566        192.7195       0.3402174E-09
    0 s   25    5.142717        3.276011        305.2493        3.416413        186.6191       0.3074149E-09
    0 s   26    5.077267        3.361154        297.5169        3.389808        181.1626       0.2946743E-09
    1 s    2    10.75905       0.6719337        1488.242        10.80410        294.0216       0.2016525E-02
    1 s    3    10.62753       0.9292077        1076.186        9.740728        270.6544       0.5699711E-03
    1 s    4    10.30378        1.158302        863.3330        8.510685        262.2087       0.7801871E-03
    1 s    5    9.828908        1.350456        740.4905        6.718247        288.8500       0.2311571E-02
    1 s    6    9.234069        1.499405        666.9311        5.430118        341.6459       0.5083411E-02
    1 s    7    8.734630        1.636509        611.0570        5.643923        362.9143       0.7197378E-02
    1 s    8    8.420319        1.787969        559.2938        6.460368        367.5200       0.8552057E-02
    1 s    9    8.263671        1.961143        509.9069        7.322355        365.4939       0.9027304E-02
    1 s   10    8.207892        2.152948        464.4795        7.939966        357.6472       0.8678678E-02
    1 s   11    8.201714        2.356215        424.4094        8.254004        339.0018       0.7752022E-02
    1 s   12    8.207259        2.562835        390.1929        8.181132        289.7877       0.6083622E-02
    1 s   13    8.176383        2.757449        362.6540        7.194193        195.0662       0.2705661E-02
    1 s   14    8.068496        2.922625        342.1582        6.174475        151.9992       0.5151685E-03
    1 s   15    7.934960        3.072479        325.4701        5.856184        143.0990       0.1099473E-03
    1 s   16    7.805577        3.217374        310.8125        5.733242        140.0818       0.2954407E-04
    1 s   17    7.685947        3.360067        297.6131        5.670229        138.6987       0.9050098E-05
    1 s   18    7.576630        3.501550        285.5878        5.633209        138.0884       0.2981148E-05
    1 s   19    7.477005        3.642292        274.5524        5.609557        137.9547       0.1023989E-05
    1 s   20    7.386134        3.782540        264.3726        5.592985        138.1407       0.3605735E-06
    1 s   21    7.303032        3.922421        254.9446        5.579790        138.5378       0.1288706E-06
    1 s   22    7.226756        4.061986        246.1850        5.567603        139.0618       0.4645264E-07
    1 s   23    7.156442        4.201241        238.0249        5.554856        139.6450       0.1679624E-07
    1 s   24    7.091314        4.340156        230.4065        5.540508        140.2325       0.6066485E-08
    1 s   25    7.030685        4.478683        223.2799        5.523882        140.7808       0.2167253E-08
    1 s   26    6.973951        4.616760        216.6021        5.504562        141.2558       0.7491400E-09
    2 s    1    10.64626       0.3989340        2506.680        12.88222        364.3791       0.3266897E-03
    2 s    2    15.07411       0.9414215        1062.223        19.91893        96.76749       0.6157789E-01
    2 s    3    13.93299        1.218218        820.8713        5.689101        380.2173       0.3459658E-02
    2 s    4    12.00146        1.349147        741.2093        4.987213        340.5888       0.2673364E-02
    2 s    5    10.79553        1.483267        674.1877        5.908649        268.0550       0.2618047E-02
    2 s    6    10.14915        1.647993        606.7987        7.032664        214.5581       0.1498384E-02
    2 s    7    9.750357        1.826814        547.4011        7.142254        192.8357       0.9270280E-03
    2 s    8    9.434314        2.003281        499.1812        6.934282        180.5118       0.7385150E-03
    2 s    9    9.159603        2.173766        460.0311        6.685986        171.8667       0.7072283E-03
    2 s   10    8.914778        2.338365        427.6492        6.472254        165.9520       0.7921213E-03
    2 s   11    8.697166        2.498551        400.2320        6.345809        163.7399       0.1075489E-02
    2 s   12    8.512193        2.658055        376.2149        6.473725        172.2327       0.1982004E-02
    2 s   13    8.391154        2.829880        353.3719        7.452450        232.9058       0.4606116E-02
    2 s   14    8.366113        3.030430        329.9862        8.441534        337.2199       0.6102084E-02
    2 s   15    8.381161        3.245252        308.1425        8.722627        377.6888       0.5858749E-02
    2 s   16    8.403806        3.463957        288.6872        8.809768        390.9101       0.5342403E-02
    2 s   17    8.426650        3.683880        271.4529        8.841265        396.6874       0.4816820E-02
    2 s   18    8.447791        3.904158        256.1372        8.851391        399.9438       0.4323870E-02
    2 s   19    8.466769        4.124439        242.4572        8.852070        402.0997       0.3870096E-02
    2 s   20    8.483604        4.344570        230.1724        8.848506        403.6355       0.3454777E-02
    2 s   21    8.498478        4.564489        219.0826        8.843155        404.7055       0.3075404E-02
    2 s   22    8.511616        4.784175        209.0225        8.836850        405.2535       0.2728675E-02
    2 s   23    8.523193        5.003602        199.8560        8.827850        404.6797       0.2409114E-02
    2 s   24    8.533023        5.222537        191.4778        8.789768        396.7338       0.2087307E-02
    2 s   25    8.515323        5.424426        184.3513        6.561259        186.5410       0.1506770E-03
    2 s   26    8.434118        5.583391        179.1026        6.278861        174.5302       0.4095791E-05
    3 s    1    24.99197       0.9364925        1067.814        5.404305        680.8242       0.2270599E-02
    3 s    2    17.46348        1.090645        916.8886        6.907625        315.1703       0.3083638E-02
    3 s    3    16.25648        1.421369        703.5469        17.65474        89.50321       0.3426122E-01
    3 s    4    16.39522        1.843072        542.5723        17.27331        88.82315       0.2378399E-01
    3 s    5    16.41738        2.255688        443.3237        17.07059        88.82994       0.1704252E-01
    3 s    6    15.60001        2.533091        394.7745        5.372696        266.9443       0.5310232E-03
    3 s    7    14.23034        2.666178        375.0688        5.246957        260.5096       0.5770461E-03
    3 s    8    13.17187        2.796912        357.5371        5.205715        255.0065       0.6020678E-03
    3 s    9    12.33784        2.928027        341.5269        5.282869        250.1343       0.5759852E-03
    3 s   10    11.67437        3.062212        326.5613        5.449015        245.5212       0.5121913E-03
    3 s   11    11.14283        3.201149        312.3878        5.659121        240.9420       0.4302995E-03
    3 s   12    10.71354        3.345458        298.9127        5.875446        236.3127       0.3457468E-03
    3 s   13    10.36327        3.494968        286.1256        6.073124        231.6292       0.2680652E-03
    3 s   14    10.07390        3.649035        274.0451        6.238819        226.9124       0.2019096E-03
    3 s   15    9.831378        3.806787        262.6887        6.367492        222.1791       0.1486033E-03
    3 s   16    9.624946        3.967297        252.0608        6.459318        217.4371       0.1074913E-03
    3 s   17    9.446390        4.129680        242.1495        6.517403        212.6926       0.7693500E-04
    3 s   18    9.289486        4.293149        232.9293        6.546301        207.9599       0.5496882E-04
    3 s   19    9.149534        4.457036        224.3644        6.551117        203.2664       0.3970088E-04
    3 s   20    9.023004        4.620804        216.4126        6.536977        198.6539       0.2954457E-04
    3 s   21    8.907253        4.784039        209.0284        6.508744        194.1774       0.2338400E-04
    3 s   22    8.800318        4.946448        202.1653        6.471052        189.9128       0.2089499E-04
    3 s   23    8.700779        5.107855        195.7769        6.429713        186.0306       0.2421537E-04
    3 s   24    8.607925        5.268380        189.8117        6.413985        183.8578       0.5965156E-04
    3 s   25    8.546877        5.444527        183.6707        8.587018        368.9559       0.1736996E-02
    3 s   26    8.553107        5.662162        176.6110        8.814563        408.2792       0.1649986E-02
    4 s    1    37.35319        1.399689        714.4445        12.39613        381.1342       0.5121023E-03
    4 s    2    27.57319        1.722025        580.7116        13.15766        467.0403       0.4375508E-03
    4 s    3    23.48000        2.052951        487.1037        13.18672        534.4413       0.1569992E-03
    4 s    4    20.15431        2.265651        441.3743        5.064015        289.1745       0.5572950E-03
    4 s    5    17.45149        2.397770        417.0541        5.398113        274.1996       0.4706788E-03
    4 s    6    16.41016        2.664640        375.2852        16.99102        88.79372       0.1284135E-01
    4 s    7    16.39419        3.071593        325.5640        16.94860        88.86522       0.1023571E-01
    4 s    8    16.37618        3.477315        287.5782        16.89967        88.98039       0.8553564E-02
    4 s    9    15.52052        3.683344        271.4924        6.592282        321.1333       0.2893223E-03
    4 s   10    14.64059        3.840258        260.3991        6.029149        287.9625       0.3100459E-03
    4 s   11    13.88096        3.987767        250.7669        5.788854        270.5667       0.2950587E-03
    4 s   12    13.22956        4.131122        242.0650        5.685414        259.5353       0.2604142E-03
    4 s   13    12.67015        4.272953        234.0302        5.664111        251.8063       0.2170952E-03
    4 s   14    12.18847        4.414989        226.5011        5.700277        246.1950       0.1728473E-03
    4 s   15    11.77263        4.558457        219.3725        5.777052        242.1415       0.1324261E-03
    4 s   16    11.41274        4.704207        212.5757        5.881171        239.3264       0.9814926E-04
    4 s   17    11.10046        4.852790        206.0670        6.002062        237.5323       0.7063973E-04
    4 s   18    10.82874        5.004518        199.8194        6.131333        236.5849       0.4950498E-04
    4 s   19    10.59161        5.159517        193.8166        6.262297        236.3261       0.3384952E-04
    4 s   20    10.38394        5.317757        188.0492        6.389563        236.6012       0.2261490E-04
    4 s   21    10.20135        5.479092        182.5120        6.508763        237.2546       0.1477895E-04
    4 s   22    10.04005        5.643271        177.2022        6.616380        238.1301       0.9454730E-05
    4 s   23    9.896770        5.809969        172.1179        6.709635        239.0744       0.5924865E-05
    4 s   24    9.768668        5.978799        167.2577        6.786395        239.9411       0.3638650E-05
    4 s   25    9.653278        6.149326        162.6194        6.845086        240.5947       0.2190839E-05
    4 s   26    9.548456        6.321084        158.2007        6.884586        240.9130       0.1293759E-05
    5 s    1    47.41881        1.776865        562.7890        32.55541        95.51225       0.6684434E-04
    5 s    2    33.17298        2.071749        482.6840        2.747238        297.6564       0.9289090E-03
    5 s    3    24.64658        2.154951        464.0478        4.050188        270.5460       0.9396363E-03
    5 s    4    21.22570        2.386091        419.0955        12.98188        468.8404       0.1781954E-03
    5 s    5    19.68708        2.704934        369.6948        12.43411        496.8827       0.7830538E-04
    5 s    6    18.50616        3.004984        332.7805        11.51081        501.1469       0.6519193E-04
    5 s    7    17.48757        3.276449        305.2085        10.08158        478.5759       0.1052501E-03
    5 s    8    16.49752        3.503081        285.4630        8.007530        393.2271       0.2086982E-03
    5 s    9    16.35672        3.881793        257.6129        16.84705        89.07161       0.7454213E-02
    5 s   10    15.97136        4.189321        238.7021        9.807929        360.8360       0.6150423E-04
    5 s   11    15.42510        4.431372        225.6637        9.492519        378.5522       0.5514378E-04
    5 s   12    14.92679        4.661105        214.5414        8.821556        377.0445       0.6588294E-04
    5 s   13    14.44063        4.870037        205.3372        7.866834        351.7223       0.8746639E-04
    5 s   14    13.95739        5.055739        197.7950        7.048056        318.6608       0.1030153E-03
    5 s   15    13.49718        5.226213        191.3431        6.651599        296.2808       0.1020169E-03
    5 s   16    13.07868        5.390889        185.4982        6.552167        284.1338       0.8972656E-04
    5 s   17    12.70674        5.555007        180.0178        6.587005        277.4994       0.7300344E-04
    5 s   18    12.37838        5.720684        174.8043        6.667172        273.4476       0.5589167E-04
    5 s   19    12.08797        5.888443        169.8242        6.748486        270.4410       0.4047518E-04
    5 s   20    11.82940        6.057998        165.0710        6.807782        267.6403       0.2770360E-04
    5 s   21    11.59688        6.228627        160.5490        6.832605        264.5621       0.1783527E-04
    5 s   22    11.38527        6.399388        156.2649        6.817347        260.9370       0.1070164E-04
    5 s   23    11.19017        6.569269        152.2239        6.762101        256.6607       0.5891618E-05
    5 s   24    11.00802        6.737329        148.4268        6.672488        251.7835       0.2889214E-05
    5 s   25    10.83614        6.902833        144.8681        6.559219        246.4980       0.1175943E-05
    5 s   26    10.67274        7.065364        141.5355        6.436578        241.1000       0.3010116E-06
    6 s    1    52.71522        1.975331        506.2444        7.489200        516.5884       0.1654809E-02
    6 s    2    39.99748        2.497958        400.3270        14.67400        305.4516       0.1152401E-02
    6 s    3    32.35774        2.829168        353.4608        12.10173        440.6142       0.2253771E-02
    6 s    4    27.40095        3.080283        324.6455        7.537631        306.0636       0.1986286E-02
    6 s    5    23.52656        3.232464        309.3615        5.281851        255.2259       0.1019802E-02
    6 s    6    20.73376        3.366696        297.0271        5.602924        247.1328       0.5750053E-03
    6 s    7    18.79023        3.520512        284.0496        6.793728        250.5876       0.3569313E-03
    6 s    8    17.48663        3.713108        269.3162        8.606157        279.2660       0.1946662E-03
    6 s    9    16.62059        3.944414        253.5231        9.675536        326.5268       0.9637971E-04
    6 s   10    16.33577        4.284907        233.3773        16.78711        89.17427       0.6723754E-02
    6 s   11    16.31347        4.686588        213.3749        16.72450        89.27007       0.6230183E-02
    6 s   12    15.86513        4.954115        201.8524        6.478796        239.0043       0.1552045E-03
    6 s   13    15.20731        5.128598        194.9851        7.484145        253.9410       0.1067151E-03
    6 s   14    14.70681        5.327199        187.7159        8.325409        278.0619       0.6574580E-04
    6 s   15    14.31046        5.541124        180.4688        8.708192        300.7974       0.4118276E-04
    6 s   16    13.97389        5.759885        173.6146        8.744223        316.0139       0.2817592E-04
    6 s   17    13.67159        5.976812        167.3133        8.580610        323.2356       0.2086835E-04
    6 s   18    13.38955        6.188000        161.6031        8.294759        323.0806       0.1611969E-04
    6 s   19    13.11965        6.391008        156.4698        7.934203        316.3504       0.1238884E-04
    6 s   20    12.85768        6.584591        151.8697        7.550516        304.7958       0.8938453E-05
    6 s   21    12.60286        6.768932        147.7338        7.204639        291.3058       0.5564961E-05
    6 s   22    12.35713        6.945646        143.9751        6.946158        278.7522       0.2426089E-05
    6 s   23    12.12356        7.117225        140.5042        6.793614        268.7892      -0.2099214E-06
    6 s   24    11.90486        7.286230        137.2452        6.736459        261.7812      -0.2163611E-05
    6 s   25    11.70254        7.454745        134.1428        6.749093        257.3689      -0.3396112E-05
    6 s   26    11.51683        7.624150        131.1622        6.802513        254.9398      -0.3975754E-05
    7 s    1    58.74529        2.201288        454.2795        8.477880        262.5856       0.1172093E-02
    7 s    2    41.25632        2.576577        388.1119        28.86658        104.4899       0.3382821E-03
    7 s    3    36.93102        3.229028        309.6907        5.203608        236.8828       0.9092105E-04
    7 s    4    30.24864        3.400407        294.0824        9.612339        379.4220       0.9256030E-03
    7 s    5    26.83249        3.686686        271.2463        12.38380        502.6557       0.1662997E-02
    7 s    6    24.57346        3.990177        250.6155        11.30015        450.5703       0.1494824E-02
    7 s    7    22.59331        4.233052        236.2362        7.931602        327.1396       0.9756682E-03
    7 s    8    20.72008        4.399698        227.2883        5.722806        265.8779       0.5522096E-03
    7 s    9    19.10595        4.534243        220.5440        5.176163        244.9505       0.3488905E-03
    7 s   10    17.78325        4.664584        214.3814        5.290327        236.8779       0.2545812E-03
    7 s   11    16.71519        4.801995        208.2468        5.728979        234.7065       0.2007949E-03
    7 s   12    16.29010        5.086820        196.5865        16.66222        89.35629       0.5890803E-02
    7 s   13    16.26603        5.485648        182.2939        16.60255        89.43178       0.5653059E-02
    7 s   14    16.24164        5.883158        169.9767        16.54696        89.49606       0.5483086E-02
    7 s   15    16.08052        6.226503        160.6038        5.915584        228.9308       0.9921735E-04
    7 s   16    15.46734        6.375467        156.8513        6.000562        225.3631       0.6811501E-04
    7 s   17    14.93087        6.527330        153.2020        6.150878        223.6162       0.4466444E-04
    7 s   18    14.46242        6.683829        149.6148        6.372597        223.9930       0.2732699E-04
    7 s   19    14.05507        6.846683        146.0561        6.656116        226.8726       0.1499170E-04
    7 s   20    13.70215        7.017058        142.5099        6.966636        232.3397       0.6729512E-05
    7 s   21    13.39609        7.194973        138.9859        7.250069        239.7858       0.1604454E-05
    7 s   22    13.12831        7.379108        135.5177        7.458414        247.9198      -0.1353377E-05
    7 s   23    12.89017        7.567265        132.1481        7.571311        255.3124      -0.2996201E-05
    7 s   24    12.67420        7.757094        128.9143        7.595048        260.9526      -0.3920261E-05
    7 s   25    12.47466        7.946601        125.8400        7.549688        264.4194      -0.4461194E-05
    7 s   26    12.28754        8.134357        122.9353        7.459129        265.7827      -0.4769192E-05
    8 s    1    77.58249        2.907150        343.9794        14.15390        886.4206       0.6831385E-02
    8 s    2    50.61301        3.160929        316.3627        2.048508        226.4051       0.2084234E-03
    8 s    3    37.66681        3.293362        303.6411        26.31471        101.0820       0.1294298E-03
    8 s    4    34.39500        3.866521        258.6305        14.99300        418.8515       0.1032341E-02
    8 s    5    30.52836        4.194485        238.4083        11.85478        676.8478       0.1767990E-02
    8 s    6    27.35570        4.441951        225.1263        8.189584        348.4001       0.4778049E-03
    8 s    7    24.90182        4.665572        214.3360        10.24276        369.8778       0.1156852E-04
    8 s    8    23.29406        4.946257        202.1731        11.74840        463.2486       0.5531862E-05
    8 s    9    22.03538        5.229458        191.2244        10.43592        466.9721       0.1399652E-03
    8 s   10    20.79300        5.454048        183.3500        7.637910        339.4984       0.3861510E-03
    8 s   11    19.58704        5.627031        177.7136        6.409468        278.1865       0.3581857E-03
    8 s   12    18.51646        5.782031        172.9496        6.033607        254.4666       0.2683929E-03
    8 s   13    17.58762        5.931349        168.5957        5.912946        242.1380       0.1950273E-03
    8 s   14    16.78209        6.078920        164.5029        5.886276        234.3211       0.1402962E-03
    8 s   15    16.21729        6.279462        159.2493        16.49621        89.54921       0.5358835E-02
    8 s   16    16.19326        6.674685        149.8198        16.45059        89.59165       0.5265807E-02
    8 s   17    16.16979        7.068953        141.4637        16.40999        89.62408       0.5194379E-02
    8 s   18    16.03423        7.410239        134.9484        5.791204        238.9085       0.5970270E-04
    8 s   19    15.50959        7.555224        132.3587        5.808972        234.9878       0.3343045E-04
    8 s   20    15.03813        7.701232        129.8493        5.871399        232.6868       0.1406113E-04
    8 s   21    14.61423        7.849229        127.4011        5.968030        231.4233       0.4990046E-06
    8 s   22    14.23300        8.000025        124.9996        6.095402        230.9970      -0.8415816E-05
    8 s   23    13.89023        8.154360        122.6338        6.250643        231.3544      -0.1374324E-04
    8 s   24    13.58229        8.312883        120.2952        6.429283        232.4987      -0.1639762E-04
    8 s   25    13.30587        8.476096        117.9788        6.624235        234.4369      -0.1714433E-04
    8 s   26    13.05783        8.644289        115.6833        6.825495        237.1331      -0.1661189E-04
    9 s    1    83.63461        3.133934        319.0878       0.7772003        220.8708       0.2121206E-07
    9 s    2    52.02308        3.248992        307.7878        12.85582        944.0447       0.3383531E-02
    9 s    3    40.89256        3.575402        279.6888        13.25785        675.0275       0.1131180E-02
    9 s    4    35.57160        3.998789        250.0757        24.19468        107.4530       0.1399313E-03
    9 s    5    32.02505        4.400126        227.2662        5.210339        244.2654       0.4505723E-03
    9 s    6    28.32969        4.600104        217.3864        10.64983        414.4803       0.2509168E-02
    9 s    7    26.06818        4.884100        204.7460        11.22377        469.6137       0.3136736E-02
    9 s    8    24.25696        5.150718        194.1477        9.871897        364.6233       0.2482493E-02
    9 s    9    22.70936        5.389408        185.5491        9.505759        304.8739       0.1377717E-02
    9 s   10    21.52169        5.645185        177.1421        10.87549        346.4542       0.4778621E-03
    9 s   11    20.62060        5.923955        168.8061        11.24317        405.9136       0.1657885E-03
    9 s   12    19.86655        6.203617        161.1963        11.08329        442.6182       0.8100517E-04
    9 s   13    19.20414        6.476513        154.4041        10.69415        458.5452       0.6345189E-04
    9 s   14    18.58833        6.733190        148.5180        9.645426        424.4820       0.8845982E-04
    9 s   15    17.94302        6.947678        143.9330        7.436884        318.1155       0.1396269E-03
    9 s   16    17.26149        7.114999        140.5482        6.184381        263.4806       0.1296966E-03
    9 s   17    16.61769        7.264759        137.6508        5.858874        246.2246       0.9322154E-04
    9 s   18    16.14706        7.462387        134.0054        16.37412        89.64733       0.5138107E-02
    9 s   19    16.12519        7.855103        127.3058        16.34254        89.66231       0.5092640E-02
    9 s   20    16.10424        8.247201        121.2533        16.31476        89.66996       0.5055009E-02
    9 s   21    15.91113        8.545786        117.0167        6.916891        276.6612       0.1478448E-04
    9 s   22    15.49864        8.711415        114.7919        6.410334        257.0333      -0.1776910E-06
    9 s   23    15.10791        8.869206        112.7497        6.243952        248.2404      -0.1358995E-04
    9 s   24    14.74564        9.024895        110.8046        6.222428        243.9881      -0.2334965E-04
    9 s   25    14.41236        9.180955        108.9211        6.265835        241.8645      -0.2945127E-04
    9 s   26    14.10655        9.338544        107.0831        6.341307        240.8790      -0.3245393E-04
   10 s    1    90.83733        3.403832        293.7865        25.76327        87.93577       0.5936560E-04
   10 s    2    65.03635        4.061708        246.2018        25.58878        98.93081       0.9044914E-03
   10 s    3    48.54404        4.244402        235.6045        2.569381        238.5129       0.7706031E-03
   10 s    4    38.32809        4.308660        232.0907        2.933710        227.2126       0.1648009E-03
   10 s    5    33.74291        4.636152        215.6961        25.26846        96.13393      -0.7811923E-04
   10 s    6    32.30214        5.245141        190.6527        18.53859        136.8470       0.4907392E-03
   10 s    7    29.21776        5.474201        182.6751        7.991169        284.8650       0.1398274E-02
   10 s    8    26.81273        5.693411        175.6416        9.635595        313.0329       0.2232206E-02
   10 s    9    25.10802        5.958659        167.8230        11.16572        367.1789       0.2959032E-02
   10 s   10    23.76861        6.234558        160.3963        10.19319        346.7684       0.2752656E-02
   10 s   11    22.47159        6.455713        154.9016        7.405310        275.3383       0.1642786E-02
   10 s   12    21.20445        6.621396        151.0256        6.051188        243.5481       0.8579858E-03
   10 s   13    20.07491        6.770176        147.7067        5.951555        234.4484       0.4862703E-03
   10 s   14    19.12672        6.928210        144.3374        6.881233        243.5611       0.2671355E-03
   10 s   15    18.40612        7.126995        140.3116        9.076053        301.1575       0.1025010E-03
   10 s   16    17.88641        7.372583        135.6377        10.30548        373.1042       0.3793286E-04
   10 s   17    17.46248        7.634074        130.9916        10.51216        407.2341       0.2263670E-04
   10 s   18    17.08184        7.894395        126.6722        10.23668        409.2184       0.2037146E-04
   10 s   19    16.71289        8.141394        122.8291        9.411733        376.6252       0.2327212E-04
   10 s   20    16.32475        8.360129        119.6154        8.039244        319.0069       0.2428432E-04
   10 s   21    16.08426        8.638773        115.7572        16.29028        89.67116       0.5023164E-02
   10 s   22    16.06526        9.029899        110.7432        16.26863        89.66675       0.4995674E-02
   10 s   23    15.90940        9.339728        107.0695        9.633150        359.4068      -0.2634140E-07
   10 s   24    15.64200        9.573501        104.4550        9.005609        339.0550      -0.5390870E-05
   10 s   25    15.36505        9.787839        102.1676        8.119447        308.2704      -0.1314358E-04
   10 s   26    15.07577        9.980169        100.1987        7.303325        281.3112      -0.2249993E-04
   11 s    1    99.33094        3.722103        268.6654        16.62268        614.3185       0.2532860E-02
   11 s    2    65.58011        4.095667        244.1605        13.11778        298.0469       0.5492280E-02
   11 s    3    51.31867        4.486999        222.8661        11.98124        561.9050       0.5431475E-02
   11 s    4    42.52669        4.780646        209.1767        11.26538        589.7534       0.3242453E-02
   11 s    5    36.75033        5.049361        198.0449        10.06249        458.8266       0.1558919E-02
   11 s    6    32.61999        5.296753        188.7949        14.48322        159.5929       0.3845629E-03
   11 s    7    31.18535        5.842846        171.1495        12.50756        336.9893       0.5250039E-03
   11 s    8    28.89497        6.135554        162.9845        11.74523        588.0435       0.5538397E-03
   11 s    9    26.99754        6.407082        156.0773        9.335791        406.0283       0.3650121E-04
   11 s   10    25.25402        6.624183        150.9620        9.107402        332.3222       0.5397441E-03
   11 s   11    23.98473        6.890411        145.1292        12.00485        421.1874       0.1887687E-02
   11 s   12    23.07270        7.204783        138.7967        12.42988        465.1554       0.2570889E-02
   11 s   13    22.20542        7.488680        133.5349        9.720982        363.6093       0.2129451E-02
   11 s   14    21.23757        7.692816        129.9914        6.789629        278.5751       0.1183074E-02
   11 s   15    20.26371        7.846269        127.4491        5.656837        249.2006       0.6349020E-03
   11 s   16    19.37071        7.984394        125.2443        5.443766        239.4600       0.3756156E-03
   11 s   17    18.57949        8.122399        123.1163        5.618632        237.1068       0.2354891E-03
   11 s   18    17.89101        8.268356        120.9430        6.097406        240.6342       0.1464519E-03
   11 s   19    17.30856        8.431563        118.6020        7.042576        255.3804       0.8238514E-04
   11 s   20    16.84209        8.625064        115.9412        8.458197        290.9474       0.3742772E-04
   11 s   21    16.48045        8.851563        112.9744        9.529129        334.7301       0.1439741E-04
   11 s   22    16.18146        9.095211        109.9480        9.850769        359.3678       0.5052441E-05
   11 s   23    16.04724        9.420647        106.1498        16.24935        89.65747       0.4971518E-02
   11 s   24    16.03017        9.811076        101.9256        16.23204        89.64398       0.4949957E-02
   11 s   25    15.91013        10.13506        98.66740        7.948633        290.6074      -0.9938021E-05
   11 s   26    15.62307        10.34248        96.68862        8.583967        314.2926      -0.1458837E-04
   12 s    1    112.5814        4.218619        237.0444       0.8007260        220.3388       0.1277536E-04
   12 s    2    68.21371        4.260143        234.7339        3.573034        243.0213       0.8792636E-03
   12 s    3    53.94230        4.716393        212.0264        25.40356        85.15365       0.3619638E-04
   12 s    4    47.35644        5.323584        187.8434        7.864458        158.5629       0.3718480E-03
   12 s    5    39.53434        5.431874        184.0985        5.213063        233.9782       0.2871543E-03
   12 s    6    34.49484        5.601186        178.5336        8.439522        324.5613       0.3962854E-03
   12 s    7    31.39092        5.881360        170.0287        22.51237        102.9158      -0.2529742E-03
   12 s    8    30.11568        6.394759        156.3781        5.762470        237.0779       0.7971227E-03
   12 s    9    27.71002        6.576170        152.0642        9.635876        318.7490       0.1560305E-02
   12 s   10    26.19039        6.869796        145.5647        12.94052        507.6893       0.1738785E-02
   12 s   11    25.07463        7.203521        138.8210        13.45632        568.6964       0.1418193E-02
   12 s   12    24.14136        7.538488        132.6526        13.19013        525.9303       0.7680297E-03
   12 s   13    23.31784        7.863839        127.1644        12.94503        459.1350       0.4566820E-04
   12 s   14    22.61997        8.193559        122.0471        13.34333        491.4276       0.3155139E-04
   12 s   15    21.92952        8.491282        117.7678        10.00652        428.1144       0.1030421E-02
   12 s   16    21.14252        8.714717        114.7484        7.919563        338.4985       0.1025974E-02
   12 s   17    20.34598        8.894655        112.4271        6.542061        288.9790       0.6737536E-03
   12 s   18    19.58019        9.049014        110.5093        5.860894        265.1663       0.4211614E-03
   12 s   19    18.86994        9.192161        108.7883        5.614475        253.7890       0.2655663E-03
   12 s   20    18.22301        9.332253        107.1553        5.602042        248.4821       0.1671063E-03
   12 s   21    17.63914        9.473890        105.5533        5.736197        246.8538       0.1011524E-03
   12 s   22    17.11598        9.620480        103.9449        6.004806        248.5387       0.5512676E-04
   12 s   23    16.65224        9.775816        102.2933        6.448383        254.7400       0.2287610E-04
   12 s   24    16.24898        9.944999        100.5530        7.118179        268.0891       0.1693919E-05
   12 s   25    16.01407        10.20127        98.02700        16.21626        89.62605       0.4931149E-02
   12 s   26    15.99878        10.59120        94.41799        16.20188        89.60583       0.4913187E-02
   13 s    1    120.3966        4.511471        221.6572        14.00208        701.8381       0.3001197E-02
   13 s    2    77.83574        4.861067        205.7162        14.15250        789.7425       0.1112704E-02
   13 s    3    59.58168        5.209467        191.9582        12.23023        490.4201       0.3974877E-02
   13 s    4    47.56717        5.347273        187.0112        19.90723        100.8426      -0.2816373E-04
   13 s    5    42.62198        5.856105        170.7620        13.25662        396.8445       0.4243268E-02
   13 s    6    37.65587        6.114467        163.5466        7.806768        374.4897       0.2329586E-02
   13 s    7    33.45961        6.268948        159.5164        5.103098        257.8635       0.8783268E-03
   13 s    8    30.48025        6.472172        154.5076        23.18045        94.12394      -0.3402987E-03
   13 s    9    29.70934        7.050650        141.8309        22.96247        92.94695      -0.3551593E-03
   13 s   10    28.68249        7.523479        132.9172        4.773971        240.9594       0.7024194E-03
   13 s   11    26.58850        7.638432        130.9169        4.754188        237.5347       0.6552759E-03
   13 s   12    24.90243        7.776143        128.5985        6.481459        265.7053       0.1233652E-02
   13 s   13    23.65617        7.977938        125.3457        9.583789        362.5262       0.2455434E-02
   13 s   14    22.75729        8.243299        121.3107        11.06050        447.2153       0.3094937E-02
   13 s   15    22.08223        8.550415        116.9534        13.36553        496.5008       0.1928908E-02
   13 s   16    21.55065        8.882942        112.5753        12.91321        507.4917       0.1175864E-02
   13 s   17    21.03047        9.193895        108.7678        11.88302        481.1885       0.7327915E-03
   13 s   18    20.50996        9.478707        105.4996        10.87994        450.4911       0.4608979E-03
   13 s   19    19.99291        9.739197        102.6779        9.932794        417.0129       0.3294268E-03
   13 s   20    19.47886        9.975393        100.2467        8.925581        376.4187       0.2703704E-03
   13 s   21    18.96930        10.18831        98.15170        7.845138        332.2621       0.2272010E-03
   13 s   22    18.45543        10.37335        96.40083        6.995188        298.2805       0.1768762E-03
   13 s   23    17.95636        10.54141        94.86399        6.490477        277.1124       0.1208908E-03
   13 s   24    17.48340        10.70051        93.45348        6.263727        264.9087       0.7102625E-04
   13 s   25    17.04234        10.85630        92.11238        6.214931        258.0209       0.3180448E-04
   13 s   26    16.63511        11.01245        90.80627        6.289074        254.6697       0.3166084E-05
   14 s    1    132.6884        4.972063        201.1238        25.60840        86.77922       0.3109875E-03
   14 s    2    83.70205        5.227435        191.2984        1.375039        191.6438       0.3351410E-05
   14 s    3    60.37459        5.278795        189.4372        4.084462        235.9175       0.5293037E-03
   14 s    4    49.57798        5.573318        179.4263        13.61471        631.6651       0.5663706E-02
   14 s    5    43.64332        5.996433        166.7658        23.08491        94.70683       0.3727021E-03
   14 s    6    39.81747        6.465463        154.6680        9.680935        275.0296       0.2582161E-02
   14 s    7    36.00613        6.746060        148.2347        12.41963        482.1033       0.3237778E-02
   14 s    8    33.29019        7.068832        141.4661        12.86897        553.9127       0.2844621E-02
   14 s    9    31.01794        7.361208        135.8473        9.297286        353.6014       0.1832543E-02
   14 s   10    29.04553        7.618705        131.2559        22.51242        92.43649      -0.3667614E-03
   14 s   11    28.45938        8.175906        122.3106        21.56225        98.19912      -0.1588143E-03
   14 s   12    27.22208        8.500489        117.6403        11.36182        480.1532       0.1774574E-02
   14 s   13    25.91194        8.738689        114.4336        7.658796        311.6481       0.1359985E-02
   14 s   14    24.60645        8.913114        112.1942        6.756378        279.4296       0.1266568E-02
   14 s   15    23.49317        9.096743        109.9295        8.043558        306.3652       0.1692356E-02
   14 s   16    22.61850        9.323096        107.2605        9.882244        371.0078       0.2363946E-02
   14 s   17    21.92902        9.586714        104.3110        10.77002        428.5961       0.2709258E-02
   14 s   18    21.31808        9.852182        101.5004        10.04673        407.6768       0.2297672E-02
   14 s   19    20.71500        10.09095        99.09869        8.602798        348.8047       0.1386422E-02
   14 s   20    20.10726        10.29720        97.11376        7.996927        324.5848       0.7015975E-03
   14 s   21    19.54789        10.49907        95.24650        8.200168        331.2699       0.3346197E-03
   14 s   22    19.05347        10.70950        93.37505        8.604072        350.3428       0.1631634E-03
   14 s   23    18.61498        10.92806        91.50759        8.828704        365.2578       0.8899429E-04
   14 s   24    18.21620        11.14901        89.69404        8.798807        367.7752       0.5689462E-04
   14 s   25    17.84241        11.36596        87.98199        8.507202        355.0930       0.4144576E-04
   14 s   26    17.48084        11.57233        86.41303        7.960223        328.9000       0.3034016E-04
   15 s    1    138.8046        5.201249        192.2615       0.7610379        187.8096       0.1194469E-04
   15 s    2    89.65291        5.599083        178.6007        24.06936        112.9672       0.1587424E-02
   15 s    3    69.11405        6.042921        165.4829        11.90433        485.7350       0.1891646E-02
   15 s    4    55.21865        6.207415        161.0976        3.747768        223.1863       0.8885312E-03
   15 s    5    45.90512        6.307196        158.5491        4.902943        221.8325       0.1413749E-02
   15 s    6    40.77341        6.620685        151.0418        24.30916        89.38964      -0.2180751E-04
   15 s    7    38.65749        7.242815        138.0679        24.94375        87.69671      -0.1634995E-03
   15 s    8    35.14932        7.463600        133.9836        3.331055        237.9526       0.1266276E-03
   15 s    9    31.97555        7.588469        131.7789        7.666491        330.5693       0.8436959E-03
   15 s   10    29.96052        7.858709        127.2474        12.73858        606.7711       0.1833644E-02
   15 s   11    28.50420        8.188779        122.1183        13.75155        439.7450       0.1727773E-02
   15 s   12    27.94772        8.727079        114.5859        21.90609        91.37334      -0.3410542E-03
   15 s   13    26.77458        9.029610        110.7468        10.72192        405.9229       0.2833267E-03
   15 s   14    25.74197        9.324431        107.2452        12.33823        497.5997       0.3339699E-03
   15 s   15    24.86801        9.629090        103.8520        11.69930        454.0057       0.9586685E-04
   15 s   16    23.99832        9.891847        101.0934        9.120798        337.1429       0.6223962E-04
   15 s   17    23.10492        10.10079        99.00221        7.898492        296.4367       0.6177430E-03
   15 s   18    22.30794        10.30964        96.99656        8.958899        323.6278       0.1478424E-02
   15 s   19    21.66551        10.55397        94.75104        10.32030        381.7135       0.2293213E-02
   15 s   20    21.12289        10.81732        92.44435        10.28400        398.4124       0.2414958E-02
   15 s   21    20.59200        11.05986        90.41707        8.814049        348.0698       0.1813386E-02
   15 s   22    20.03347        11.26033        88.80732        7.214770        297.6830       0.1069108E-02
   15 s   23    19.46882        11.42931        87.49433        6.376749        273.2047       0.5856320E-03
   15 s   24    18.93006        11.58592        86.31165        6.206844        266.0287       0.3233852E-03
   15 s   25    18.43612        11.74417        85.14864        6.497865        270.7846       0.1772347E-03
   15 s   26    17.99717        11.91414        83.93388        7.131998        287.3279       0.9151918E-04
   16 s    1    141.9561        5.319340        187.9932        16.14681        640.7584       0.8707444E-02
   16 s    2    91.63741        5.723021        174.7329        17.11880        237.7228       0.3391202E-02
   16 s    3    71.58092        6.258610        159.7799        9.134885        194.7215       0.6842683E-03
   16 s    4    58.26484        6.549854        152.6752        14.11046        618.1440       0.2669112E-02
   16 s    5    50.22394        6.900587        144.9152        13.65054        774.6812       0.3724201E-02
   16 s    6    44.54133        7.232511        138.2646        12.72209        821.1986       0.3687017E-02
   16 s    7    39.47085        7.395207        135.2227        2.384218        230.9392       0.2559959E-05
   16 s    8    36.96453        7.849043        127.4041        19.26419        156.0580       0.1489052E-02
   16 s    9    34.48976        8.185145        122.1726        12.33590        739.5751       0.2642056E-02
   16 s   10    32.32898        8.479959        117.9251        10.57312        539.5155       0.1776662E-02
   16 s   11    30.18495        8.671633        115.3185        5.393616        271.3641       0.1603139E-03
   16 s   12    28.22121        8.812479        113.4754        6.631844        281.7814       0.1490743E-04
   16 s   13    27.48974        9.270795        107.8656        21.67262        90.90996      -0.3170891E-03
   16 s   14    26.73549        9.684310        103.2598        8.696940        358.8233       0.1910787E-02
   16 s   15    25.54088        9.889629        101.1160        8.060876        323.1281       0.1580492E-02
   16 s   16    24.55439        10.12105        98.80395        10.40436        398.0346       0.1326465E-02
   16 s   17    23.81164        10.40974        96.06389        12.26670        499.3495       0.9131571E-03
   16 s   18    23.20281        10.72321        93.25564        12.59426        530.4518       0.6875109E-03
   16 s   19    22.64864        11.03289        90.63808        11.93787        499.4908       0.7305025E-03
   16 s   20    22.08337        11.30920        88.42361        9.991420        403.1316       0.1280420E-02
   16 s   21    21.50516        11.55031        86.57778        9.609506        385.7212       0.2095255E-02
   16 s   22    20.99531        11.80096        84.73885        10.17892        417.5975       0.2510331E-02
   16 s   23    20.53256        12.05378        82.96149        9.661953        397.1096       0.2222854E-02
   16 s   24    20.06445        12.28021        81.43181        8.253021        336.5691       0.1505873E-02
   16 s   25    19.57589        12.47022        80.19102        6.943014        290.0352       0.8626592E-03
   16 s   26    19.08421        12.63376        79.15302        6.179610        265.2582       0.4702761E-03
   17 s    1    163.8172        6.138514        162.9059        5.206652        262.5810       0.2254499E-02
   17 s    2    99.01944        6.184050        161.7063        1.678657        197.3067       0.3709591E-03
   17 s    3    71.99753        6.295035        158.8554        22.98771        92.69351       0.2058026E-03
   17 s    4    61.69790        6.935782        144.1799        25.46607        84.45760       0.7082298E-05
   17 s    5    53.19829        7.309251        136.8129        1.576064        221.5724       0.1311766E-03
   17 s    6    45.27504        7.351648        136.0239        2.038137        217.1898       0.3112313E-03
   17 s    7    40.35728        7.561285        132.2526        12.61982        666.4415       0.3639484E-02
   17 s    8    37.19088        7.897106        126.6287        18.24470        156.5973       0.1439188E-02
   17 s    9    35.80105        8.496341        117.6977        24.56848        87.91487      -0.2282257E-03
   17 s   10    32.99060        8.653505        115.5601        5.107283        256.3815       0.8959151E-03
   17 s   11    30.85472        8.864045        112.8153        11.06748        504.4681       0.2355364E-02
   17 s   12    29.32187        9.156177        109.2159        11.72514        572.7935       0.2487147E-02
   17 s   13    27.99286        9.440470        105.9269        10.66429        473.9225       0.2330718E-02
   17 s   14    27.08047        9.809269        101.9444        21.48085        90.45729      -0.2918460E-03
   17 s   15    26.71297        10.34347        96.67934        21.32490        90.02674      -0.2651359E-03
   17 s   16    26.15980        10.78278        92.74044        11.19157        462.0987       0.2493740E-02
   17 s   17    25.14249        10.99155        90.97898        6.037596        278.3367       0.1006777E-02
   17 s   18    24.08530        11.13105        89.83876        5.500481        258.5534       0.5736116E-03
   17 s   19    23.15936        11.28168        88.63931        6.787457        274.7701       0.5058176E-03
   17 s   20    22.43297        11.48823        87.04559        9.908035        351.1162       0.3449004E-03
   17 s   21    21.90620        11.76571        84.99277        11.82732        445.5297       0.2228063E-03
   17 s   22    21.46640        12.06575        82.87923        12.01377        474.4047       0.3196514E-03
   17 s   23    21.05937        12.36305        80.88616        11.70225        472.7181       0.6212536E-03
   17 s   24    20.67005        12.65086        79.04601        11.24138        463.2619       0.1032367E-02
   17 s   25    20.28914        12.92457        77.37199        10.50461        437.0258       0.1232763E-02
   17 s   26    19.90091        13.17442        75.90469        9.336973        386.7063       0.1100820E-02
   18 s    1    165.8932        6.216306        160.8672        11.53051        370.7786       0.3726617E-02
   18 s    2    105.3775        6.581126        151.9497        14.46302        740.4660       0.6068102E-02
   18 s    3    79.32502        6.935707        144.1814        14.19159        870.2406       0.4385068E-02
   18 s    4    64.46750        7.247127        137.9857        6.258521        339.3905       0.1134603E-02
   18 s    5    55.04587        7.563102        132.2209        24.32215        88.08666       0.9595568E-04
   18 s    6    49.62805        8.058479        124.0929        14.48756        466.1511       0.3369235E-02
   18 s    7    44.64786        8.365164        119.5434        8.821530        393.8345       0.2806989E-02
   18 s    8    39.97662        8.488629        117.8047        2.974920        231.9464       0.5714656E-03
   18 s    9    36.07216        8.560680        116.8131        3.197360        222.7700       0.3701525E-03
   18 s   10    34.75478        9.116252        109.6942        24.65972        87.57611      -0.2357554E-03
   18 s   11    33.56656        9.643111        103.7010        8.237720        341.0239       0.1952905E-02
   18 s   12    31.40748        9.807439        101.9634        5.781789        270.5056       0.1042344E-02
   18 s   13    29.54737        9.964720        100.3541        7.145869        297.4082       0.1167156E-02
   18 s   14    28.11836        10.18522        98.18146        10.19246        397.7962       0.1859059E-02
   18 s   15    27.04840        10.47335        95.48039        12.41173        529.8910       0.2530190E-02
   18 s   16    26.38154        10.87418        91.96094        21.19679        89.61739      -0.2399390E-03
   18 s   17    25.75373        11.25876        88.81971        13.33330        539.2987       0.1999260E-02
   18 s   18    25.11504        11.60695        86.15529        13.79378        590.8549       0.2374778E-02
   18 s   19    24.48686        11.92834        83.83393        11.32584        438.9990       0.2020763E-02
   18 s   20    23.75827        12.16693        82.18998        7.859026        313.5207       0.1359965E-02
   18 s   21    22.98272        12.34390        81.01166        6.585082        278.6768       0.1057551E-02
   18 s   22    22.25982        12.51171        79.92513        6.953214        283.2341       0.1103007E-02
   18 s   23    21.63538        12.70121        78.73268        8.220658        315.3410       0.1314961E-02
   18 s   24    21.12137        12.92709        77.35693        9.707616        372.2011       0.1486461E-02
   18 s   25    20.69720        13.18452        75.84651        10.65627        430.0355       0.1471799E-02
   18 s   26    20.32723        13.45664        74.31276        10.91718        461.7830       0.1253882E-02
   19 s    1    173.6740        6.507867        153.6602        27.11433        85.14754       0.1550828E-03
   19 s    2    114.4656        7.148709        139.8854        24.78583        89.85984       0.3856421E-03
   19 s    3    83.24654        7.278582        137.3894        1.066984        209.0157       0.2065947E-03
   19 s    4    65.50099        7.363307        135.8085        10.20309        348.4638       0.2046182E-02
   19 s    5    56.18980        7.720274        129.5291        15.57826        566.7519       0.3075763E-02
   19 s    6    50.55799        8.209480        121.8104        23.96509        91.60961       0.3905821E-03
   19 s    7    45.52492        8.529489        117.2403        6.370195        296.6738       0.1477612E-02
   19 s    8    41.36390        8.783203        113.8537        11.94023        661.2961       0.3712514E-02
   19 s    9    38.29938        9.089247        110.0201        12.19800        713.6319       0.3629586E-02
   19 s   10    35.79958        9.390307        106.4928        11.52231        585.1841       0.3098825E-02
   19 s   11    33.88043        9.733283        102.7403        24.36016        87.96911      -0.2460901E-03
   19 s   12    32.47579        10.14104        98.60925        11.78333        641.7507       0.1561214E-02
   19 s   13    30.94611        10.43644        95.81811        11.28987        583.2875       0.1219726E-02
   19 s   14    29.47945        10.67824        93.64836        7.658040        354.2535       0.3740953E-03
   19 s   15    27.98311        10.83528        92.29111        5.519365        275.5234       0.6184407E-05
   19 s   16    26.65557        10.98713        91.01554        7.601035        303.3484       0.3699831E-03
   19 s   17    26.08149        11.40205        87.70353        21.09121        89.23098      -0.2161440E-03
   19 s   18    25.80880        11.92757        83.83936        21.00288        88.86873      -0.1942068E-03
   19 s   19    25.39618        12.37131        80.83222        8.975256        324.2075       0.8935912E-04
   19 s   20    24.67333        12.63555        79.14179        11.88766        428.6231       0.3344117E-03
   19 s   21    24.07909        12.93276        77.32304        10.93226        426.4646       0.2737362E-05
   19 s   22    23.41151        13.15905        75.99333        7.573112        310.3872       0.3657672E-03
   19 s   23    22.71101        13.33266        75.00378        6.528426        276.3499       0.5824864E-03
   19 s   24    22.04983        13.49534        74.09964        6.564925        272.0489       0.7842024E-03
   19 s   25    21.45633        13.66810        73.16306        7.280007        286.0914       0.1118427E-02
   19 s   26    20.94449        13.86526        72.12268        8.432460        318.7941       0.1581802E-02
   20 s    1    187.1777        7.013872        142.5746        15.92859        866.4023       0.5529935E-02
   20 s    2    116.2380        7.259398        137.7525        1.273526        206.9651       0.2578361E-03
   20 s    3    88.82699        7.766503        128.7581        22.04843        144.3694       0.2545224E-02
   20 s    4    72.81231        8.185211        122.1716        14.10123        706.8010       0.4322836E-02
   20 s    5    61.12427        8.398252        119.0724        2.133739        223.1204       0.3225030E-03
   20 s    6    52.00748        8.444845        118.4154        2.128129        221.2806       0.1976831E-03
   20 s    7    47.11321        8.827068        113.2879        24.73032        87.11071       0.5714629E-06
   20 s    8    44.48247        9.445399        105.8717        24.29402        92.23758       0.8133250E-04
   20 s    9    40.62400        9.640928        103.7245        2.724669        234.9488       0.2426588E-04
   20 s   10    37.06933        9.723365        102.8451        4.108934        258.0621       0.1737127E-03
   20 s   11    34.36402        9.872208        101.2945        8.419145        390.0919       0.9386987E-03
   20 s   12    33.13012        10.34536        96.66171        24.37245        87.79421      -0.2469926E-03
   20 s   13    31.90755        10.76068        92.93092        6.239105        291.9143       0.1286283E-02
   20 s   14    30.25061        10.95758        91.26102        9.840578        400.4681       0.1869754E-02
   20 s   15    29.03354        11.24202        88.95201        12.29002        572.8584       0.2094390E-02
   20 s   16    28.03929        11.55749        86.52399        12.65820        632.2593       0.2015077E-02
   20 s   17    27.15530        11.87149        84.23543        12.24114        604.2087       0.1769778E-02
   20 s   18    26.30577        12.15725        82.25546        9.759332        406.3852       0.6315330E-03
   20 s   19    25.56004        12.45113        80.31400        20.92779        88.53096      -0.1742315E-03
   20 s   20    24.93302        12.76854        78.31747        10.43951        432.6702       0.2355200E-02
   20 s   21    24.26021        13.03003        76.74579        10.82187        401.8205       0.2371214E-02
   20 s   22    23.70906        13.32629        75.03963        12.33012        477.1948       0.1394178E-02
   20 s   23    23.22352        13.63354        73.34855        12.07500        499.9333       0.7791530E-03
   20 s   24    22.75897        13.92936        71.79079        11.51871        491.9045       0.5374532E-03
   20 s   25    22.30309        14.20750        70.38535        10.60220        449.7880       0.5125537E-03
   20 s   26    21.83501        14.45479        69.18122        9.065148        375.9786       0.6675666E-03
