    0 s    2    4.924954       0.3075776        3251.212        6.320851        501.3805       0.8659795E-02
    0 s    3    5.317937       0.4649688        2150.682        6.662750        408.5589       0.6851797E-02
    0 s    4    5.718399       0.6428350        1555.609        7.501022        368.1942       0.6241470E-02
    0 s    5    6.084962       0.8360516        1196.098        7.867867        353.7954       0.5564379E-02
    0 s    6    6.361643        1.032988        968.0656        7.799290        347.7459       0.4710397E-02
    0 s    7    6.528325        1.223138        817.5690        7.324231        343.3722       0.3575429E-02
    0 s    8    6.579162        1.397018        715.8104        6.533223        338.1238       0.2242700E-02
    0 s    9    6.532082        1.550200        645.0780        5.737296        331.7623       0.1127130E-02
    0 s   10    6.429238        1.686403        592.9781        5.199144        324.8857       0.4854460E-03
    0 s   11    6.308621        1.812361        551.7663        4.903918        317.7202       0.1948751E-03
    0 s   12    6.189679        1.932817        517.3797        4.743924        310.2346       0.7612797E-04
    0 s   13    6.079053        2.050134        487.7730        4.644556        302.3939       0.2933256E-04
    0 s   14    5.977781        2.165312        461.8272        4.568866        294.2134       0.1116753E-04
    0 s   15    5.884991        2.278715        438.8438        4.500759        285.7557       0.4194593E-05
    0 s   16    5.799382        2.390442        418.3327        4.434011        277.1186       0.1551109E-05
    0 s   17    5.719738        2.500499        399.9202        4.366826        268.4200       0.5637671E-06
    0 s   18    5.645064        2.608874        383.3071        4.299314        259.7828       0.2011861E-06
    0 s   19    5.574601        2.715570        368.2469        4.232311        251.3226       0.7050777E-07
    0 s   20    5.507782        2.820610        354.5332        4.166844        243.1383       0.2434913E-07
    0 s   21    5.444192        2.924048        341.9917        4.103876        235.3078       0.8418036E-08
    0 s   22    5.383531        3.025954        330.4743        4.044198        227.8860       0.3012611E-08
    0 s   23    5.325578        3.126419        319.8548        3.988388        220.9065       0.1161465E-08
    0 s   24    5.270167        3.225544        310.0252        3.936817        214.3843       0.5383841E-09
    0 s   25    5.217170        3.323439        300.8932        3.889666        208.3191       0.3450327E-09
    0 s   26    5.166481        3.420213        292.3794        3.846959        202.6996       0.3775197E-09
    1 s    2    10.74591       0.6711129        1490.062        10.72550        301.8955       0.6372369E-03
    1 s    3    10.58977       0.9259068        1080.022        9.647375        276.3009       0.1589299E-03
    1 s    4    10.25084        1.152350        867.7916        8.414022        266.4369       0.2336978E-03
    1 s    5    9.772638        1.342725        744.7542        6.724412        283.2775       0.7739465E-03
    1 s    6    9.185258        1.491479        670.4753        5.387488        323.9751       0.2147284E-02
    1 s    7    8.674381        1.625221        615.3011        5.482223        347.3573       0.3951720E-02
    1 s    8    8.349479        1.772927        564.0391        6.350162        355.9625       0.5886148E-02
    1 s    9    8.195144        1.944880        514.1706        7.303860        359.4280       0.7549602E-02
    1 s   10    8.149510        2.137634        467.8069        7.966185        360.0950       0.8687385E-02
    1 s   11    8.156105        2.343113        426.7827        8.320629        357.6948       0.9398284E-02
    1 s   12    8.181460        2.554779        391.4233        8.463791        349.9958       0.9783169E-02
    1 s   13    8.207763        2.768032        361.2675        8.439363        329.9916       0.9685280E-02
    1 s   14    8.220241        2.977591        335.8419        8.126400        279.0866       0.8198217E-02
    1 s   15    8.190531        3.171438        315.3143        7.200859        200.9774       0.3837274E-02
    1 s   16    8.106353        3.341350        299.2802        6.462558        168.0772       0.9623909E-03
    1 s   17    8.004363        3.499269        285.7740        6.189257        160.1610       0.2646751E-03
    1 s   18    7.903155        3.652454        273.7885        6.059610        157.4205       0.8686835E-04
    1 s   19    7.807073        3.803079        262.9448        5.978629        156.1553       0.3176321E-04
    1 s   20    7.717017        3.951990        253.0371        5.920540        155.5300       0.1235019E-04
    1 s   21    7.632967        4.099627        243.9246        5.875898        155.2719       0.4972443E-05
    1 s   22    7.554608        4.246264        235.5011        5.840063        155.2560       0.2041195E-05
    1 s   23    7.481525        4.392083        227.6824        5.810161        155.4066       0.8462727E-06
    1 s   24    7.413270        4.537205        220.4000        5.784127        155.6688       0.3522321E-06
    1 s   25    7.349393        4.681707        213.5973        5.760356        155.9978       0.1465646E-06
    1 s   26    7.289460        4.825627        207.2269        5.737559        156.3563       0.6077236E-07
    2 s    1    10.64895       0.3990347        2506.048        12.76012        382.5642       0.1846837E-03
    2 s    2    15.37065       0.9599415        1041.730        21.21510        96.06557       0.2024475E-01
    2 s    3    14.29741        1.250080        799.9486        5.975789        417.6011       0.7567793E-03
    2 s    4    12.31319        1.384189        722.4445        5.066659        370.6257       0.5567396E-03
    2 s    5    11.03645        1.516368        659.4705        5.748845        298.6055       0.8948108E-03
    2 s    6    10.32282        1.676194        596.5896        6.919053        240.6944       0.8090078E-03
    2 s    7    9.901806        1.855189        539.0286        7.269600        214.2122       0.6569576E-03
    2 s    8    9.592849        2.036944        490.9315        7.219813        200.2759       0.6079694E-03
    2 s    9    9.337228        2.215920        451.2798        7.070488        191.0537       0.6296579E-03
    2 s   10    9.115189        2.390934        418.2467        6.908319        184.4122       0.7102602E-03
    2 s   11    8.918293        2.562077        390.3084        6.761734        179.7801       0.8696046E-03
    2 s   12    8.742539        2.729984        366.3025        6.649851        177.4136       0.1182792E-02
    2 s   13    8.587184        2.895990        345.3050        6.615207        179.2721       0.1899544E-02
    2 s   14    8.458168        3.063775        326.3947        6.827303        195.2726       0.3958075E-02
    2 s   15    8.379661        3.244671        308.1977        7.637205        262.7672       0.8875827E-02
    2 s   16    8.361976        3.446715        290.1313        8.260579        345.8966       0.1230541E-01
    2 s   17    8.367575        3.658055        273.3694        8.426293        378.4362       0.1350426E-01
    2 s   18    8.377497        3.871672        258.2864        8.460082        389.5697       0.1413240E-01
    2 s   19    8.387253        4.085704        244.7559        8.458775        393.9572       0.1458450E-01
    2 s   20    8.395858        4.299634        232.5779        8.447815        395.5310       0.1493696E-01
    2 s   21    8.403185        4.513307        221.5670        8.433593        394.9670       0.1518457E-01
    2 s   22    8.409120        4.726564        211.5702        8.408392        390.0926       0.1521684E-01
    2 s   23    8.411861        4.938243        202.5012        8.261486        359.6323       0.1399732E-01
    2 s   24    8.382646        5.130500        194.9128        6.753141        213.3353       0.2278560E-02
    2 s   25    8.309962        5.293608        188.9071        6.418794        195.9933       0.1767388E-03
    2 s   26    8.238240        5.453720        183.3611        6.385959        192.8226       0.3433281E-04
    3 s    1    25.31359       0.9485442        1054.247        6.083341        797.3940       0.1473084E-02
    3 s    2    17.84197        1.114282        897.4385        7.310375        342.4239       0.1177650E-02
    3 s    3    16.75539        1.464992        682.5977        18.58005        90.49419       0.6805435E-02
    3 s    4    16.89168        1.898882        526.6258        17.52555        90.41355       0.8800947E-03
    3 s    5    16.78668        2.306429        433.5707        16.64223        90.71483      -0.2900109E-02
    3 s    6    15.44550        2.508001        398.7239        5.435569        262.8737       0.1278998E-03
    3 s    7    14.10300        2.642319        378.4554        5.293945        256.3663       0.2534344E-03
    3 s    8    13.06040        2.773243        360.5887        5.178356        250.9200       0.4121834E-03
    3 s    9    12.23023        2.902490        344.5318        5.158915        246.4986       0.5548082E-03
    3 s   10    11.56098        3.032469        329.7643        5.229961        242.7416       0.6582832E-03
    3 s   11    11.01714        3.165039        315.9519        5.359370        239.2986       0.7160186E-03
    3 s   12    10.57190        3.301230        302.9174        5.514957        235.9382       0.7309528E-03
    3 s   13    10.20435        3.441371        290.5819        5.673073        232.5484       0.7112229E-03
    3 s   14    9.898005        3.585322        278.9150        5.819223        229.1012       0.6672823E-03
    3 s   15    9.639987        3.732679        267.9041        5.946172        225.6180       0.6098491E-03
    3 s   16    9.420258        3.882927        257.5377        6.051694        222.1430       0.5485701E-03
    3 s   17    9.231046        4.035538        247.7984        6.136634        218.7283       0.4914570E-03
    3 s   18    9.066358        4.190030        238.6618        6.203476        215.4269       0.4451792E-03
    3 s   19    8.921582        4.345993        230.0970        6.255439        212.2966       0.4165054E-03
    3 s   20    8.793174        4.503105        222.0690        6.296162        209.4198       0.4162757E-03
    3 s   21    8.678447        4.661149        214.5394        6.330571        206.9833       0.4728530E-03
    3 s   22    8.575550        4.820111        207.4641        6.371734        205.7213       0.7028662E-03
    3 s   23    8.484829        4.981080        200.7597        6.532984        212.5424       0.2132020E-02
    3 s   24    8.433909        5.161876        193.7280        8.055709        349.9389       0.1404672E-01
    3 s   25    8.433384        5.372230        186.1424        8.405626        400.0262       0.1634998E-01
    3 s   26    8.438059        5.586001        179.0190        8.454455        404.7009       0.1663677E-01
    4 s    1    37.44961        1.403302        712.6051        11.73025        361.1535       0.2291159E-03
    4 s    2    27.46523        1.715283        582.9942        12.95697        446.8574       0.2382091E-03
    4 s    3    23.39646        2.045647        488.8429        13.40171        508.7963       0.9578141E-04
    4 s    4    19.95957        2.243759        445.6806        4.800897        277.4258       0.1890166E-03
    4 s    5    17.26815        2.372581        421.4819        5.428477        266.0059       0.3137552E-04
    4 s    6    16.60633        2.696494        370.8519        16.14294        89.96319      -0.5444559E-02
    4 s    7    16.41036        3.074623        325.2431        15.81533        89.58233      -0.7039626E-02
    4 s    8    16.22920        3.446106        290.1826        15.63107        89.20529      -0.8045785E-02
    4 s    9    15.44910        3.666396        272.7474        5.633736        285.7352       0.1311757E-03
    4 s   10    14.49804        3.802866        262.9596        5.330578        264.2048       0.1990476E-03
    4 s   11    13.69716        3.934966        254.1318        5.242312        252.8248       0.2658470E-03
    4 s   12    13.02149        4.066147        245.9331        5.245511        245.6631       0.3211565E-03
    4 s   13    12.44836        4.198154        238.1999        5.303336        240.8584       0.3581390E-03
    4 s   14    11.95955        4.332068        230.8366        5.395221        237.6231       0.3741327E-03
    4 s   15    11.54039        4.468531        223.7872        5.505655        235.5423       0.3700139E-03
    4 s   16    11.17896        4.607847        217.0211        5.622943        234.3646       0.3491664E-03
    4 s   17    10.86551        4.750077        210.5229        5.739099        233.9216       0.3163561E-03
    4 s   18    10.59205        4.895129        204.2847        5.849420        234.0888       0.2766786E-03
    4 s   19    10.35206        5.042824        198.3016        5.951749        234.7644       0.2347247E-03
    4 s   20    10.14024        5.192957        192.5685        6.045600        235.8578       0.1940639E-03
    4 s   21    9.952285        5.345321        187.0795        6.131371        237.2838       0.1570635E-03
    4 s   22    9.784664        5.499725        181.8273        6.209748        238.9609       0.1249742E-03
    4 s   23    9.634484        5.655993        176.8036        6.281342        240.8111       0.9817039E-04
    4 s   24    9.499345        5.813963        171.9997        6.346535        242.7614       0.7643709E-04
    4 s   25    9.377231        5.973478        167.4066        6.405452        244.7442       0.5922744E-04
    4 s   26    9.266431        6.134383        163.0156        6.458012        246.6983       0.4585840E-04
    5 s    1    47.50160        1.779967        561.8080        25.81727        93.55832      -0.1072646E-04
    5 s    2    33.12782        2.068928        483.3421        2.338796        302.0696       0.4383943E-03
    5 s    3    24.46764        2.139305        467.4416        3.520017        275.2552       0.4076417E-03
    5 s    4    21.20212        2.383441        419.5614        13.49287        508.7590       0.4997999E-04
    5 s    5    19.77538        2.717065        368.0442        13.11539        534.7356       0.1920116E-04
    5 s    6    18.68540        3.034090        329.5882        12.11613        544.6756       0.1392123E-04
    5 s    7    17.67502        3.311569        301.9717        9.762544        482.2843       0.2784994E-04
    5 s    8    16.55222        3.514696        284.5196        6.737274        342.4397       0.7141342E-04
    5 s    9    16.07164        3.814136        262.1825        15.54262        88.86318      -0.8656148E-02
    5 s   10    15.93864        4.180740        239.1921        15.51223        88.57869      -0.9003585E-02
    5 s   11    15.82798        4.547115        219.9197        15.51415        88.35130      -0.9181249E-02
    5 s   12    15.43482        4.819745        207.4798        9.770947        422.9656       0.5571582E-04
    5 s   13    14.93852        5.037950        198.4934        7.351943        355.6323       0.1607960E-03
    5 s   14    14.35130        5.198424        192.3660        5.885870        284.3459       0.2384826E-03
    5 s   15    13.79874        5.342980        187.1615        5.738312        267.2466       0.2691082E-03
    5 s   16    13.31343        5.487650        182.2274        5.833648        261.9452       0.2848117E-03
    5 s   17    12.89104        5.635578        177.4441        5.986364        260.0900       0.2885673E-03
    5 s   18    12.52289        5.787472        172.7870        6.146565        259.4605       0.2808966E-03
    5 s   19    12.20035        5.943185        168.2599        6.289993        259.1655       0.2630436E-03
    5 s   20    11.91549        6.102087        163.8784        6.400673        258.7357       0.2371232E-03
    5 s   21    11.66127        6.263208        159.6626        6.467333        257.8847       0.2058133E-03
    5 s   22    11.43146        6.425349        155.6336        6.482816        256.4338       0.1719710E-03
    5 s   23    11.22070        6.587191        151.8098        6.444516        254.2941       0.1382858E-03
    5 s   24    11.02449        6.747413        148.2049        6.355273        251.4714       0.1070068E-03
    5 s   25    10.83930        6.904844        144.8259        6.224135        248.0760       0.7975038E-04
    5 s   26    10.66255        7.058616        141.6708        6.066041        244.3161       0.5739238E-04
    6 s    1    52.65607        1.973114        506.8130        7.609916        564.2110       0.6774508E-03
    6 s    2    38.82602        2.424797        412.4057        23.27519        94.11807      -0.7392275E-04
    6 s    3    32.36925        2.830175        353.3351        12.59297        394.6670       0.7274852E-03
    6 s    4    27.54910        3.096938        322.8996        8.338965        305.3068       0.5867774E-03
    6 s    5    23.70684        3.257234        307.0089        5.236606        239.5489       0.2410862E-03
    6 s    6    20.85305        3.386067        295.3279        5.398189        228.6201       0.1100607E-03
    6 s    7    18.90420        3.541867        282.3370        7.401924        239.1524       0.6054253E-04
    6 s    8    17.72480        3.763680        265.6974        10.08203        295.7417       0.3256277E-04
    6 s    9    16.97297        4.028043        248.2595        10.82068        350.2535       0.2253321E-04
    6 s   10    16.38817        4.298653        232.6310        10.76918        382.2840       0.2182877E-04
    6 s   11    15.88945        4.564773        219.0690        10.48484        405.4655       0.2812747E-04
    6 s   12    15.73631        4.913891        203.5047        15.53163        88.17462      -0.9251823E-02
    6 s   13    15.26881        5.149340        194.1997        8.275445        257.1897       0.5782791E-04
    6 s   14    14.85064        5.379300        185.8978        9.704719        315.8272       0.9789712E-05
    6 s   15    14.52607        5.624610        177.7901        9.841229        342.0079       0.2708184E-05
    6 s   16    14.24024        5.869671        170.3673        9.743304        353.1153       0.1432566E-05
    6 s   17    13.97918        6.111280        163.6318        9.574010        358.3340       0.1437036E-05
    6 s   18    13.73575        6.347998        157.5300        9.350116        360.9612       0.2441148E-05
    6 s   19    13.50366        6.578075        152.0202        9.028798        362.0107       0.6030389E-05
    6 s   20    13.27308        6.797326        147.1167        8.433223        357.1721       0.1951341E-04
    6 s   21    13.02236        6.994241        142.9748        7.204734        324.4284       0.6278294E-04
    6 s   22    12.73592        7.158552        139.6930        6.073544        278.3894       0.1110188E-03
    6 s   23    12.44340        7.304990        136.8927        5.721442        256.7688       0.1244639E-03
    6 s   24    12.16851        7.447595        134.2715        5.707020        247.9929       0.1202741E-03
    6 s   25    11.91739        7.591609        131.7244        5.816109        244.3463       0.1094365E-03
    6 s   26    11.69045        7.739084        129.2143        5.976451        243.1477       0.9581600E-04
    7 s    1    59.39897        2.225782        449.2802        7.266818        244.0522       0.5558053E-03
    7 s    2    40.48963        2.528694        395.4610        15.46200        293.5370       0.6870750E-03
    7 s    3    35.08848        3.067928        325.9529        23.94129        86.62472      -0.1523473E-03
    7 s    4    30.28135        3.404084        293.7648        8.132123        328.9781       0.2184306E-03
    7 s    5    26.66592        3.663800        272.9406        11.90584        497.5842       0.3192618E-03
    7 s    6    24.43529        3.967742        252.0325        11.96048        507.4468       0.1985640E-03
    7 s    7    22.61736        4.237559        235.9849        9.243532        377.2679       0.9635153E-04
    7 s    8    20.85436        4.428210        225.8249        6.370309        283.6189       0.7574710E-04
    7 s    9    19.26778        4.572649        218.6916        5.409668        253.3996       0.9009447E-04
    7 s   10    17.93668        4.704829        212.5476        5.228388        241.5339       0.1096846E-03
    7 s   11    16.83534        4.836511        206.7606        5.340181        234.3778       0.1286674E-03
    7 s   12    15.93439        4.975743        200.9750        5.932998        229.7976       0.1310586E-03
    7 s   13    15.66022        5.281340        189.3459        15.55442        88.03978      -0.9256867E-02
    7 s   14    15.59665        5.649524        177.0061        15.57675        87.93746      -0.9223438E-02
    7 s   15    15.54305        6.018392        166.1573        15.59577        87.85946      -0.9168783E-02
    7 s   16    15.49735        6.387839        156.5475        15.61039        87.79913      -0.9103655E-02
    7 s   17    14.97492        6.546589        152.7513        5.387331        238.9434       0.2032484E-03
    7 s   18    14.45728        6.681451        149.6681        5.394468        233.2010       0.2036770E-03
    7 s   19    13.99541        6.817619        146.6788        5.507879        227.7992       0.1976274E-03
    7 s   20    13.59000        6.959623        143.6859        5.913940        224.7158       0.1780684E-03
    7 s   21    13.25564        7.119537        140.4586        6.978895        234.5087       0.1257026E-03
    7 s   22    13.00245        7.308367        136.8295        7.979420        260.0008       0.6602700E-04
    7 s   23    12.79644        7.512240        133.1161        8.236829        275.6844       0.3944858E-04
    7 s   24    12.61034        7.718009        129.5671        8.191357        280.5768       0.2932478E-04
    7 s   25    12.43485        7.921239        126.2429        8.050920        280.1191       0.2502962E-04
    7 s   26    12.26655        8.120461        123.1457        7.876116        277.0503       0.2301717E-04
    8 s    1    76.87650        2.880696        347.1384        14.15010        953.2988       0.3524391E-02
    8 s    2    51.35286        3.207135        311.8048        3.476346        219.2831       0.4705339E-03
    8 s    3    37.39848        3.269900        305.8197        3.500634        235.6768       0.6090591E-04
    8 s    4    32.67610        3.673290        272.2355        23.91226        87.13119      -0.4103318E-03
    8 s    5    30.30127        4.163284        240.1950        11.28539        478.6662       0.5365681E-03
    8 s    6    27.02791        4.388725        227.8566        7.582311        318.1277       0.5307235E-04
    8 s    7    24.51658        4.593394        217.7039        9.556473        324.5522       0.5465085E-07
    8 s    8    22.95580        4.874431        205.1522        12.60250        423.8192      -0.5216676E-05
    8 s    9    21.93555        5.205766        192.0947        13.65801        501.0098      -0.9717812E-05
    8 s   10    21.12180        5.540294        180.4958        9.153866        447.4773      -0.2312583E-04
    8 s   11    19.85495        5.703995        175.3157        6.088776        295.8084       0.4701729E-04
    8 s   12    18.74093        5.852128        170.8780        5.805239        277.1004       0.1147263E-03
    8 s   13    17.77769        5.995448        166.7932        5.667205        266.0711       0.1523834E-03
    8 s   14    16.93980        6.136048        162.9714        5.572824        257.9585       0.1744752E-03
    8 s   15    16.20458        6.274542        159.3742        5.493415        251.1111       0.1887020E-03
    8 s   16    15.55412        6.411239        155.9761        5.427999        244.8702       0.1980901E-03
    8 s   17    15.45793        6.757748        147.9783        15.62055        87.75132      -0.9034591E-02
    8 s   18    15.42353        7.128005        140.2917        15.62670        87.71222      -0.8965429E-02
    8 s   19    15.39317        7.498513        133.3598        15.62950        87.67908      -0.8898317E-02
    8 s   20    15.15783        7.762530        128.8240        5.441146        231.6789       0.2160160E-03
    8 s   21    14.71145        7.901445        126.5591        5.655138        232.8385       0.2205495E-03
    8 s   22    14.31456        8.045873        124.2873        5.880155        234.0146       0.2215679E-03
    8 s   23    13.96102        8.195919        122.0119        6.103002        234.9723       0.2181654E-03
    8 s   24    13.64518        8.351375        119.7408        6.311966        235.5307       0.2098485E-03
    8 s   25    13.36186        8.511764        117.4845        6.496982        235.5650       0.1966213E-03
    8 s   26    13.10630        8.676379        115.2555        6.649856        235.0100       0.1789872E-03
    9 s    1    85.08703        3.188359        313.6410       0.6260692        204.0233       0.7223361E-06
    9 s    2    51.90548        3.241647        308.4852        11.92074        804.9869       0.1564827E-02
    9 s    3    40.84983        3.571666        279.9814        12.91036        783.7425       0.1197614E-02
    9 s    4    34.58027        3.887348        257.2448        12.39403        576.2766       0.9406128E-03
    9 s    5    31.19040        4.285448        233.3478        22.75176        86.35073      -0.6114562E-03
    9 s    6    28.35859        4.604797        217.1649        10.11249        426.9920       0.5455574E-03
    9 s    7    26.01832        4.874758        205.1384        11.00781        565.2124       0.1121256E-03
    9 s    8    24.19783        5.138164        194.6221        9.909778        503.5784      -0.2075543E-03
    9 s    9    22.59704        5.362751        186.4714        8.103679        388.8687      -0.2166012E-03
    9 s   10    21.18001        5.555561        179.9998        11.35843        363.7790      -0.5798418E-04
    9 s   11    20.51155        5.892626        169.7036        13.54277        525.2244      -0.4075601E-05
    9 s   12    19.94151        6.227024        160.5904        13.20385        533.7236       0.1335129E-05
    9 s   13    19.42947        6.552505        152.6134        12.84066        534.5915       0.3380701E-05
    9 s   14    18.96357        6.869113        145.5792        12.49572        534.2175       0.3882592E-05
    9 s   15    18.38766        7.119847        140.4525        5.177876        242.0472       0.1431520E-03
    9 s   16    17.58168        7.246977        137.9886        5.020995        234.4632       0.1741597E-03
    9 s   17    16.86400        7.372438        135.6403        5.019037        231.5841       0.1899982E-03
    9 s   18    16.22643        7.499067        133.3499        5.105657        230.6347       0.2005091E-03
    9 s   19    15.66038        7.628680        131.0843        5.252677        230.8253       0.2090620E-03
    9 s   20    15.36610        7.869193        127.0778        15.62963        87.64998      -0.8834359E-02
    9 s   21    15.34176        8.239982        121.3595        15.62772        87.62357      -0.8774032E-02
    9 s   22    15.31970        8.610836        116.1327        15.62429        87.59893      -0.8717453E-02
    9 s   23    15.29957        8.981722        111.3372        15.61975        87.57543      -0.8664540E-02
    9 s   24    14.88696        9.111390        109.7527        5.085736        210.7009       0.1490853E-03
    9 s   25    14.50546        9.240258        108.2221        5.216507        211.2724       0.1499059E-03
    9 s   26    14.15865        9.373032        106.6891        5.396739        213.0091       0.1513231E-03
   10 s    1    95.60269        3.582399        279.1426        26.17921        101.2725       0.1901528E-03
   10 s    2    64.76655        4.044858        247.2274        13.05061        665.3929       0.3137818E-02
   10 s    3    48.36752        4.228968        236.4643        3.288574        242.9888       0.4564227E-03
   10 s    4    38.28511        4.303829        232.3513        3.234516        227.2167       0.2611535E-03
   10 s    5    32.10259        4.410779        226.7173        6.047568        247.3223       0.4403707E-03
   10 s    6    30.05322        4.879967        204.9194        23.52255        82.81440      -0.8049086E-03
   10 s    7    29.15877        5.463149        183.0446        22.79671        84.18400      -0.8569527E-03
   10 s    8    26.77523        5.685448        175.8876        7.520761        286.2224       0.2405095E-03
   10 s    9    24.85691        5.899067        169.5183        9.572724        341.4956      -0.2207361E-03
   10 s   10    23.46519        6.154969        162.4703        10.71816        399.8157      -0.5979770E-03
   10 s   11    22.34450        6.419201        155.7826        10.21967        394.8602      -0.6662572E-03
   10 s   12    21.30309        6.652197        150.3263        8.358931        329.8442      -0.4101587E-03
   10 s   13    20.27163        6.836518        146.2733        6.552531        276.7575      -0.1039504E-03
   10 s   14    19.28755        6.986467        143.1339        5.583245        250.5403       0.6672974E-04
   10 s   15    18.53718        7.177745        139.3195        12.17311        513.6615       0.9612758E-06
   10 s   16    18.14374        7.478650        133.7140        11.89740        515.8094       0.8790758E-06
   10 s   17    17.77921        7.772540        128.6581        11.61444        509.0942       0.1688114E-06
   10 s   18    17.43784        8.058920        124.0861        11.27955        497.2881       0.2646693E-06
   10 s   19    17.10808        8.333901        119.9918        10.59402        459.9193       0.7002241E-05
   10 s   20    16.73595        8.570708        116.6765        7.771790        308.6249       0.7039645E-04
   10 s   21    16.25176        8.728736        114.5641        5.455839        228.9657       0.1368712E-03
   10 s   22    15.76137        8.859089        112.8784        5.065295        215.6015       0.1475425E-03
   10 s   23    15.30520        8.985026        111.2963        5.019819        211.7052       0.1487957E-03
   10 s   24    15.28110        9.352618        106.9219        15.61442        87.55263      -0.8615108E-02
   10 s   25    15.26407        9.723510        102.8435        15.60853        87.53021      -0.8568938E-02
   10 s   26    15.24834        10.09441        99.06472        15.60216        87.50739      -0.8525188E-02
   11 s    1    98.51025        3.691350        270.9036        16.40963        451.1672       0.2647419E-02
   11 s    2    68.24830        4.262303        234.6149        4.116692        228.7219       0.5009667E-03
   11 s    3    51.29812        4.485202        222.9554        12.62447        605.8039       0.1985170E-02
   11 s    4    42.78343        4.809508        207.9215        12.92153        761.3463       0.1399843E-02
   11 s    5    37.26193        5.119653        195.3257        11.45249        601.4098       0.1331283E-02
   11 s    6    32.99446        5.357558        186.6522        7.396032        330.4418       0.1057656E-02
   11 s    7    29.46015        5.519614        181.1721        6.556367        251.8785       0.5510160E-03
   11 s    8    28.44321        6.039626        165.5732        22.80363        82.25932      -0.9971721E-03
   11 s    9    27.64907        6.561705        152.3994        12.43178        648.8677       0.4931593E-03
   11 s   10    25.90983        6.796205        147.1409        5.754054        284.4404       0.4159428E-04
   11 s   11    24.19197        6.949950        143.8859        6.897433        288.9921      -0.1709446E-03
   11 s   12    22.89075        7.147968        139.8999        9.007773        344.1810      -0.5869414E-03
   11 s   13    21.91968        7.392314        135.2756        10.36314        408.2221      -0.8557139E-03
   11 s   14    21.11873        7.649769        130.7229        10.05184        401.1582      -0.7518629E-03
   11 s   15    20.35761        7.882628        126.8612        8.535214        330.6681      -0.3835935E-03
   11 s   16    19.59076        8.075097        123.8375        6.976938        271.9136      -0.5094368E-04
   11 s   17    18.83991        8.236247        121.4145        6.025017        240.9537       0.1134838E-03
   11 s   18    18.13415        8.380723        119.3214        5.603118        225.9259       0.1694802E-03
   11 s   19    17.49302        8.521422        117.3513        5.797051        223.3747       0.1742966E-03
   11 s   20    16.96913        8.690123        115.0732        8.279570        280.8997       0.1076829E-03
   11 s   21    16.62742        8.930502        111.9758        10.35948        394.0922       0.3482747E-04
   11 s   22    16.35645        9.193568        108.7717        10.58440        427.0613       0.1902322E-04
   11 s   23    16.11003        9.457511        105.7361        10.50732        432.4641       0.1558224E-04
   11 s   24    15.87809        9.717999        102.9018        10.30707        425.8536       0.1770915E-04
   11 s   25    15.65224        9.970783        100.2930        9.832780        400.1208       0.2985219E-04
   11 s   26    15.41348        10.20374        98.00333        8.247965        322.0256       0.7708391E-04
   12 s    1    112.5650        4.218005        237.0789       0.8882052        213.0717       0.4531768E-04
   12 s    2    69.02030        4.310517        231.9907        27.41287        93.07897       0.4879058E-04
   12 s    3    56.98864        4.982747        200.6925        25.70378        91.66361       0.3249201E-06
   12 s    4    47.71147        5.363495        186.4456        2.869046        214.0562       0.1217747E-03
   12 s    5    39.72540        5.458125        183.2131        5.113417        241.2018       0.1356097E-03
   12 s    6    34.76879        5.645670        177.1269        10.02320        379.4217       0.6246490E-03
   12 s    7    31.66923        5.933504        168.5345        12.36733        577.6698       0.1044038E-02
   12 s    8    29.42575        6.248258        160.0446        12.65706        655.0241       0.9239179E-03
   12 s    9    27.82955        6.604536        151.4111        22.30045        82.67733      -0.1051085E-02
   12 s   10    26.24393        6.883838        145.2678        12.01682        512.2476       0.3634708E-03
   12 s   11    25.02551        7.189411        139.0935        12.25971        559.2167       0.7988936E-05
   12 s   12    23.99911        7.494069        133.4389        12.12489        531.8457      -0.1192550E-03
   12 s   13    23.11173        7.794328        128.2984        11.89146        483.4502      -0.9052560E-04
   12 s   14    22.32340        8.086133        123.6685        11.37229        405.2149      -0.3951789E-06
   12 s   15    21.58151        8.356531        119.6669        10.24070        325.5692      -0.3366365E-03
   12 s   16    20.87970        8.606384        116.1928        9.910550        344.1137      -0.7750438E-03
   12 s   17    20.23796        8.847435        113.0271        9.335660        352.0076      -0.6035499E-03
   12 s   18    19.62065        9.067709        110.2814        8.313374        321.8661      -0.2193391E-03
   12 s   19    19.01487        9.262764        107.9591        7.351427        288.9607       0.6846019E-04
   12 s   20    18.42804        9.437251        105.9631        6.652128        266.4088       0.2087450E-03
   12 s   21    17.86922        9.597468        104.1942        6.185074        252.4535       0.2538473E-03
   12 s   22    17.34326        9.748232        102.5827        5.880660        243.9086       0.2530576E-03
   12 s   23    16.85186        9.893006        101.0815        5.701533        238.9490       0.2336098E-03
   12 s   24    16.39721        10.03572        99.64404        5.665773        237.3885       0.2059040E-03
   12 s   25    15.98092        10.18016        98.23030        5.961911        243.2185       0.1707368E-03
   12 s   26    15.62441        10.34337        96.68031        7.361571        280.7418       0.1050997E-03
   13 s    1    120.5821        4.518419        221.3163        15.25530        862.4842       0.1015162E-02
   13 s    2    78.58627        4.907940        203.7515        15.95293        969.0126       0.2327447E-02
   13 s    3    60.35113        5.276743        189.5108        9.831318        394.7675       0.2746014E-02
   13 s    4    49.70567        5.587673        178.9654        20.47711        119.0249       0.7672868E-03
   13 s    5    43.19033        5.934194        168.5149        11.87943        791.0730       0.1749445E-02
   13 s    6    38.27540        6.215065        160.8994        10.31768        693.1668       0.7633461E-03
   13 s    7    34.32287        6.430687        155.5044        6.694063        379.9151       0.4396271E-03
   13 s    8    30.92745        6.567129        152.2736        4.696229        276.5308       0.4284175E-03
   13 s    9    28.16024        6.683016        149.6330        4.854914        252.3144       0.4358295E-03
   13 s   10    27.29279        7.158958        139.6851        22.02027        82.18976      -0.1097228E-02
   13 s   11    26.81647        7.703924        129.8040        21.64792        82.27951      -0.1122230E-02
   13 s   12    25.32111        7.906881        126.4721        5.258869        227.7821       0.1709286E-03
   13 s   13    23.85664        8.045548        124.2923        5.995393        241.0657      -0.2002001E-03
   13 s   14    22.67479        8.213416        121.7520        7.660272        291.0221      -0.6021772E-03
   13 s   15    21.78807        8.436514        118.5324        10.26189        436.6295      -0.5330264E-03
   13 s   16    21.13400        8.711203        114.7947        11.46125        495.8542      -0.1060368E-03
   13 s   17    20.59377        9.002983        111.0743        11.84247        494.4176      -0.1591656E-06
   13 s   18    20.12690        9.301674        107.5075        12.02712        501.7591      -0.2284198E-04
   13 s   19    19.71297        9.602827        104.1360        12.04519        508.6204      -0.4028073E-04
   13 s   20    19.33599        9.902225        100.9874        11.87383        503.9866      -0.3185845E-04
   13 s   21    18.98505        10.19677        98.07024        11.18116        465.6603       0.1374141E-04
   13 s   22    18.60008        10.45466        95.65115        9.267453        372.6222       0.1509227E-03
   13 s   23    18.16344        10.66298        93.78245        7.590479        310.6653       0.3019979E-03
   13 s   24    17.71458        10.84200        92.23391        6.802654        283.8488       0.3612144E-03
   13 s   25    17.27793        11.00638        90.85639        6.358266        268.5961       0.3622447E-03
   13 s   26    16.86066        11.16177        89.59156        6.065398        258.4517       0.3367692E-03
   14 s    1    136.4406        5.112666        195.5927        26.43897        91.68808       0.3490177E-03
   14 s    2    84.50143        5.277358        189.4888        1.195431        205.0015       0.1033764E-05
   14 s    3    60.97629        5.331403        187.5679        6.561963        303.5843       0.1234861E-02
   14 s    4    50.30319        5.654843        176.8396        16.03818        272.9233       0.2354504E-02
   14 s    5    45.08817        6.194950        161.4218        22.54630        91.69535      -0.7780604E-04
   14 s    6    40.41929        6.563183        152.3651        5.238790        240.5444       0.6039712E-03
   14 s    7    35.98803        6.742670        148.3092        9.393169        339.6455       0.5496053E-03
   14 s    8    33.04858        7.017530        142.5003        12.00432        489.5496       0.7601204E-03
   14 s    9    30.85858        7.323389        136.5488        12.03617        496.4900       0.1182276E-02
   14 s   10    28.95674        7.595415        131.6584        9.078293        330.1841       0.1199817E-02
   14 s   11    27.05888        7.773564        128.6411        5.719130        238.3169       0.5967548E-03
   14 s   12    26.38757        8.239901        121.3607        21.30457        82.33223      -0.1139491E-02
   14 s   13    25.93478        8.746391        114.3329        10.03670        388.1806       0.8710213E-03
   14 s   14    24.70888        8.950217        111.7291        6.781499        270.8657       0.2275450E-03
   14 s   15    23.52686        9.109786        109.7721        6.316597        255.4024      -0.1955701E-03
   14 s   16    22.49823        9.273525        107.8339        6.919339        267.5064      -0.5300341E-03
   14 s   17    21.63304        9.457321        105.7382        7.868117        295.8503      -0.8024864E-03
   14 s   18    20.91240        9.664695        103.4694        8.749980        335.3076      -0.9083257E-03
   14 s   19    20.30085        9.889204        101.1204        9.200679        368.8758      -0.7671725E-03
   14 s   20    19.76822        10.12358        98.77931        9.179721        379.4827      -0.4338271E-03
   14 s   21    19.27505        10.35253        96.59473        9.285146        382.1702      -0.1108131E-03
   14 s   22    18.85504        10.59796        94.35774        10.55792        433.2112       0.2096389E-04
   14 s   23    18.53033        10.87836        91.92562        11.69991        500.5729       0.1295167E-04
   14 s   24    18.26096        11.17641        89.47417        12.07541        530.4434       0.4404430E-05
   14 s   25    18.02137        11.47996        87.10831        12.18616        541.4308       0.2089589E-05
   14 s   26    17.80109        11.78433        84.85843        12.12473        536.4698       0.4352943E-05
   15 s    1    140.2333        5.254786        190.3027       0.6498839        202.4259       0.2867080E-05
   15 s    2    91.13056        5.691367        175.7047        16.16521        466.4676       0.1446572E-02
   15 s    3    69.49130        6.075906        164.5845        14.88734        852.4510       0.6444002E-03
   15 s    4    56.60392        6.363141        157.1551        6.316978        319.8434       0.1192772E-02
   15 s    5    47.05995        6.465865        154.6583        3.506040        233.1065       0.7251777E-03
   15 s    6    41.63024        6.759815        147.9330        22.03534        90.09320      -0.1865725E-03
   15 s    7    39.01504        7.309805        136.8025        21.75889        90.28628      -0.2040728E-03
   15 s    8    36.04509        7.653808        130.6539        2.983416        205.3270       0.1224818E-03
   15 s    9    32.61955        7.741304        129.1772        4.269651        225.7158       0.6402849E-04
   15 s   10    30.07439        7.888576        126.7656        8.048249        312.4239       0.3846799E-03
   15 s   11    28.35707        8.146513        122.7519        11.96572        518.5726       0.1058497E-02
   15 s   12    27.08543        8.457818        118.2338        12.49003        565.7722       0.1221724E-02
   15 s   13    25.99721        8.767446        114.0583        20.97238        82.45164      -0.1146211E-02
   15 s   14    25.62993        9.283845        107.7140        12.48972        481.9310       0.3215545E-03
   15 s   15    24.82582        9.612753        104.0285        13.56600        604.5097       0.2833475E-03
   15 s   16    24.13714        9.949064        100.5120        12.99059        575.4853       0.1438070E-03
   15 s   17    23.35646        10.21075        97.93602        7.245050        307.0059      -0.1520567E-03
   15 s   18    22.45090        10.37571        96.37890        6.522660        281.5137      -0.4288639E-03
   15 s   19    21.64614        10.54454        94.83581        7.100286        292.2727      -0.6779083E-03
   15 s   20    20.95376        10.73071        93.19051        7.860534        313.9768      -0.8633454E-03
   15 s   21    20.35864        10.93452        91.45347        8.468215        339.0029      -0.8890861E-03
   15 s   22    19.83465        11.14858        89.69750        8.643901        352.8976      -0.7016494E-03
   15 s   23    19.35221        11.36085        88.02155        8.321874        344.7304      -0.3664185E-03
   15 s   24    18.88956        11.56113        86.49671        7.708438        321.5528      -0.2616320E-04
   15 s   25    18.43886        11.74591        85.13601        7.100033        297.9163       0.2141317E-03
   15 s   26    18.00299        11.91799        83.90675        6.712967        282.0976       0.3385619E-03
   16 s    1    143.4052        5.373640        186.0936        14.82091        638.5097       0.4649790E-02
   16 s    2    93.54578        5.842204        171.1683        25.97898        98.33128       0.1452223E-03
   16 s    3    73.37304        6.415302        155.8773        2.722753        220.2812       0.1325437E-03
   16 s    4    58.35188        6.559638        152.4474        10.52208        383.5046       0.9320748E-03
   16 s    5    49.99166        6.868672        145.5886        12.85382        680.3706       0.2843436E-02
   16 s    6    44.26237        7.187214        139.1360        12.63315        729.2228       0.3479910E-02
   16 s    7    40.04513        7.502802        133.2835        12.52507        559.5221       0.3067730E-02
   16 s    8    36.76615        7.806917        128.0915        14.32022        371.1522       0.1768044E-02
   16 s    9    34.27503        8.134185        122.9380        12.73117        848.6064       0.1259166E-02
   16 s   10    32.19865        8.445773        118.4024        11.91424        696.2447       0.5529651E-03
   16 s   11    30.27364        8.697110        114.9807        7.359398        318.4960       0.1314838E-03
   16 s   12    28.32850        8.845982        113.0457        5.625778        247.8710       0.5624690E-05
   16 s   13    26.73225        9.015334        110.9221        8.564497        307.7043       0.9548668E-04
   16 s   14    25.63927        9.287230        107.6747        20.65347        82.75480      -0.1142140E-02
   16 s   15    25.30948        9.800032        102.0405        20.42688        82.50835      -0.1142243E-02
   16 s   16    24.53509        10.11310        98.88168        6.790141        285.4609       0.7550048E-04
   16 s   17    23.67342        10.34932        96.62474        12.49110        485.7525       0.3119539E-06
   16 s   18    23.10865        10.67969        93.63565        13.44442        579.8605      -0.4960770E-04
   16 s   19    22.60548        11.01186        90.81115        13.04346        561.5652      -0.1158502E-03
   16 s   20    22.11157        11.32364        88.31084        11.66668        473.3129      -0.2430499E-03
   16 s   21    21.55793        11.57865        86.36583        8.708253        339.9867      -0.5166861E-03
   16 s   22    20.95111        11.77612        84.91762        7.567939        303.3650      -0.7493640E-03
   16 s   23    20.38536        11.96737        83.56052        7.900911        313.8964      -0.8725258E-03
   16 s   24    19.88568        12.17080        82.16387        8.423095        335.8899      -0.8350858E-03
   16 s   25    19.44056        12.38402        80.74925        8.627101        350.2749      -0.6089833E-03
   16 s   26    19.02852        12.59689        79.38468        8.382959        345.0476      -0.2691006E-03
   17 s    1    165.1913        6.190004        161.5508        15.49684        744.9949       0.3425948E-02
   17 s    2    101.9894        6.369534        156.9973        1.599103        222.6950       0.3852918E-03
   17 s    3    74.63094        6.525285        153.2500        27.51177        90.40456       0.2666301E-04
   17 s    4    64.12231        7.208322        138.7285        25.72019        92.98249       0.1365015E-03
   17 s    5    54.60007        7.501851        133.3004        2.025965        212.0204       0.3640702E-04
   17 s    6    46.46617        7.545061        132.5370        1.776501        201.4411       0.1612367E-04
   17 s    7    40.54157        7.595815        131.6514        2.461961        213.1241       0.4616260E-05
   17 s    8    37.08229        7.874047        126.9995        20.01542        100.0310      -0.1942384E-04
   17 s    9    35.41952        8.405796        118.9655        21.47141        85.27911      -0.4905611E-03
   17 s   10    33.22305        8.714478        114.7516        4.341135        221.6360       0.3525124E-03
   17 s   11    30.89743        8.876316        112.6593        9.439342        364.4817       0.3970747E-03
   17 s   12    29.33272        9.159566        109.1755        12.22952        615.9416       0.5127784E-03
   17 s   13    28.06624        9.465217        105.6500        11.91645        602.6916       0.7072546E-03
   17 s   14    26.88954        9.740110        102.6682        9.733115        430.4126       0.7173853E-03
   17 s   15    25.68716        9.946270        100.5402        7.005027        307.9512       0.3911000E-03
   17 s   16    25.00480        10.30671        97.02420        20.19711        82.54363      -0.1130243E-02
   17 s   17    24.72274        10.80805        92.52366        20.00014        82.57002      -0.1113457E-02
   17 s   18    24.27505        11.21875        89.13651        8.080631        351.5994       0.3273335E-03
   17 s   19    23.39242        11.39521        87.75618        6.524507        291.1199       0.4602550E-05
   17 s   20    22.58094        11.56401        86.47519        7.401344        301.9970      -0.1138217E-03
   17 s   21    21.94226        11.78508        84.85308        10.41974        402.5538      -0.4813467E-04
   17 s   22    21.47183        12.06880        82.85829        11.88990        498.6239      -0.4453716E-05
   17 s   23    21.06843        12.36837        80.85138        11.97186        521.0314      -0.1351968E-06
   17 s   24    20.69138        12.66392        78.96449        11.61586        506.2732      -0.9833983E-06
   17 s   25    20.31911        12.94367        77.25785        10.53539        433.4328      -0.5045114E-04
   17 s   26    19.90532        13.17734        75.88787        8.355041        324.0263      -0.3963827E-03
   18 s    1    169.8803        6.365711        157.0916        1.314849        215.8813       0.8514086E-04
   18 s    2    105.1723        6.568314        152.2461        12.84058        674.2272       0.3800484E-02
   18 s    3    78.90311        6.898818        144.9524        13.87772        840.3025       0.3912825E-02
   18 s    4    64.64477        7.267055        137.6073        16.26653        717.0371       0.2530106E-02
   18 s    5    55.70347        7.653454        130.6600        14.37676        534.4195       0.1068943E-02
   18 s    6    49.30202        8.005539        124.9135        13.42277        738.7654       0.6144603E-03
   18 s    7    44.39300        8.317414        120.2297        11.18161        570.4850       0.1358921E-02
   18 s    8    40.14971        8.525382        117.2968        5.133789        254.6865       0.1111887E-02
   18 s    9    36.33347        8.622694        115.9730        3.405189        212.2787       0.5124765E-03
   18 s   10    34.09396        8.942918        111.8203        21.38666        84.08646      -0.5608848E-03
   18 s   11    32.98810        9.476930        105.5194        21.30370        83.35294      -0.6066498E-03
   18 s   12    31.50259        9.837139        101.6556        4.524343        248.1126       0.3937164E-03
   18 s   13    29.51803        9.954824        100.4538        5.248307        257.6573       0.1268604E-03
   18 s   14    27.93889        10.12021        98.81214        8.137153        325.2525       0.2527977E-03
   18 s   15    26.77684        10.36820        96.44871        11.43980        485.3522       0.6375051E-03
   18 s   16    25.89214        10.67246        93.69913        12.54445        604.4407       0.8474680E-03
   18 s   17    25.10643        10.97578        91.10968        11.33392        524.9243       0.7403704E-03
   18 s   18    24.46143        11.30489        88.45733        19.83469        82.58992      -0.1092354E-02
   18 s   19    24.21928        11.79800        84.76014        19.69853        82.60619      -0.1067809E-02
   18 s   20    23.70069        12.13745        82.38963        10.58192        420.0645       0.2089960E-03
   18 s   21    23.03336        12.37110        80.83357        8.188772        333.0459      -0.6485928E-04
   18 s   22    22.33448        12.55367        79.65796        6.690862        288.2472      -0.2860796E-03
   18 s   23    21.65657        12.71364        78.65566        6.297422        274.4569      -0.4606292E-03
   18 s   24    21.03288        12.87293        77.68240        6.600683        278.2177      -0.6214919E-03
   18 s   25    20.48552        13.04967        76.63027        7.860039        314.2762      -0.7143094E-03
   18 s   26    20.05853        13.27876        75.30824        10.34476        442.4473      -0.4421647E-03
   19 s    1    176.5971        6.617398        151.1168        28.09238        87.05812       0.7581183E-04
   19 s    2    116.7141        7.289131        137.1906        23.05057        133.9239       0.1377950E-02
   19 s    3    85.31840        7.459732        134.0531       0.8770493        190.1777       0.3847291E-04
   19 s    4    66.58975        7.485701        133.5880        1.377341        189.4734       0.1269513E-03
   19 s    5    57.31926        7.875458        126.9767        25.38050        92.67150       0.3958465E-04
   19 s    6    52.27937        8.488994        117.7996        18.71573        107.0664       0.1528394E-03
   19 s    7    45.81102        8.583091        116.5081        3.824461        221.9265       0.9938817E-04
   19 s    8    41.21699        8.752009        114.2595        10.08228        449.5807       0.1528640E-02
   19 s    9    38.11179        9.044728        110.5616        12.61327        758.7082       0.2995663E-02
   19 s   10    35.71853        9.369047        106.7344        13.10756        807.2883       0.3406126E-02
   19 s   11    33.68721        9.677772        103.3296        10.12219        435.8274       0.2424246E-02
   19 s   12    32.05400        10.00933        99.90683        21.23606        82.79418      -0.6405190E-03
   19 s   13    31.03356        10.46593        95.54810        14.05419        960.0907       0.1566702E-02
   19 s   14    29.84607        10.81104        92.49801        13.20813        785.8466       0.8130046E-03
   19 s   15    28.58969        11.07016        90.33297        6.384496        290.1048       0.2513431E-04
   19 s   16    27.17685        11.20200        89.26978        5.117603        248.5592       0.9183133E-05
   19 s   17    25.95871        11.34837        88.11835        6.970695        273.1992       0.1030319E-03
   19 s   18    25.02797        11.56671        86.45500        10.51237        372.2397       0.3491507E-03
   19 s   19    24.33218        11.85299        84.36686        11.89249        464.0687       0.4019336E-03
   19 s   20    23.99485        12.28809        81.37960        19.58860        82.62122      -0.1040711E-02
   19 s   21    23.78683        12.77579        78.27308        19.50147        82.63690      -0.1011901E-02
   19 s   22    23.43252        13.17086        75.92519        11.13502        408.1950       0.6540652E-04
   19 s   23    22.86723        13.42437        74.49139        8.864713        346.9274      -0.9129100E-04
   19 s   24    22.25144        13.61873        73.42828        7.045497        297.4989      -0.2521954E-03
   19 s   25    21.64165        13.78615        72.53657        6.540196        283.2059      -0.3817905E-03
   19 s   26    21.07178        13.94953        71.68699        6.650906        284.6180      -0.5051296E-03
   20 s    1    185.8286        6.963322        143.6096        18.05903        851.0275       0.5248853E-02
   20 s    2    119.0066        7.432308        134.5477        9.494376        181.3926       0.4195394E-03
   20 s    3    88.65069        7.751088        129.0141        14.70518        588.9608       0.6788986E-03
   20 s    4    72.04430        8.098875        123.4739        13.70513        814.0830       0.1902500E-02
   20 s    5    61.28561        8.420419        118.7589        9.083542        335.3714       0.2485784E-02
   20 s    6    52.48541        8.522450        117.3371        7.874310        153.1033       0.5870414E-04
   20 s    7    48.54072        9.094525        109.9563        23.01959        104.1622       0.3150393E-03
   20 s    8    44.99315        9.553837        104.6700        10.74672        468.4914       0.6425487E-03
   20 s    9    40.68764        9.656030        103.5622        2.500291        235.0885       0.3848236E-05
   20 s   10    37.06862        9.723177        102.8470        3.033571        238.2119       0.1439873E-04
   20 s   11    34.21919        9.830602        101.7232        6.960289        329.0129       0.7283761E-03
   20 s   12    32.40194        10.11797        98.83402        13.54712        863.8099       0.2096588E-02
   20 s   13    31.25589        10.54091        94.86846        21.21305        82.26919      -0.6634563E-03
   20 s   14    30.43652        11.02492        90.70360        4.899487        261.2185       0.5518564E-03
   20 s   15    28.96304        11.21472        89.16852        11.44666        544.8671       0.6973260E-03
   20 s   16    27.97372        11.53046        86.72679        12.94702        769.6731       0.3466346E-03
   20 s   17    27.10713        11.85043        84.38512        12.59174        734.8260       0.1740460E-03
   20 s   18    26.30805        12.15830        82.24834        12.01287        657.8140       0.1097006E-03
   20 s   19    25.54264        12.44265        80.36874        10.20786        451.1997       0.3704085E-04
   20 s   20    24.71884        12.65886        78.99608        8.400991        304.9000       0.3187590E-04
   20 s   21    24.00919        12.89521        77.54817        10.51959        363.8185       0.9881543E-04
   20 s   22    23.59398        13.26161        75.40562        19.43358        82.65448      -0.9821351E-03
   20 s   23    23.09453        13.55781        73.75825        11.29948        451.6634      -0.6928796E-08
   20 s   24    22.63328        13.85243        72.18948        12.04269        486.9781      -0.1301910E-04
   20 s   25    22.21671        14.15248        70.65900        11.88339        478.7049      -0.4067795E-04
   20 s   26    21.81598        14.44219        69.24156        11.20797        436.6027      -0.8330229E-04
