    0 s    2    4.886668       0.3051865        3276.684        6.161285        471.9706       0.1326436E-01
    0 s    3    5.254750       0.4594440        2176.544        6.574159        373.2316      -0.1118299E-02
    0 s    4    5.650514       0.6352037        1574.298        7.466747        337.4585      -0.1799791E-02
    0 s    5    6.025670       0.8279050        1207.868        7.905240        326.9898      -0.6959332E-03
    0 s    6    6.323762        1.026837        973.8647        7.962267        324.2009       0.2619758E-03
    0 s    7    6.528464        1.223164        817.5517        7.685038        323.4903       0.8018035E-03
    0 s    8    6.632930        1.408435        710.0078        7.075167        323.2328       0.8861360E-03
    0 s    9    6.637972        1.575330        634.7877        6.252692        322.6632       0.6344939E-03
    0 s   10    6.564409        1.721858        580.7678        5.492176        319.9496       0.3293702E-03
    0 s   11    6.446027        1.851836        540.0047        4.933630        313.0371       0.1395142E-03
    0 s   12    6.308512        1.969924        507.6338        4.528366        301.4063       0.5267934E-04
    0 s   13    6.164645        2.078999        481.0006        4.203712        286.0002       0.1850874E-04
    0 s   14    6.019843        2.180548        458.6003        3.922680        268.5195       0.6163365E-05
    0 s   15    5.876664        2.275491        439.4657        3.674354        250.7361       0.1964099E-05
    0 s   16    5.736763        2.364631        422.8990        3.458388        233.9895       0.6032058E-06
    0 s   17    5.601476        2.448798        408.3636        3.276303        219.0200       0.1796350E-06
    0 s   18    5.471897        2.528845        395.4375        3.128204        206.0700       0.5219741E-07
    0 s   19    5.348855        2.605601        383.7885        3.012306        195.0743       0.1494333E-07
    0 s   20    5.232892        2.679836        373.1572        2.925486        185.8231       0.4312114E-08
    0 s   21    5.124286        2.752228        363.3420        2.863973        178.0632       0.1330400E-08
    0 s   22    5.023096        2.823362        354.1877        2.823882        171.5495       0.5218262E-09
    0 s   23    4.929207        2.893726        345.5752        2.801529        166.0659       0.2084588E-09
    0 s   24    4.842381        2.963722        337.4135        2.793595        161.4301       0.7653993E-10
    0 s   25    4.762293        3.033674        329.6333        2.797183        157.4921      -0.7389337E-11
    0 s   26    4.688570        3.103836        322.1820        2.809819        154.1290       0.1180667E-10
    1 s    2    10.64476       0.6647960        1504.221        10.56194        280.8202       0.2488696E-02
    1 s    3    10.46305       0.9148267        1093.103        9.429549        253.4160       0.4807315E-04
    1 s    4    10.11009        1.136528        879.8725        8.301138        237.7506      -0.9959297E-04
    1 s    5    9.673957        1.329167        752.3512        7.065879        239.9765      -0.1959839E-03
    1 s    6    9.167943        1.488668        671.7416        5.752469        274.5363      -0.2229386E-03
    1 s    7    8.673254        1.625009        615.3811        5.353087        310.1380       0.2534018E-03
    1 s    8    8.306781        1.763860        566.9383        5.839318        316.5453       0.1182406E-02
    1 s    9    8.089374        1.919778        520.8935        6.609114        300.1448       0.2213567E-02
    1 s   10    7.979328        2.092995        477.7843        7.124745        261.7169       0.2820180E-02
    1 s   11    7.906591        2.271431        440.2510        6.970946        204.0351       0.2395851E-02
    1 s   12    7.806687        2.437751        410.2142        6.274871        159.4506       0.1177192E-02
    1 s   13    7.674556        2.588210        386.3674        5.798420        142.7558       0.4315472E-03
    1 s   14    7.538829        2.730766        366.1977        5.617343        137.8730       0.1598512E-03
    1 s   15    7.413777        2.870673        348.3503        5.569300        136.8811       0.6281505E-04
    1 s   16    7.302830        3.010147        332.2097        5.575326        137.4755       0.2570361E-04
    1 s   17    7.205571        3.150061        317.4542        5.601343        138.8257       0.1075091E-04
    1 s   18    7.120383        3.290695        303.8872        5.631464        140.5258       0.4541852E-05
    1 s   19    7.045405        3.432046        291.3714        5.658204        142.3363       0.1923905E-05
    1 s   20    6.978886        3.573983        279.7999        5.678300        144.1052       0.8133379E-06
    1 s   21    6.919304        3.716323        269.0832        5.690623        145.7343       0.3420651E-06
    1 s   22    6.865385        3.858868        259.1434        5.695064        147.1608       0.1426927E-06
    1 s   23    6.816076        4.001426        249.9109        5.691945        148.3454       0.5890943E-07
    1 s   24    6.770514        4.143814        241.3236        5.681715        149.2638       0.2399379E-07
    1 s   25    6.727988        4.285860        233.3254        5.664809        149.9019       0.9596685E-08
    1 s   26    6.687910        4.427401        225.8662        5.641586        150.2518       0.3712062E-08
    2 s    1    10.55488       0.3955098        2528.382        12.74625        355.9556      -0.7143203E-04
    2 s    2    15.00466       0.9370843        1067.140        19.14226        95.93945       0.1699345    
    2 s    3    14.04365        1.227893        814.4031        5.922631        373.2145       0.3989297E-02
    2 s    4    12.09427        1.359579        735.5216        4.877706        342.3003      -0.6673180E-03
    2 s    5    10.76719        1.479373        675.9620        4.920559        287.9625      -0.8629487E-03
    2 s    6    9.928568        1.612176        620.2796        5.764212        224.8031      -0.3670329E-03
    2 s    7    9.413036        1.763614        567.0175        6.225052        189.8275       0.2806883E-04
    2 s    8    9.040369        1.919630        520.9336        6.203281        175.5660       0.2841218E-03
    2 s    9    8.737970        2.073704        482.2290        6.111400        170.9121       0.6110339E-03
    2 s   10    8.490936        2.227191        448.9961        6.187568        177.2147       0.1263004E-02
    2 s   11    8.311303        2.387698        418.8134        6.707443        209.2451       0.2698374E-02
    2 s   12    8.221925        2.567415        389.4969        7.604612        281.6662       0.4720620E-02
    2 s   13    8.204784        2.767027        361.3987        8.201846        346.4631       0.6128076E-02
    2 s   14    8.219174        2.977205        335.8855        8.469514        378.0977       0.6960311E-02
    2 s   15    8.243870        3.192092        313.2742        8.587619        392.3182       0.7542379E-02
    2 s   16    8.270760        3.409117        293.3311        8.639030        399.5241       0.8003389E-02
    2 s   17    8.296711        3.627075        275.7043        8.657253        403.6621       0.8388897E-02
    2 s   18    8.320501        3.845331        260.0556        8.656980        406.0679       0.8715283E-02
    2 s   19    8.341671        4.063499        246.0933        8.644183        406.8181       0.8982809E-02
    2 s   20    8.359945        4.281242        233.5771        8.615790        404.0788       0.9159317E-02
    2 s   21    8.374094        4.497683        222.3367        8.510145        382.5867       0.8954210E-02
    2 s   22    8.357472        4.697534        212.8776        6.664565        194.1633       0.2236830E-02
    2 s   23    8.263163        4.850949        206.1452        5.930573        163.4970       0.9793893E-04
    2 s   24    8.166339        4.998112        200.0755        5.838029        159.0280       0.1535603E-04
    2 s   25    8.074212        5.143430        194.4228        5.773354        155.6095       0.3613445E-05
    2 s   26    7.986677        5.287185        189.1365        5.711643        152.5244       0.1014099E-05
    3 s    1    25.04881       0.9386225        1065.391        5.695195        683.3772      -0.7225999E-03
    3 s    2    17.54679        1.095848        912.5354        6.964373        320.5296       0.5825084E-02
    3 s    3    16.30607        1.425706        701.4069        16.75338        90.21409       0.1307657    
    3 s    4    16.50180        1.855053        539.0681        16.13303        89.85763       0.1196717    
    3 s    5    16.52009        2.269800        440.5674        15.62601        90.32614       0.1107247    
    3 s    6    15.21295        2.470241        404.8188        5.158661        244.1157      -0.2291584E-03
    3 s    7    13.86214        2.597191        385.0313        5.005596        238.6660      -0.1985230E-03
    3 s    8    12.81467        2.721064        367.5033        4.921762        233.0935      -0.8560403E-04
    3 s    9    11.98539        2.844385        351.5698        4.955939        227.8134       0.3910093E-04
    3 s   10    11.32234        2.969873        336.7147        5.084306        222.7443       0.1424687E-03
    3 s   11    10.78834        3.099310        322.6525        5.262030        217.7525       0.2123377E-03
    3 s   12    10.35468        3.233400        309.2720        5.449747        212.7676       0.2494353E-03
    3 s   13    9.998733        3.372029        296.5574        5.621232        207.7783       0.2605576E-03
    3 s   14    9.702737        3.514591        284.5281        5.762733        202.8054       0.2542677E-03
    3 s   15    9.452961        3.660261        273.2045        5.869647        197.8824       0.2386548E-03
    3 s   16    9.238916        3.808180        262.5926        5.943064        193.0492       0.2205263E-03
    3 s   17    9.052670        3.957558        252.6811        5.987107        188.3524       0.2056447E-03
    3 s   18    8.888275        4.107729        243.4435        6.007307        183.8562       0.2001693E-03
    3 s   19    8.741316        4.258179        234.8421        6.010302        179.6829       0.2153681E-03
    3 s   20    8.608655        4.408610        226.8289        6.007656        176.2297       0.2898815E-03
    3 s   21    8.489073        4.559437        219.3253        6.066809        176.5697       0.7158505E-03
    3 s   22    8.407430        4.725615        211.6127        7.854087        307.0629       0.7622362E-02
    3 s   23    8.409310        4.936746        202.5626        8.523625        413.6428       0.9964027E-02
    3 s   24    8.418526        5.152461        194.0820        8.544608        421.4506       0.1021265E-01
    3 s   25    8.427085        5.368217        186.2816        8.533121        423.7776       0.1037408E-01
    3 s   26    8.434479        5.583631        179.0949        8.515339        425.1851       0.1051268E-01
    4 s    1    36.96574        1.385170        721.9329        11.86077        342.4825      -0.2553760E-03
    4 s    2    27.17260        1.697007        589.2727        12.80015        406.2833      -0.2433884E-03
    4 s    3    23.04757        2.015142        496.2429        12.17486        361.7999      -0.1683325E-03
    4 s    4    19.68482        2.212873        451.9011        5.118207        243.2722      -0.1673471E-03
    4 s    5    17.03802        2.340962        427.1748        5.232986        244.9162       0.2111313E-03
    4 s    6    16.47745        2.675568        373.7524        15.36634        90.08637       0.1054105    
    4 s    7    16.41135        3.074810        325.2234        15.18132        90.17227       0.1012126    
    4 s    8    16.26816        3.454379        289.4877        7.449302        375.2271      -0.9014531E-05
    4 s    9    15.25957        3.621417        276.1350        6.116184        308.4970      -0.7396884E-04
    4 s   10    14.36020        3.766710        265.4837        5.581807        278.1650      -0.2198826E-04
    4 s   11    13.58634        3.903129        256.2047        5.358868        261.8995       0.4310501E-04
    4 s   12    12.92551        4.036178        247.7591        5.295930        252.0754       0.1000605E-03
    4 s   13    12.36203        4.169041        239.8633        5.335110        245.9623       0.1397684E-03
    4 s   14    11.88142        4.303770        232.3544        5.439053        242.2647       0.1608357E-03
    4 s   15    11.47084        4.441601        225.1440        5.579071        240.2283       0.1657905E-03
    4 s   16    11.11905        4.583150        218.1905        5.733786        239.3590       0.1586475E-03
    4 s   17    10.81634        4.728584        211.4798        5.888405        239.3084       0.1435849E-03
    4 s   18    10.55449        4.877772        205.0116        6.033593        239.8169       0.1242880E-03
    4 s   19    10.32657        5.030407        198.7911        6.164181        240.6822       0.1036622E-03
    4 s   20    10.12683        5.186091        192.8235        6.277934        241.7414       0.8376137E-04
    4 s   21    9.950564        5.344396        187.1119        6.374493        242.8598       0.6585188E-04
    4 s   22    9.793875        5.504902        181.6563        6.454540        243.9235       0.5055417E-04
    4 s   23    9.653591        5.667209        176.4537        6.519187        244.8346       0.3801617E-04
    4 s   24    9.527098        5.830949        171.4987        6.569563        245.5063       0.2808107E-04
    4 s   25    9.412234        5.995777        166.7841        6.606578        245.8596       0.2042684E-04
    4 s   26    9.307192        6.161367        162.3016        6.630798        245.8197       0.1466839E-04
    5 s    1    47.16972        1.767531        565.7609        30.31490        96.66369       0.1096843E-03
    5 s    2    32.82836        2.050226        487.7511        2.455490        292.4637      -0.4390415E-03
    5 s    3    24.36187        2.130057        469.4710        4.495583        325.3260      -0.1449939E-03
    5 s    4    21.01964        2.362927        423.2039        12.52134        595.8161      -0.7169757E-05
    5 s    5    19.48064        2.676569        373.6126        12.34731        561.3363      -0.1136877E-04
    5 s    6    18.31850        2.974513        336.1895        11.40248        542.2446      -0.1683667E-04
    5 s    7    17.29540        3.240443        308.5998        9.717411        485.8684      -0.4009223E-04
    5 s    8    16.34184        3.470024        288.1824        15.04905        90.27618       0.9786793E-01
    5 s    9    16.27488        3.862371        258.9083        14.96584        90.26096       0.9532024E-01
    5 s   10    15.90825        4.172769        239.6490        9.975322        397.0303      -0.1962793E-04
    5 s   11    15.38299        4.419275        226.2815        9.698841        409.5437      -0.6719256E-05
    5 s   12    14.90844        4.655377        214.8054        9.139373        402.8818       0.8068266E-05
    5 s   13    14.45224        4.873956        205.1721        8.310422        375.6309       0.3339620E-04
    5 s   14    13.99882        5.070747        197.2096        7.455085        339.8321       0.7090174E-04
    5 s   15    13.55683        5.249311        190.5012        6.877228        312.0343       0.1083303E-03
    5 s   16    13.14273        5.417290        184.5942        6.589101        294.5450       0.1341327E-03
    5 s   17    12.76495        5.580455        179.1969        6.472295        283.3960       0.1456149E-03
    5 s   18    12.42419        5.741857        174.1597        6.436509        275.4713       0.1446696E-03
    5 s   19    12.11744        5.902800        169.4111        6.429321        269.0141       0.1344628E-03
    5 s   20    11.84030        6.063579        164.9191        6.419912        263.0452       0.1182449E-03
    5 s   21    11.58805        6.223882        160.6714        6.389380        257.0034       0.9894078E-04
    5 s   22    11.35617        6.383031        156.6654        6.326779        250.5897       0.7898377E-04
    5 s   23    11.14058        6.540159        152.9015        6.228059        243.7129       0.6023451E-04
    5 s   24    10.93785        6.694386        149.3789        6.096075        236.4694       0.4394020E-04
    5 s   25    10.74534        6.844988        146.0923        5.940303        229.1119       0.3073497E-04
    5 s   26    10.56124        6.991546        143.0299        5.775208        221.9847       0.2070257E-04
    6 s    1    52.33110        1.960937        509.9602        7.380831        528.7907      -0.3026796E-04
    6 s    2    38.91553        2.430387        411.4570        14.50794        261.6655      -0.9468256E-03
    6 s    3    31.43651        2.748621        363.8188        11.76623        457.3822      -0.1827823E-02
    6 s    4    26.74048        3.006036        332.6640        8.566754        360.2864      -0.1253175E-02
    6 s    5    23.14605        3.180183        314.4473        5.923603        285.8810      -0.5056838E-03
    6 s    6    20.46707        3.323392        300.8974        5.857669        267.7297      -0.2408006E-03
    6 s    7    18.58952        3.482907        287.1165        7.112569        272.9329      -0.1568117E-03
    6 s    8    17.35299        3.684730        271.3903        8.996860        313.6578      -0.8675025E-04
    6 s    9    16.53192        3.923372        254.8828        9.895914        365.3881      -0.4038660E-04
    6 s   10    16.21279        4.252650        235.1475        14.90053        90.27592       0.9315378E-01
    6 s   11    16.15601        4.641352        215.4544        14.85112        90.27950       0.9132943E-01
    6 s   12    15.91335        4.969174        201.2407        6.875863        271.1619      -0.1369969E-04
    6 s   13    15.27124        5.150157        194.1688        7.621412        284.1724       0.2580712E-04
    6 s   14    14.77065        5.350325        186.9045        8.348955        305.6779       0.4367630E-04
    6 s   15    14.37220        5.565031        179.6935        8.756571        326.3176       0.4835539E-04
    6 s   16    14.03595        5.785464        172.8470        8.823219        338.1680       0.5069290E-04
    6 s   17    13.73465        6.004378        166.5451        8.651713        339.7318       0.5499500E-04
    6 s   18    13.45202        6.216870        160.8526        8.319486        332.2109       0.6197944E-04
    6 s   19    13.17845        6.419649        155.7717        7.883792        317.8328       0.7078704E-04
    6 s   20    12.90909        6.610921        151.2649        7.410292        299.9076       0.7931404E-04
    6 s   21    12.64336        6.790684        147.2606        6.974381        282.1539       0.8489640E-04
    6 s   22    12.38387        6.960677        143.6642        6.635086        267.2469       0.8572194E-04
    6 s   23    12.13454        7.123670        140.3771        6.414632        256.1721       0.8163933E-04
    6 s   24    11.89885        7.282555        137.3144        6.302727        248.7149       0.7372632E-04
    6 s   25    11.67895        7.439720        134.4137        6.271890        244.1568       0.6346972E-04
    6 s   26    11.47550        7.596785        131.6346        6.289543        241.6675       0.5226659E-04
    7 s    1    57.46435        2.153289        464.4059        7.724259        247.7367       0.3364318E-03
    7 s    2    40.25824        2.514244        397.7339        25.88116        108.4102      -0.3362532E-04
    7 s    3    36.15603        3.161268        316.3288        23.83994        97.31305       0.1392943E-02
    7 s    4    29.84694        3.355250        298.0404        7.741797        334.9897      -0.5036473E-03
    7 s    5    26.19588        3.599218        277.8381        11.25232        450.9011      -0.9123554E-03
    7 s    6    23.94131        3.887531        257.2327        11.38160        457.8948      -0.8463274E-03
    7 s    7    22.12839        4.145946        241.1995        9.091791        371.0756      -0.5819494E-03
    7 s    8    20.44586        4.341471        230.3367        6.838100        304.3675      -0.3303186E-03
    7 s    9    18.96097        4.499836        222.2303        6.055130        278.4901      -0.1981206E-03
    7 s   10    17.72758        4.649983        215.0545        6.044696        269.3759      -0.1262147E-03
    7 s   11    16.72339        4.804351        208.1447        6.346532        267.2249      -0.6767014E-04
    7 s   12    16.10439        5.028829        198.8535        14.81287        90.27502       0.8976930E-01
    7 s   13    16.05753        5.415332        184.6609        14.78279        90.26509       0.8841812E-01
    7 s   14    16.01498        5.801053        172.3825        14.75887        90.25151       0.8723531E-01
    7 s   15    15.97628        6.186140        161.6517        14.73966        90.23546       0.8619042E-01
    7 s   16    15.47078        6.376887        156.8163        6.562621        257.5764       0.9563529E-04
    7 s   17    14.96468        6.542114        152.8558        6.648366        253.2053       0.1266283E-03
    7 s   18    14.51931        6.710121        149.0286        6.785504        251.2457       0.1412115E-03
    7 s   19    14.12802        6.882216        145.3020        6.972917        252.1053       0.1412299E-03
    7 s   20    13.78467        7.059316        141.6568        7.178666        255.5677       0.1311525E-03
    7 s   21    13.48217        7.241205        138.0986        7.347775        260.4412       0.1165522E-03
    7 s   22    13.21232        7.426328        134.6560        7.433211        264.9409       0.1019010E-03
    7 s   23    12.96693        7.612329        131.3658        7.419450        267.5912       0.8932947E-04
    7 s   24    12.73917        7.796858        128.2568        7.320448        267.8094       0.7901045E-04
    7 s   25    12.52417        7.978138        125.3425        7.165754        265.8647       0.7020258E-04
    7 s   26    12.31902        8.155198        122.6212        6.988934        262.5184       0.6207098E-04
    8 s    1    75.91648        2.844722        351.5282        13.40940        941.0300       0.2083866E-04
    8 s    2    50.45216        3.150883        317.3713        3.910142        255.0654       0.3017082E-03
    8 s    3    36.85981        3.222803        310.2889        5.003341        240.0867      -0.3687218E-04
    8 s    4    33.41697        3.756575        266.1999        18.48640        180.0808       0.1216877E-02
    8 s    5    29.78101        4.091802        244.3911        11.75154        741.0404      -0.1406525E-02
    8 s    6    26.88080        4.364838        229.1036        10.05265        556.4755      -0.9915501E-03
    8 s    7    24.59419        4.607935        217.0169        10.08984        446.8792      -0.1690132E-03
    8 s    8    22.98321        4.880251        204.9075        11.40705        512.9123      -0.7361068E-04
    8 s    9    21.70960        5.152144        194.0940        9.910701        492.5988      -0.2525272E-03
    8 s   10    20.48045        5.372067        186.1481        7.910372        385.2681      -0.3244137E-03
    8 s   11    19.34012        5.556093        179.9826        6.977050        327.9826      -0.2409936E-03
    8 s   12    18.33373        5.724973        174.6733        6.614066        299.4352      -0.1523045E-03
    8 s   13    17.46058        5.888505        169.8224        6.502096        283.0582      -0.7635714E-04
    8 s   14    16.70441        6.050784        165.2678        6.488921        272.1037      -0.9124631E-05
    8 s   15    16.04655        6.213349        160.9438        6.513216        263.8939       0.4931074E-04
    8 s   16    15.94101        6.570709        152.1906        14.72413        90.21773       0.8526005E-01
    8 s   17    15.90880        6.954853        143.7845        14.71146        90.19886       0.8442587E-01
    8 s   18    15.87931        7.338645        136.2649        14.70102        90.17919       0.8367333E-01
    8 s   19    15.41019        7.506805        133.2125        5.872284        238.3995       0.1399470E-03
    8 s   20    14.95094        7.656580        130.6066        6.093443        239.3440       0.1724463E-03
    8 s   21    14.54480        7.811938        128.0092        6.315851        240.8559       0.1942647E-03
    8 s   22    14.18455        7.972797        125.4265        6.532056        242.7099       0.2048286E-03
    8 s   23    13.86395        8.138930        122.8663        6.737290        244.8257       0.2047303E-03
    8 s   24    13.57758        8.309999        120.3370        6.926709        247.1743       0.1956453E-03
    8 s   25    13.32067        8.485529        117.8477        7.094040        249.6999       0.1799575E-03
    8 s   26    13.08892        8.664873        115.4085        7.231907        252.2735       0.1602431E-03
    9 s    1    83.57497        3.131699        319.3155       0.6864940        232.1006      -0.1397295E-06
    9 s    2    51.04049        3.187626        313.7131        10.93869        727.5296       0.7511513E-03
    9 s    3    40.08445        3.504746        285.3274        12.71311        685.4677       0.5287339E-04
    9 s    4    34.24571        3.849739        259.7579        18.33662        150.7044       0.3981204E-03
    9 s    5    31.92916        4.386950        227.9488        7.146216        197.5138       0.5682963E-03
    9 s    6    27.90972        4.531911        220.6575        7.429663        300.9663      -0.1056725E-02
    9 s    7    25.39958        4.758832        210.1356        10.24776        414.1864      -0.1905347E-02
    9 s    8    23.64651        5.021095        199.1597        10.76130        417.3080      -0.1695092E-02
    9 s    9    22.33430        5.300399        188.6650        11.86403        401.4938      -0.9978239E-03
    9 s   10    21.37897        5.607749        178.3247        12.54806        433.0769      -0.4460590E-03
    9 s   11    20.60067        5.918227        168.9695        12.23757        456.6725      -0.2089813E-03
    9 s   12    19.90977        6.217113        160.8464        11.67559        470.3994      -0.1109108E-03
    9 s   13    19.27499        6.500404        153.8366        10.93847        471.8183      -0.7910109E-04
    9 s   14    18.64779        6.754730        148.0444        9.046909        401.0986      -0.9263989E-04
    9 s   15    17.92654        6.941299        144.0653        6.209899        280.7049      -0.7434667E-04
    9 s   16    17.18925        7.085220        141.1389        5.522517        249.2243      -0.9726178E-05
    9 s   17    16.52145        7.222687        138.4526        5.514160        240.9386       0.4833695E-04
    9 s   18    15.93077        7.362429        135.8247        5.667388        238.5335       0.9815361E-04
    9 s   19    15.85225        7.722146        129.4977        14.69233        90.15895       0.8299070E-01
    9 s   20    15.82735        8.105404        123.3745        14.68499        90.13825       0.8236839E-01
    9 s   21    15.79010        8.480781        117.9137        6.094990        247.8453       0.6445024E-04
    9 s   22    15.34911        8.627369        115.9102        5.704770        234.3435       0.9418379E-04
    9 s   23    14.93763        8.769245        114.0349        5.669842        229.8809       0.1178595E-03
    9 s   24    14.56211        8.912568        112.2011        5.799495        229.5450       0.1362647E-03
    9 s   25    14.22293        9.060284        110.3718        6.011380        231.4431       0.1500242E-03
    9 s   26    13.91823        9.213874        108.5320        6.263727        234.6661       0.1593290E-03
   10 s    1    90.55041        3.393081        294.7174        27.93980        89.17584       0.9595132E-06
   10 s    2    63.53390        3.967875        252.0240        14.01517        845.5871      -0.1835225E-02
   10 s    3    48.44446        4.235695        236.0888        5.173318        311.9292      -0.1446109E-03
   10 s    4    38.37593        4.314038        231.8014        2.697099        240.8775       0.5906847E-04
   10 s    5    32.26643        4.433290        225.5661        20.91311        100.3522       0.2660277E-02
   10 s    6    30.95205        5.025916        198.9687        23.52428        90.81912       0.4156080E-02
   10 s    7    29.12744        5.457278        183.2415        8.190629        329.2376      -0.7555806E-03
   10 s    8    26.63319        5.655287        176.8257        8.125206        312.4746      -0.1377577E-02
   10 s    9    24.74140        5.871652        170.3098        9.351285        339.8251      -0.1772492E-02
   10 s   10    23.32095        6.117135        163.4752        10.23667        373.3763      -0.1908721E-02
   10 s   11    22.15907        6.365929        157.0863        9.455648        348.3715      -0.1569218E-02
   10 s   12    21.05433        6.574520        152.1024        7.312959        281.9401      -0.8646323E-03
   10 s   13    19.98274        6.739091        148.3880        6.193765        247.3496      -0.3713158E-03
   10 s   14    19.05270        6.901396        144.8982        7.299629        256.5123      -0.1184347E-03
   10 s   15    18.38560        7.119050        140.4682        9.837033        340.7355      -0.1565444E-04
   10 s   16    17.89129        7.374595        135.6007        10.39869        392.5894      -0.2787546E-05
   10 s   17    17.46178        7.633770        130.9969        10.27348        403.1775      -0.7664732E-06
   10 s   18    17.06217        7.885304        126.8182        9.777225        386.3639       0.1222645E-05
   10 s   19    16.66463        8.117883        123.1848        8.711353        339.7441       0.8877366E-05
   10 s   20    16.23966        8.316552        120.2421        7.168185        281.8918       0.3156392E-04
   10 s   21    15.80439        8.488459        117.8070        14.67869        90.11717       0.8179848E-01
   10 s   22    15.78317        8.871342        112.7225        14.67318        90.09570       0.8127437E-01
   10 s   23    15.76351        9.254081        108.0604        14.66825        90.07383       0.8079048E-01
   10 s   24    15.50899        9.492095        105.3508        8.725657        336.9070       0.7602937E-04
   10 s   25    15.23253        9.703416        103.0565        8.158325        312.9899       0.9516019E-04
   10 s   26    14.95493        9.900170        101.0084        7.579538        289.4744       0.1140017E-03
   11 s    1    96.60162        3.619830        276.2561        14.45055        652.3355      -0.1886751E-02
   11 s    2    66.10232        4.128281        242.2316        28.29125        88.53090      -0.2487693E-05
   11 s    3    50.21008        4.390071        227.7868        9.874266        419.9414      -0.7103674E-03
   11 s    4    41.68196        4.685686        213.4159        12.23173        664.6817       0.6917109E-04
   11 s    5    36.26057        4.982071        200.7198        11.34086        592.6676       0.3172781E-03
   11 s    6    32.30456        5.245534        190.6384        9.690987        416.0066      -0.1985765E-03
   11 s    7    29.98985        5.618858        177.9721        22.92595        89.20824       0.4454088E-02
   11 s    8    28.75598        6.106040        163.7723        11.32220        520.9438      -0.2352557E-03
   11 s    9    26.91088        6.386516        156.5799        10.64288        522.0743      -0.1876154E-03
   11 s   10    25.17433        6.603280        151.4399        6.952004        313.8691      -0.8437228E-04
   11 s   11    23.59855        6.779468        147.5042        7.798035        309.1429      -0.7375363E-03
   11 s   12    22.43613        7.006006        142.7347        10.36260        392.5295      -0.1539026E-02
   11 s   13    21.58924        7.280877        137.3461        11.39845        465.2239      -0.1872533E-02
   11 s   14    20.85539        7.554380        132.3735        10.32317        422.1763      -0.1606458E-02
   11 s   15    20.10045        7.783053        128.4843        8.034787        325.8683      -0.9734880E-03
   11 s   16    19.30963        7.959220        125.6404        6.312971        269.5702      -0.4575751E-03
   11 s   17    18.54385        8.106821        123.3529        5.671094        247.6267      -0.1908747E-03
   11 s   18    17.84851        8.248714        121.2310        5.802947        243.9531      -0.5880814E-04
   11 s   19    17.25032        8.403194        119.0024        6.686151        259.1199       0.1022814E-04
   11 s   20    16.76994        8.588118        116.4400        8.114836        299.0415       0.3902521E-04
   11 s   21    16.39351        8.804870        113.5735        9.082082        340.5478       0.4600172E-04
   11 s   22    16.07662        9.036285        110.6650        9.331521        358.2740       0.5107154E-04
   11 s   23    15.78738        9.268095        107.8970        9.154802        354.4641       0.6078572E-04
   11 s   24    15.74525        9.636698        103.7700        14.66375        90.05151       0.8034209E-01
   11 s   25    15.72830        10.01924        99.80802        14.65951        90.02800       0.7992428E-01
   11 s   26    15.62963        10.34683        96.64799        8.159507        321.4676       0.1021628E-03
   12 s    1    113.4313        4.250468        235.2682       0.6445160        227.2073       0.3293643E-04
   12 s    2    68.44746        4.274742        233.9323        1.580717        230.3521      -0.7233863E-04
   12 s    3    55.01477        4.810164        207.8931        25.96388        90.04363       0.1047369E-04
   12 s    4    47.90129        5.384834        185.7068        9.234119        206.6670      -0.7611993E-03
   12 s    5    39.99241        5.494812        181.9899        4.394728        229.2874      -0.7466235E-04
   12 s    6    34.69055        5.632966        177.5264        6.869954        281.6894       0.2201902E-04
   12 s    7    31.18092        5.842015        171.1738        9.741464        397.7670      -0.7444444E-04
   12 s    8    29.17652        6.195338        161.4117        22.59989        88.56340       0.4743162E-02
   12 s    9    27.67242        6.567246        152.2708        6.494362        265.1196      -0.6413702E-03
   12 s   10    25.89943        6.793476        147.2001        11.57861        422.4690      -0.1070909E-02
   12 s   11    24.74293        7.108231        140.6820        13.25632        547.4860      -0.8592611E-03
   12 s   12    23.84302        7.445328        134.3124        13.67763        572.7737      -0.5875108E-03
   12 s   13    23.09143        7.787485        128.4112        13.67398        554.1507      -0.3113336E-03
   12 s   14    22.30792        8.080525        123.7543        7.095606        275.8245      -0.1065660E-02
   12 s   15    21.39057        8.282598        120.7351        9.144288        343.2860      -0.1676819E-02
   12 s   16    20.67686        8.522778        117.3326        9.886777        390.0977      -0.1789705E-02
   12 s   17    20.03414        8.758331        114.1770        8.892310        356.4645      -0.1336151E-02
   12 s   18    19.39020        8.961208        111.5921        7.477560        306.2251      -0.7506799E-03
   12 s   19    18.75367        9.135523        109.4628        6.621882        278.9562      -0.3576589E-03
   12 s   20    18.15238        9.296081        107.5722        6.310399        267.9687      -0.1406963E-03
   12 s   21    17.60100        9.453407        105.7820        6.317766        265.3414      -0.2042384E-04
   12 s   22    17.10366        9.613554        104.0198        6.514438        267.8311       0.4842640E-04
   12 s   23    16.66013        9.780447        102.2448        6.847514        274.8094       0.8644017E-04
   12 s   24    16.26871        9.957073        100.4311        7.284260        286.6771       0.1033917E-03
   12 s   25    15.92932        10.14728        98.54853        7.768168        303.6780       0.1059460E-03
   12 s   26    15.71246        10.40166        96.13852        14.65548        90.00464       0.7953533E-01
   13 s    1    118.3922        4.436359        225.4101        14.65167        753.4437       0.8560463E-03
   13 s    2    76.69023        4.789527        208.7889        13.76851        873.2299       0.1141214E-02
   13 s    3    58.63693        5.126864        195.0510        13.12126        804.6392      -0.7106671E-03
   13 s    4    48.32153        5.432074        184.0917        14.48765        134.3950      -0.3569999E-04
   13 s    5    41.93883        5.762242        173.5436        12.31898        759.5639      -0.1626294E-02
   13 s    6    37.28543        6.054315        165.1714        10.72117        633.1563      -0.7187862E-03
   13 s    7    33.52057        6.280370        159.2263        7.245098        363.3365      -0.7059357E-04
   13 s    8    30.28258        6.430198        155.5162        5.264181        267.7713      -0.1669654E-03
   13 s    9    28.49235        6.761833        147.8889        22.30540        87.68567       0.4907194E-02
   13 s   10    27.90486        7.319506        136.6213        22.00643        87.35293       0.4973084E-02
   13 s   11    26.77083        7.690812        130.0253        5.089720        257.6572      -0.4747369E-03
   13 s   12    25.00320        7.807611        128.0801        4.592478        242.7448      -0.5161523E-03
   13 s   13    23.51193        7.929296        126.1146        5.342866        250.3995      -0.7404456E-03
   13 s   14    22.43518        8.126624        123.0523        13.31448        543.6055      -0.2159978E-03
   13 s   15    21.83316        8.453971        118.2876        12.81565        495.4220      -0.1507878E-04
   13 s   16    21.26778        8.766346        114.0726        12.18868        462.6891      -0.4621814E-04
   13 s   17    20.73531        9.064861        110.3161        11.74771        453.6472      -0.3040678E-03
   13 s   18    20.23851        9.353257        106.9146        11.31623        453.2813      -0.5466203E-03
   13 s   19    19.75948        9.625484        103.8909        10.42243        423.1330      -0.5372672E-03
   13 s   20    19.27274        9.869833        101.3188        9.125658        369.1501      -0.3930040E-03
   13 s   21    18.77422        10.08354        99.17153        7.741799        316.2911      -0.2371449E-03
   13 s   22    18.25920        10.26306        97.43685        6.703084        280.5714      -0.1164540E-03
   13 s   23    17.75332        10.42221        95.94890        6.099404        260.0230      -0.2884633E-04
   13 s   24    17.27165        10.57091        94.59920        5.837904        249.0639       0.3041353E-04
   13 s   25    16.82231        10.71614        93.31717        5.801514        243.7459       0.6982558E-04
   13 s   26    16.40866        10.86254        92.05949        5.921453        242.2548       0.9550703E-04
   14 s    1    130.4817        4.889376        204.5251        23.77660        87.34958       0.7023385E-04
   14 s    2    85.20676        5.321409        187.9202        1.220832        201.0688       0.2822034E-06
   14 s    3    61.31619        5.361122        186.5281        2.050387        210.1325       0.4092412E-05
   14 s    4    48.87764        5.494590        181.9972        16.29180        216.9535      -0.1152718E-02
   14 s    5    44.09173        6.058043        165.0698        23.52403        92.77444       0.1608194E-03
   14 s    6    40.00000        6.495101        153.9622        6.253937        239.8479      -0.6733291E-03
   14 s    7    35.69644        6.688038        149.5207        9.616249        339.7481      -0.7118109E-03
   14 s    8    32.79669        6.964044        143.5947        12.02602        484.3395      -0.4385406E-03
   14 s    9    30.62042        7.266867        137.6109        11.86899        505.5625      -0.4329542E-03
   14 s   10    28.70230        7.528676        132.8255        8.550948        349.3831      -0.5386031E-03
   14 s   11    27.39503        7.870134        127.0626        21.74292        87.07515       0.4976189E-02
   14 s   12    26.77952        8.362293        119.5844        11.71302        507.3869      -0.9337299E-03
   14 s   13    25.59152        8.630627        115.8664        9.436023        374.2880      -0.9973291E-03
   14 s   14    24.36714        8.826431        113.2961        6.636474        282.7948      -0.8351318E-03
   14 s   15    23.19788        8.982402        111.3288        6.244967        272.4795      -0.8271244E-03
   14 s   16    22.19634        9.149087        109.3005        7.325796        300.8143      -0.1019780E-02
   14 s   17    21.39150        9.351729        106.9321        8.997821        363.4248      -0.1294943E-02
   14 s   18    20.75858        9.593608        104.2361        10.36211        443.8781      -0.1507288E-02
   14 s   19    20.24181        9.860442        101.4153        10.98137        500.4798      -0.1550201E-02
   14 s   20    19.79631        10.13796        98.63915        10.74799        492.4105      -0.1254232E-02
   14 s   21    19.35903        10.39764        96.17570        10.11485        451.6668      -0.7503508E-03
   14 s   22    18.93725        10.64417        93.94812        9.706883        430.3055      -0.3746381E-03
   14 s   23    18.53918        10.88356        91.88169        9.472770        420.6302      -0.1849803E-03
   14 s   24    18.16323        11.11660        89.95560        9.150438        403.5858      -0.9147162E-04
   14 s   25    17.79958        11.33868        88.19371        8.569964        370.1898      -0.3346427E-04
   14 s   26    17.43600        11.54264        86.63527        7.714683        325.9113       0.1579535E-04
   15 s    1    139.3386        5.221259        191.5247        15.80777        650.0717      -0.2037596E-02
   15 s    2    88.17403        5.506723        181.5962        24.13173        120.1837      -0.5800300E-03
   15 s    3    68.07175        5.951788        168.0167        13.93617        796.1769       0.1164503E-02
   15 s    4    55.48486        6.237341        160.3247        8.189475        388.5965       0.6891247E-03
   15 s    5    46.44969        6.382018        156.6902        4.572736        244.4206      -0.4204208E-03
   15 s    6    40.99937        6.657376        150.2093        23.01967        93.05293       0.3470271E-03
   15 s    7    38.65093        7.241588        138.0913        23.11653        94.88427       0.6569026E-03
   15 s    8    35.80670        7.603188        131.5238        2.622195        235.8477      -0.7192295E-04
   15 s    9    32.37061        7.682224        130.1706        3.942782        253.0315      -0.7885867E-04
   15 s   10    29.81892        7.821568        127.8516        7.767307        335.7445      -0.2393026E-03
   15 s   11    28.08716        8.068971        123.9315        11.44325        500.7696      -0.6480862E-03
   15 s   12    26.94736        8.414703        118.8396        21.51671        86.92722       0.4941364E-02
   15 s   13    26.55060        8.954075        111.6810        21.33915        86.73935       0.4901370E-02
   15 s   14    25.45488        9.220438        108.4547        11.78260        461.9941      -0.3497216E-03
   15 s   15    24.63381        9.538408        104.8393        13.38987        557.2058      -0.4306091E-03
   15 s   16    23.94707        9.870722        101.3097        11.92488        436.5996      -0.1174760E-03
   15 s   17    22.98591        10.04876        99.51479        5.351662        249.1218      -0.2340841E-03
   15 s   18    22.03834        10.18505        98.18312        5.722848        254.0727      -0.4115963E-03
   15 s   19    21.22623        10.33999        96.71190        6.827621        276.2869      -0.7120326E-03
   15 s   20    20.56281        10.53049        94.96230        8.568059        327.2759      -0.1210497E-02
   15 s   21    20.04458        10.76584        92.88636        10.27287        408.3744      -0.1705104E-02
   15 s   22    19.62524        11.03088        90.65461        10.82897        452.9349      -0.1781480E-02
   15 s   23    19.23316        11.29097        88.56639        9.890305        399.0886      -0.1307471E-02
   15 s   24    18.81854        11.51766        86.82316        8.378233        328.0436      -0.6305177E-03
   15 s   25    18.39296        11.71667        85.34847        7.773138        304.5461      -0.2183143E-03
   15 s   26    17.99744        11.91431        83.93266        8.162709        318.8710      -0.5658159E-04
   16 s    1    141.3905        5.298149        188.7452       0.6889684        198.5453      -0.1043820E-05
   16 s    2    90.07563        5.625483        177.7625        17.74571        218.9450      -0.6361951E-03
   16 s    3    71.34310        6.237816        160.3125        27.76247        86.97491       0.9198073E-05
   16 s    4    57.92326        6.511454        153.5755        7.967232        296.8168       0.5840185E-03
   16 s    5    49.30791        6.774727        147.6074        12.07330        544.8808       0.2345760E-03
   16 s    6    43.66145        7.089637        141.0509        12.88344        676.6889      -0.8699306E-03
   16 s    7    39.59064        7.417649        134.8136        13.42895        563.7328      -0.1439851E-02
   16 s    8    36.40258        7.729718        129.3708        13.98279        590.6785      -0.1134241E-02
   16 s    9    33.98483        8.065312        123.9878        13.23171        876.5549      -0.1123663E-02
   16 s   10    31.98832        8.390604        119.1809        12.69943        798.4164      -0.8431926E-03
   16 s   11    30.16818        8.666813        115.3827        7.982780        366.9094      -0.2893507E-03
   16 s   12    28.21446        8.810374        113.5026        5.202355        258.9698      -0.7173767E-06
   16 s   13    26.59598        8.969378        111.4904        8.043101        316.0742      -0.9385230E-04
   16 s   14    26.19682        9.489190        105.3831        21.18735        86.59628       0.4844222E-02
   16 s   15    25.28475        9.790453        102.1403        6.226065        284.4771      -0.6330377E-03
   16 s   16    24.12060        9.942247        100.5809        7.355704        302.8938      -0.7820877E-03
   16 s   17    23.45000        10.25164        97.54537        13.89129        591.1148      -0.5860252E-03
   16 s   18    22.92580        10.59519        94.38243        13.45470        553.8683      -0.4556494E-03
   16 s   19    22.40214        10.91281        91.63541        11.71765        451.3698      -0.4154193E-03
   16 s   20    21.80376        11.16600        89.55755        8.488961        327.3647      -0.4569867E-03
   16 s   21    21.13126        11.34949        88.10968        6.650695        279.1886      -0.5847088E-03
   16 s   22    20.48559        11.51446        86.84733        6.862705        284.1475      -0.8921871E-03
   16 s   23    19.93263        11.70159        85.45844        8.365529        332.1726      -0.1442114E-02
   16 s   24    19.49575        11.93215        83.80721        10.10484        420.6878      -0.1932009E-02
   16 s   25    19.13775        12.19112        82.02693        10.47090        453.4297      -0.1867338E-02
   16 s   26    18.78741        12.43728        80.40343        9.113732        374.9328      -0.1248683E-02
   17 s    1    161.0659        6.035418        165.6886        14.45602        714.2890       0.2575307E-02
   17 s    2    101.0846        6.313026        158.4026        4.412438        252.8047      -0.3276646E-03
   17 s    3    73.02472        6.384846        156.6208        3.095280        213.5250      -0.1168879E-03
   17 s    4    61.70522        6.936604        144.1628        27.48563        87.44092      -0.3147068E-05
   17 s    5    54.21354        7.448743        134.2508        3.801761        293.8357       0.1318706E-03
   17 s    6    46.20264        7.502269        133.2930        1.710462        239.7020       0.5855534E-05
   17 s    7    40.28472        7.547691        132.4908        1.993574        236.6612      -0.1883922E-04
   17 s    8    36.95688        7.847418        127.4305        22.56650        94.79277       0.6488612E-03
   17 s    9    35.50678        8.426504        118.6732        23.13749        89.72036       0.1150206E-02
   17 s   10    33.08116        8.677258        115.2438        3.397528        224.0796      -0.2093523E-03
   17 s   11    30.65262        8.805987        113.5591        8.453694        336.9017      -0.6646774E-03
   17 s   12    29.07790        9.079994        110.1322        11.98102        593.1799      -0.1015945E-02
   17 s   13    27.78012        9.368724        106.7381        10.93320        511.5326      -0.1066533E-02
   17 s   14    26.53360        9.611181        104.0455        8.422435        363.2554      -0.8832891E-03
   17 s   15    25.87907        10.02058        99.79461        21.04990        86.49920       0.4779051E-02
   17 s   16    25.59179        10.54866        94.79881        20.92752        86.42377       0.4711537E-02
   17 s   17    24.94521        10.90530        91.69850        10.93125        500.7605      -0.1350095E-02
   17 s   18    24.06943        11.12372        89.89799        6.790014        299.6843      -0.4881064E-03
   17 s   19    23.16982        11.28678        88.59927        6.964980        286.9726      -0.1391127E-03
   17 s   20    22.44486        11.49432        86.99951        9.795794        362.3537      -0.3895419E-04
   17 s   21    21.90582        11.76550        84.99424        11.51216        452.4286      -0.2103051E-04
   17 s   22    21.44492        12.05368        82.96223        11.27836        461.3120      -0.5215201E-04
   17 s   23    20.97733        12.31489        81.20249        9.339988        377.0964      -0.1955556E-03
   17 s   24    20.45201        12.51741        79.88872        7.160558        300.2013      -0.5023759E-03
   17 s   25    19.92168        12.69050        78.79910        7.076364        294.7422      -0.9390880E-03
   17 s   26    19.46024        12.88269        77.62354        8.580956        346.4517      -0.1546778E-02
   18 s    1    169.1555        6.338550        157.7648        1.386881        198.0712       0.4769235E-04
   18 s    2    103.4512        6.460825        154.7790        12.00308        434.4467      -0.1110870E-03
   18 s    3    78.00935        6.820673        146.6131        15.24510        850.5092      -0.1652372E-02
   18 s    4    64.03589        7.198607        138.9158        14.48652        1001.280      -0.7428211E-03
   18 s    5    55.19233        7.583225        131.8700        17.20240        155.7346       0.7130757E-04
   18 s    6    48.83595        7.929860        126.1056        13.30080        689.2513       0.7010100E-03
   18 s    7    44.04831        8.252832        121.1705        12.16594        653.2979       0.1682760E-03
   18 s    8    40.02156        8.498170        117.6724        6.352813        305.3354      -0.3860086E-03
   18 s    9    36.24422        8.601515        116.2586        3.078105        223.9466      -0.2320332E-03
   18 s   10    34.33943        9.007307        111.0210        22.99467        89.07522       0.1395836E-02
   18 s   11    33.20592        9.539507        104.8272        9.846737        344.5885      -0.7496334E-03
   18 s   12    31.16475        9.731642        102.7576        6.419210        286.8340      -0.5166219E-03
   18 s   13    29.31391        9.885987        101.1533        6.459491        281.5200      -0.5157996E-03
   18 s   14    27.81783        10.07636        99.24215        8.787610        353.4969      -0.8848652E-03
   18 s   15    26.66593        10.32526        96.84989        11.04579        482.1886      -0.1306075E-02
   18 s   16    25.75031        10.61400        94.21520        11.96937        575.8247      -0.1507180E-02
   18 s   17    25.33056        11.07377        90.30350        20.81668        86.36134       0.4644040E-02
   18 s   18    24.52369        11.33366        88.23277        11.37110        439.4724      -0.1044601E-02
   18 s   19    23.89144        11.63830        85.92323        12.53706        525.3780      -0.1273501E-02
   18 s   20    23.31186        11.93832        83.76387        11.23475        437.2114      -0.1101109E-02
   18 s   21    22.68714        12.18515        82.06713        8.557572        323.0978      -0.7410502E-03
   18 s   22    22.01864        12.37615        80.80059        7.174635        280.0092      -0.4756334E-03
   18 s   23    21.40366        12.56517        79.58505        8.404131        306.6546      -0.3096526E-03
   18 s   24    20.92056        12.80418        78.09948        10.56395        393.5196      -0.1525788E-03
   18 s   25    20.53332        13.08013        76.45187        11.32025        455.3507      -0.7997925E-04
   18 s   26    20.18658        13.36353        74.83052        11.27226        473.5857      -0.6537247E-04
   19 s    1    170.7596        6.398659        156.2827        25.07275        87.62909      -0.1095033E-04
   19 s    2    112.3891        7.019024        142.4700        24.56886        92.47777       0.4592556E-05
   19 s    3    85.08198        7.439062        134.4256        1.470083        234.4476       0.3327440E-04
   19 s    4    66.45401        7.470441        133.8609        1.657914        226.0009      -0.1030619E-03
   19 s    5    55.63729        7.644361        130.8154        20.76132        144.3577       0.1850942E-03
   19 s    6    50.93074        8.270006        120.9189        25.09158        91.02746       0.7865466E-05
   19 s    7    45.83006        8.586658        116.4597        2.953599        220.6267       0.8501103E-04
   19 s    8    41.06368        8.719456        114.6861        8.719434        360.4251      -0.2217003E-03
   19 s    9    37.88875        8.991796        111.2125        11.85756        592.6645      -0.1039510E-02
   19 s   10    35.39641        9.284553        107.7058        11.29384        547.5281      -0.1242789E-02
   19 s   11    33.36663        9.585677        104.3223        22.03279        91.42984       0.1434704E-02
   19 s   12    32.22202        10.06179        99.38589        9.628304        456.4176      -0.4646393E-03
   19 s   13    30.61318        10.32416        96.86018        11.11560        592.5525      -0.4939038E-03
   19 s   14    29.27235        10.60323        94.31090        10.91237        556.0958      -0.4412689E-03
   19 s   15    27.98502        10.83602        92.28479        7.115921        323.5964      -0.1422357E-03
   19 s   16    26.63129        10.97713        91.09852        4.934171        253.1203      -0.2555106E-06
   19 s   17    25.41526        11.11079        90.00256        6.399503        270.1481      -0.2070139E-03
   19 s   18    25.09172        11.59617        86.23534        20.71466        86.31105       0.4578005E-02
   19 s   19    24.87223        12.11607        82.53500        20.61958        86.26967       0.4514128E-02
   19 s   20    24.35020        12.47007        80.19200        7.366343        283.9215      -0.6926651E-03
   19 s   21    23.63062        12.69188        78.79051        10.42138        374.1511      -0.1033757E-02
   19 s   22    23.07842        12.97182        77.09016        11.48515        443.4970      -0.1221423E-02
   19 s   23    22.53548        13.22962        75.58798        8.718363        349.5520      -0.9251770E-03
   19 s   24    21.90702        13.40794        74.58269        6.010720        276.6426      -0.5285343E-03
   19 s   25    21.26334        13.54516        73.82711        5.209364        256.6992      -0.4139330E-03
   19 s   26    20.65609        13.67434        73.12965        5.266559        254.8469      -0.4467979E-03
   20 s    1    184.1345        6.899840        144.9309        16.83772        898.2325       0.4084102E-04
   20 s    2    117.0203        7.308258        136.8315        14.70927        471.2639       0.9051289E-03
   20 s    3    87.24614        7.628283        131.0911        21.37298        151.1503       0.4534714E-03
   20 s    4    71.86120        8.078291        123.7886        15.99595        744.2482      -0.1913103E-03
   20 s    5    61.33089        8.426641        118.6712        9.633510        392.5226      -0.8311797E-03
   20 s    6    52.54297        8.531797        117.2086        2.124077        212.1695      -0.2619533E-04
   20 s    7    47.44783        8.889762        112.4889        23.98720        93.22340       0.4860650E-04
   20 s    8    44.22595        9.390930        106.4857        12.97451        421.0206       0.4196416E-03
   20 s    9    40.69995        9.658951        103.5309        4.625333        246.9293       0.5181559E-04
   20 s   10    37.14365        9.742860        102.6393        3.628192        237.6895      -0.8463497E-04
   20 s   11    34.32177        9.860072        101.4191        6.094301        297.2174      -0.2689833E-03
   20 s   12    32.51611        10.15363        98.48699        22.51693        88.15082       0.1770844E-02
   20 s   13    31.77854        10.71717        93.30819        22.17128        88.35533       0.1924706E-02
   20 s   14    30.00900        10.87006        91.99580        5.258861        268.7230      -0.3666911E-03
   20 s   15    28.52839        11.04642        90.52707        9.605375        408.8925      -0.7721369E-03
   20 s   16    27.49328        11.33243        88.24234        12.71351        668.4586      -0.1137029E-02
   20 s   17    26.67339        11.66081        85.75733        13.54091        785.7854      -0.1342513E-02
   20 s   18    25.96665        12.00052        83.32969        13.68173        799.3118      -0.1468926E-02
   20 s   19    25.26291        12.30638        81.25863        7.549989        309.6594      -0.1077216E-02
   20 s   20    24.66957        12.63362        79.15385        20.53022        86.23498       0.4452703E-02
   20 s   21    24.19030        12.99248        76.96758        11.54287        500.4755      -0.4569188E-03
   20 s   22    23.58327        13.25559        75.43986        9.729965        372.3201      -0.2139408E-04
   20 s   23    23.00988        13.50811        74.02957        11.07964        397.9160      -0.2266961E-03
   20 s   24    22.56336        13.80964        72.41318        12.67022        491.1593      -0.6262326E-03
   20 s   25    22.16548        14.11984        70.82232        11.86623        472.8422      -0.7250172E-03
   20 s   26    21.73253        14.38695        69.50746        9.393307        373.9629      -0.6433681E-03
