    0 s    2    4.925955       0.3076401        3250.552        6.333450        487.4379      -0.1281053E-02
    0 s    3    5.318710       0.4650363        2150.370        6.713757        392.5011      -0.9618264E-02
    0 s    4    5.719617       0.6429719        1555.278        7.547339        351.4519      -0.1021311E-01
    0 s    5    6.087091       0.8363441        1195.680        7.929222        335.6790      -0.9113257E-02
    0 s    6    6.370982        1.034504        966.6466        7.929984        328.2562      -0.7566696E-02
    0 s    7    6.558371        1.228768        813.8235        7.607415        323.5206      -0.5759155E-02
    0 s    8    6.647651        1.411561        708.4355        7.010820        319.9023      -0.3828137E-02
    0 s    9    6.647843        1.577673        633.8451        6.294770        317.0989      -0.2141612E-02
    0 s   10    6.583319        1.726819        579.0996        5.672225        314.3786      -0.1027878E-02
    0 s   11    6.483888        1.862713        536.8515        5.229505        310.6344      -0.4489969E-03
    0 s   12    6.371099        1.989468        502.6471        4.927924        305.2752      -0.1875685E-03
    0 s   13    6.256041        2.109822        473.9735        4.707917        298.2925      -0.7685798E-04
    0 s   14    6.143322        2.225276        449.3825        4.530660        289.9639      -0.3119911E-04
    0 s   15    6.034534        2.336619        427.9688        4.376737        280.6717      -0.1258778E-04
    0 s   16    5.930084        2.444316        409.1124        4.237828        270.8176      -0.5052971E-05
    0 s   17    5.829986        2.548696        392.3574        4.110910        260.7727      -0.2018767E-05
    0 s   18    5.734155        2.650048        377.3517        3.995158        250.8459      -0.8029245E-06
    0 s   19    5.642502        2.748647        363.8154        3.890455        241.2693      -0.3178912E-06
    0 s   20    5.554956        2.844769        351.5224        3.796760        232.1991      -0.1251898E-06
    0 s   21    5.471452        2.938689        340.2878        3.713871        223.7252      -0.4907655E-07
    0 s   22    5.391923        3.030671        329.9600        3.641389        215.8864      -0.1915788E-07
    0 s   23    5.316294        3.120968        320.4134        3.578747        208.6839      -0.7549908E-08
    0 s   24    5.244475        3.209819        311.5440        3.525262        202.0950      -0.3065326E-08
    0 s   25    5.176362        3.297444        303.2652        3.480188        196.0821      -0.1224371E-08
    0 s   26    5.111840        3.384041        295.5047        3.442754        190.6000      -0.4910020E-09
    1 s    2    10.80993       0.6751111        1481.238        10.75620        304.0512       0.6804562E-03
    1 s    3    10.66149       0.9321769        1072.758        9.802726        271.1329      -0.1068864E-03
    1 s    4    10.36548        1.165237        858.1943        8.840149        252.0997      -0.1878178E-03
    1 s    5    9.994556        1.373216        728.2178        7.735385        251.5124      -0.5851208E-03
    1 s    6    9.526868        1.546949        646.4337        6.162580        301.4459      -0.2481580E-02
    1 s    7    9.021673        1.690289        591.6150        5.644983        359.5498      -0.5316885E-02
    1 s    8    8.648439        1.836408        544.5413        6.223161        373.3217      -0.7590766E-02
    1 s    9    8.432325        2.001168        499.7082        7.054801        367.0742      -0.9204556E-02
    1 s   10    8.331181        2.185287        457.6059        7.727266        347.4241      -0.9880585E-02
    1 s   11    8.291556        2.382025        419.8108        8.030841        307.7082      -0.9321023E-02
    1 s   12    8.261582        2.579798        387.6272        7.737609        237.8370      -0.6727809E-02
    1 s   13    8.191085        2.762407        362.0031        6.883380        176.3746      -0.2782300E-02
    1 s   14    8.079421        2.926583        341.6955        6.324030        154.0094      -0.8749896E-03
    1 s   15    7.957933        3.081375        324.5305        6.076088        146.4553      -0.3051436E-03
    1 s   16    7.840317        3.231693        309.4353        5.943711        142.9622      -0.1203568E-03
    1 s   17    7.730094        3.379367        295.9134        5.857204        140.9599      -0.5143168E-04
    1 s   18    7.627767        3.525183        283.6732        5.792131        139.6911      -0.2307008E-04
    1 s   19    7.532910        3.669526        272.5148        5.738003        138.8558      -0.1065320E-04
    1 s   20    7.444819        3.812594        262.2886        5.689524        138.3001      -0.5004628E-05
    1 s   21    7.362737        3.954488        252.8772        5.643764        137.9291      -0.2374191E-05
    1 s   22    7.285941        4.095253        244.1852        5.599053        137.6770      -0.1132047E-05
    1 s   23    7.213780        4.234901        236.1330        5.554458        137.4950      -0.5408607E-06
    1 s   24    7.145679        4.373429        228.6535        5.509494        137.3461      -0.2584066E-06
    1 s   25    7.081140        4.510824        221.6890        5.463953        137.2016      -0.1232929E-06
    1 s   26    7.019738        4.647071        215.1893        5.417802        137.0394      -0.5870298E-07
    2 s    1    10.76549       0.4034014        2478.920        12.61194        401.2223      -0.3592916E-03
    2 s    2    15.33063       0.9574424        1044.449        20.24250        95.62337       0.7687280E-01
    2 s    3    14.34893        1.254585        797.0764        6.220382        422.8770       0.8804541E-03
    2 s    4    12.36730        1.390272        719.2836        4.980007        392.0060      -0.1529010E-02
    2 s    5    10.99859        1.511166        661.7408        4.992409        332.1064      -0.2593037E-02
    2 s    6    10.15677        1.649231        606.3433        6.248147        245.2474      -0.2409336E-02
    2 s    7    9.697118        1.816839        550.4065        6.982571        201.0636      -0.1494315E-02
    2 s    8    9.380130        1.991775        502.0647        6.969431        185.1336      -0.1205612E-02
    2 s    9    9.119209        2.164180        462.0688        6.823314        176.8219      -0.1284385E-02
    2 s   10    8.895004        2.333179        428.5999        6.713954        173.1946      -0.1703675E-02
    2 s   11    8.705506        2.500946        399.8486        6.758158        177.2748      -0.2821264E-02
    2 s   12    8.563587        2.674104        373.9571        7.226864        204.5995      -0.5662492E-02
    2 s   13    8.496563        2.865428        348.9880        8.153297        278.8605      -0.9699009E-02
    2 s   14    8.492539        3.076225        325.0738        8.728483        345.6801      -0.1164136E-01
    2 s   15    8.513193        3.296376        303.3635        8.961079        375.8657      -0.1223836E-01
    2 s   16    8.540700        3.520383        284.0600        9.060324        388.6424      -0.1244906E-01
    2 s   17    8.568887        3.746062        266.9470        9.102098        394.5175      -0.1253950E-01
    2 s   18    8.595386        3.972369        251.7389        9.112812        397.0094      -0.1257392E-01
    2 s   19    8.619155        4.198671        238.1706        9.101440        396.8615      -0.1255149E-01
    2 s   20    8.639516        4.424414        226.0186        9.064830        392.8306      -0.1241436E-01
    2 s   21    8.655248        4.648689        215.1144        8.968828        378.9050      -0.1192716E-01
    2 s   22    8.661016        4.868150        205.4169        8.585195        328.2324      -0.9810742E-02
    2 s   23    8.630497        5.066595        197.3712        7.235103        227.7228      -0.3096450E-02
    2 s   24    8.557367        5.237436        190.9331        6.603407        200.2872      -0.5031547E-03
    2 s   25    8.477905        5.400590        185.1649        6.465044        193.9638      -0.1218382E-03
    2 s   26    8.401136        5.561557        179.8058        6.405510        190.2695      -0.3843784E-04
    3 s    1    24.95146       0.9349744        1069.548        6.672777        794.8492      -0.2578147E-02
    3 s    2    17.81547        1.112628        898.7732        7.624464        338.3291       0.2198420E-02
    3 s    3    16.66381        1.456984        686.3492        17.60829        89.88963       0.6610311E-01
    3 s    4    16.86106        1.895439        527.5821        17.07792        89.73753       0.6338721E-01
    3 s    5    16.91219        2.323674        430.3530        16.77701        90.14638       0.6023081E-01
    3 s    6    15.75837        2.558805        390.8074        5.862833        256.9519      -0.5752829E-03
    3 s    7    14.42074        2.701850        370.1168        5.611881        254.3810      -0.6274426E-03
    3 s    8    13.37036        2.839059        352.2293        5.412542        251.5208      -0.7061533E-03
    3 s    9    12.52665        2.972837        336.3790        5.335573        248.8460      -0.7767324E-03
    3 s   10    11.84218        3.106228        321.9339        5.371360        246.1972      -0.8214105E-03
    3 s   11    11.28360        3.241589        308.4907        5.482009        243.3723      -0.8382472E-03
    3 s   12    10.82513        3.380303        295.8315        5.630244        240.2848      -0.8321084E-03
    3 s   13    10.44620        3.522933        283.8544        5.788412        236.9537      -0.8100868E-03
    3 s   14    10.13035        3.669484        272.5179        5.938921        233.4555      -0.7796545E-03
    3 s   15    9.864528        3.819623        261.8059        6.072188        229.8849      -0.7481116E-03
    3 s   16    9.638433        3.972857        251.7080        6.184311        226.3367      -0.7228221E-03
    3 s   17    9.444017        4.128643        242.2103        6.275218        222.9052      -0.7123584E-03
    3 s   18    9.275043        4.286474        233.2920        6.347542        219.7070      -0.7294921E-03
    3 s   19    9.126755        4.445939        224.9243        6.406772        216.9492      -0.7995229E-03
    3 s   20    8.995713        4.606828        217.0691        6.464959        215.1666      -0.9887498E-03
    3 s   21    8.880132        4.769473        209.6668        6.562424        216.3810      -0.1536556E-02
    3 s   22    8.783118        4.936780        202.5612        6.931780        233.4128      -0.3728980E-02
    3 s   23    8.729315        5.124607        195.1369        8.256074        332.0891      -0.1050382E-01
    3 s   24    8.723770        5.339282        187.2911        8.853646        402.8528      -0.1314202E-01
    3 s   25    8.729221        5.560684        179.8340        8.950284        417.7074      -0.1358772E-01
    3 s   26    8.735876        5.783156        172.9160        8.962471        421.9904      -0.1373924E-01
    4 s    1    36.78236        1.378299        725.5321        11.32732        331.3724      -0.3607640E-03
    4 s    2    26.89481        1.679659        595.3590        12.48915        396.3233      -0.4566893E-03
    4 s    3    22.83173        1.996271        500.9341        12.72587        401.0569      -0.3496429E-03
    4 s    4    20.12209        2.262029        442.0810        6.407836        245.4686      -0.8563711E-03
    4 s    5    17.55010        2.411320        414.7106        5.980817        254.8480      -0.4770048E-03
    4 s    6    16.92363        2.748018        363.8987        16.67823        90.06149       0.5785673E-01
    4 s    7    16.91962        3.170037        315.4538        16.61870        90.21707       0.5566790E-01
    4 s    8    16.63233        3.531706        283.1493        10.24948        501.3897      -0.8611161E-04
    4 s    9    15.84814        3.761097        265.8799        8.031750        394.7803      -0.2833957E-03
    4 s   10    15.02742        3.941723        253.6961        6.681134        318.5419      -0.4203293E-03
    4 s   11    14.27813        4.101869        243.7913        6.222349        290.8339      -0.4628030E-03
    4 s   12    13.62434        4.254397        235.0509        6.022700        277.1840      -0.4749122E-03
    4 s   13    13.05727        4.403508        227.0917        5.934343        268.6863      -0.4718458E-03
    4 s   14    12.56495        4.551363        219.7144        5.913946        262.7237      -0.4572715E-03
    4 s   15    12.13648        4.699341        212.7958        5.937685        258.2355      -0.4332211E-03
    4 s   16    11.76235        4.848311        206.2574        5.987970        254.6811      -0.4017335E-03
    4 s   17    11.43435        4.998757        200.0497        6.051428        251.7473      -0.3649975E-03
    4 s   18    11.14543        5.150874        194.1418        6.118331        249.2408      -0.3252276E-03
    4 s   19    10.88955        5.304655        188.5137        6.182056        247.0387      -0.2845061E-03
    4 s   20    10.66162        5.459963        183.1514        6.238500        245.0621      -0.2446472E-03
    4 s   21    10.45734        5.616581        178.0442        6.285517        243.2602      -0.2070997E-03
    4 s   22    10.27310        5.774261        173.1823        6.322406        241.5992      -0.1728987E-03
    4 s   23    10.10591        5.932748        168.5559        6.349469        240.0562      -0.1426659E-03
    4 s   24    9.953309        6.091807        164.1549        6.367636        238.6140      -0.1166532E-03
    4 s   25    9.813243        6.251227        159.9686        6.378171        237.2583      -0.9481460E-04
    4 s   26    9.684032        6.410835        155.9859        6.382439        235.9758      -0.7689266E-04
    5 s    1    49.29030        1.846993        541.4206        30.48975        108.8786      -0.1080656E-03
    5 s    2    33.09024        2.066581        483.8910        2.893833        291.8032      -0.6896924E-03
    5 s    3    24.64517        2.154827        464.0744        4.392457        294.2266      -0.7599630E-03
    5 s    4    20.77251        2.335146        428.2388        12.01876        579.5352      -0.3731360E-05
    5 s    5    19.29426        2.650961        377.2217        12.68113        531.6207      -0.9692746E-05
    5 s    6    18.24414        2.962438        337.5598        12.19228        522.6704      -0.1039324E-04
    5 s    7    17.39223        3.258586        306.8816        11.46342        521.1442      -0.2239524E-04
    5 s    8    16.91049        3.590771        278.4917        16.56741        90.36995       0.5377641E-01
    5 s    9    16.45279        3.904593        256.1086        9.123839        302.9876      -0.2590676E-03
    5 s   10    15.81195        4.147509        241.1086        10.07222        361.5901      -0.1025355E-03
    5 s   11    15.31900        4.400892        227.2267        10.13334        393.8505      -0.5456065E-04
    5 s   12    14.89823        4.652189        214.9526        9.949008        409.8544      -0.4051584E-04
    5 s   13    14.52125        4.897228        204.1972        9.633927        416.6025      -0.4146630E-04
    5 s   14    14.16899        5.132386        194.8412        9.143969        412.5432      -0.5717451E-04
    5 s   15    13.82214        5.352043        186.8445        8.382403        389.0081      -0.9536486E-04
    5 s   16    13.46433        5.549850        180.1850        7.449914        346.7515      -0.1529094E-03
    5 s   17    13.09915        5.726559        174.6249        6.755090        309.9189      -0.1992914E-03
    5 s   18    12.74591        5.890539        169.7638        6.414790        288.3351      -0.2195915E-03
    5 s   19    12.41751        6.048972        165.3173        6.285739        276.5348      -0.2212431E-03
    5 s   20    12.11765        6.205617        161.1443        6.257783        269.7508      -0.2120925E-03
    5 s   21    11.84567        6.362246        157.1772        6.277384        265.5835      -0.1966449E-03
    5 s   22    11.59930        6.519690        153.3815        6.318903        262.8504      -0.1775746E-03
    5 s   23    11.37592        6.678313        149.7384        6.369042        260.9203      -0.1567053E-03
    5 s   24    11.17287        6.838225        146.2368        6.420314        259.4245      -0.1353997E-03
    5 s   25    10.98772        6.999393        142.8695        6.468242        258.1301      -0.1146948E-03
    5 s   26    10.81826        7.161695        139.6317        6.510056        256.8809      -0.9534767E-04
    6 s    1    52.57319        1.970009        507.6120        7.817434        414.7642      -0.8164114E-03
    6 s    2    39.53954        2.469358        404.9635        13.17089        407.4808      -0.1071782E-02
    6 s    3    31.85872        2.785537        358.9972        11.90672        440.6019      -0.1595668E-02
    6 s    4    27.10718        3.047259        328.1638        8.815944        340.5020      -0.1757333E-02
    6 s    5    23.50935        3.230099        309.5880        6.292312        279.0585      -0.1284076E-02
    6 s    6    20.81422        3.379761        295.8789        5.942785        265.7712      -0.9046020E-03
    6 s    7    18.85335        3.532339        283.0985        6.359996        262.4992      -0.6829020E-03
    6 s    8    17.42848        3.700761        270.2147        7.274554        264.6695      -0.5067841E-03
    6 s    9    16.89800        4.010250        249.3610        16.51534        90.50964       0.5216514E-01
    6 s   10    16.88275        4.428380        225.8162        16.46025        90.64217       0.5079326E-01
    6 s   11    16.86520        4.845089        206.3946        16.40334        90.76429       0.4962576E-01
    6 s   12    16.31019        5.093091        196.3444        5.999967        251.0301      -0.3900755E-03
    6 s   13    15.55187        5.244801        190.6650        6.169494        247.0010      -0.3475446E-03
    6 s   14    14.91458        5.402462        185.1008        6.490651        245.9958      -0.3069386E-03
    6 s   15    14.38851        5.571346        179.4898        7.077348        252.1953      -0.2525624E-03
    6 s   16    13.96878        5.757780        173.6781        7.837854        270.1167      -0.1825686E-03
    6 s   17    13.63568        5.961112        167.7539        8.365774        293.0231      -0.1243969E-03
    6 s   18    13.35723        6.173063        161.9941        8.541563        309.6661      -0.9130369E-04
    6 s   19    13.11030        6.386452        156.5815        8.504067        317.7748      -0.7516159E-04
    6 s   20    12.88272        6.597418        151.5744        8.359644        319.2940      -0.6804241E-04
    6 s   21    12.66819        6.804018        146.9720        8.160464        316.2069      -0.6567352E-04
    6 s   22    12.46319        7.005261        142.7499        7.934545        309.9949      -0.6567141E-04
    6 s   23    12.26582        7.200735        138.8747        7.701377        301.8531      -0.6640680E-04
    6 s   24    12.07516        7.390461        135.3096        7.476661        292.8142      -0.6662231E-04
    6 s   25    11.89102        7.574808        132.0165        7.272050        283.7227      -0.6544299E-04
    6 s   26    11.71354        7.754372        128.9595        7.094001        275.1691      -0.6247907E-04
    7 s    1    58.04424        2.175018        459.7663        7.993224        242.9630      -0.7803342E-03
    7 s    2    42.37136        2.646214        377.8984        30.89601        99.73879       0.2218156E-04
    7 s    3    37.31271        3.262401        306.5227        4.657149        250.2687      -0.1438380E-03
    7 s    4    30.38579        3.415825        292.7551        8.185308        343.2365      -0.3948467E-03
    7 s    5    26.69247        3.667449        272.6691        11.50597        472.6604      -0.9532434E-03
    7 s    6    24.43054        3.966970        252.0816        12.11507        506.8563      -0.1169335E-02
    7 s    7    22.70219        4.253451        235.1032        10.46737        427.2896      -0.1138751E-02
    7 s    8    21.08827        4.477880        223.3200        7.616478        325.4537      -0.9249616E-03
    7 s    9    19.58183        4.647180        215.1843        6.234855        281.8668      -0.6894674E-03
    7 s   10    18.28999        4.797503        208.4418        5.911227        265.3831      -0.5398918E-03
    7 s   11    17.21169        4.944630        202.2396        5.907328        256.8350      -0.4487897E-03
    7 s   12    16.84582        5.260351        190.1014        16.34666        90.87534       0.4862920E-01
    7 s   13    16.82511        5.674193        176.2365        16.29197        90.97499       0.4777394E-01
    7 s   14    16.80352        6.086686        164.2930        16.24052        91.06298       0.4703495E-01
    7 s   15    16.39654        6.348869        157.5084        6.071577        247.6167      -0.3748683E-03
    7 s   16    15.77149        6.500835        153.8264        6.103843        244.9770      -0.3270380E-03
    7 s   17    15.22043        6.653920        150.2874        6.158338        243.3981      -0.2912061E-03
    7 s   18    14.73265        6.808715        146.8706        6.238390        242.6686      -0.2634892E-03
    7 s   19    14.29977        6.965885        143.5568        6.345822        242.7035      -0.2406333E-03
    7 s   20    13.91507        7.126096        140.3293        6.478710        243.4637      -0.2201611E-03
    7 s   21    13.57286        7.289911        137.1759        6.630902        244.9125      -0.2004530E-03
    7 s   22    13.26812        7.457691        134.0898        6.792169        246.9702      -0.1807475E-03
    7 s   23    12.99617        7.629497        131.0702        6.949271        249.4689      -0.1610333E-03
    7 s   24    12.75255        7.805047        128.1222        7.088466        252.1388      -0.1418005E-03
    7 s   25    12.53297        7.983747        125.2545        7.198936        254.6535      -0.1236910E-03
    7 s   26    12.33352        8.164796        122.4770        7.275312        256.7202      -0.1071870E-03
    8 s    1    76.43955        2.864322        349.1227        13.66957        949.1753      -0.4583373E-02
    8 s    2    50.79133        3.172066        315.2520        5.760841        267.0997      -0.1493796E-02
    8 s    3    38.71121        3.384678        295.4491        26.82113        110.4904       0.6382404E-04
    8 s    4    34.20087        3.844697        260.0985        12.91563        750.6746      -0.1237287E-02
    8 s    5    30.18347        4.147099        241.1324        11.37396        737.1077      -0.1169572E-02
    8 s    6    27.10000        4.400431        227.2505        8.794414        446.6686      -0.7853196E-03
    8 s    7    24.59429        4.607954        217.0161        8.618967        359.5129      -0.1864610E-03
    8 s    8    22.86540        4.855235        205.9633        11.17119        424.7675      -0.1012889E-04
    8 s    9    21.71483        5.153385        194.0472        12.37930        504.4609      -0.1759123E-05
    8 s   10    20.82110        5.461420        183.1026        11.97489        540.5749      -0.5248409E-04
    8 s   11    19.90549        5.718516        174.8705        7.993954        355.0192      -0.5527360E-03
    8 s   12    18.86513        5.890909        169.7531        6.364250        276.7259      -0.6211017E-03
    8 s   13    17.92679        6.045730        165.4060        6.111869        259.4442      -0.5233543E-03
    8 s   14    17.10935        6.197465        161.3563        6.064087        251.8818      -0.4390098E-03
    8 s   15    16.78148        6.497923        153.8953        16.19306        91.13928       0.4639148E-01
    8 s   16    16.75934        6.908016        144.7594        16.14994        91.20410       0.4582657E-01
    8 s   17    16.73737        7.317080        136.6665        16.11122        91.25784       0.4532654E-01
    8 s   18    16.43200        7.594073        131.6816        6.473947        265.4417      -0.3040044E-03
    8 s   19    15.91733        7.753852        128.9682        6.345426        256.9936      -0.2792081E-03
    8 s   20    15.44916        7.911727        126.3947        6.300708        252.1785      -0.2520667E-03
    8 s   21    15.02321        8.068890        123.9328        6.282915        248.7379      -0.2280097E-03
    8 s   22    14.63479        8.225864        121.5678        6.283182        246.1348      -0.2074631E-03
    8 s   23    14.27987        8.383099        119.2876        6.302240        244.2475      -0.1897655E-03
    8 s   24    13.95514        8.541083        117.0812        6.341492        243.0569      -0.1741144E-03
    8 s   25    13.65785        8.700319        114.9383        6.400691        242.5507      -0.1598362E-03
    8 s   26    13.38561        8.861280        112.8505        6.477587        242.6936      -0.1464477E-03
    9 s    1    84.17681        3.154251        317.0325        1.177078        223.1117      -0.4963799E-05
    9 s    2    51.76453        3.232845        309.3251        10.20800        626.8302      -0.2344763E-02
    9 s    3    40.72892        3.561094        280.8125        14.48207        496.5690      -0.1801338E-02
    9 s    4    36.61143        4.115681        242.9731        26.62037        102.9039       0.6941544E-03
    9 s    5    32.49136        4.464194        224.0046        4.991932        251.8215      -0.4069831E-03
    9 s    6    28.51012        4.629402        216.0106        8.569432        333.2147      -0.1018678E-02
    9 s    7    26.03865        4.878566        204.9783        10.84071        458.6474      -0.1775901E-02
    9 s    8    24.24012        5.147143        194.2825        10.43768        443.7268      -0.1954954E-02
    9 s    9    22.70638        5.388701        185.5735        8.898710        354.2593      -0.1675282E-02
    9 s   10    21.32862        5.594543        178.7456        7.927539        292.7242      -0.1184889E-02
    9 s   11    20.26050        5.820503        171.8065        10.88081        358.7940      -0.3463632E-03
    9 s   12    19.57054        6.111185        163.6344        11.89471        457.2951      -0.6312466E-04
    9 s   13    18.99836        6.407115        156.0765        11.74045        483.1244      -0.2387759E-04
    9 s   14    18.48823        6.696931        149.3221        11.42713        486.5415      -0.1867264E-04
    9 s   15    18.01709        6.976359        143.3412        10.84905        468.0831      -0.3721589E-04
    9 s   16    17.53996        7.229780        138.3168        9.113064        380.7868      -0.1476264E-03
    9 s   17    16.98963        7.427359        134.6374        7.012686        289.2830      -0.2945676E-03
    9 s   18    16.71580        7.725232        129.4460        16.07674        91.30111       0.4488035E-01
    9 s   19    16.63898        8.105388        123.3747        10.22784        394.0645      -0.6137240E-04
    9 s   20    16.31752        8.356427        119.6684        9.829516        375.9493      -0.6354744E-04
    9 s   21    16.00349        8.595392        116.3414        9.263513        349.0035      -0.7607698E-04
    9 s   22    15.68905        8.818439        113.3988        8.569095        318.2981      -0.9614436E-04
    9 s   23    15.37129        9.023825        110.8178        7.879676        290.9248      -0.1172583E-03
    9 s   24    15.05420        9.213744        108.5335        7.349711        271.5404      -0.1317746E-03
    9 s   25    14.74515        9.392947        106.4629        7.017828        259.6218      -0.1375226E-03
    9 s   26    14.44990        9.565845        104.5386        6.834137        252.6094      -0.1366915E-03
   10 s    1    94.01206        3.522795        283.8655        22.87279        101.0800      -0.2335919E-03
   10 s    2    64.48271        4.027131        248.3157        14.20491        766.3801      -0.2579950E-02
   10 s    3    48.91113        4.276498        233.8362        5.043624        295.6730      -0.1551464E-02
   10 s    4    38.86008        4.368463        228.9134        3.541109        238.0756      -0.4507756E-03
   10 s    5    34.83638        4.786392        208.9256        26.07670        102.6225       0.1158917E-02
   10 s    6    32.84199        5.332801        187.5187        10.91551        351.3617      -0.1488843E-02
   10 s    7    29.57638        5.541392        180.4601        7.155191        288.8193      -0.1094071E-02
   10 s    8    26.94044        5.720529        174.8090        7.603895        278.7390      -0.1052130E-02
   10 s    9    24.99628        5.932141        168.5732        9.441367        318.8421      -0.1417115E-02
   10 s   10    23.58246        6.185731        161.6624        10.67064        366.8265      -0.1806442E-02
   10 s   11    22.44120        6.446983        155.1113        9.979568        355.6234      -0.1832162E-02
   10 s   12    21.36384        6.671166        149.8988        8.012404        302.3226      -0.1436009E-02
   10 s   13    20.31828        6.852250        145.9375        6.721970        270.2063      -0.1018170E-02
   10 s   14    19.36301        7.013801        142.5760        6.360356        258.2065      -0.7551060E-03
   10 s   15    18.52867        7.174449        139.3835        6.638726        257.7153      -0.5772492E-03
   10 s   16    17.84507        7.355543        135.9519        8.193723        288.7219      -0.3619084E-03
   10 s   17    17.35759        7.588224        131.7831        10.11661        368.1140      -0.1400411E-03
   10 s   18    16.97878        7.846766        127.4410        10.42265        397.5846      -0.7568124E-04
   10 s   19    16.69480        8.132579        122.9622        16.04620        91.33463       0.4447915E-01
   10 s   20    16.67447        8.539224        117.1067        16.01923        91.35922       0.4411583E-01
   10 s   21    16.65490        8.945258        111.7911        15.99543        91.37572       0.4378468E-01
   10 s   22    16.26812        9.143923        109.3623        7.546289        279.5478      -0.2139113E-03
   10 s   23    15.90765        9.338703        107.0813        8.021233        295.1925      -0.1619871E-03
   10 s   24    15.59257        9.543247        104.7861        8.308101        306.8362      -0.1248844E-03
   10 s   25    15.30904        9.752156        102.5414        8.374541        310.7991      -0.1024505E-03
   10 s   26    15.04619        9.960586        100.3957        8.281666        308.0185      -0.9071778E-04
   11 s    1    98.84288        3.703814        269.9920        15.28323        411.5770      -0.9347819E-03
   11 s    2    66.92517        4.179670        239.2533        25.09905        88.80531      -0.8882439E-04
   11 s    3    51.07510        4.465703        223.9289        10.97077        453.7106      -0.2696071E-02
   11 s    4    42.47860        4.775240        209.4135        12.73639        653.6983      -0.3405261E-02
   11 s    5    37.00283        5.084054        196.6934        11.90850        529.1843      -0.2526235E-02
   11 s    6    33.58477        5.453412        183.3714        23.86572        103.9946       0.1433945E-02
   11 s    7    31.30109        5.864531        170.5166        10.62147        449.9563      -0.8559188E-03
   11 s    8    28.94819        6.146854        162.6848        11.75858        604.6053      -0.9378896E-03
   11 s    9    27.14405        6.441854        155.2348        11.62962        625.7238      -0.6562742E-03
   11 s   10    25.53968        6.699111        149.2735        8.349916        366.6496      -0.3446482E-05
   11 s   11    24.00759        6.896979        144.9910        8.404828        317.6170      -0.3892531E-03
   11 s   12    22.85227        7.135952        140.1355        10.71078        382.0456      -0.1053398E-02
   11 s   13    21.99906        7.419085        134.7875        11.68559        437.2758      -0.1549985E-02
   11 s   14    21.26328        7.702127        129.8343        10.77468        410.4855      -0.1658007E-02
   11 s   15    20.52195        7.946261        125.8454        8.793123        338.2672      -0.1389981E-02
   11 s   16    19.75726        8.143725        122.7939        7.218186        289.1184      -0.1011993E-02
   11 s   17    19.01576        8.313124        120.2917        6.494438        266.6459      -0.7341678E-03
   11 s   18    18.33135        8.471858        118.0379        6.294832        257.5111      -0.5559529E-03
   11 s   19    17.71487        8.629492        115.8817        6.372142        255.2823      -0.4363000E-03
   11 s   20    17.16704        8.791474        113.7466        6.629092        258.1011      -0.3481682E-03
   11 s   21    16.68579        8.961854        111.5841        7.036412        266.1516      -0.2763543E-03
   11 s   22    16.63612        9.350766        106.9431        15.97441        91.38496       0.4348104E-01
   11 s   23    16.61817        9.755818        102.5029        15.95576        91.38774       0.4320115E-01
   11 s   24    16.59553        10.15710        98.45329        6.628407        252.6172      -0.2402824E-03
   11 s   25    16.20759        10.32455        96.85649        6.779744        256.4729      -0.2090719E-03
   11 s   26    15.85515        10.49612        95.27330        6.952295        261.5708      -0.1833842E-03
   12 s    1    114.0860        4.275002        233.9180       0.9213351        224.3095      -0.9888105E-04
   12 s    2    69.05768        4.312852        231.8652        2.504124        231.4193      -0.1334681E-03
   12 s    3    55.28465        4.833761        206.8783        26.15908        87.55514      -0.1948764E-04
   12 s    4    48.14069        5.411745        184.7833        4.309562        202.2761      -0.3760129E-03
   12 s    5    40.04664        5.502263        181.7434        4.236341        224.9130      -0.2031111E-03
   12 s    6    34.74669        5.642081        177.2396        7.360857        286.4187      -0.4788667E-03
   12 s    7    32.45263        6.080282        164.4661        24.69149        99.32119       0.2004598E-02
   12 s    8    30.65310        6.508875        153.6364        4.782267        248.7331      -0.6529672E-03
   12 s    9    27.94689        6.632384        150.7753        5.495917        245.1917      -0.8243820E-03
   12 s   10    25.98884        6.816927        146.6937        10.03916        360.3299      -0.1423559E-02
   12 s   11    24.72540        7.103193        140.7817        12.16059        525.0204      -0.1185387E-02
   12 s   12    23.72726        7.409180        134.9677        12.27573        546.4387      -0.9176558E-03
   12 s   13    22.87031        7.712910        129.6527        12.03504        521.1757      -0.6662949E-03
   12 s   14    22.11016        8.008893        124.8612        11.67536        482.1459      -0.3946983E-03
   12 s   15    21.42672        8.296595        120.5314        11.37129        453.3702      -0.1883551E-03
   12 s   16    20.80687        8.576365        116.5995        10.98214        432.3569      -0.1361562E-03
   12 s   17    20.22789        8.843030        113.0834        10.30853        398.9382      -0.1900609E-03
   12 s   18    19.66576        9.088560        110.0284        9.285826        349.4325      -0.3063969E-03
   12 s   19    19.10157        9.304994        107.4692        8.052143        300.0152      -0.4092837E-03
   12 s   20    18.53776        9.493439        105.3359        7.125071        269.7951      -0.4228947E-03
   12 s   21    17.99462        9.664817        103.4681        6.668237        256.1558      -0.3802741E-03
   12 s   22    17.48696        9.829003        101.7397        6.516763        251.1541      -0.3275309E-03
   12 s   23    17.01998        9.991702        100.0831        6.529319        250.5706      -0.2805836E-03
   12 s   24    16.60109        10.16050        98.42034        14.49933        101.4170       0.3615816E-01
   12 s   25    16.58478        10.56483        94.65371        15.92416        91.37611       0.4270051E-01
   12 s   26    16.56926        10.96886        91.16715        15.91060        91.36372       0.4247531E-01
   13 s    1    120.8431        4.528200        220.8383        14.58711        786.5569      -0.4339490E-02
   13 s    2    77.95803        4.868704        205.3935        13.18063        896.2518      -0.2052976E-02
   13 s    3    59.49263        5.201681        192.2455        13.46746        830.9972      -0.2293986E-02
   13 s    4    48.65399        5.469448        182.8338        21.20157        114.1195      -0.4843678E-03
   13 s    5    42.71030        5.868239        170.4089        13.39767        708.7369      -0.3238606E-02
   13 s    6    38.02072        6.173710        161.9772        10.68951        579.8676      -0.2359970E-02
   13 s    7    34.05966        6.381372        156.7061        6.167700        305.6199      -0.1028089E-02
   13 s    8    31.53356        6.695830        149.3467        24.11065        98.03743       0.2285257E-02
   13 s    9    30.73143        7.293214        137.1138        22.93979        103.6453       0.2189633E-02
   13 s   10    29.02193        7.612515        131.3626        9.562369        380.9663      -0.1728027E-02
   13 s   11    27.16753        7.804778        128.1266        6.224306        274.2061      -0.1061905E-02
   13 s   12    25.45168        7.947655        125.8233        5.576041        254.2470      -0.7495438E-03
   13 s   13    24.00118        8.094291        123.5439        6.345936        262.6687      -0.7783727E-03
   13 s   14    22.83571        8.271706        120.8940        8.014959        295.5482      -0.1098369E-02
   13 s   15    21.94109        8.495763        117.7057        9.910785        354.3241      -0.1597532E-02
   13 s   16    21.24303        8.756145        114.2055        10.79956        396.8383      -0.1879802E-02
   13 s   17    20.63824        9.022425        110.8349        10.45971        386.8415      -0.1703727E-02
   13 s   18    20.06674        9.273869        107.8299        9.795035        364.4211      -0.1176529E-02
   13 s   19    19.53417        9.515728        105.0892        9.705803        368.8853      -0.6590691E-03
   13 s   20    19.05927        9.760514        102.4536        9.904611        383.9848      -0.3631904E-03
   13 s   21    18.64358        10.01337        99.86645        9.991745        390.1292      -0.2299137E-03
   13 s   22    18.25811        10.26244        97.44267        9.917403        384.1566      -0.1810596E-03
   13 s   23    17.89857        10.50748        95.17028        9.660693        367.5833      -0.1691097E-03
   13 s   24    17.55345        10.74338        93.08056        9.179744        341.9755      -0.1772981E-03
   13 s   25    17.21231        10.96457        91.20282        8.501096        312.8935      -0.1923773E-03
   13 s   26    16.87033        11.16817        89.54021        7.811832        289.0057      -0.1997630E-03
   14 s    1    136.7015        5.122441        195.2194        24.96116        97.44905      -0.3562183E-03
   14 s    2    85.28469        5.326276        187.7485        1.285840        201.7232      -0.2701669E-05
   14 s    3    61.39299        5.367838        186.2948        2.186379        211.3060      -0.3068131E-04
   14 s    4    49.59942        5.575728        179.3488        16.83493        287.4517      -0.2529255E-02
   14 s    5    44.77927        6.152508        162.5353        25.17278        92.29563      -0.5359924E-04
   14 s    6    40.12594        6.515550        153.4790        6.330352        235.9581      -0.1256198E-02
   14 s    7    35.92932        6.731670        148.5516        10.89083        370.8537      -0.1962747E-02
   14 s    8    33.10625        7.029776        142.2520        12.50951        506.7706      -0.1993709E-02
   14 s    9    30.93466        7.341443        136.2130        12.76374        383.9833      -0.1658286E-02
   14 s   10    30.05278        7.882910        126.8567        20.34101        109.3822       0.2113790E-02
   14 s   11    28.25399        8.116900        123.1997        10.69627        441.7108      -0.1146885E-02
   14 s   12    26.90531        8.401573        119.0253        11.78560        496.2913      -0.1460803E-02
   14 s   13    25.77774        8.693430        115.0294        11.38099        446.8426      -0.1460330E-02
   14 s   14    24.71998        8.954239        111.6789        9.211329        334.2188      -0.1272841E-02
   14 s   15    23.64084        9.153920        109.2428        7.181880        274.8106      -0.9986114E-03
   14 s   16    22.63893        9.331520        107.1637        7.347253        279.4833      -0.1008742E-02
   14 s   17    21.79825        9.529546        104.9368        8.674247        320.2768      -0.1336485E-02
   14 s   18    21.12830        9.764474        102.4121        10.13983        387.2906      -0.1812071E-02
   14 s   19    20.59246        10.03126        99.68840        10.67059        430.7173      -0.2077961E-02
   14 s   20    20.09226        10.28952        97.18623        9.947219        399.3190      -0.1894632E-02
   14 s   21    19.58886        10.52108        95.04729        8.678309        342.7514      -0.1397388E-02
   14 s   22    19.08084        10.72488        93.24113        7.798839        309.8409      -0.9196555E-03
   14 s   23    18.59291        10.91510        91.61618        7.555016        301.2761      -0.5937708E-03
   14 s   24    18.14594        11.10601        90.04131        7.810455        309.6125      -0.3816004E-03
   14 s   25    17.75108        11.30778        88.43465        8.375741        329.9208      -0.2396081E-03
   14 s   26    17.40890        11.52470        86.77015        8.962536        352.7349      -0.1499596E-03
   15 s    1    141.4725        5.301222        188.6358       0.7730433        199.0375      -0.1320986E-04
   15 s    2    91.14448        5.692236        175.6779        17.98937        348.5246      -0.3679359E-02
   15 s    3    69.39286        6.067298        164.8180        12.83558        731.9681      -0.2097175E-02
   15 s    4    56.05878        6.301859        158.6833        5.512412        280.8770      -0.9245093E-03
   15 s    5    46.62143        6.405614        156.1131        3.977956        214.8976      -0.8099983E-03
   15 s    6    41.87620        6.799752        147.0642        25.41066        92.26666       0.1123051E-03
   15 s    7    39.54173        7.408486        134.9803        19.17900        172.9737      -0.1618076E-02
   15 s    8    36.10378        7.666271        130.4415        3.118253        235.2886      -0.8627337E-04
   15 s    9    32.68168        7.756048        128.9316        4.215225        249.5118      -0.1045350E-03
   15 s   10    30.09122        7.892991        126.6947        9.885829        221.2844       0.9403698E-04
   15 s   11    29.45456        8.461802        118.1781        22.80965        95.69270       0.2717848E-02
   15 s   12    28.44406        8.882067        112.5864        6.374119        295.8102      -0.3900101E-03
   15 s   13    26.77860        9.030966        110.7301        6.113207        272.2012      -0.6812316E-04
   15 s   14    25.42913        9.211112        108.5645        8.683068        333.0454      -0.1033782E-04
   15 s   15    24.44799        9.466454        105.6362        11.39635        436.0515      -0.1023308E-03
   15 s   16    23.68508        9.762732        102.4303        12.03686        455.7051      -0.6484280E-04
   15 s   17    23.01160        10.05999        99.40372        11.14423        395.9014      -0.1155942E-06
   15 s   18    22.31628        10.31350        96.96030        9.109533        316.2647      -0.1679657E-03
   15 s   19    21.61029        10.52707        94.99315        8.331281        297.7647      -0.5647783E-03
   15 s   20    20.97677        10.74249        93.08828        9.119307        330.0125      -0.1112280E-02
   15 s   21    20.45131        10.98430        91.03906        10.26543        392.4934      -0.1714942E-02
   15 s   22    20.00863        11.24637        88.91756        10.64402        433.1793      -0.2037922E-02
   15 s   23    19.59637        11.50419        86.92487        9.951318        406.5548      -0.1909122E-02
   15 s   24    19.17526        11.73599        85.20796        8.669499        348.5761      -0.1459035E-02
   15 s   25    18.73940        11.93736        83.77062        7.589116        306.7735      -0.9958564E-03
   15 s   26    18.30569        12.11838        82.51928        7.016964        286.1602      -0.6746064E-03
   16 s    1    142.6639        5.345862        187.0606        18.40870        442.9441      -0.4514383E-02
   16 s    2    93.64879        5.848637        170.9800        23.61615        104.9022      -0.6804460E-03
   16 s    3    72.92870        6.376451        156.8270        3.527660        200.1403      -0.4374187E-03
   16 s    4    58.15942        6.538003        152.9519        10.15769        360.7603      -0.1117115E-02
   16 s    5    49.70942        6.829893        146.4152        12.37286        583.1713      -0.2244812E-02
   16 s    6    43.98747        7.142576        140.0055        12.69713        600.1106      -0.3143997E-02
   16 s    7    39.98874        7.492237        133.4715        19.19912        151.0068      -0.1505323E-02
   16 s    8    36.54804        7.760603        128.8560        12.87524        747.5296      -0.2923654E-02
   16 s    9    34.04359        8.079259        123.7737        12.69037        764.0047      -0.2241755E-02
   16 s   10    31.99079        8.391254        119.1717        12.23352        710.7501      -0.1621395E-02
   16 s   11    30.20634        8.677777        115.2369        10.27893        508.1340      -0.1115366E-02
   16 s   12    28.91877        9.030303        110.7383        22.48218        95.15942       0.2767966E-02
   16 s   13    27.84535        9.390720        106.4881        11.25211        466.7237      -0.1884104E-02
   16 s   14    26.67709        9.663156        103.4859        10.43240        417.2263      -0.2016781E-02
   16 s   15    25.58014        9.904831        100.9608        8.926416        341.9712      -0.1786413E-02
   16 s   16    24.54043        10.11530        98.86017        7.849278        301.6786      -0.1392930E-02
   16 s   17    23.59106        10.31331        96.96209        8.345229        313.9345      -0.1099284E-02
   16 s   18    22.81878        10.54573        94.82510        10.38063        389.8736      -0.7745357E-03
   16 s   19    22.21819        10.82320        92.39408        11.58719        456.6631      -0.4775029E-03
   16 s   20    21.70365        11.11473        89.97066        11.63596        466.4715      -0.3428643E-03
   16 s   21    21.22534        11.40002        87.71912        11.14281        443.7547      -0.3378974E-03
   16 s   22    20.76030        11.66887        85.69813        10.37636        406.5858      -0.4884583E-03
   16 s   23    20.30520        11.92031        83.89042        9.889751        384.9411      -0.8470274E-03
   16 s   24    19.87965        12.16711        82.18879        9.967467        390.8587      -0.1256050E-02
   16 s   25    19.48880        12.41475        80.54936        9.833846        384.7992      -0.1388124E-02
   16 s   26    19.11140        12.65176        79.04039        9.136777        349.2521      -0.1193589E-02
   17 s    1    164.6370        6.169232        162.0947        13.94799        692.5584      -0.1513492E-02
   17 s    2    101.2663        6.324371        158.1185        1.707016        196.3603      -0.4285211E-03
   17 s    3    74.20970        6.488454        154.1199        25.88084        89.57513      -0.3178950E-04
   17 s    4    63.55321        7.144346        139.9708        26.05610        88.00940      -0.2779433E-06
   17 s    5    54.46611        7.483445        133.6283        3.016744        264.9919      -0.2269890E-03
   17 s    6    46.43191        7.539498        132.6348        2.128266        233.7035      -0.3991812E-04
   17 s    7    40.54812        7.597042        131.6302        2.527578        232.6710      -0.4297074E-04
   17 s    8    38.15218        8.101227        123.4381        25.46045        91.73265       0.3858225E-03
   17 s    9    36.57205        8.679316        115.2165        5.496842        227.8370      -0.8361307E-03
   17 s   10    33.49004        8.784509        113.8368        4.154638        223.5584      -0.4795292E-03
   17 s   11    31.00401        8.906933        112.2721        6.165781        250.8963      -0.6413405E-03
   17 s   12    29.19297        9.115926        109.6981        10.35670        389.6506      -0.1404409E-02
   17 s   13    28.44129        9.591698        104.2568        22.23374        94.51098       0.2796000E-02
   17 s   14    28.01290        10.14702        98.55108        22.01778        93.97991       0.2798935E-02
   17 s   15    26.95988        10.43908        95.79390        9.656845        368.2094      -0.1388566E-02
   17 s   16    25.96240        10.70142        93.44558        11.23886        459.5293      -0.1951944E-02
   17 s   17    25.13298        10.98739        91.01342        11.36755        483.5485      -0.2209724E-02
   17 s   18    24.32932        11.24383        88.93767        8.771118        363.6715      -0.1690715E-02
   17 s   19    23.46112        11.42868        87.49920        6.505160        288.5801      -0.9008429E-03
   17 s   20    22.62245        11.58527        86.31652        6.249148        276.1084      -0.5971525E-03
   17 s   21    21.87236        11.74753        85.12425        6.867472        286.4242      -0.5195783E-03
   17 s   22    21.23046        11.93313        83.80030        8.086499        318.7466      -0.5357051E-03
   17 s   23    20.70017        12.15218        82.28974        9.420748        370.7108      -0.5950674E-03
   17 s   24    20.25811        12.39874        80.65336        10.25505        419.4487      -0.7329659E-03
   17 s   25    19.87441        12.66039        78.98653        10.69032        457.6768      -0.9787963E-03
   17 s   26    19.53094        12.92949        77.34256        10.86091        484.8587      -0.1210684E-02
   18 s    1    168.8469        6.326987        158.0531        1.866984        193.3550      -0.8506882E-04
   18 s    2    105.1508        6.566972        152.2772        13.86214        625.5816      -0.3436621E-02
   18 s    3    79.03290        6.910167        144.7143        13.65589        762.5128      -0.4559364E-02
   18 s    4    64.50400        7.251230        137.9076        13.47144        888.9045      -0.3626253E-02
   18 s    5    55.46568        7.620782        131.2201        12.28523        478.5425      -0.2133705E-02
   18 s    6    48.92107        7.943682        125.8862        12.92903        686.9660      -0.1606573E-02
   18 s    7    44.07003        8.256902        121.1108        12.06841        646.2674      -0.1906155E-02
   18 s    8    40.15973        8.527510        117.2675        8.887146        390.2386      -0.2038270E-02
   18 s    9    36.84365        8.743771        114.3671        24.30025        93.74597       0.4831658E-03
   18 s   10    35.31150        9.262282        107.9648        12.53881        528.1326      -0.3089622E-02
   18 s   11    33.29067        9.563853        104.5604        11.62918        507.8063      -0.2735321E-02
   18 s   12    31.47760        9.829337        101.7363        9.378082        355.5582      -0.1701866E-02
   18 s   13    29.76032        10.03654        99.63598        7.340735        284.3989      -0.9023187E-03
   18 s   14    28.21955        10.22187        97.82941        7.853556        300.1636      -0.9071406E-03
   18 s   15    27.62707        10.69742        93.48048        21.84111        93.45218       0.2785424E-02
   18 s   16    26.97842        11.12021        89.92636        6.730240        304.4236      -0.5593239E-04
   18 s   17    25.81023        11.28346        88.62528        6.782415        283.9568      -0.3700992E-04
   18 s   18    24.85074        11.48480        87.07158        9.751922        347.3907      -0.6287878E-03
   18 s   19    24.14929        11.76390        85.00579        12.09061        442.3371      -0.1320091E-02
   18 s   20    23.56198        12.06641        82.87468        11.84456        428.2870      -0.1385645E-02
   18 s   21    22.98017        12.34253        81.02066        10.12544        353.7457      -0.1138674E-02
   18 s   22    22.36293        12.56966        79.55662        8.183819        296.1042      -0.8392652E-03
   18 s   23    21.73452        12.75940        78.37357        7.209743        274.7928      -0.6644776E-03
   18 s   24    21.13761        12.93703        77.29752        7.151216        276.5504      -0.6370476E-03
   18 s   25    20.59733        13.12090        76.21426        7.673556        294.7732      -0.7421351E-03
   18 s   26    20.12481        13.32264        75.06021        8.561624        330.1147      -0.9820596E-03
   19 s    1    178.2362        6.678819        149.7271        27.31715        87.35142      -0.8160651E-04
   19 s    2    117.0288        7.308787        136.8216        19.02929        194.9067      -0.1617367E-02
   19 s    3    85.09658        7.440338        134.4025        1.124096        221.1065      -0.7885489E-04
   19 s    4    66.48351        7.473757        133.8015        1.781883        220.1144      -0.2427721E-03
   19 s    5    56.74874        7.797069        128.2533        25.73501        89.58060      -0.3391529E-04
   19 s    6    51.96694        8.438262        118.5078        25.18862        90.28841      -0.1002655E-03
   19 s    7    46.07841        8.633190        115.8320        3.153181        212.1577      -0.1994331E-03
   19 s    8    41.17047        8.742130        114.3886        6.410387        268.4092      -0.8658112E-03
   19 s    9    37.80799        8.972629        111.4501        11.32936        468.1592      -0.2683659E-02
   19 s   10    35.77386        9.383560        106.5694        24.90203        92.65213       0.5197960E-03
   19 s   11    34.72715        9.976529        100.2353        5.557812        249.9569      -0.3609296E-03
   19 s   12    32.48704        10.14455        98.57513        8.247085        358.4779      -0.8469942E-03
   19 s   13    30.80358        10.38837        96.26147        10.89781        538.6741      -0.1089382E-02
   19 s   14    29.45024        10.66767        93.74122        11.11593        578.2031      -0.8534639E-03
   19 s   15    28.21557        10.92529        91.53074        9.161146        427.2534      -0.4132457E-03
   19 s   16    27.27810        11.24374        88.93842        21.69410        92.95237       0.2759257E-02
   19 s   17    26.72550        11.68359        85.59011        11.31468        555.6906      -0.1409354E-02
   19 s   18    25.89711        11.96838        83.55347        11.47134        595.1759      -0.1498900E-02
   19 s   19    25.15377        12.25322        81.61121        11.32770        594.0952      -0.1521069E-02
   19 s   20    24.46376        12.52823        79.81976        10.56286        524.8154      -0.1191285E-02
   19 s   21    23.78785        12.77633        78.26973        9.540637        424.9346      -0.4018725E-03
   19 s   22    23.16293        13.01933        76.80889        9.998162        424.1286      -0.1369142E-03
   19 s   23    22.60755        13.27193        75.34701        10.06427        412.9627      -0.1506607E-03
   19 s   24    22.08268        13.51545        73.98942        9.321756        364.4000      -0.2523408E-03
   19 s   25    21.56181        13.73529        72.80514        8.290354        316.0348      -0.3633288E-03
   19 s   26    21.04603        13.93248        71.77471        7.589510        289.9930      -0.4525254E-03
   20 s    1    186.2702        6.979866        143.2692        15.36097        815.4532      -0.3961469E-02
   20 s    2    118.7548        7.416579        134.8331        9.962504        154.1891      -0.1393739E-03
   20 s    3    88.56156        7.743295        129.1440        15.00437        589.4756      -0.1672075E-02
   20 s    4    72.02393        8.096584        123.5089        13.36141        733.8513      -0.2759801E-02
   20 s    5    61.19325        8.407730        118.9382        10.82482        509.1151      -0.3530396E-02
   20 s    6    52.73821        8.563499        116.7747        3.322635        210.7859      -0.4951856E-03
   20 s    7    48.30290        9.049967        110.4976        19.98148        147.5854      -0.1498882E-02
   20 s    8    44.35794        9.418957        106.1689        13.27517        689.1157      -0.2221814E-02
   20 s    9    40.99372        9.728670        102.7890        10.11636        398.0866      -0.1475693E-02
   20 s   10    37.60883        9.864877        101.3697        4.023189        228.6400      -0.2497379E-03
   20 s   11    34.85829        10.01421        99.85815        24.73793        92.32491       0.6677992E-03
   20 s   12    34.05761        10.63498        94.02933        18.60459        139.8511      -0.4516447E-03
   20 s   13    32.16954        10.84904        92.17409        6.990826        320.4201      -0.1392514E-02
   20 s   14    30.39228        11.00890        90.83562        6.208759        282.1716      -0.9660586E-03
   20 s   15    28.87214        11.17952        89.44927        7.882039        322.4094      -0.1049052E-02
   20 s   16    27.68191        11.41018        87.64104        10.40564        453.5457      -0.1288668E-02
   20 s   17    26.96131        11.78668        84.84151        21.57233        92.47298       0.2724270E-02
   20 s   18    26.67271        12.32683        81.12386        21.47095        92.01604       0.2683393E-02
   20 s   19    25.71616        12.52718        79.82643        5.611582        248.6483      -0.3067336E-03
   20 s   20    24.77951        12.68993        78.80266        7.704340        286.8465      -0.8569208E-03
   20 s   21    24.05710        12.92095        77.39372        10.66291        389.7880      -0.1879632E-02
   20 s   22    23.49032        13.20334        75.73840        11.70435        450.3746      -0.2217471E-02
   20 s   23    22.98538        13.49373        74.10850        11.48019        437.1764      -0.1925852E-02
   20 s   24    22.50313        13.77278        72.60700        10.94322        418.4607      -0.1299681E-02
   20 s   25    22.04508        14.04314        71.20913        10.80265        430.7162      -0.7458539E-03
   20 s   26    21.62134        14.31334        69.86488        10.82480        450.8741      -0.4421925E-03
