ANISOTROPIC_PREM
   1    1.00000  0
    30  40 120 6371.00000
  10    0.00000  305.37500
 13.10296  0.00000 -8.83810  0.00000
 11.03015  0.00000 -6.36400  0.00000
  3.58151  0.00000 -4.44750  0.00000
1327.70000
 84.60000
 11.09481  0.00000 -6.36400  0.00000
  3.62107  0.00000 -4.44750  0.00000
  0.99003  0.00000
  10  305.37500  610.75000
 12.96853  0.00000 -8.83810  0.00000
 11.29530  0.00000 -6.36400  0.00000
  3.64464  0.00000 -4.44750  0.00000
1327.70000
 84.60000
 11.01678  0.00000 -6.36400  0.00000
  3.66872  0.00000 -4.44750  0.00000
  1.00485  0.00000
  10  610.75000  916.12500
 13.36867  0.00000 -8.83810  0.00000
 11.08411  0.00000 -6.36400  0.00000
  3.59498  0.00000 -4.44750  0.00000
1327.70000
 84.60000
 11.03764  0.00000 -6.36400  0.00000
  3.69995  0.00000 -4.44750  0.00000
  1.00364  0.00000
  10  916.12500 1215.36520
 13.16430  0.00000 -8.83810  0.00000
 11.27018  0.00000 -6.36400  0.00000
  3.61412  0.00000 -4.44750  0.00000
1327.70000
 84.60000
 11.26039  0.00000 -6.36400  0.00000
  3.63818  0.00000 -4.44750  0.00000
  0.98827  0.00000
  10 1215.36520 1503.81250
 12.51711 -1.26380 -3.64260 -5.52810
 11.10465 -4.03620  4.80230-13.57320
  0.00000  0.00000  0.00000  0.00000
57823.00000
  0.00000
 10.82767 -4.03620  4.80230-13.57320
  0.00000  0.00000  0.00000  0.00000
  0.98744  0.00000
  10 1503.81250 1786.12500
 12.78233 -1.26380 -3.64260 -5.52810
 11.21686 -4.03620  4.80230-13.57320
  0.00000  0.00000  0.00000  0.00000
57823.00000
  0.00000
 11.26830 -4.03620  4.80230-13.57320
  0.00000  0.00000  0.00000  0.00000
  0.98948  0.00000
  10 1786.12500 2068.43750
 12.95240 -1.26380 -3.64260 -5.52810
 10.96153 -4.03620  4.80230-13.57320
  0.00000  0.00000  0.00000  0.00000
57823.00000
  0.00000
 10.90334 -4.03620  4.80230-13.57320
  0.00000  0.00000  0.00000  0.00000
  1.01880  0.00000
  10 2068.43750 2350.75000
 12.51693 -1.26380 -3.64260 -5.52810
 11.28483 -4.03620  4.80230-13.57320
  0.00000  0.00000  0.00000  0.00000
57823.00000
  0.00000
 11.03141 -4.03620  4.80230-13.57320
  0.00000  0.00000  0.00000  0.00000
  0.97594  0.00000
  10 2350.75000 2633.06250
 12.83116 -1.26380 -3.64260 -5.52810
 11.28114 -4.03620  4.80230-13.57320
  0.00000  0.00000  0.00000  0.00000
57823.00000
  0.00000
 11.00863 -4.03620  4.80230-13.57320
  0.00000  0.00000  0.00000  0.00000
  0.97958  0.00000
  10 2633.06250 2915.37500
 12.81101 -1.26380 -3.64260 -5.52810
 11.19679 -4.03620  4.80230-13.57320
  0.00000  0.00000  0.00000  0.00000
57823.00000
  0.00000
 10.95396 -4.03620  4.80230-13.57320
  0.00000  0.00000  0.00000  0.00000
  0.99206  0.00000
  10 2915.37500 3197.68750
 12.46144 -1.26380 -3.64260 -5.52810
 11.13334 -4.03620  4.80230-13.57320
  0.00000  0.00000  0.00000  0.00000
57823.00000
  0.00000
 10.97177 -4.03620  4.80230-13.57320
  0.00000  0.00000  0.00000  0.00000
  0.98602  0.00000
  10 3197.68750 3420.57937
 12.84036 -1.26380 -3.64260 -5.52810
 11.14566 -4.03620  4.80230-13.57320
  0.00000  0.00000  0.00000  0.00000
57823.00000
  0.00000
 10.92903 -4.03620  4.80230-13.57320
  0.00000  0.00000  0.00000  0.00000
  1.00314  0.00000
  10 3420.57937 3639.22721
  8.09333 -6.47610  5.52830 -3.08070
 15.90316 -5.31810  5.52420 -2.55140
  7.26478  1.46720 -2.08340  0.97830
57823.00000
312.00000
 15.08810 -5.31810  5.52420 -2.55140
  7.21881  1.46720 -2.08340  0.97830
  1.00197  0.00000
  10 3639.22721 3876.25000
  7.90765 -6.47610  5.52830 -3.08070
 25.56302-40.46730 51.48320-26.64190
 11.28830-13.78180 17.45750 -9.27770
57823.00000
312.00000
 24.43384-40.46730 51.48320-26.64190
 11.39949-13.78180 17.45750 -9.27770
  0.99977  0.00000
  10 3876.25000 4122.50000
  8.13458 -6.47610  5.52830 -3.08070
 25.41861-40.46730 51.48320-26.64190
 11.16923-13.78180 17.45750 -9.27770
57823.00000
312.00000
 25.20268-40.46730 51.48320-26.64190
 11.07862-13.78180 17.45750 -9.27770
  0.99004  0.00000
  10 4122.50000 4368.75000
  8.00731 -6.47610  5.52830 -3.08070
 25.13470-40.46730 51.48320-26.64190
 11.08182-13.78180 17.45750 -9.27770
57823.00000
312.00000
 25.13935-40.46730 51.48320-26.64190
 10.95376-13.78180 17.45750 -9.27770
  1.00057  0.00000
  10 4368.75000 4615.00000
  7.94759 -6.47610  5.52830 -3.08070
 24.41140-40.46730 51.48320-26.64190
 11.05526-13.78180 17.45750 -9.27770
57823.00000
312.00000
 24.71311-40.46730 51.48320-26.64190
 10.86646-13.78180 17.45750 -9.27770
  1.01431  0.00000
  10 4615.00000 4861.25000
  7.90331 -6.47610  5.52830 -3.08070
 25.10466-40.46730 51.48320-26.64190
 11.47252-13.78180 17.45750 -9.27770
57823.00000
312.00000
 25.42253-40.46730 51.48320-26.64190
 11.03778-13.78180 17.45750 -9.27770
  1.01563  0.00000
  10 4861.25000 5107.50000
  7.96754 -6.47610  5.52830 -3.08070
 24.77518-40.46730 51.48320-26.64190
 11.29523-13.78180 17.45750 -9.27770
57823.00000
312.00000
 24.81513-40.46730 51.48320-26.64190
 11.30839-13.78180 17.45750 -9.27770
  1.00164  0.00000
  10 5107.50000 5353.75000
  8.08143 -6.47610  5.52830 -3.08070
 24.56023-40.46730 51.48320-26.64190
 11.18922-13.78180 17.45750 -9.27770
57823.00000
312.00000
 25.08183-40.46730 51.48320-26.64190
 11.37020-13.78180 17.45750 -9.27770
  1.01532  0.00000
  10 5353.75000 5600.00000
  8.18024 -6.47610  5.52830 -3.08070
 25.39569-40.46730 51.48320-26.64190
 10.87828-13.78180 17.45750 -9.27770
57823.00000
312.00000
 24.97815-40.46730 51.48320-26.64190
 11.05739-13.78180 17.45750 -9.27770
  0.97671  0.00000
   5 5600.00000 5717.19158
  7.92922 -6.47610  5.52830 -3.08070
 29.63101-23.60270  5.52420 -2.55140
 22.19209-17.24730 -2.08340  0.97830
57823.00000
312.00000
 29.08576-23.60270  5.52420 -2.55140
 22.17548-17.24730 -2.08340  0.97830
  0.98270  0.00000
   5 5717.19158 5771.00000
  5.51326 -1.48360  0.00000  0.00000
 19.12290 -9.86720  0.00000  0.00000
 10.22955 -4.93240  0.00000  0.00000
57823.00000
143.00000
 19.53460 -9.86720  0.00000  0.00000
  9.88822 -4.93240  0.00000  0.00000
  1.01241  0.00000
  10 5771.00000 5954.71662
 11.16061 -8.02980  0.00000  0.00000
 39.63219-32.61660  0.00000  0.00000
 22.41061-18.58560  0.00000  0.00000
57823.00000
143.00000
 40.37401-32.61660  0.00000  0.00000
 22.83639-18.58560  0.00000  0.00000
  0.99424  0.00000
  10 5954.71662 6156.05376
  7.01952 -3.80450  0.00000  0.00000
 20.37392-12.25690  0.00000  0.00000
  8.81547 -4.45970  0.00000  0.00000
57823.00000
143.00000
 20.98834-12.25690  0.00000  0.00000
  8.56937 -4.45970  0.00000  0.00000
  0.99089  0.00000
  10 6156.05376 6291.00000
  2.51535  0.69240  0.00000  0.00000
  0.54888  7.21800  0.00000  0.00000
  5.53260 -1.46780  0.00000  0.00000
57823.00000
 80.00000
  4.14271  4.61720  0.00000  0.00000
 -1.31188  5.71760  0.00000  0.00000
  3.37212 -2.47780
   5 6291.00000 6346.60000
  2.60455  0.69240  0.00000  0.00000
  0.71500  7.21800  0.00000  0.00000
  5.69545 -1.46780  0.00000  0.00000
57823.00000
600.00000
  2.98108  4.61720  0.00000  0.00000
 -0.95026  5.71760  0.00000  0.00000
  3.36289 -2.47780
   5 6346.60000 6356.00000
  2.90000  0.00000  0.00000  0.00000
  6.80000  0.00000  0.00000  0.00000
  3.90000  0.00000  0.00000  0.00000
57823.00000
600.00000
  6.80000  0.00000  0.00000  0.00000
  3.90000  0.00000  0.00000  0.00000
  1.00000  0.00000
   5 6356.00000 6368.00000
  2.60000  0.00000  0.00000  0.00000
  5.80000  0.00000  0.00000  0.00000
  3.20000  0.00000  0.00000  0.00000
57823.00000
600.00000
  5.80000  0.00000  0.00000  0.00000
  3.20000  0.00000  0.00000  0.00000
  1.00000  0.00000
   5 6368.00000 6371.00000
  1.02000  0.00000  0.00000  0.00000
  1.45000  0.00000  0.00000  0.00000
  0.00000  0.00000  0.00000  0.00000
57823.00000
  0.00000
  1.45000  0.00000  0.00000  0.00000
  0.00000  0.00000  0.00000  0.00000
  1.00000  0.00000
