ANISOTROPIC_PREM
   1    1.00000  0
    30  40 120 6371.00000
  10    0.00000  305.37500
 12.83990  0.00000 -8.83810  0.00000
 11.23207  0.00000 -6.36400  0.00000
  3.65391  0.00000 -4.44750  0.00000
1327.70000
 84.60000
 11.20445  0.00000 -6.36400  0.00000
  3.65785  0.00000 -4.44750  0.00000
  0.99069  0.00000
  10  305.37500  610.75000
 13.04225  0.00000 -8.83810  0.00000
 11.40955  0.00000 -6.36400  0.00000
  3.73051  0.00000 -4.44750  0.00000
1327.70000
 84.60000
 10.98347  0.00000 -6.36400  0.00000
  3.70023  0.00000 -4.44750  0.00000
  0.98175  0.00000
  10  610.75000  916.12500
 13.08217  0.00000 -8.83810  0.00000
 11.33848  0.00000 -6.36400  0.00000
  3.61320  0.00000 -4.44750  0.00000
1327.70000
 84.60000
 11.25955  0.00000 -6.36400  0.00000
  3.63192  0.00000 -4.44750  0.00000
  1.00714  0.00000
  10  916.12500 1239.84056
 13.42611  0.00000 -8.83810  0.00000
 11.08778  0.00000 -6.36400  0.00000
  3.72429  0.00000 -4.44750  0.00000
1327.70000
 84.60000
 11.37314  0.00000 -6.36400  0.00000
  3.63634  0.00000 -4.44750  0.00000
  0.99171  0.00000
  10 1239.84056 1503.81250
 12.74065 -1.26380 -3.64260 -5.52810
 11.08938 -4.03620  4.80230-13.57320
  0.00000  0.00000  0.00000  0.00000
57823.00000
  0.00000
 11.21063 -4.03620  4.80230-13.57320
  0.00000  0.00000  0.00000  0.00000
  0.99624  0.00000
  10 1503.81250 1786.12500
 12.69618 -1.26380 -3.64260 -5.52810
 11.12654 -4.03620  4.80230-13.57320
  0.00000  0.00000  0.00000  0.00000
57823.00000
  0.00000
 11.17657 -4.03620  4.80230-13.57320
  0.00000  0.00000  0.00000  0.00000
  0.99403  0.00000
  10 1786.12500 2068.43750
 12.42211 -1.26380 -3.64260 -5.52810
 11.09506 -4.03620  4.80230-13.57320
  0.00000  0.00000  0.00000  0.00000
57823.00000
  0.00000
 11.14868 -4.03620  4.80230-13.57320
  0.00000  0.00000  0.00000  0.00000
  0.97764  0.00000
  10 2068.43750 2350.75000
 12.58495 -1.26380 -3.64260 -5.52810
 11.06873 -4.03620  4.80230-13.57320
  0.00000  0.00000  0.00000  0.00000
57823.00000
  0.00000
 10.90288 -4.03620  4.80230-13.57320
  0.00000  0.00000  0.00000  0.00000
  1.01979  0.00000
  10 2350.75000 2633.06250
 12.55039 -1.26380 -3.64260 -5.52810
 11.09185 -4.03620  4.80230-13.57320
  0.00000  0.00000  0.00000  0.00000
57823.00000
  0.00000
 10.97831 -4.03620  4.80230-13.57320
  0.00000  0.00000  0.00000  0.00000
  1.01137  0.00000
  10 2633.06250 2915.37500
 12.85947 -1.26380 -3.64260 -5.52810
 11.14359 -4.03620  4.80230-13.57320
  0.00000  0.00000  0.00000  0.00000
57823.00000
  0.00000
 11.03030 -4.03620  4.80230-13.57320
  0.00000  0.00000  0.00000  0.00000
  0.99120  0.00000
  10 2915.37500 3197.68750
 12.59725 -1.26380 -3.64260 -5.52810
 11.16683 -4.03620  4.80230-13.57320
  0.00000  0.00000  0.00000  0.00000
57823.00000
  0.00000
 10.89044 -4.03620  4.80230-13.57320
  0.00000  0.00000  0.00000  0.00000
  1.01993  0.00000
  10 3197.68750 3474.07019
 12.80006 -1.26380 -3.64260 -5.52810
 10.87818 -4.03620  4.80230-13.57320
  0.00000  0.00000  0.00000  0.00000
57823.00000
  0.00000
 11.01857 -4.03620  4.80230-13.57320
  0.00000  0.00000  0.00000  0.00000
  1.00878  0.00000
  10 3474.07019 3618.96005
  7.97224 -6.47610  5.52830 -3.08070
 15.95552 -5.31810  5.52420 -2.55140
  6.73560  1.46720 -2.08340  0.97830
57823.00000
312.00000
 14.84320 -5.31810  5.52420 -2.55140
  6.62245  1.46720 -2.08340  0.97830
  1.02458  0.00000
  10 3618.96005 3876.25000
  8.09222 -6.47610  5.52830 -3.08070
 24.88383-40.46730 51.48320-26.64190
 11.30638-13.78180 17.45750 -9.27770
57823.00000
312.00000
 24.39344-40.46730 51.48320-26.64190
 10.98160-13.78180 17.45750 -9.27770
  0.99816  0.00000
  10 3876.25000 4122.50000
  7.62670 -6.47610  5.52830 -3.08070
 25.21245-40.46730 51.48320-26.64190
 11.27202-13.78180 17.45750 -9.27770
57823.00000
312.00000
 25.39731-40.46730 51.48320-26.64190
 11.51445-13.78180 17.45750 -9.27770
  0.98048  0.00000
  10 4122.50000 4368.75000
  8.10636 -6.47610  5.52830 -3.08070
 24.80634-40.46730 51.48320-26.64190
 10.86229-13.78180 17.45750 -9.27770
57823.00000
312.00000
 24.52285-40.46730 51.48320-26.64190
 11.49291-13.78180 17.45750 -9.27770
  0.98108  0.00000
  10 4368.75000 4615.00000
  8.11438 -6.47610  5.52830 -3.08070
 24.38296-40.46730 51.48320-26.64190
 11.38201-13.78180 17.45750 -9.27770
57823.00000
312.00000
 24.91761-40.46730 51.48320-26.64190
 11.45683-13.78180 17.45750 -9.27770
  1.01232  0.00000
  10 4615.00000 4861.25000
  7.71936 -6.47610  5.52830 -3.08070
 25.15447-40.46730 51.48320-26.64190
 10.92398-13.78180 17.45750 -9.27770
57823.00000
312.00000
 25.10655-40.46730 51.48320-26.64190
 11.22336-13.78180 17.45750 -9.27770
  1.00394  0.00000
  10 4861.25000 5107.50000
  7.68144 -6.47610  5.52830 -3.08070
 24.79017-40.46730 51.48320-26.64190
 10.99516-13.78180 17.45750 -9.27770
57823.00000
312.00000
 25.48079-40.46730 51.48320-26.64190
 11.13809-13.78180 17.45750 -9.27770
  0.98584  0.00000
  10 5107.50000 5353.75000
  7.80360 -6.47610  5.52830 -3.08070
 25.01368-40.46730 51.48320-26.64190
 10.85186-13.78180 17.45750 -9.27770
57823.00000
312.00000
 24.72565-40.46730 51.48320-26.64190
 11.14268-13.78180 17.45750 -9.27770
  1.00238  0.00000
  10 5353.75000 5600.00000
  7.92635 -6.47610  5.52830 -3.08070
 24.68859-40.46730 51.48320-26.64190
 11.17106-13.78180 17.45750 -9.27770
57823.00000
312.00000
 24.59214-40.46730 51.48320-26.64190
 11.06571-13.78180 17.45750 -9.27770
  1.00149  0.00000
   5 5600.00000 5715.66165
  7.89859 -6.47610  5.52830 -3.08070
 28.95357-23.60270  5.52420 -2.55140
 22.55972-17.24730 -2.08340  0.97830
57823.00000
312.00000
 29.68613-23.60270  5.52420 -2.55140
 22.63065-17.24730 -2.08340  0.97830
  1.01789  0.00000
   5 5715.66165 5771.00000
  5.24830 -1.48360  0.00000  0.00000
 18.88759 -9.86720  0.00000  0.00000
 10.22211 -4.93240  0.00000  0.00000
57823.00000
143.00000
 18.89512 -9.86720  0.00000  0.00000
 10.15905 -4.93240  0.00000  0.00000
  0.97765  0.00000
  10 5771.00000 5981.75956
 11.46761 -8.02980  0.00000  0.00000
 40.36222-32.61660  0.00000  0.00000
 22.31286-18.58560  0.00000  0.00000
57823.00000
143.00000
 39.27337-32.61660  0.00000  0.00000
 22.86518-18.58560  0.00000  0.00000
  0.98065  0.00000
  10 5981.75956 6153.56431
  7.09615 -3.80450  0.00000  0.00000
 21.13311-12.25690  0.00000  0.00000
  8.57564 -4.45970  0.00000  0.00000
57823.00000
143.00000
 19.78158-12.25690  0.00000  0.00000
  8.76215 -4.45970  0.00000  0.00000
  0.99713  0.00000
  10 6153.56431 6291.00000
  2.88522  0.69240  0.00000  0.00000
  1.39737  7.21800  0.00000  0.00000
  5.84115 -1.46780  0.00000  0.00000
57823.00000
 80.00000
  3.52359  4.61720  0.00000  0.00000
 -1.03001  5.71760  0.00000  0.00000
  3.35159 -2.47780
   5 6291.00000 6346.60000
  2.70610  0.69240  0.00000  0.00000
  0.72902  7.21800  0.00000  0.00000
  5.71983 -1.46780  0.00000  0.00000
57823.00000
600.00000
  3.26172  4.61720  0.00000  0.00000
 -0.95863  5.71760  0.00000  0.00000
  3.39097 -2.47780
   5 6346.60000 6356.00000
  2.90000  0.00000  0.00000  0.00000
  6.80000  0.00000  0.00000  0.00000
  3.90000  0.00000  0.00000  0.00000
57823.00000
600.00000
  6.80000  0.00000  0.00000  0.00000
  3.90000  0.00000  0.00000  0.00000
  1.00000  0.00000
   5 6356.00000 6368.00000
  2.60000  0.00000  0.00000  0.00000
  5.80000  0.00000  0.00000  0.00000
  3.20000  0.00000  0.00000  0.00000
57823.00000
600.00000
  5.80000  0.00000  0.00000  0.00000
  3.20000  0.00000  0.00000  0.00000
  1.00000  0.00000
   5 6368.00000 6371.00000
  1.02000  0.00000  0.00000  0.00000
  1.45000  0.00000  0.00000  0.00000
  0.00000  0.00000  0.00000  0.00000
57823.00000
  0.00000
  1.45000  0.00000  0.00000  0.00000
  0.00000  0.00000  0.00000  0.00000
  1.00000  0.00000
