ANISOTROPIC_PREM
   1    1.00000  0
    30  40 120 6371.00000
  10    0.00000  305.37500
 12.85980  0.00000 -8.83810  0.00000
 11.23774  0.00000 -6.36400  0.00000
  3.62640  0.00000 -4.44750  0.00000
1327.70000
 84.60000
 11.05458  0.00000 -6.36400  0.00000
  3.69445  0.00000 -4.44750  0.00000
  1.00572  0.00000
  10  305.37500  610.75000
 12.99629  0.00000 -8.83810  0.00000
 11.50079  0.00000 -6.36400  0.00000
  3.72298  0.00000 -4.44750  0.00000
1327.70000
 84.60000
 11.33251  0.00000 -6.36400  0.00000
  3.74654  0.00000 -4.44750  0.00000
  0.99405  0.00000
  10  610.75000  916.12500
 12.86926  0.00000 -8.83810  0.00000
 11.22908  0.00000 -6.36400  0.00000
  3.67479  0.00000 -4.44750  0.00000
1327.70000
 84.60000
 11.10079  0.00000 -6.36400  0.00000
  3.61967  0.00000 -4.44750  0.00000
  1.00917  0.00000
  10  916.12500 1219.43375
 12.95855  0.00000 -8.83810  0.00000
 11.09742  0.00000 -6.36400  0.00000
  3.63936  0.00000 -4.44750  0.00000
1327.70000
 84.60000
 11.19478  0.00000 -6.36400  0.00000
  3.75460  0.00000 -4.44750  0.00000
  1.00113  0.00000
  10 1219.43375 1503.81250
 12.52383 -1.26380 -3.64260 -5.52810
 11.30328 -4.03620  4.80230-13.57320
  0.00000  0.00000  0.00000  0.00000
57823.00000
  0.00000
 10.99798 -4.03620  4.80230-13.57320
  0.00000  0.00000  0.00000  0.00000
  1.00638  0.00000
  10 1503.81250 1786.12500
 12.56899 -1.26380 -3.64260 -5.52810
 11.16171 -4.03620  4.80230-13.57320
  0.00000  0.00000  0.00000  0.00000
57823.00000
  0.00000
 11.11150 -4.03620  4.80230-13.57320
  0.00000  0.00000  0.00000  0.00000
  0.99092  0.00000
  10 1786.12500 2068.43750
 12.44782 -1.26380 -3.64260 -5.52810
 10.86555 -4.03620  4.80230-13.57320
  0.00000  0.00000  0.00000  0.00000
57823.00000
  0.00000
 11.27386 -4.03620  4.80230-13.57320
  0.00000  0.00000  0.00000  0.00000
  1.00411  0.00000
  10 2068.43750 2350.75000
 12.33262 -1.26380 -3.64260 -5.52810
 11.06232 -4.03620  4.80230-13.57320
  0.00000  0.00000  0.00000  0.00000
57823.00000
  0.00000
 11.28469 -4.03620  4.80230-13.57320
  0.00000  0.00000  0.00000  0.00000
  0.99973  0.00000
  10 2350.75000 2633.06250
 12.60828 -1.26380 -3.64260 -5.52810
 10.95771 -4.03620  4.80230-13.57320
  0.00000  0.00000  0.00000  0.00000
57823.00000
  0.00000
 10.95427 -4.03620  4.80230-13.57320
  0.00000  0.00000  0.00000  0.00000
  1.00472  0.00000
  10 2633.06250 2915.37500
 12.65910 -1.26380 -3.64260 -5.52810
 11.22211 -4.03620  4.80230-13.57320
  0.00000  0.00000  0.00000  0.00000
57823.00000
  0.00000
 10.94178 -4.03620  4.80230-13.57320
  0.00000  0.00000  0.00000  0.00000
  0.97538  0.00000
  10 2915.37500 3197.68750
 12.66876 -1.26380 -3.64260 -5.52810
 10.90090 -4.03620  4.80230-13.57320
  0.00000  0.00000  0.00000  0.00000
57823.00000
  0.00000
 11.14472 -4.03620  4.80230-13.57320
  0.00000  0.00000  0.00000  0.00000
  1.02324  0.00000
  10 3197.68750 3492.04466
 12.34209 -1.26380 -3.64260 -5.52810
 11.10841 -4.03620  4.80230-13.57320
  0.00000  0.00000  0.00000  0.00000
57823.00000
  0.00000
 11.12737 -4.03620  4.80230-13.57320
  0.00000  0.00000  0.00000  0.00000
  0.98676  0.00000
  10 3492.04466 3644.17419
  7.88419 -6.47610  5.52830 -3.08070
 16.01591 -5.31810  5.52420 -2.55140
  6.94092  1.46720 -2.08340  0.97830
57823.00000
312.00000
 15.07590 -5.31810  5.52420 -2.55140
  6.67305  1.46720 -2.08340  0.97830
  0.97883  0.00000
  10 3644.17419 3876.25000
  8.19930 -6.47610  5.52830 -3.08070
 25.50526-40.46730 51.48320-26.64190
 11.45430-13.78180 17.45750 -9.27770
57823.00000
312.00000
 25.55553-40.46730 51.48320-26.64190
 11.39309-13.78180 17.45750 -9.27770
  0.98974  0.00000
  10 3876.25000 4122.50000
  7.89130 -6.47610  5.52830 -3.08070
 25.48249-40.46730 51.48320-26.64190
 10.90223-13.78180 17.45750 -9.27770
57823.00000
312.00000
 25.35120-40.46730 51.48320-26.64190
 11.51036-13.78180 17.45750 -9.27770
  1.00965  0.00000
  10 4122.50000 4368.75000
  7.87729 -6.47610  5.52830 -3.08070
 25.16407-40.46730 51.48320-26.64190
 11.09624-13.78180 17.45750 -9.27770
57823.00000
312.00000
 24.56132-40.46730 51.48320-26.64190
 11.26047-13.78180 17.45750 -9.27770
  1.02164  0.00000
  10 4368.75000 4615.00000
  8.08131 -6.47610  5.52830 -3.08070
 24.70236-40.46730 51.48320-26.64190
 10.88129-13.78180 17.45750 -9.27770
57823.00000
312.00000
 24.94763-40.46730 51.48320-26.64190
 11.22310-13.78180 17.45750 -9.27770
  1.01721  0.00000
  10 4615.00000 4861.25000
  8.03826 -6.47610  5.52830 -3.08070
 24.42605-40.46730 51.48320-26.64190
 11.44706-13.78180 17.45750 -9.27770
57823.00000
312.00000
 24.44756-40.46730 51.48320-26.64190
 10.92966-13.78180 17.45750 -9.27770
  0.99133  0.00000
  10 4861.25000 5107.50000
  8.19095 -6.47610  5.52830 -3.08070
 24.55671-40.46730 51.48320-26.64190
 11.37690-13.78180 17.45750 -9.27770
57823.00000
312.00000
 24.98206-40.46730 51.48320-26.64190
 11.01909-13.78180 17.45750 -9.27770
  1.01661  0.00000
  10 5107.50000 5353.75000
  7.88791 -6.47610  5.52830 -3.08070
 25.41198-40.46730 51.48320-26.64190
 11.10261-13.78180 17.45750 -9.27770
57823.00000
312.00000
 25.03312-40.46730 51.48320-26.64190
 11.07665-13.78180 17.45750 -9.27770
  0.97772  0.00000
  10 5353.75000 5600.00000
  7.97978 -6.47610  5.52830 -3.08070
 25.18663-40.46730 51.48320-26.64190
 11.27392-13.78180 17.45750 -9.27770
57823.00000
312.00000
 24.59238-40.46730 51.48320-26.64190
 10.97206-13.78180 17.45750 -9.27770
  0.97964  0.00000
   5 5600.00000 5704.66790
  8.00965 -6.47610  5.52830 -3.08070
 28.84501-23.60270  5.52420 -2.55140
 22.37212-17.24730 -2.08340  0.97830
57823.00000
312.00000
 28.81253-23.60270  5.52420 -2.55140
 22.64469-17.24730 -2.08340  0.97830
  0.98432  0.00000
   5 5704.66790 5771.00000
  5.34887 -1.48360  0.00000  0.00000
 19.57774 -9.86720  0.00000  0.00000
 10.04586 -4.93240  0.00000  0.00000
57823.00000
143.00000
 18.76900 -9.86720  0.00000  0.00000
 10.21852 -4.93240  0.00000  0.00000
  1.01439  0.00000
  10 5771.00000 5963.59280
 11.07507 -8.02980  0.00000  0.00000
 39.72178-32.61660  0.00000  0.00000
 22.71918-18.58560  0.00000  0.00000
57823.00000
143.00000
 39.67877-32.61660  0.00000  0.00000
 22.21754-18.58560  0.00000  0.00000
  1.01121  0.00000
  10 5963.59280 6164.51095
  7.27884 -3.80450  0.00000  0.00000
 19.81943-12.25690  0.00000  0.00000
  9.40756 -4.45970  0.00000  0.00000
57823.00000
143.00000
 19.61707-12.25690  0.00000  0.00000
  8.61556 -4.45970  0.00000  0.00000
  0.98156  0.00000
  10 6164.51095 6291.00000
  2.32166  0.69240  0.00000  0.00000
  0.80759  7.21800  0.00000  0.00000
  5.58002 -1.46780  0.00000  0.00000
57823.00000
 80.00000
  3.19479  4.61720  0.00000  0.00000
 -1.15437  5.71760  0.00000  0.00000
  3.37858 -2.47780
   5 6291.00000 6346.60000
  2.46931  0.69240  0.00000  0.00000
  0.71086  7.21800  0.00000  0.00000
  5.90303 -1.46780  0.00000  0.00000
57823.00000
600.00000
  3.21592  4.61720  0.00000  0.00000
 -1.31487  5.71760  0.00000  0.00000
  3.38063 -2.47780
   5 6346.60000 6356.00000
  2.90000  0.00000  0.00000  0.00000
  6.80000  0.00000  0.00000  0.00000
  3.90000  0.00000  0.00000  0.00000
57823.00000
600.00000
  6.80000  0.00000  0.00000  0.00000
  3.90000  0.00000  0.00000  0.00000
  1.00000  0.00000
   5 6356.00000 6368.00000
  2.60000  0.00000  0.00000  0.00000
  5.80000  0.00000  0.00000  0.00000
  3.20000  0.00000  0.00000  0.00000
57823.00000
600.00000
  5.80000  0.00000  0.00000  0.00000
  3.20000  0.00000  0.00000  0.00000
  1.00000  0.00000
   5 6368.00000 6371.00000
  1.02000  0.00000  0.00000  0.00000
  1.45000  0.00000  0.00000  0.00000
  0.00000  0.00000  0.00000  0.00000
57823.00000
  0.00000
  1.45000  0.00000  0.00000  0.00000
  0.00000  0.00000  0.00000  0.00000
  1.00000  0.00000
