ANISOTROPIC_PREM
   1    1.00000  0
    30  40 120 6371.00000
  10    0.00000  305.37500
 13.06743  0.00000 -8.83810  0.00000
 11.43122  0.00000 -6.36400  0.00000
  3.63358  0.00000 -4.44750  0.00000
1327.70000
 84.60000
 11.28917  0.00000 -6.36400  0.00000
  3.59222  0.00000 -4.44750  0.00000
  0.99159  0.00000
  10  305.37500  610.75000
 12.89399  0.00000 -8.83810  0.00000
 11.31937  0.00000 -6.36400  0.00000
  3.58430  0.00000 -4.44750  0.00000
1327.70000
 84.60000
 11.37422  0.00000 -6.36400  0.00000
  3.58225  0.00000 -4.44750  0.00000
  0.99907  0.00000
  10  610.75000  916.12500
 13.17949  0.00000 -8.83810  0.00000
 11.41019  0.00000 -6.36400  0.00000
  3.71076  0.00000 -4.44750  0.00000
1327.70000
 84.60000
 11.12023  0.00000 -6.36400  0.00000
  3.64206  0.00000 -4.44750  0.00000
  1.01242  0.00000
  10  916.12500 1218.91290
 13.07763  0.00000 -8.83810  0.00000
 11.07890  0.00000 -6.36400  0.00000
  3.69570  0.00000 -4.44750  0.00000
1327.70000
 84.60000
 11.08854  0.00000 -6.36400  0.00000
  3.68370  0.00000 -4.44750  0.00000
  1.01789  0.00000
  10 1218.91290 1503.81250
 12.58467 -1.26380 -3.64260 -5.52810
 10.94239 -4.03620  4.80230-13.57320
  0.00000  0.00000  0.00000  0.00000
57823.00000
  0.00000
 10.84869 -4.03620  4.80230-13.57320
  0.00000  0.00000  0.00000  0.00000
  0.99572  0.00000
  10 1503.81250 1786.12500
 12.51410 -1.26380 -3.64260 -5.52810
 11.06085 -4.03620  4.80230-13.57320
  0.00000  0.00000  0.00000  0.00000
57823.00000
  0.00000
 10.93468 -4.03620  4.80230-13.57320
  0.00000  0.00000  0.00000  0.00000
  1.01743  0.00000
  10 1786.12500 2068.43750
 12.75347 -1.26380 -3.64260 -5.52810
 10.97779 -4.03620  4.80230-13.57320
  0.00000  0.00000  0.00000  0.00000
57823.00000
  0.00000
 10.80648 -4.03620  4.80230-13.57320
  0.00000  0.00000  0.00000  0.00000
  0.99723  0.00000
  10 2068.43750 2350.75000
 12.62740 -1.26380 -3.64260 -5.52810
 10.82926 -4.03620  4.80230-13.57320
  0.00000  0.00000  0.00000  0.00000
57823.00000
  0.00000
 11.11118 -4.03620  4.80230-13.57320
  0.00000  0.00000  0.00000  0.00000
  1.01079  0.00000
  10 2350.75000 2633.06250
 12.39240 -1.26380 -3.64260 -5.52810
 11.27560 -4.03620  4.80230-13.57320
  0.00000  0.00000  0.00000  0.00000
57823.00000
  0.00000
 10.95251 -4.03620  4.80230-13.57320
  0.00000  0.00000  0.00000  0.00000
  0.97542  0.00000
  10 2633.06250 2915.37500
 12.69075 -1.26380 -3.64260 -5.52810
 11.02207 -4.03620  4.80230-13.57320
  0.00000  0.00000  0.00000  0.00000
57823.00000
  0.00000
 10.90671 -4.03620  4.80230-13.57320
  0.00000  0.00000  0.00000  0.00000
  0.97626  0.00000
  10 2915.37500 3197.68750
 12.82600 -1.26380 -3.64260 -5.52810
 11.05044 -4.03620  4.80230-13.57320
  0.00000  0.00000  0.00000  0.00000
57823.00000
  0.00000
 10.87227 -4.03620  4.80230-13.57320
  0.00000  0.00000  0.00000  0.00000
  1.02202  0.00000
  10 3197.68750 3452.91421
 12.58150 -1.26380 -3.64260 -5.52810
 10.97548 -4.03620  4.80230-13.57320
  0.00000  0.00000  0.00000  0.00000
57823.00000
  0.00000
 10.95897 -4.03620  4.80230-13.57320
  0.00000  0.00000  0.00000  0.00000
  0.98011  0.00000
  10 3452.91421 3615.38320
  8.17186 -6.47610  5.52830 -3.08070
 15.05999 -5.31810  5.52420 -2.55140
  7.19343  1.46720 -2.08340  0.97830
57823.00000
312.00000
 14.99859 -5.31810  5.52420 -2.55140
  7.01232  1.46720 -2.08340  0.97830
  1.00810  0.00000
  10 3615.38320 3876.25000
  7.87049 -6.47610  5.52830 -3.08070
 24.79893-40.46730 51.48320-26.64190
 11.34647-13.78180 17.45750 -9.27770
57823.00000
312.00000
 24.66186-40.46730 51.48320-26.64190
 11.01600-13.78180 17.45750 -9.27770
  0.98916  0.00000
  10 3876.25000 4122.50000
  7.99214 -6.47610  5.52830 -3.08070
 25.39179-40.46730 51.48320-26.64190
 11.37909-13.78180 17.45750 -9.27770
57823.00000
312.00000
 24.91413-40.46730 51.48320-26.64190
 11.24893-13.78180 17.45750 -9.27770
  0.98504  0.00000
  10 4122.50000 4368.75000
  7.91894 -6.47610  5.52830 -3.08070
 25.25890-40.46730 51.48320-26.64190
 11.19740-13.78180 17.45750 -9.27770
57823.00000
312.00000
 25.01616-40.46730 51.48320-26.64190
 11.48421-13.78180 17.45750 -9.27770
  0.99442  0.00000
  10 4368.75000 4615.00000
  7.92450 -6.47610  5.52830 -3.08070
 24.79890-40.46730 51.48320-26.64190
 10.97513-13.78180 17.45750 -9.27770
57823.00000
312.00000
 25.38944-40.46730 51.48320-26.64190
 11.13135-13.78180 17.45750 -9.27770
  1.02130  0.00000
  10 4615.00000 4861.25000
  8.09286 -6.47610  5.52830 -3.08070
 24.34948-40.46730 51.48320-26.64190
 11.44985-13.78180 17.45750 -9.27770
57823.00000
312.00000
 25.55641-40.46730 51.48320-26.64190
 10.96916-13.78180 17.45750 -9.27770
  1.00351  0.00000
  10 4861.25000 5107.50000
  7.97358 -6.47610  5.52830 -3.08070
 25.31026-40.46730 51.48320-26.64190
 11.22813-13.78180 17.45750 -9.27770
57823.00000
312.00000
 24.40856-40.46730 51.48320-26.64190
 11.11764-13.78180 17.45750 -9.27770
  1.02084  0.00000
  10 5107.50000 5353.75000
  8.16799 -6.47610  5.52830 -3.08070
 24.68249-40.46730 51.48320-26.64190
 11.06738-13.78180 17.45750 -9.27770
57823.00000
312.00000
 24.63893-40.46730 51.48320-26.64190
 11.13116-13.78180 17.45750 -9.27770
  1.01011  0.00000
  10 5353.75000 5600.00000
  7.97647 -6.47610  5.52830 -3.08070
 25.04531-40.46730 51.48320-26.64190
 11.01765-13.78180 17.45750 -9.27770
57823.00000
312.00000
 25.11373-40.46730 51.48320-26.64190
 11.17192-13.78180 17.45750 -9.27770
  1.00006  0.00000
   5 5600.00000 5674.91719
  7.77211 -6.47610  5.52830 -3.08070
 28.75905-23.60270  5.52420 -2.55140
 22.59809-17.24730 -2.08340  0.97830
57823.00000
312.00000
 28.90731-23.60270  5.52420 -2.55140
 22.36158-17.24730 -2.08340  0.97830
  1.00030  0.00000
   5 5674.91719 5771.00000
  5.26645 -1.48360  0.00000  0.00000
 19.26134 -9.86720  0.00000  0.00000
  9.93941 -4.93240  0.00000  0.00000
57823.00000
143.00000
 19.47369 -9.86720  0.00000  0.00000
  9.73026 -4.93240  0.00000  0.00000
  0.98594  0.00000
  10 5771.00000 5946.79185
 11.51954 -8.02980  0.00000  0.00000
 39.48571-32.61660  0.00000  0.00000
 22.39319-18.58560  0.00000  0.00000
57823.00000
143.00000
 39.15714-32.61660  0.00000  0.00000
 22.00057-18.58560  0.00000  0.00000
  0.97523  0.00000
  10 5946.79185 6136.08640
  7.04349 -3.80450  0.00000  0.00000
 20.38749-12.25690  0.00000  0.00000
  9.05169 -4.45970  0.00000  0.00000
57823.00000
143.00000
 20.81481-12.25690  0.00000  0.00000
  8.90274 -4.45970  0.00000  0.00000
  0.99589  0.00000
  10 6136.08640 6291.00000
  2.50116  0.69240  0.00000  0.00000
  0.73112  7.21800  0.00000  0.00000
  6.07475 -1.46780  0.00000  0.00000
57823.00000
 80.00000
  3.77670  4.61720  0.00000  0.00000
 -0.94355  5.71760  0.00000  0.00000
  3.37171 -2.47780
   5 6291.00000 6346.60000
  2.61186  0.69240  0.00000  0.00000
  0.65296  7.21800  0.00000  0.00000
  5.93980 -1.46780  0.00000  0.00000
57823.00000
600.00000
  3.95709  4.61720  0.00000  0.00000
 -0.89291  5.71760  0.00000  0.00000
  3.38586 -2.47780
   5 6346.60000 6356.00000
  2.90000  0.00000  0.00000  0.00000
  6.80000  0.00000  0.00000  0.00000
  3.90000  0.00000  0.00000  0.00000
57823.00000
600.00000
  6.80000  0.00000  0.00000  0.00000
  3.90000  0.00000  0.00000  0.00000
  1.00000  0.00000
   5 6356.00000 6368.00000
  2.60000  0.00000  0.00000  0.00000
  5.80000  0.00000  0.00000  0.00000
  3.20000  0.00000  0.00000  0.00000
57823.00000
600.00000
  5.80000  0.00000  0.00000  0.00000
  3.20000  0.00000  0.00000  0.00000
  1.00000  0.00000
   5 6368.00000 6371.00000
  1.02000  0.00000  0.00000  0.00000
  1.45000  0.00000  0.00000  0.00000
  0.00000  0.00000  0.00000  0.00000
57823.00000
  0.00000
  1.45000  0.00000  0.00000  0.00000
  0.00000  0.00000  0.00000  0.00000
  1.00000  0.00000
