ANISOTROPIC_PREM
   1    1.00000  0
    30  40 120 6371.00000
  10    0.00000  305.37500
 13.40266  0.00000 -8.83810  0.00000
 11.44021  0.00000 -6.36400  0.00000
  3.58481  0.00000 -4.44750  0.00000
1327.70000
 84.60000
 11.51026  0.00000 -6.36400  0.00000
  3.70657  0.00000 -4.44750  0.00000
  0.98611  0.00000
  10  305.37500  610.75000
 12.97456  0.00000 -8.83810  0.00000
 11.44848  0.00000 -6.36400  0.00000
  3.68591  0.00000 -4.44750  0.00000
1327.70000
 84.60000
 11.22413  0.00000 -6.36400  0.00000
  3.73550  0.00000 -4.44750  0.00000
  0.98027  0.00000
  10  610.75000  916.12500
 13.15016  0.00000 -8.83810  0.00000
 11.14280  0.00000 -6.36400  0.00000
  3.66454  0.00000 -4.44750  0.00000
1327.70000
 84.60000
 11.22894  0.00000 -6.36400  0.00000
  3.70104  0.00000 -4.44750  0.00000
  1.00986  0.00000
  10  916.12500 1220.29090
 13.24247  0.00000 -8.83810  0.00000
 11.08353  0.00000 -6.36400  0.00000
  3.68544  0.00000 -4.44750  0.00000
1327.70000
 84.60000
 11.51331  0.00000 -6.36400  0.00000
  3.69445  0.00000 -4.44750  0.00000
  1.01238  0.00000
  10 1220.29090 1503.81250
 12.52380 -1.26380 -3.64260 -5.52810
 11.16330 -4.03620  4.80230-13.57320
  0.00000  0.00000  0.00000  0.00000
57823.00000
  0.00000
 11.04710 -4.03620  4.80230-13.57320
  0.00000  0.00000  0.00000  0.00000
  0.99679  0.00000
  10 1503.81250 1786.12500
 12.65096 -1.26380 -3.64260 -5.52810
 11.00683 -4.03620  4.80230-13.57320
  0.00000  0.00000  0.00000  0.00000
57823.00000
  0.00000
 10.86008 -4.03620  4.80230-13.57320
  0.00000  0.00000  0.00000  0.00000
  0.97771  0.00000
  10 1786.12500 2068.43750
 12.68092 -1.26380 -3.64260 -5.52810
 10.89140 -4.03620  4.80230-13.57320
  0.00000  0.00000  0.00000  0.00000
57823.00000
  0.00000
 11.26703 -4.03620  4.80230-13.57320
  0.00000  0.00000  0.00000  0.00000
  0.98350  0.00000
  10 2068.43750 2350.75000
 12.63142 -1.26380 -3.64260 -5.52810
 11.09910 -4.03620  4.80230-13.57320
  0.00000  0.00000  0.00000  0.00000
57823.00000
  0.00000
 11.04941 -4.03620  4.80230-13.57320
  0.00000  0.00000  0.00000  0.00000
  1.02225  0.00000
  10 2350.75000 2633.06250
 12.58645 -1.26380 -3.64260 -5.52810
 10.86674 -4.03620  4.80230-13.57320
  0.00000  0.00000  0.00000  0.00000
57823.00000
  0.00000
 10.98328 -4.03620  4.80230-13.57320
  0.00000  0.00000  0.00000  0.00000
  1.01960  0.00000
  10 2633.06250 2915.37500
 12.53030 -1.26380 -3.64260 -5.52810
 10.86504 -4.03620  4.80230-13.57320
  0.00000  0.00000  0.00000  0.00000
57823.00000
  0.00000
 11.23064 -4.03620  4.80230-13.57320
  0.00000  0.00000  0.00000  0.00000
  0.99491  0.00000
  10 2915.37500 3197.68750
 12.87685 -1.26380 -3.64260 -5.52810
 10.83598 -4.03620  4.80230-13.57320
  0.00000  0.00000  0.00000  0.00000
57823.00000
  0.00000
 10.83820 -4.03620  4.80230-13.57320
  0.00000  0.00000  0.00000  0.00000
  0.98207  0.00000
  10 3197.68750 3423.56500
 12.66788 -1.26380 -3.64260 -5.52810
 10.92716 -4.03620  4.80230-13.57320
  0.00000  0.00000  0.00000  0.00000
57823.00000
  0.00000
 11.23444 -4.03620  4.80230-13.57320
  0.00000  0.00000  0.00000  0.00000
  0.99717  0.00000
  10 3423.56500 3647.31941
  8.06782 -6.47610  5.52830 -3.08070
 15.36034 -5.31810  5.52420 -2.55140
  7.21793  1.46720 -2.08340  0.97830
57823.00000
312.00000
 14.82405 -5.31810  5.52420 -2.55140
  6.84005  1.46720 -2.08340  0.97830
  0.99668  0.00000
  10 3647.31941 3876.25000
  7.97497 -6.47610  5.52830 -3.08070
 24.49501-40.46730 51.48320-26.64190
 11.26403-13.78180 17.45750 -9.27770
57823.00000
312.00000
 24.37754-40.46730 51.48320-26.64190
 11.17061-13.78180 17.45750 -9.27770
  0.97598  0.00000
  10 3876.25000 4122.50000
  7.84295 -6.47610  5.52830 -3.08070
 24.38068-40.46730 51.48320-26.64190
 11.03232-13.78180 17.45750 -9.27770
57823.00000
312.00000
 25.53782-40.46730 51.48320-26.64190
 11.01861-13.78180 17.45750 -9.27770
  1.01095  0.00000
  10 4122.50000 4368.75000
  7.94543 -6.47610  5.52830 -3.08070
 24.94229-40.46730 51.48320-26.64190
 11.42233-13.78180 17.45750 -9.27770
57823.00000
312.00000
 24.92344-40.46730 51.48320-26.64190
 10.87983-13.78180 17.45750 -9.27770
  1.00787  0.00000
  10 4368.75000 4615.00000
  8.12001 -6.47610  5.52830 -3.08070
 25.46300-40.46730 51.48320-26.64190
 10.94732-13.78180 17.45750 -9.27770
57823.00000
312.00000
 24.54602-40.46730 51.48320-26.64190
 11.31618-13.78180 17.45750 -9.27770
  1.00433  0.00000
  10 4615.00000 4861.25000
  8.14189 -6.47610  5.52830 -3.08070
 24.34760-40.46730 51.48320-26.64190
 10.97491-13.78180 17.45750 -9.27770
57823.00000
312.00000
 25.54869-40.46730 51.48320-26.64190
 10.98068-13.78180 17.45750 -9.27770
  1.01535  0.00000
  10 4861.25000 5107.50000
  8.16801 -6.47610  5.52830 -3.08070
 24.62444-40.46730 51.48320-26.64190
 11.05171-13.78180 17.45750 -9.27770
57823.00000
312.00000
 24.75350-40.46730 51.48320-26.64190
 11.14420-13.78180 17.45750 -9.27770
  1.01604  0.00000
  10 5107.50000 5353.75000
  7.82409 -6.47610  5.52830 -3.08070
 25.42101-40.46730 51.48320-26.64190
 11.11122-13.78180 17.45750 -9.27770
57823.00000
312.00000
 25.46778-40.46730 51.48320-26.64190
 11.22803-13.78180 17.45750 -9.27770
  0.98571  0.00000
  10 5353.75000 5600.00000
  7.88657 -6.47610  5.52830 -3.08070
 25.10349-40.46730 51.48320-26.64190
 10.98911-13.78180 17.45750 -9.27770
57823.00000
312.00000
 24.90629-40.46730 51.48320-26.64190
 11.27631-13.78180 17.45750 -9.27770
  0.97851  0.00000
   5 5600.00000 5711.49086
  7.78837 -6.47610  5.52830 -3.08070
 29.63710-23.60270  5.52420 -2.55140
 22.60162-17.24730 -2.08340  0.97830
57823.00000
312.00000
 29.13253-23.60270  5.52420 -2.55140
 22.29395-17.24730 -2.08340  0.97830
  0.99344  0.00000
   5 5711.49086 5771.00000
  5.51422 -1.48360  0.00000  0.00000
 19.51369 -9.86720  0.00000  0.00000
  9.95087 -4.93240  0.00000  0.00000
57823.00000
143.00000
 19.17059 -9.86720  0.00000  0.00000
  9.86145 -4.93240  0.00000  0.00000
  1.01906  0.00000
  10 5771.00000 5974.03273
 11.35027 -8.02980  0.00000  0.00000
 39.16011-32.61660  0.00000  0.00000
 22.82329-18.58560  0.00000  0.00000
57823.00000
143.00000
 40.49424-32.61660  0.00000  0.00000
 22.76159-18.58560  0.00000  0.00000
  1.01378  0.00000
  10 5974.03273 6138.79397
  7.25188 -3.80450  0.00000  0.00000
 20.81093-12.25690  0.00000  0.00000
  8.71732 -4.45970  0.00000  0.00000
57823.00000
143.00000
 21.23103-12.25690  0.00000  0.00000
  9.08542 -4.45970  0.00000  0.00000
  0.98777  0.00000
  10 6138.79397 6291.00000
  2.56345  0.69240  0.00000  0.00000
  0.54923  7.21800  0.00000  0.00000
  5.83733 -1.46780  0.00000  0.00000
57823.00000
 80.00000
  3.82859  4.61720  0.00000  0.00000
 -1.25395  5.71760  0.00000  0.00000
  3.37978 -2.47780
   5 6291.00000 6346.60000
  2.46850  0.69240  0.00000  0.00000
  1.35720  7.21800  0.00000  0.00000
  6.05737 -1.46780  0.00000  0.00000
57823.00000
600.00000
  3.42941  4.61720  0.00000  0.00000
 -0.89944  5.71760  0.00000  0.00000
  3.37174 -2.47780
   5 6346.60000 6356.00000
  2.90000  0.00000  0.00000  0.00000
  6.80000  0.00000  0.00000  0.00000
  3.90000  0.00000  0.00000  0.00000
57823.00000
600.00000
  6.80000  0.00000  0.00000  0.00000
  3.90000  0.00000  0.00000  0.00000
  1.00000  0.00000
   5 6356.00000 6368.00000
  2.60000  0.00000  0.00000  0.00000
  5.80000  0.00000  0.00000  0.00000
  3.20000  0.00000  0.00000  0.00000
57823.00000
600.00000
  5.80000  0.00000  0.00000  0.00000
  3.20000  0.00000  0.00000  0.00000
  1.00000  0.00000
   5 6368.00000 6371.00000
  1.02000  0.00000  0.00000  0.00000
  1.45000  0.00000  0.00000  0.00000
  0.00000  0.00000  0.00000  0.00000
57823.00000
  0.00000
  1.45000  0.00000  0.00000  0.00000
  0.00000  0.00000  0.00000  0.00000
  1.00000  0.00000
