    0 t    2    6.139775       0.3834467        2607.925        9.324421        249.8070       0.2934391E-09
    0 t    3    6.800201       0.5945690        1681.890        7.797887        241.0323       0.1373643E-09
    0 t    4    6.930801       0.7791273        1283.487        7.012608        230.7691       0.3833543E-09
    0 t    5    6.895119       0.9473643        1055.560        6.465167        220.1315       0.8304774E-09
    0 t    6    6.797998        1.103842        905.9267        6.063016        209.9764       0.1320628E-08
    0 t    7    6.680484        1.251647        798.9476        5.765219        200.7425       0.1545452E-08
    0 t    8    6.560218        1.392996        717.8773        5.541762        192.5537       0.1717215E-08
    0 t    9    6.444662        1.529453        653.8284        5.370353        185.3737       0.1866630E-08
    0 t   10    6.336646        1.662116        601.6428        5.235603        179.1062       0.1725113E-08
    0 t   11    6.236920        1.791763        558.1096        5.127306        173.6420       0.1694396E-08
    0 t   12    6.145320        1.918965        521.1142        5.038692        168.8763       0.1503940E-08
    0 t   13    6.061319        2.044153        489.2001        4.965158        164.7151       0.2073274E-08
    0 t   14    5.984265        2.167661        461.3268        4.903450        161.0758       0.2303814E-08
    0 t   15    5.913496        2.289752        436.7285        4.851190        157.8871       0.2765085E-08
    0 t   16    5.848384        2.410640        414.8276        4.806579        155.0874       0.2760810E-08
    0 t   17    5.788355        2.530496        395.1794        4.768227        152.6244       0.2655802E-08
    0 t   18    5.732892        2.649464        377.4348        4.735038        150.4532       0.2340361E-08
    0 t   19    5.681533        2.767660        361.3161        4.706140        148.5354       0.1836152E-08
    0 t   20    5.633870        2.885182        346.5986        4.680831        146.8386       0.3121435E-08
    0 t   21    5.589538        3.002112        333.0988        4.658541        145.3348       0.2414700E-08
    0 t   22    5.548218        3.118520        320.6649        4.638804        144.0001       0.2634514E-08
    0 t   23    5.509625        3.234465        309.1702        4.621237        142.8142       0.1584050E-08
    0 t   24    5.473506        3.349996        298.5079        4.605526        141.7594       0.3418003E-08
    1 t    1    33.78870        1.266121        789.8139        2.481599        258.1052       0.1982925E-10
    1 t    2    21.56918        1.347057        742.3589        3.955754        254.3443       0.2410159E-10
    1 t    3    16.72105        1.461989        683.9995        5.188407        250.5842       0.2962756E-10
    1 t    4    14.26982        1.604145        623.3850        6.126085        247.3396       0.8476773E-10
    1 t    5    12.85223        1.765849        566.2999        6.752058        244.3542       0.4261497E-09
    1 t    6    11.94468        1.939548        515.5841        7.092602        241.1386       0.3662558E-09
    1 t    7    11.30875        2.118793        471.9668        7.206888        237.4287       0.5917146E-09
    1 t    8    10.82619        2.298832        435.0035        7.168138        233.3052       0.6217659E-09
    1 t    9    10.43621        2.476730        403.7581        7.045864        229.0551       0.5354486E-09
    1 t   10    10.10706        2.651103        377.2015        6.892883        224.9645       0.4012878E-09
    1 t   11    9.821718        2.821615        354.4069        6.740363        221.1920       0.4690746E-09
    1 t   12    9.570324        2.988472        334.6192        6.601322        217.7616       0.5721688E-09
    1 t   13    9.346458        3.152052        317.2537        6.477953        214.6187       0.6222433E-09
    1 t   14    9.145440        3.312723        301.8665        6.367965        211.6856       0.7491369E-09
    1 t   15    8.963608        3.470780        288.1197        6.268204        208.8930       0.7654005E-09
    1 t   16    8.798014        3.626445        275.7521        6.176109        206.1910       0.7639783E-09
    1 t   17    8.646259        3.779887        264.5582        6.090009        203.5489       0.7424751E-09
    1 t   18    8.506395        3.931242        254.3725        6.008973        200.9514       0.9890967E-09
    1 t   19    8.376842        4.080632        245.0601        5.932564        198.3935       0.1085462E-08
    1 t   20    8.256311        4.228170        236.5089        5.860622        195.8768       0.8849898E-09
    1 t   21    8.143750        4.373966        228.6255        5.793115        193.4063       0.7495727E-09
    1 t   22    8.038294        4.518132        221.3304        5.730042        190.9888       0.8820414E-09
    1 t   23    7.939225        4.660779        214.5564        5.671381        188.6311       0.6262903E-09
    1 t   24    7.845939        4.802015        208.2459        5.617066        186.3395       0.6559211E-11
    2 t    1    59.70261        2.237160        446.9952        1.340259        209.0478      -0.1756320E-09
    2 t    2    36.53432        2.281674        438.2747        2.214275        209.7172      -0.1599468E-09
    2 t    3    26.85151        2.347736        425.9422        3.061474        210.8163      -0.1399547E-09
    2 t    4    21.65704        2.434580        410.7485        3.874384        212.4223      -0.8671192E-10
    2 t    5    18.49579        2.541254        393.5065        4.645344        214.5795      -0.7098634E-10
    2 t    6    16.42206        2.666574        375.0130        5.362551        217.2489      -0.5821632E-10
    2 t    7    14.99244        2.808964        356.0032        6.006082        220.2537      -0.3095882E-10
    2 t    8    13.96932        2.966242        337.1269        6.548032        223.2558      -0.2488869E-10
    2 t    9    13.21207        3.135502        318.9282        6.960102        225.8177       0.2788491E-09
    2 t   10    12.63143        3.313251        301.8184        7.225809        227.5552       0.7342859E-09
    2 t   11    12.16860        3.495835        286.0547        7.349304        228.2957       0.4515208E-09
    2 t   12    11.78479        3.679971        271.7413        7.355608        228.1352      -0.1940536E-10
    2 t   13    11.45513        3.863193        258.8532        7.283070        227.3675      -0.2181079E-10
    2 t   14    11.16439        4.044040        247.2774        7.171931        226.3407       0.6555336E-09
    2 t   15    10.90363        4.221971        236.8562        7.054116        225.3293       0.1014042E-08
    2 t   16    10.66764        4.397084        227.4235        6.948601        224.4804       0.7551413E-09
    2 t   17    10.45313        4.569798        218.8281        6.862767        223.8298       0.1357481E-09
    2 t   18    10.25771        4.740616        210.9431        6.796607        223.3472       0.1379785E-09
    2 t   19    10.07938        4.909992        203.6663        6.746705        222.9747       0.3390439E-09
    2 t   20    9.916310        5.078278        196.9171        6.708738        222.6508       0.3820167E-09
    2 t   21    9.766843        5.245721        190.6316        6.678667        222.3200       0.4370577E-09
    2 t   22    9.629438        5.412476        184.7583        6.653124        221.9363       0.5189577E-09
    2 t   23    9.502687        5.578620        179.2558        6.629451        221.4631       0.2637302E-09
    2 t   24    9.385319        5.744175        174.0894        6.605600        220.8717       0.6271316E-09
    3 t    1    86.96992        3.258914        306.8507       0.8793229        199.9245      -0.5831554E-10
    3 t    2    52.65068        3.288187        304.1190        1.459371        200.7165      -0.5786456E-10
    3 t    3    38.10725        3.331871        300.1316        2.030854        201.9025      -0.5732764E-10
    3 t    4    30.15361        3.389724        295.0093        2.591660        203.4818      -0.5685437E-10
    3 t    5    25.19326        3.461462        288.8953        3.140840        205.4556      -0.5661582E-10
    3 t    6    21.84290        3.546796        281.9446        3.678703        207.8284      -0.5678779E-10
    3 t    7    19.45711        3.645457        274.3140        4.206642        210.6076      -0.5753323E-10
    3 t    8    17.69437        3.757220        266.1542        4.726473        213.7993      -0.5899055E-10
    3 t    9    16.35715        3.881895        257.6062        5.239005        217.3950      -0.6127383E-10
    3 t   10    15.32307        4.019275        248.8011        5.741616        221.3462      -0.5380711E-10
    3 t   11    14.51186        4.169016        239.8648        6.225312        225.5258      -0.2140592E-10
    3 t   12    13.86788        4.330446        230.9231        6.673003        229.6959      -0.3111575E-10
    3 t   13    13.35046        4.502383        222.1046        7.061604        233.5136      -0.4793731E-10
    3 t   14    12.92853        4.683058        213.5357        7.368697        236.5995       0.7545527E-09
    3 t   15    12.57783        4.870234        205.3289        7.580304        238.6415       0.7643435E-09
    3 t   16    12.27951        5.061478        197.5707        7.694845        239.4713       0.3446274E-09
    3 t   17    12.01926        5.254463        190.3144        7.721738        239.0778       0.3364720E-09
    3 t   18    11.78659        5.447189        183.5809        7.677030        237.5751      -0.1023842E-09
    3 t   19    11.57405        5.638094        177.3649        7.579005        235.1611      -0.7867419E-10
    3 t   20    11.37652        5.826069        171.6423        7.445251        232.0835      -0.8827168E-10
    3 t   21    11.19061        6.010420        166.3777        7.291290        228.6152       0.2039920E-09
    3 t   22    11.01419        6.190810        161.5298        7.130253        225.0292       0.6776051E-09
    3 t   23    10.84597        6.367202        157.0549        6.972885        221.5733       0.3536821E-09
    3 t   24    10.68527        6.539796        152.9100        6.827496        218.4452       0.6344769E-09
    4 t    1    116.0201        4.347474        230.0186       0.6707580        210.7141      -0.3003536E-09
    4 t    2    69.96994        4.369825        228.8421        1.115457        210.9560      -0.2919605E-09
    4 t    3    50.36092        4.403259        227.1045        1.556555        211.3102      -0.2826200E-09
    4 t    4    39.56467        4.447671        224.8368        1.992810        211.7666      -0.2726935E-09
    4 t    5    32.77325        4.502925        222.0779        2.423134        212.3119      -0.2626078E-09
    4 t    6    28.13728        4.568861        218.8729        2.846578        212.9297      -0.2483354E-09
    4 t    7    24.79360        4.645295        215.2716        3.262285        213.6008      -0.2437840E-09
    4 t    8    22.28515        4.732024        211.3260        3.669383        214.3033      -0.2400666E-09
    4 t    9    20.34721        4.828820        207.0899        4.066853        215.0125      -0.2376313E-09
    4 t   10    18.81580        4.935425        202.6168        4.453342        215.7019      -0.2369179E-09
    4 t   11    17.58384        5.051543        197.9593        4.826954        216.3448      -0.2383476E-09
    4 t   12    16.57832        5.176819        193.1688        5.185043        216.9162      -0.2423156E-09
    4 t   13    15.74765        5.310824        188.2947        5.524064        217.3985      -0.2491692E-09
    4 t   14    15.05418        5.453027        183.3844        5.839619        217.7876      -0.2056769E-09
    4 t   15    14.46969        5.602780        178.4828        6.126842        218.1025      -0.2070588E-09
    4 t   16    13.97251        5.759316        173.6317        6.381313        218.3948      -0.1654574E-09
    4 t   17    13.54571        5.921779        168.8682        6.600430        218.7536      -0.1510645E-09
    4 t   18    13.17595        6.089283        164.2230        6.784821        219.3000      -0.1707784E-09
    4 t   19    12.85278        6.261007        159.7187        6.938910        220.1659      -0.1860458E-09
    4 t   20    12.56806        6.436278        155.3693        7.069903        221.4572      -0.2102802E-09
    4 t   21    12.31554        6.614615        151.1804        7.185319        223.2144      -0.2309344E-09
    4 t   22    12.09036        6.795699        147.1519        7.290306        225.3863      -0.2184855E-09
    4 t   23    11.88861        6.979293        143.2810        7.386135        227.8310      -0.2186864E-09
    4 t   24    11.70702        7.165144        139.5645        7.470412        230.3419      -0.2209571E-09
