    0 t    2    6.172917       0.3855165        2593.923        9.304923        258.2575      -0.2706157E-09
    0 t    3    6.804206       0.5949193        1680.900        7.687255        245.4853       0.1035054E-09
    0 t    4    6.903333       0.7760395        1288.594        6.856842        231.7732       0.4064491E-09
    0 t    5    6.843590       0.9402843        1063.508        6.308085        218.7311       0.8401319E-09
    0 t    6    6.731816        1.093096        914.8331        5.929782        207.1128       0.1209311E-08
    0 t    7    6.607356        1.237945        807.7901        5.662753        197.0356       0.1367513E-08
    0 t    8    6.485297        1.377087        726.1707        5.467411        188.3533       0.1566658E-08
    0 t    9    6.371002        1.511972        661.3877        5.318653        180.8670       0.1288679E-08
    0 t   10    6.265913        1.643562        608.4345        5.201398        174.3959       0.9493760E-09
    0 t   11    6.169943        1.772522        564.1680        5.106668        168.7889       0.1663435E-08
    0 t   12    6.082470        1.899339        526.4989        5.028929        163.9210       0.1906854E-08
    0 t   13    6.002720        2.024391        493.9757        4.964549        159.6872       0.1614835E-08
    0 t   14    5.929924        2.147977        465.5543        4.910963        155.9983       0.2029414E-08
    0 t   15    5.863366        2.270342        440.4624        4.866245        152.7782       0.2308913E-08
    0 t   16    5.802401        2.391686        418.1150        4.828877        149.9618       0.2578661E-08
    0 t   17    5.746456        2.512179        398.0608        4.797632        147.4932       0.2409474E-08
    0 t   18    5.695017        2.631960        379.9450        4.771497        145.3250       0.3404697E-08
    0 t   19    5.647631        2.751145        363.4851        4.749634        143.4166       0.3104630E-08
    0 t   20    5.603895        2.869831        348.4525        4.731340        141.7332       0.3506029E-08
    0 t   21    5.563452        2.988102        334.6606        4.716032        140.2452       0.2992288E-08
    0 t   22    5.525985        3.106023        321.9551        4.703219        138.9275       0.4408549E-08
    0 t   23    5.491209        3.223653        310.2070        4.692491        137.7584       0.3700813E-08
    0 t   24    5.458873        3.341040        299.3080        4.683506        136.7195       0.3924933E-08
    1 t    1    32.25310        1.208580        827.4175        2.816565        263.0382       0.5788732E-10
    1 t    2    20.81999        1.300269        769.0719        4.472078        261.7810       0.1636513E-10
    1 t    3    16.35180        1.429704        699.4455        5.818542        261.1228       0.2350416E-10
    1 t    4    14.12729        1.588122        629.6747        6.781388        260.6065       0.1435898E-09
    1 t    5    12.85049        1.765611        566.3762        7.346613        259.0601       0.1976119E-09
    1 t    6    12.02575        1.952711        512.1087        7.561371        255.5914       0.3363100E-09
    1 t    7    11.43089        2.141676        466.9239        7.511931        250.1702       0.2583714E-09
    1 t    8    10.95978        2.327197        429.7014        7.303516        243.6085       0.2584589E-09
    1 t    9    10.56210        2.506608        398.9455        7.038141        237.0555       0.2956421E-09
    1 t   10    10.21521        2.679471        373.2080        6.788116        231.3677       0.2840703E-09
    1 t   11    9.908837        2.846643        351.2909        6.585065        226.8461       0.2470467E-09
    1 t   12    9.637240        3.009367        332.2958        6.431031        223.3878       0.3695712E-09
    1 t   13    9.395972        3.168750        315.5818        6.315667        220.7360       0.6580414E-09
    1 t   14    9.181010        3.325608        300.6969        6.227134        218.6316       0.7541831E-09
    1 t   15    8.988677        3.480487        287.3161        6.156079        216.8668       0.3825581E-09
    1 t   16    8.815709        3.633739        275.1986        6.096091        215.2891       0.9337247E-10
    1 t   17    8.659293        3.785585        264.1599        6.043032        213.7910       0.8608732E-11
    1 t   18    8.517044        3.936164        254.0545        5.994284        212.2979       0.1243130E-09
    1 t   19    8.386958        4.085560        244.7645        5.948185        210.7591       0.3690651E-09
    1 t   20    8.267356        4.233826        236.1930        5.903654        209.1414       0.5377397E-09
    1 t   21    8.156831        4.380992        228.2588        5.859974        207.4241       0.4483161E-09
    1 t   22    8.054198        4.527072        220.8933        5.816652        205.5960       0.9169725E-09
    1 t   23    7.958459        4.672070        214.0379        5.773352        203.6534       0.8142247E-09
    1 t   24    7.868765        4.815986        207.6418        5.729843        201.5983       0.4864394E-09
    2 t    1    58.74039        2.201104        454.3174        1.322838        204.2566      -0.1347612E-09
    2 t    2    35.94832        2.245076        445.4191        2.189238        205.2887      -0.1167997E-09
    2 t    3    26.42559        2.310496        432.8075        3.036876        207.0172      -0.9412092E-10
    2 t    4    21.32166        2.396878        417.2093        3.865219        209.6476      -0.7414753E-10
    2 t    5    18.22288        2.503757        399.3998        4.675463        213.4219      -0.6029685E-10
    2 t    6    16.20076        2.630639        380.1357        5.462564        218.5400      -0.4940198E-10
    2 t    7    14.82025        2.776703        360.1394        6.203230        224.9854      -0.4364416E-10
    2 t    8    13.84684        2.940236        340.1087        6.850293        232.3121      -0.7457770E-11
    2 t    9    13.13912        3.118189        320.6990        7.348233        239.6341       0.2498113E-09
    2 t   10    12.60509        3.306341        302.4491        7.663927        245.9901       0.6162963E-09
    2 t   11    12.18358        3.500138        285.7030        7.804288        250.7970       0.2336106E-09
    2 t   12    11.83496        3.695639        270.5892        7.808680        253.9911       0.4008475E-11
    2 t   13    11.53488        3.890088        257.0636        7.729076        255.8477       0.2840012E-09
    2 t   14    11.26917        4.081994        244.9783        7.611940        256.7233       0.2844109E-09
    2 t   15    11.02984        4.270841        234.1459        7.488268        256.8889       0.3248619E-09
    2 t   16    10.81223        4.456681        224.3822        7.372706        256.4833       0.9639526E-10
    2 t   17    10.61319        4.639772        215.5278        7.268237        255.5424       0.1159725E-09
    2 t   18    10.43026        4.820361        207.4533        7.171845        254.0458       0.2757138E-09
    2 t   19    10.26126        4.998591        200.0564        7.078599        251.9567       0.3080608E-09
    2 t   20    10.10417        5.174481        193.2561        6.983846        249.2469       0.1452885E-09
    2 t   21    9.957176        5.347948        186.9876        6.884126        245.9127       0.1625185E-09
    2 t   22    9.818670        5.518839        181.1975        6.777444        241.9859      -0.5452080E-10
    2 t   23    9.687254        5.686972        175.8405        6.663279        237.5397       0.1179901E-09
    2 t   24    9.561766        5.852167        170.8769        6.542477        232.6896       0.9708630E-10
    3 t    1    85.61418        3.208112        311.7098       0.9557336        217.2794      -0.7196726E-10
    3 t    2    51.87810        3.239937        308.6480        1.587458        218.6104      -0.7093566E-10
    3 t    3    37.59952        3.287479        304.1845        2.211788        220.5843      -0.6696912E-10
    3 t    4    29.80494        3.350528        298.4604        2.827179        223.1737      -0.6464938E-10
    3 t    5    24.95594        3.428856        291.6425        3.433275        226.3417      -0.6335953E-10
    3 t    6    21.69164        3.522234        283.9107        4.030869        230.0406      -0.6248699E-10
    3 t    7    19.37711        3.630470        275.4465        4.621434        234.2087      -0.6228404E-10
    3 t    8    17.67638        3.753399        266.4252        5.205890        238.7617      -0.6761576E-10
    3 t    9    16.39490        3.890854        257.0130        5.782215        243.5740      -0.7213928E-10
    3 t   10    15.41177        4.042540        247.3693        6.341796        248.4479      -0.7414884E-10
    3 t   11    14.64695        4.207825        237.6525        6.865640        253.0738      -0.7396523E-10
    3 t   12    14.04404        4.385456        228.0265        7.323276        257.0068      -0.7406408E-10
    3 t   13    13.56079        4.573316        218.6597        7.677329        259.6932      -0.8675432E-10
    3 t   14    13.16404        4.768366        209.7154        7.893379        260.5621      -0.9714582E-10
    3 t   15    12.82738        4.966863        201.3343        7.951170        259.1736       0.6430201E-09
    3 t   16    12.53026        5.164837        193.6170        7.854192        255.4053       0.6532786E-09
    3 t   17    12.25785        5.358768        186.6101        7.635468        249.6258       0.3742104E-09
    3 t   18    12.00104        5.546299        180.3004        7.352780        242.6863      -0.9444730E-10
    3 t   19    11.75579        5.726629        174.6228        7.068582        235.6148      -0.1547524E-09
    3 t   20    11.52152        5.900326        169.4822        6.826960        229.2216       0.1446275E-10
    3 t   21    11.29917        6.068727        164.7792        6.645777        223.9373       0.1728749E-10
    3 t   22    11.08988        6.233357        160.4272        6.524080        219.8972       0.9404145E-11
    3 t   23    10.89434        6.395597        156.3576        6.452662        217.0844       0.4356243E-11
    3 t   24    10.71268        6.556569        152.5188        6.420687        215.4203      -0.2103147E-09
    4 t    1    116.5532        4.367452        228.9665       0.6879573        226.9683      -0.3108881E-09
    4 t    2    70.29850        4.390345        227.7726        1.141146        227.0749      -0.3024077E-09
    4 t    3    50.60365        4.424481        226.0152        1.586425        227.2135      -0.2921791E-09
    4 t    4    39.76002        4.469631        223.7321        2.021156        227.3599      -0.2820834E-09
    4 t    5    32.93756        4.525501        220.9700        2.443225        227.4853      -0.2641589E-09
    4 t    6    28.27828        4.591756        217.7816        2.851198        227.5585      -0.2505763E-09
    4 t    7    24.91496        4.668034        214.2229        3.244491        227.5492      -0.2337852E-09
    4 t    8    22.38851        4.753972        210.3504        3.623578        227.4332      -0.2222030E-09
    4 t    9    20.43322        4.849232        206.2182        3.990234        227.1975      -0.2155318E-09
    4 t   10    18.88488        4.953544        201.8757        4.347851        226.8479      -0.2157999E-09
    4 t   11    17.63675        5.066743        197.3655        4.701768        226.4186      -0.2109839E-09
    4 t   12    16.61677        5.188826        192.7218        5.059495        225.9830      -0.2025576E-09
    4 t   13    15.77486        5.320003        187.9698        5.430411        225.6643      -0.2049947E-09
    4 t   14    15.07544        5.460726        183.1258        5.823937        225.6362      -0.2094238E-09
    4 t   15    14.49256        5.611634        178.2012        6.244595        226.0931      -0.2100041E-09
    4 t   16    14.00650        5.773327        173.2103        6.682905        227.1603      -0.1993738E-09
    4 t   17    13.60085        5.945888        168.1835        7.105776        228.7409      -0.2122579E-09
    4 t   18    13.26030        6.128267        163.1783        7.457611        230.4089      -0.2244321E-09
    4 t   19    12.96965        6.317938        158.2795        7.680672        231.5367       0.1814703E-09
    4 t   20    12.71439        6.511214        153.5812        7.744216        231.6770       0.6334840E-09
    4 t   21    12.48230        6.704179        149.1607        7.661689        230.9044       0.2901068E-09
    4 t   22    12.26485        6.893776        145.0584        7.485901        229.7973       0.2171134E-09
    4 t   23    12.05763        7.078519        141.2725        7.284167        229.0605      -0.2282722E-09
    4 t   24    11.85949        7.258464        137.7702        7.108645        229.1291      -0.2768023E-09
