    0 t    2    6.089520       0.3803081        2629.447        9.227696        252.4101       0.1930431E-08
    0 t    3    6.733712       0.5887557        1698.497        7.678171        243.0490       0.1163602E-08
    0 t    4    6.849073       0.7699399        1298.803        6.862446        231.9612       0.2616636E-09
    0 t    5    6.798275       0.9340582        1070.597        6.286746        220.4185       0.4529962E-09
    0 t    6    6.686692        1.085768        921.0066        5.860933        209.4259       0.5739182E-09
    0 t    7    6.555671        1.228262        814.1586        5.543024        199.4985       0.7496811E-09
    0 t    8    6.422849        1.363827        733.2310        5.301675        190.7809       0.7363573E-09
    0 t    9    6.295587        1.494075        669.3105        5.114146        183.2332       0.7582421E-09
    0 t   10    6.176651        1.620149        617.2273        4.965257        176.7460       0.6888969E-09
    0 t   11    6.066772        1.742882        573.7622        4.845200        171.1933       0.1123303E-08
    0 t   12    5.965808        1.862910        536.7946        4.747508        166.4517       0.1294436E-08
    0 t   13    5.873259        1.980731        504.8642        4.667683        162.4078       0.9692060E-09
    0 t   14    5.788496        2.096748        476.9290        4.602400        158.9605       0.1075104E-08
    0 t   15    5.710862        2.211291        452.2245        4.549075        156.0211       0.1205973E-08
    0 t   16    5.639722        2.324632        430.1756        4.505628        153.5131       0.1072349E-08
    0 t   17    5.574476        2.436995        410.3414        4.470361        151.3710       0.9162056E-09
    0 t   18    5.514571        2.548567        392.3774        4.441867        149.5393       0.8172079E-09
    0 t   19    5.459502        2.659501        376.0104        4.418983        147.9709       0.5874720E-09
    0 t   20    5.408809        2.769925        361.0206        4.400742        146.6262       0.3634700E-09
    0 t   21    5.362079        2.879945        347.2288        4.386344        145.4719       0.5872945E-10
    0 t   22    5.318940        2.989648        334.4875        4.375123        144.4799       0.6656468E-10
    0 t   23    5.279054        3.099107        322.6736        4.366532        143.6266       0.7483835E-10
    0 t   24    5.242122        3.208380        311.6838        4.360112        142.8920       0.8353844E-10
    1 t    1    32.71337        1.225827        815.7760        2.476243        250.5838       0.4067878E-10
    1 t    2    20.92180        1.306627        765.3296        3.950536        246.6475      -0.7344777E-12
    1 t    3    16.25732        1.421443        703.5104        5.183562        242.7516       0.6004101E-11
    1 t    4    13.90744        1.563407        639.6286        6.112864        239.3995       0.1286759E-09
    1 t    5    12.55121        1.724490        579.8816        6.711324        236.2315       0.1682414E-09
    1 t    6    11.68006        1.896579        527.2651        7.000083        232.6672       0.4749648E-09
    1 t    7    11.06248        2.072652        482.4737        7.042678        228.4905       0.4415550E-09
    1 t    8    10.58504        2.247625        444.9142        6.927293        224.0000       0.4033783E-09
    1 t    9    10.19163        2.418687        413.4475        6.743089        219.7484       0.3014520E-09
    1 t   10    9.855072        2.585006        386.8463        6.555918        216.1584       0.4290220E-09
    1 t   11    9.561916        2.746979        364.0363        6.397978        213.3436       0.6637102E-09
    1 t   12    9.304457        2.905451        344.1806        6.275481        211.1810       0.7483168E-09
    1 t   13    9.077203        3.061247        326.6643        6.182356        209.4591       0.4313979E-09
    1 t   14    8.875629        3.214990        311.0429        6.109811        207.9756       0.3752999E-09
    1 t   15    8.695839        3.367098        296.9917        6.050367        206.5743       0.3424559E-09
    1 t   16    8.534498        3.517827        284.2664        5.998725        205.1474       0.7145949E-09
    1 t   17    8.388782        3.667326        272.6783        5.951443        203.6278       0.5433123E-09
    1 t   18    8.256332        3.815675        262.0768        5.906395        201.9785       0.4502103E-09
    1 t   19    8.135187        3.962914        252.3396        5.862304        200.1840       0.5348432E-09
    1 t   20    8.023719        4.109056        243.3649        5.818431        198.2439       0.6355103E-09
    1 t   21    7.920578        4.254102        235.0673        5.774365        196.1677       0.6934988E-09
    1 t   22    7.824641        4.398043        227.3739        5.729902        193.9717       0.7546606E-09
    1 t   23    7.734968        4.540869        220.2222        5.684962        191.6758       0.9253444E-09
    1 t   24    7.650774        4.682567        213.5581        5.639541        189.3020       0.1094728E-08
    2 t    1    57.17706        2.142523        466.7394        1.250739        194.7523      -0.1405036E-09
    2 t    2    34.97251        2.184134        457.8473        2.073037        195.7802      -0.1250740E-09
    2 t    3    25.68964        2.246149        445.2064        2.881302        197.4825      -0.1041119E-09
    2 t    4    20.71073        2.328201        429.5162        3.674708        200.0240      -0.8099134E-10
    2 t    5    17.68544        2.429914        411.5371        4.452771        203.5695      -0.6106743E-10
    2 t    6    15.70933        2.550842        392.0275        5.208730        208.2074      -0.4759062E-10
    2 t    7    14.35850        2.690190        371.7209        5.920357        213.8208       0.7688917E-11
    2 t    8    13.40477        2.846366        351.3251        6.546411        219.9691       0.8424156E-10
    2 t    9    12.71114        3.016620        331.4968        7.039079        225.9354       0.5568672E-09
    2 t   10    12.18889        3.197172        312.7765        7.367554        231.0035       0.5309839E-09
    2 t   11    11.77881        3.383855        295.5209        7.532510        234.7507       0.4857382E-10
    2 t   12    11.44188        3.572892        279.8853        7.562316        237.1236       0.7734751E-10
    2 t   13    11.15336        3.761421        265.8570        7.499455        238.3194       0.6495732E-09
    2 t   14    10.89834        3.947670        253.3140        7.386542        238.6234       0.9874742E-09
    2 t   15    10.66824        4.130825        242.0824        7.256488        238.2939       0.9369442E-09
    2 t   16    10.45815        4.310733        231.9791        7.128947        237.5155       0.3364316E-09
    2 t   17    10.26506        4.487580        222.8373        7.012295        236.4047      -0.5566733E-11
    2 t   18    10.08688        4.661666        214.5156        6.907989        235.0341      -0.1764780E-10
    2 t   19    9.921907        4.833284        206.8987        6.814456        233.4557       0.4122813E-09
    2 t   20    9.768681        5.002675        199.8930        6.729450        231.7141       0.3975761E-09
    2 t   21    9.625914        5.170029        193.4225        6.651066        229.8518       0.4186545E-09
    2 t   22    9.492474        5.335492        187.4241        6.577970        227.9084       0.7152233E-09
    2 t   23    9.367377        5.499186        181.8451        6.509296        225.9198       0.7848661E-09
    2 t   24    9.249768        5.661212        176.6406        6.444452        223.9157       0.6174352E-09
    3 t    1    82.93065        3.107555        321.7964       0.9095809        211.8617      -0.6986889E-10
    3 t    2    50.24337        3.137844        318.6902        1.510602        212.9580      -0.6880082E-10
    3 t    3    36.40549        3.183079        314.1612        2.104077        214.5626      -0.6742235E-10
    3 t    4    28.84881        3.243045        308.3522        2.687947        216.6285      -0.6385240E-10
    3 t    5    24.14535        3.317484        301.4333        3.261000        219.0955      -0.6002151E-10
    3 t    6    20.97654        3.406118        293.5894        3.822911        221.8917      -0.5948193E-10
    3 t    7    18.72703        3.508671        285.0082        4.374044        224.9356      -0.6141099E-10
    3 t    8    17.07113        3.624880        275.8712        4.914788        228.1367      -0.7184971E-10
    3 t    9    15.82024        3.754476        266.3488        5.444130        231.3926      -0.7303937E-10
    3 t   10    14.85738        3.897124        256.5995        5.957254        234.5791      -0.6162466E-10
    3 t   11    14.10555        4.052290        246.7741        6.442595        237.5362      -0.3948361E-10
    3 t   12    13.51113        4.219045        237.0205        6.880075        240.0583       0.7677335E-10
    3 t   13    13.03462        4.395869        227.4863        7.243171        241.9064       0.3199681E-09
    3 t   14    12.64558        4.580567        218.3136        7.505981        242.8564       0.1195198E-08
    3 t   15    12.32000        4.770403        209.6259        7.652753        242.7728       0.7467364E-09
    3 t   16    12.03928        4.962458        201.5130        7.685284        241.6784       0.4218883E-09
    3 t   17    11.78969        5.154102        194.0202        7.624722        239.7797      -0.1105887E-09
    3 t   18    11.56207        5.343426        187.1458        7.506049        237.4176      -0.1224282E-09
    3 t   19    11.35102        5.529452        180.8498        7.366446        234.9503      -0.1313854E-09
    3 t   20    11.15383        5.712030        175.0691        7.233636        232.6374       0.1147043E-09
    3 t   21    10.96925        5.891527        169.7353        7.121009        230.5952       0.4692080E-09
    3 t   22    10.79656        6.068487        164.7857        7.030161        228.8265       0.5146696E-09
    3 t   23    10.63508        6.243402        160.1691        6.956390        227.2762       0.5744626E-09
    3 t   24    10.48402        6.416620        155.8453        6.893305        225.8774       0.3542183E-09
    4 t    1    112.3157        4.208663        237.6052       0.6444865        218.2721      -0.2433673E-09
    4 t    2    67.73305        4.230125        236.3997        1.070530        218.3483      -0.2414313E-09
    4 t    3    48.74743        4.262185        234.6215        1.491422        218.4623      -0.2386957E-09
    4 t    4    38.29281        4.304694        232.3046        1.905633        218.6148      -0.2353481E-09
    4 t    5    31.71460        4.357470        229.4910        2.312144        218.8085      -0.2451006E-09
    4 t    6    27.22246        4.420316        226.2282        2.710577        219.0493      -0.2416599E-09
    4 t    7    23.98091        4.493031        222.5669        3.101307        219.3480      -0.2384253E-09
    4 t    8    21.54771        4.575437        218.5583        3.485575        219.7218      -0.2313191E-09
    4 t    9    19.66702        4.667397        214.2522        3.865590        220.1962      -0.2210613E-09
    4 t   10    18.18073        4.768844        209.6944        4.244605        220.8059      -0.2186547E-09
    4 t   11    16.98603        4.879803        204.9263        4.626908        221.5967      -0.2075415E-09
    4 t   12    16.01341        5.000418        199.9833        5.017582        222.6243      -0.1910450E-09
    4 t   13    15.21433        5.130965        194.8951        5.421730        223.9496      -0.1856729E-09
    4 t   14    14.55394        5.271827        189.6876        5.842645        225.6245      -0.1812042E-09
    4 t   15    14.00647        5.423415        184.3857        6.278427        227.6606      -0.1844212E-09
    4 t   16    13.55198        5.585978        179.0197        6.717316        229.9803      -0.1605528E-09
    4 t   17    13.17406        5.759308        173.6320        7.134132        232.3639       0.1736265E-09
    4 t   18    12.85814        5.942408        168.2819        7.492032        234.4431       0.4696661E-09
    4 t   19    12.59063        6.133306        163.0442        7.751623        235.7798       0.1274250E-08
    4 t   20    12.35886        6.329143        157.9993        7.883618        236.0225       0.4149633E-09
    4 t   21    12.15162        6.526570        153.2198        7.879492        235.0681       0.3833054E-09
    4 t   22    11.95987        6.722358        148.7573        7.757873        233.1548      -0.2434687E-09
    4 t   23    11.77753        6.914081        144.6324        7.563387        230.8088      -0.2225863E-09
    4 t   24    11.60159        7.100620        140.8328        7.352233        228.6153      -0.2411021E-09
