    0 t    2    6.151419       0.3841739        2602.988        9.277366        254.9304      -0.1934988E-12
    0 t    3    6.780692       0.5928634        1686.729        7.652624        243.1099       0.6412975E-09
    0 t    4    6.873554       0.7726920        1294.177        6.783323        229.7794       0.1210439E-08
    0 t    5    6.800367       0.9343457        1070.268        6.171629        216.4873       0.5182966E-09
    0 t    6    6.668687        1.082845        923.4934        5.720971        204.2247       0.7894396E-09
    0 t    7    6.520048        1.221588        818.6069        5.384216        193.3908       0.8479913E-09
    0 t    8    6.371789        1.352984        739.1068        5.128305        184.0326       0.7374489E-09
    0 t    9    6.231032        1.478755        676.2447        4.930626        176.0453       0.5826282E-09
    0 t   10    6.100426        1.600155        624.9395        4.776306        169.2726       0.6234376E-09
    0 t   11    5.980633        1.718136        582.0261        4.655351        163.5485       0.6405106E-09
    0 t   12    5.871428        1.833438        545.4233        4.560624        158.7149       0.7367994E-09
    0 t   13    5.772192        1.946646        513.7040        4.486707        154.6292       0.8506393E-09
    0 t   14    5.682144        2.058225        485.8556        4.429327        151.1675       0.9813656E-09
    0 t   15    5.600459        2.168542        461.1393        4.385058        148.2245       0.1022781E-08
    0 t   16    5.526324        2.277890        439.0027        4.351145        145.7126       0.1167939E-08
    0 t   17    5.458971        2.386500        419.0237        4.325382        143.5593       0.1233682E-08
    0 t   18    5.397691        2.494550        400.8738        4.306016        141.7051       0.1358285E-08
    0 t   19    5.341841        2.602184        384.2925        4.291653        140.1013       0.1900245E-08
    0 t   20    5.290842        2.709512        369.0701        4.281195        138.7082       0.2227717E-08
    0 t   21    5.244177        2.816620        355.0354        4.273777        137.4930       0.2016785E-08
    0 t   22    5.201388        2.923575        342.0469        4.268720        136.4288       0.2514312E-08
    0 t   23    5.162069        3.030429        329.9862        4.265488        135.4936       0.2892745E-08
    0 t   24    5.125860        3.137223        318.7533        4.263662        134.6688       0.2537356E-08
    1 t    1    33.01191        1.237014        808.3986        2.581303        245.7659       0.4994504E-10
    1 t    2    21.15159        1.320978        757.0150        4.091189        242.8377       0.2022951E-11
    1 t    3    16.46097        1.439249        694.8066        5.308928        239.6093       0.5886466E-11
    1 t    4    14.08658        1.583546        631.4943        6.164019        236.1604       0.8930338E-11
    1 t    5    12.69695        1.744514        573.2254        6.646169        232.2084       0.5273949E-09
    1 t    6    11.78412        1.913476        522.6092        6.818609        227.8168       0.4260174E-09
    1 t    7    11.12326        2.084038        479.8376        6.794446        223.5947       0.3811452E-09
    1 t    8    10.60928        2.252773        443.8974        6.688996        220.2437       0.2962824E-09
    1 t    9    10.19172        2.418710        413.4435        6.579348        218.0746       0.3618349E-09
    1 t   10    9.844418        2.582212        387.2649        6.496145        216.9534       0.3720269E-09
    1 t   11    9.551516        2.743991        364.4327        6.440360        216.5284       0.2934573E-09
    1 t   12    9.301787        2.904617        344.2794        6.402142        216.4349       0.3588374E-09
    1 t   13    9.086545        3.064397        326.3284        6.371145        216.3843       0.6633257E-09
    1 t   14    8.898875        3.223411        310.2304        6.339848        216.1783       0.1070270E-08
    1 t   15    8.733262        3.381588        295.7190        6.303703        215.6932       0.1610153E-08
    1 t   16    8.585322        3.538776        282.5836        6.260383        214.8606       0.1437030E-08
    1 t   17    8.451585        3.694781        270.6520        6.209019        213.6508       0.1238856E-08
    1 t   18    8.329311        3.849403        259.7806        6.149647        212.0618       0.1018077E-08
    1 t   19    8.216341        4.002447        249.8472        6.082843        210.1110       0.1204382E-08
    1 t   20    8.110971        4.153739        240.7469        6.009505        207.8300       0.8036730E-09
    1 t   21    8.011861        4.303129        232.3890        5.930717        205.2607       0.3167513E-09
    1 t   22    7.917961        4.450496        224.6941        5.847663        202.4524       0.3678558E-10
    1 t   23    7.828450        4.595748        217.5925        5.761572        199.4583       0.3922745E-10
    1 t   24    7.742693        4.738825        211.0228        5.673665        196.3336       0.4028718E-10
    2 t    1    56.25500        2.107972        474.3895        1.378008        198.0638      -0.1384056E-09
    2 t    2    34.48981        2.153988        464.2551        2.300926        200.5456      -0.1271184E-09
    2 t    3    25.42691        2.223177        449.8067        3.230733        204.5330      -0.1046674E-09
    2 t    4    20.59966        2.315715        431.8320        4.166595        210.2382      -0.8237287E-10
    2 t    5    17.69777        2.431610        411.2502        5.093842        217.7055      -0.6514495E-10
    2 t    6    15.82852        2.570196        389.0754        5.971749        226.5422      -0.5723927E-10
    2 t    7    14.56799        2.729438        366.3757        6.733539        235.7367      -0.2832071E-10
    2 t    8    13.68346        2.905543        344.1697        7.310865        243.8902       0.3480305E-10
    2 t    9    13.03442        3.093341        323.2750        7.666477        249.8311       0.3779326E-10
    2 t   10    12.53242        3.287280        304.2029        7.806491        253.0763       0.2550276E-09
    2 t   11    12.12189        3.482417        287.1569        7.771238        253.8289       0.6102386E-09
    2 t   12    11.76915        3.675087        272.1024        7.619803        252.7062       0.8208365E-09
    2 t   13    11.45506        3.863168        258.8549        7.413887        250.4335       0.6448006E-09
    2 t   14    11.16967        4.045953        247.1606        7.202791        247.6136       0.3708683E-09
    2 t   15    10.90814        4.223718        236.7582        7.015458        244.6264       0.3927797E-09
    2 t   16    10.66797        4.397221        227.4164        6.862327        241.6540       0.4460127E-09
    2 t   17    10.44746        4.567320        218.9468        6.742418        238.7571       0.3140557E-09
    2 t   18    10.24508        4.734779        211.2031        6.649950        235.9431      -0.3933778E-10
    2 t   19    10.05928        4.900201        204.0733        6.578257        233.2055       0.1804682E-09
    2 t   20    9.888485        5.064029        197.4712        6.521449        230.5398       0.4339671E-09
    2 t   21    9.731194        5.226574        191.3299        6.474839        227.9477       0.4844625E-09
    2 t   22    9.585973        5.388046        185.5961        6.434862        225.4363       0.5438128E-09
    2 t   23    9.451506        5.548574        180.2265        6.398879        223.0155       0.2775100E-09
    2 t   24    9.326596        5.708234        175.1855        6.364966        220.6961      -0.3037366E-10
    3 t    1    84.42100        3.163401        316.1154       0.9962756        227.3395      -0.5450280E-10
    3 t    2    51.18315        3.196535        312.8387        1.650802        228.3897      -0.5327468E-10
    3 t    3    37.12380        3.245884        308.0824        2.291947        229.9135      -0.5168405E-10
    3 t    4    29.45393        3.311069        302.0172        2.916526        231.8560      -0.4772310E-10
    3 t    5    24.68520        3.391656        294.8412        3.523369        234.1557      -0.4619144E-10
    3 t    6    21.47594        3.487210        286.7622        4.113565        236.7519      -0.4514790E-10
    3 t    7    19.20033        3.597349        277.9825        4.690167        239.5892      -0.4487079E-10
    3 t    8    17.52746        3.721779        268.6887        5.256795        242.6132      -0.4559937E-10
    3 t    9    16.26604        3.860272        259.0491        5.814395        245.7469      -0.4754118E-10
    3 t   10    15.29738        4.012537        249.2189        6.355822        248.8398      -0.5089749E-10
    3 t   11    14.54292        4.177938        239.3525        6.860011        251.5993      -0.6053779E-10
    3 t   12    13.94689        4.355118        229.6149        7.290739        253.5544      -0.7344551E-10
    3 t   13    13.46704        4.541702        220.1818        7.604976        254.1242      -0.9521372E-10
    3 t   14    13.07003        4.734315        211.2238        7.768783        252.8100       0.1230285E-10
    3 t   15    12.72962        4.929011        202.8805        7.772027        249.4319       0.5317235E-10
    3 t   16    12.42625        5.121965        195.2376        7.635130        244.2817      -0.6919865E-11
    3 t   17    12.14680        5.310217        188.3162        7.404893        238.0817       0.3840039E-09
    3 t   18    11.88388        5.492150        182.0781        7.138664        231.7190       0.5566187E-09
    3 t   19    11.63441        5.667497        176.4447        6.884256        225.9195       0.3231656E-09
    3 t   20    11.39774        5.836940        171.3226        6.668926        221.0878       0.4010296E-09
    3 t   21    11.17418        6.001594        166.6224        6.501421        217.3500      -0.8869256E-10
    3 t   22    10.96408        6.162646        162.2680        6.379809        214.6702       0.4411491E-09
    3 t   23    10.76755        6.321169        158.1986        6.298009        212.9423       0.1940039E-09
    3 t   24    10.58443        6.478074        154.3669        6.249177        212.0375       0.2130075E-09
    4 t    1    113.8573        4.266430        234.3880       0.6941402        224.5621      -0.2957356E-09
    4 t    2    68.68449        4.289545        233.1250        1.153005        224.5761      -0.2866013E-09
    4 t    3    49.45526        4.324074        231.2634        1.606247        224.5878      -0.2735440E-09
    4 t    4    38.87243        4.369852        228.8407        2.052053        224.5874      -0.2711218E-09
    4 t    5    32.21828        4.426675        225.9032        2.489035        224.5645      -0.2532159E-09
    4 t    6    27.67816        4.494310        222.5036        2.916343        224.5104      -0.2418067E-09
    4 t    7    24.40513        4.572512        218.6982        3.333794        224.4206      -0.2306383E-09
    4 t    8    21.95086        4.661041        214.5444        3.742028        224.2989      -0.2225081E-09
    4 t    9    20.05589        4.759684        210.0980        4.142711        224.1623      -0.2042158E-09
    4 t   10    18.55984        4.868285        205.4111        4.538749        224.0471      -0.1903715E-09
    4 t   11    17.35841        4.986781        200.5302        4.934438        224.0160      -0.1849171E-09
    4 t   12    16.38108        5.115228        195.4947        5.335207        224.1628      -0.1846242E-09
    4 t   13    15.57862        5.253821        190.3377        5.746274        224.6091      -0.1864760E-09
    4 t   14    14.91566        5.402850        185.0875        6.169112        225.4762      -0.1905172E-09
    4 t   15    14.36574        5.562530        179.7743        6.595019        226.8158      -0.1513307E-09
    4 t   16    13.90782        5.732652        174.4393        6.998084        228.5055      -0.1485347E-09
    4 t   17    13.52364        5.912131        169.1437        7.335071        230.1896      -0.1491946E-09
    4 t   18    13.19637        6.098719        163.9689        7.559772        231.3981      -0.1565055E-09
    4 t   19    12.91070        6.289224        159.0021        7.647032        231.8428      -0.6355819E-10
    4 t   20    12.65398        6.480278        154.3144        7.609004        231.6454      -0.6186191E-12
    4 t   21    12.41728        6.669256        149.9418        7.490020        231.2487      -0.7412600E-10
    4 t   22    12.19551        6.854806        145.8831        7.343043        231.0887       0.2126180E-09
    4 t   23    11.98648        7.036749        142.1111        7.206190        231.3490       0.1445916E-09
    4 t   24    11.78942        7.215578        138.5890        7.095207        231.9575      -0.2038196E-09
