    0 t    2    6.186203       0.3863463        2588.352        9.287876        249.4604       0.1327223E-08
    0 t    3    6.800490       0.5945943        1681.819        7.613352        236.2824       0.1117563E-08
    0 t    4    6.878249       0.7732198        1293.293        6.732376        222.0817       0.1558004E-08
    0 t    5    6.796170       0.9337690        1070.929        6.137675        208.4786       0.1715715E-08
    0 t    6    6.662042        1.081766        924.4146        5.715465        196.2538       0.2346651E-08
    0 t    7    6.515410        1.220719        819.1896        5.405824        185.5779       0.1152112E-08
    0 t    8    6.371503        1.352924        739.1399        5.170228        176.3596       0.1145615E-08
    0 t    9    6.235909        1.479912        675.7159        4.985056        168.4364       0.1230491E-08
    0 t   10    6.110332        1.602753        623.9264        4.836278        161.6410       0.1313868E-08
    0 t   11    5.994923        1.722241        580.6388        4.715313        155.8186       0.1593547E-08
    0 t   12    5.889227        1.838996        543.7749        4.616491        150.8297       0.1721021E-08
    0 t   13    5.792566        1.953518        511.8971        4.535705        146.5513       0.1969051E-08
    0 t   14    5.704202        2.066214        483.9769        4.469759        142.8760       0.2171190E-08
    0 t   15    5.623398        2.177424        459.2583        4.416061        139.7116       0.1711808E-08
    0 t   16    5.549455        2.287425        437.1728        4.372468        136.9796       0.1303634E-08
    0 t   17    5.481723        2.396446        417.2846        4.337197        134.6138       0.1145055E-08
    0 t   18    5.419602        2.504676        399.2532        4.308767        132.5586       0.8950923E-09
    0 t   19    5.362547        2.612271        382.8087        4.285949        130.7674       0.2835292E-10
    0 t   20    5.310065        2.719357        367.7340        4.267731        129.2014       0.3157164E-10
    0 t   21    5.261711        2.826038        353.8523        4.253278        127.8280       0.3488435E-10
    0 t   22    5.217087        2.932400        341.0177        4.241903        126.6199       0.3956905E-10
    0 t   23    5.175835        3.038511        329.1086        4.233043        125.5542       0.3131586E-09
    0 t   24    5.137634        3.144429        318.0228        4.226239        124.6116       0.6351645E-09
    1 t    1    32.40376        1.214225        823.5704        2.857442        259.0174       0.2248964E-10
    1 t    2    20.92823        1.307028        765.0943        4.515085        256.5903      -0.4846781E-11
    1 t    3    16.43758        1.437204        695.7952        5.827742        254.3294       0.2531366E-10
    1 t    4    14.18864        1.595019        626.9516        6.717667        251.9293       0.1453478E-09
    1 t    5    12.88043        1.769724        565.0600        7.185087        248.5644       0.2612545E-09
    1 t    6    12.01884        1.951590        512.4028        7.307854        243.9031       0.3105257E-09
    1 t    7    11.38715        2.133481        468.7177        7.208601        238.4443       0.3765097E-09
    1 t    8    10.88560        2.311446        432.6296        7.012325        233.0863       0.4485805E-09
    1 t    9    10.46801        2.484279        402.5313        6.808558        228.4934       0.3295114E-09
    1 t   10    10.11198        2.652394        377.0180        6.637844        224.8309       0.2195103E-09
    1 t   11    9.804712        2.816730        355.0216        6.505257        221.9090       0.3480939E-09
    1 t   12    9.537209        2.978131        335.7810        6.400891        219.4201       0.7349632E-09
    1 t   13    9.302275        3.137151        318.7605        6.312820        217.0830       0.9605878E-09
    1 t   14    9.093959        3.294075        303.5753        6.231888        214.6907       0.4625304E-09
    1 t   15    8.907368        3.449003        289.9388        6.152310        212.1114       0.1056953E-09
    1 t   16    8.738527        3.601925        277.6293        6.070937        209.2757       0.2287668E-10
    1 t   17    8.584246        3.752777        266.4694        5.986389        206.1619       0.2457627E-09
    1 t   18    8.441980        3.901473        256.3135        5.898407        202.7831       0.4909206E-09
    1 t   19    8.309715        4.047932        247.0397        5.807420        199.1775       0.5491202E-09
    1 t   20    8.185859        4.192090        238.5445        5.714275        195.3992       0.9694449E-09
    1 t   21    8.069163        4.333906        230.7387        5.620054        191.5114       0.8723938E-09
    1 t   22    7.958652        4.473367        223.5453        5.525955        187.5792       0.6534312E-09
    1 t   23    7.853566        4.610492        216.8966        5.433179        183.6649       0.7553910E-09
    1 t   24    7.753319        4.745328        210.7336        5.342858        179.8240       0.5520181E-09
    2 t    1    57.63211        2.159575        463.0541        1.403422        204.2792      -0.1794701E-09
    2 t    2    35.32778        2.206322        453.2430        2.331936        205.6256      -0.1597971E-09
    2 t    3    26.03330        2.276197        439.3293        3.251834        207.8808      -0.1294576E-09
    2 t    4    21.07321        2.368949        422.1280        4.159777        211.2509      -0.8373205E-10
    2 t    5    18.08020        2.484154        402.5516        5.043234        215.8501      -0.5415794E-10
    2 t    6    16.14032        2.620825        381.5592        5.868159        221.5088      -0.4426096E-10
    2 t    7    14.82071        2.776789        360.1283        6.574143        227.5893      -0.3008684E-10
    2 t    8    13.88434        2.948199        339.1902        7.093589        233.0621       0.4065888E-10
    2 t    9    13.18813        3.129821        319.5071        7.388865        236.9744       0.2689007E-09
    2 t   10    12.64239        3.316126        301.5567        7.475130        238.9487       0.6071222E-09
    2 t   11    12.19201        3.502562        285.5053        7.411534        239.2627       0.3064928E-09
    2 t   12    11.80509        3.686310        271.2740        7.272265        238.5298       0.9298201E-10
    2 t   13    11.46430        3.866285        258.6462        7.117718        237.3196       0.3795698E-09
    2 t   14    11.16035        4.042579        247.3668        6.981288        235.9761       0.4275666E-09
    2 t   15    10.88772        4.215811        237.2023        6.873124        234.6381       0.6221982E-09
    2 t   16    10.64238        4.386671        227.9633        6.790680        233.3358       0.4538274E-09
    2 t   17    10.42094        4.555723        219.5041        6.727331        232.0672       0.3267247E-09
    2 t   18    10.22038        4.723363        211.7136        6.676809        230.8352       0.1552304E-09
    2 t   19    10.03803        4.889852        204.5052        6.634655        229.6563      -0.3931310E-10
    2 t   20    9.871564        5.055363        197.8097        6.598211        228.5566      -0.4978697E-10
    2 t   21    9.718991        5.220020        191.5702        6.566109        227.5624       0.3628583E-09
    2 t   22    9.578636        5.383921        185.7382        6.537688        226.6926       0.4930798E-09
    2 t   23    9.449088        5.547155        180.2726        6.512535        225.9523       0.8580646E-09
    2 t   24    9.329148        5.709796        175.1376        6.490186        225.3306       0.7928221E-09
    3 t    1    83.58680        3.132142        319.2703       0.9746933        212.6501      -0.3664053E-10
    3 t    2    50.67210        3.164619        315.9938        1.620725        213.8945      -0.3596841E-10
    3 t    3    36.75001        3.213202        311.2160        2.262196        215.7458      -0.3508930E-10
    3 t    4    29.15778        3.277778        305.0848        2.899364        218.1885      -0.3569853E-10
    3 t    5    24.44212        3.358258        297.7734        3.534271        221.2057      -0.5276560E-10
    3 t    6    21.27529        3.454629        289.4667        4.170483        224.7789      -0.4997930E-10
    3 t    7    19.03818        3.566969        280.3501        4.811536        228.8777      -0.4592822E-10
    3 t    8    17.40327        3.695407        270.6062        5.456976        233.4257      -0.4401052E-10
    3 t    9    16.18036        3.839940        260.4207        6.095334        238.2310      -0.4571515E-10
    3 t   10    15.24981        4.000057        249.9964        6.696354        242.8899      -0.5451302E-10
    3 t   11    14.53001        4.174230        239.5651        7.209807        246.7432      -0.6384255E-10
    3 t   12    13.96106        4.359542        229.3819        7.578080        248.9923      -0.7189045E-10
    3 t   13    13.49692        4.551776        219.6945        7.758680        248.9956       0.3015350E-10
    3 t   14    13.10245        4.746059        210.7011        7.744240        246.6088       0.2063750E-09
    3 t   15    12.75255        4.937888        202.5157        7.571954        242.3786       0.3283906E-09
    3 t   16    12.43164        5.124187        195.1529        7.315933        237.3992       0.4364079E-09
    3 t   17    12.13236        5.303907        188.5403        7.057689        232.8086       0.1506913E-09
    3 t   18    11.85273        5.477757        182.5565        6.852338        229.3044      -0.1046942E-09
    3 t   19    11.59306        5.647355        177.0741        6.717814        227.0537       0.8334935E-10
    3 t   20    11.35375        5.814413        171.9864        6.646783        225.8959       0.1299169E-09
    3 t   21    11.13456        5.980314        167.2153        6.622345        225.5554       0.1542522E-09
    3 t   22    10.93447        6.146006        162.7073        6.627342        225.7558       0.7442841E-09
    3 t   23    10.75200        6.312040        158.4274        6.647774        226.2605       0.2549236E-09
    3 t   24    10.58539        6.478666        154.3528        6.673296        226.8793       0.2919431E-09
    4 t    1    113.4631        4.251660        235.2023       0.6961431        216.3100      -0.2803994E-09
    4 t    2    68.44869        4.274818        233.9281        1.153863        216.1958      -0.2778645E-09
    4 t    3    49.28654        4.309321        232.0551        1.602533        216.0259      -0.2743828E-09
    4 t    4    38.73950        4.354909        229.6259        2.039574        215.8063      -0.2881752E-09
    4 t    5    32.10615        4.411268        226.6922        2.463477        215.5519      -0.2846428E-09
    4 t    6    27.57812        4.478066        223.3107        2.874161        215.2918      -0.2815038E-09
    4 t    7    24.31161        4.554990        219.5394        3.273368        215.0756      -0.2791636E-09
    4 t    8    21.86023        4.641798        215.4338        3.665107        214.9806      -0.2443999E-09
    4 t    9    19.96612        4.738380        211.0426        4.056120        215.1203      -0.2165520E-09
    4 t   10    18.47044        4.844835        206.4054        4.456248        215.6519      -0.2065478E-09
    4 t   11    17.27057        4.961546        201.5501        4.878306        216.7839      -0.1886655E-09
    4 t   12    16.29784        5.089237        196.4931        5.336390        218.7709      -0.1792451E-09
    4 t   13    15.50488        5.228953        191.2429        5.840588        221.8721      -0.1659295E-09
    4 t   14    14.85763        5.381831        185.8104        6.386073        226.2305      -0.1527626E-09
    4 t   15    14.32966        5.548558        180.2270        6.939803        231.6593      -0.1163167E-09
    4 t   16    13.89799        5.728601        174.5627        7.439117        237.4754      -0.1118577E-09
    4 t   17    13.54098        5.919712        168.9271        7.815066        242.6460      -0.1194583E-09
    4 t   18    13.23851        6.118197        163.4468        8.025305        246.2531       0.1577936E-09
    4 t   19    12.97348        6.319805        158.2327        8.067813        247.8763       0.7041049E-09
    4 t   20    12.73285        6.520668        153.3585        7.972594        247.6316       0.5896304E-09
    4 t   21    12.50786        6.717905        148.8559        7.786243        245.9805       0.4062069E-09
    4 t   22    12.29346        6.909856        144.7208        7.557418        243.4921      -0.1467355E-09
    4 t   23    12.08737        7.095980        140.9249        7.325504        240.6574      -0.1745677E-09
    4 t   24    11.88902        7.276539        137.4280        7.115136        237.8011      -0.2085717E-09
