    0 s    2    4.964470       0.3100455        3225.333        6.365481        478.2452      -0.2305831E-02
    0 s    3    5.391211       0.4713754        2121.451        6.802950        392.0766       0.2891505E-02
    0 s    4    5.817501       0.6539756        1529.109        7.646787        357.8052       0.3349975E-02
    0 s    5    6.197174       0.8514691        1174.441        8.004044        346.7370       0.2790369E-02
    0 s    6    6.480822        1.052340        950.2634        7.944068        342.8642       0.1953649E-02
    0 s    7    6.654493        1.246777        802.0681        7.509932        340.5867       0.1091600E-02
    0 s    8    6.716476        1.426175        701.1761        6.785275        337.8902       0.4236716E-03
    0 s    9    6.684119        1.586282        630.4051        6.031166        334.1141       0.8495704E-04
    0 s   10    6.594297        1.729698        578.1355        5.474398        328.8519      -0.1321669E-04
    0 s   11    6.480673        1.861789        537.1178        5.114988        321.7641      -0.2170773E-04
    0 s   12    6.361481        1.986464        503.4069        4.868860        312.7984      -0.1320679E-04
    0 s   13    6.243956        2.105747        474.8909        4.676831        302.2086      -0.6276362E-05
    0 s   14    6.130409        2.220598        450.3291        4.511502        290.4667      -0.2633323E-05
    0 s   15    6.021412        2.331538        428.9014        4.362810        278.1423      -0.1018879E-05
    0 s   16    5.917044        2.438941        410.0140        4.228006        265.7843      -0.3712295E-06
    0 s   17    5.817293        2.543147        393.2136        4.106782        253.8372      -0.1288130E-06
    0 s   18    5.722148        2.644498        378.1435        3.999242        242.6082      -0.4279827E-07
    0 s   19    5.631599        2.743335        364.5198        3.905220        232.2731      -0.1354913E-07
    0 s   20    5.545622        2.839989        352.1140        3.824148        222.9024      -0.3917437E-08
    0 s   21    5.464162        2.934773        340.7418        3.755135        214.4931      -0.1186827E-08
    0 s   22    5.387128        3.027976        330.2537        3.697088        206.9964      -0.2548804E-09
    0 s   23    5.314398        3.119855        320.5277        3.648824        200.3388      -0.3720483E-10
    0 s   24    5.245819        3.210642        311.4642        3.609151        194.4362       0.4155361E-10
    0 s   25    5.181216        3.300536        302.9811        3.576934        189.2034       0.3947694E-10
    0 s   26    5.120402        3.389709        295.0105        3.551118        184.5587      -0.1480815E-10
    1 s    2    10.85617       0.6779991        1474.928        10.77017        298.4295      -0.8637551E-03
    1 s    3    10.68868       0.9345543        1070.029        9.718470        273.2320       0.7757104E-04
    1 s    4    10.34242        1.162645        860.1076        8.451999        263.6886       0.2840394E-03
    1 s    5    9.849717        1.353315        738.9261        6.698429        284.4579       0.8947432E-03
    1 s    6    9.257072        1.503140        665.2739        5.494755        328.7990       0.1844076E-02
    1 s    7    8.763382        1.641896        609.0521        5.711623        351.1214       0.2346917E-02
    1 s    8    8.457469        1.795857        556.8371        6.579717        357.1422       0.2303011E-02
    1 s    9    8.314309        1.973160        506.8013        7.496461        355.7853       0.1771641E-02
    1 s   10    8.273414        2.170134        460.8010        8.129898        347.5875       0.9539812E-03
    1 s   11    8.279331        2.378514        420.4306        8.416262        326.5777       0.8645410E-04
    1 s   12    8.290746        2.588905        386.2637        8.263163        276.9443      -0.5934915E-03
    1 s   13    8.261503        2.786156        358.9175        7.356074        202.4269      -0.6263885E-03
    1 s   14    8.166109        2.957983        338.0682        6.478594        166.7207      -0.2593837E-03
    1 s   15    8.045587        3.115315        320.9948        6.146061        157.6793      -0.9398720E-04
    1 s   16    7.926737        3.267314        306.0618        6.014217        154.9068      -0.3650308E-04
    1 s   17    7.816107        3.416969        292.6570        5.947922        153.9696      -0.1488407E-04
    1 s   18    7.714637        3.565330        280.4789        5.907161        153.8137      -0.6207822E-05
    1 s   19    7.621795        3.712824        269.3367        5.877209        154.0759      -0.2607981E-05
    1 s   20    7.536669        3.859631        259.0921        5.851548        154.5810      -0.1094256E-05
    1 s   21    7.458296        4.005813        249.6372        5.826950        155.2208      -0.4563808E-06
    1 s   22    7.385783        4.151371        240.8843        5.801715        155.9180      -0.1886869E-06
    1 s   23    7.318332        4.296279        232.7595        5.774932        156.6139      -0.7720009E-07
    1 s   24    7.255250        4.440491        225.2003        5.746118        157.2624      -0.3124121E-07
    1 s   25    7.195937        4.583952        218.1524        5.715042        157.8267      -0.1252040E-07
    1 s   26    7.139880        4.726605        211.5683        5.681625        158.2785      -0.4961416E-08
    2 s    1    10.85064       0.4065924        2459.465        12.81986        379.5725       0.4755808E-04
    2 s    2    14.99770       0.9366499        1067.635        19.82693        96.31702      -0.5962845E-01
    2 s    3    14.17796        1.239637        806.6879        5.950981        403.8205      -0.1415224E-02
    2 s    4    12.21854        1.373550        728.0407        5.071590        364.8659       0.1014518E-02
    2 s    5    10.98186        1.508867        662.7489        5.914716        288.9120       0.1213048E-02
    2 s    6    10.30014        1.672510        597.9036        6.977824        231.5022       0.7850679E-03
    2 s    7    9.878467        1.850816        540.3021        7.152810        206.3651       0.5010159E-03
    2 s    8    9.552007        2.028272        493.0306        6.994780        193.0217       0.3692214E-03
    2 s    9    9.273615        2.200823        454.3754        6.785335        184.6444       0.2924777E-03
    2 s   10    9.029664        2.368500        422.2081        6.615147        179.9817       0.2253235E-03
    2 s   11    8.817517        2.533125        394.7693        6.555780        180.5405       0.1231681E-03
    2 s   12    8.644634        2.699412        370.4511        6.798542        195.2863      -0.1559496E-03
    2 s   13    8.540045        2.880093        347.2111        7.731626        257.3139      -0.1040971E-02
    2 s   14    8.520591        3.086386        324.0035        8.609815        346.0148      -0.2276180E-02
    2 s   15    8.540459        3.306933        302.3950        8.931768        387.3299      -0.3256310E-02
    2 s   16    8.569821        3.532387        283.0947        9.047203        402.7225      -0.4072586E-02
    2 s   17    8.599955        3.759644        265.9826        9.092311        409.1864      -0.4792666E-02
    2 s   18    8.628176        3.987524        250.7822        9.104774        411.2923      -0.5428223E-02
    2 s   19    8.653329        4.215318        237.2300        9.087815        408.0649      -0.5945847E-02
    2 s   20    8.673262        4.441696        225.1392        8.960829        383.8565      -0.6073055E-02
    2 s   21    8.664025        4.653403        214.8965        7.454394        234.9006      -0.2369457E-02
    2 s   22    8.580418        4.822847        207.3464        6.480411        190.4110      -0.1670023E-03
    2 s   23    8.488807        4.983415        200.6656        6.374804        185.3965      -0.2913599E-04
    2 s   24    8.401980        5.142334        194.4642        6.328725        182.3641      -0.7540534E-05
    2 s   25    8.320387        5.300249        188.6704        6.291797        179.7383      -0.2326496E-05
    2 s   26    8.243604        5.457271        183.2418        6.256597        177.3087      -0.7881078E-06
    3 s    1    25.14926       0.9423862        1061.136        5.995099        777.9543       0.1299895E-03
    3 s    2    17.71273        1.106211        903.9867        6.971538        356.0155      -0.2254788E-02
    3 s    3    16.22133        1.418296        705.0713        17.35289        90.44204      -0.5753171E-01
    3 s    4    16.39357        1.842886        542.6271        16.98780        89.50976      -0.6013676E-01
    3 s    5    16.42091        2.256173        443.2284        16.63654        89.67312      -0.6092988E-01
    3 s    6    15.46888        2.511798        398.1212        5.090962        261.0733       0.3815125E-03
    3 s    7    14.07230        2.636567        379.2810        4.874100        252.8713       0.4911791E-03
    3 s    8    12.98675        2.757604        362.6337        4.809062        245.9512       0.4924415E-03
    3 s    9    12.13155        2.879070        347.3343        4.907517        240.1569       0.4229491E-03
    3 s   10    11.45406        3.004424        332.8425        5.113296        235.0512       0.3189337E-03
    3 s   11    10.91453        3.135561        318.9222        5.364121        230.3139       0.2091894E-03
    3 s   12    10.48152        3.273006        305.5295        5.614068        225.7867       0.1108092E-03
    3 s   13    10.13022        3.416372        292.7081        5.836167        221.4235       0.3106352E-04
    3 s   14    9.841340        3.564797        280.5209        6.018542        217.2316      -0.2945325E-04
    3 s   15    9.600142        3.717251        269.0160        6.159266        213.2351      -0.7411202E-04
    3 s   16    9.395532        3.872736        258.2154        6.262036        209.4656      -0.1086529E-03
    3 s   17    9.219251        4.030382        248.1154        6.333479        205.9819      -0.1413221E-03
    3 s   18    9.065247        4.189516        238.6910        6.382701        202.9447      -0.1870871E-03
    3 s   19    8.929330        4.349767        229.8973        6.427251        200.9687      -0.2907401E-03
    3 s   20    8.810115        4.511780        221.6420        6.559367        204.3901      -0.7319542E-03
    3 s   21    8.729111        4.688360        213.2942        8.055655        301.7616      -0.4956986E-02
    3 s   22    8.729789        4.906805        203.7986        9.011814        418.2357      -0.7620799E-02
    3 s   23    8.744528        5.133538        194.7974        9.092611        430.7576      -0.8182866E-02
    3 s   24    8.759607        5.361215        186.5249        9.109999        434.0749      -0.8588109E-02
    3 s   25    8.773860        5.589120        178.9191        9.115901        435.8063      -0.8938803E-02
    3 s   26    8.787148        5.817097        171.9070        9.118640        437.0480      -0.9250494E-02
    4 s    1    37.80537        1.416633        705.8992        11.91782        363.6684       0.1709045E-04
    4 s    2    27.70359        1.730169        577.9782        12.90619        440.6377       0.5403866E-04
    4 s    3    23.52013        2.056460        486.2725        13.11795        484.3337       0.3964369E-04
    4 s    4    20.03662        2.252420        443.9669        4.963866        278.2299       0.1626964E-03
    4 s    5    17.33630        2.381945        419.8250        5.257055        268.9701       0.1676862E-03
    4 s    6    16.39639        2.662404        375.6003        16.43242        89.67294      -0.6130561E-01
    4 s    7    16.35233        3.063751        326.3973        16.30040        89.78803      -0.6121310E-01
    4 s    8    16.30364        3.461911        288.8578        16.17510        90.08291      -0.6067164E-01
    4 s    9    15.34908        3.642660        274.5247        6.321913        302.7498       0.3163719E-03
    4 s   10    14.46036        3.792984        263.6446        5.754098        274.5283       0.3446522E-03
    4 s   11    13.69161        3.933370        254.2350        5.491656        259.5613       0.3131859E-03
    4 s   12    13.03191        4.069402        245.7364        5.396238        250.7699       0.2489683E-03
    4 s   13    12.46711        4.204477        237.8417        5.410655        245.4950       0.1746837E-03
    4 s   14    11.98381        4.340858        230.3692        5.497513        242.4770       0.1050242E-03
    4 s   15    11.56999        4.479991        223.2147        5.628176        240.9941       0.4746300E-04
    4 s   16    11.21498        4.622692        216.3242        5.780926        240.5783       0.4434010E-05
    4 s   17    10.90950        4.769309        209.6740        5.939911        240.9001      -0.2463835E-04
    4 s   18    10.64554        4.919851        203.2582        6.093980        241.7118      -0.4186527E-04
    4 s   19    10.41626        5.074099        197.0793        6.235593        242.8189      -0.4993046E-04
    4 s   20    10.21585        5.231676        191.1433        6.359918        244.0633      -0.5150413E-04
    4 s   21    10.03940        5.392112        185.4561        6.464139        245.3149      -0.4892046E-04
    4 s   22    9.882802        5.554886        180.0217        6.546928        246.4669      -0.4403702E-04
    4 s   23    9.742591        5.719458        174.8417        6.608052        247.4323      -0.3821427E-04
    4 s   24    9.615888        5.885292        169.9151        6.648087        248.1415      -0.3236845E-04
    4 s   25    9.500298        6.051875        165.2380        6.668210        248.5399      -0.2706146E-04
    4 s   26    9.393841        6.218729        160.8046        6.670057        248.5865      -0.2260376E-04
    5 s    1    45.63234        1.709923        584.8217        30.56838        90.10912      -0.1739709E-04
    5 s    2    32.97844        2.059599        485.5315        2.607710        300.1053       0.1181450E-03
    5 s    3    24.47271        2.139748        467.3447        3.902507        281.0166       0.1969996E-03
    5 s    4    21.19502        2.382642        419.7021        12.89401        491.1722       0.2599615E-04
    5 s    5    19.63588        2.697898        370.6590        12.26383        500.5806       0.2038445E-04
    5 s    6    18.43101        2.992781        334.1374        11.25433        496.9040       0.3323025E-04
    5 s    7    17.37644        3.255627        307.1605        9.637343        453.9837       0.8917862E-04
    5 s    8    16.34458        3.470605        288.1342        7.607848        359.9506       0.4128447E-04
    5 s    9    16.25499        3.857651        259.2251        16.11256        89.98323      -0.6029678E-01
    5 s   10    16.04065        4.207498        237.6710        10.24258        375.9075       0.4217878E-04
    5 s   11    15.53336        4.462476        224.0909        10.10182        399.5989       0.3922769E-04
    5 s   12    15.08150        4.709418        212.3405        9.552943        408.9500       0.5864456E-04
    5 s   13    14.62766        4.933113        202.7117        8.189803        375.4056       0.1201780E-03
    5 s   14    14.13156        5.118828        195.3572        6.809082        318.5638       0.1705659E-03
    5 s   15    13.64009        5.281550        189.3384        6.300167        291.2186       0.1562148E-03
    5 s   16    13.19046        5.436965        183.9262        6.151838        279.0398       0.1148964E-03
    5 s   17    12.78720        5.590181        178.8851        6.104538        272.1846       0.7011563E-04
    5 s   18    12.42585        5.742625        174.1364        6.084777        267.4952       0.3145103E-04
    5 s   19    12.10073        5.894658        169.6451        6.070661        263.8374       0.2476217E-05
    5 s   20    11.80663        6.046339        165.3893        6.056912        260.7431      -0.1645830E-04
    5 s   21    11.53928        6.197686        161.3505        6.044667        257.9976      -0.2676745E-04
    5 s   22    11.29523        6.348777        157.5107        6.037261        255.4891      -0.3061038E-04
    5 s   23    11.07180        6.499778        153.8514        6.037925        253.1462      -0.3018653E-04
    5 s   24    10.86683        6.650918        150.3552        6.048577        250.9105      -0.2733691E-04
    5 s   25    10.67856        6.802453        147.0058        6.069412        248.7286      -0.2340138E-04
    5 s   26    10.50547        6.954626        143.7892        6.099044        246.5514      -0.1924356E-04
    6 s    1    52.52087        1.968048        508.1177        7.243215        530.0628      -0.2511436E-03
    6 s    2    38.96231        2.433309        410.9630        24.98909        97.45385      -0.1042721E-03
    6 s    3    32.33874        2.827507        353.6685        12.01368        402.6262       0.3300539E-03
    6 s    4    27.28040        3.066731        326.0801        6.933150        291.8439       0.5528809E-03
    6 s    5    23.35260        3.208562        311.6661        5.126844        250.8536       0.2976709E-03
    6 s    6    20.58968        3.343301        299.1056        5.796952        246.1220       0.1864968E-03
    6 s    7    18.71102        3.505672        285.2520        7.283066        255.4959       0.1591698E-03
    6 s    8    17.47903        3.711494        269.4332        9.098891        292.6286       0.1115226E-03
    6 s    9    16.65673        3.952992        252.9729        10.03538        340.5693       0.6375795E-04
    6 s   10    16.20774        4.251326        235.2207        16.03901        90.05027      -0.5968728E-01
    6 s   11    16.16263        4.643254        215.3662        15.97439        90.09852      -0.5905533E-01
    6 s   12    15.72486        4.910315        203.6529        6.451990        252.9160       0.2442678E-03
    6 s   13    15.08502        5.087356        196.5658        7.827865        270.1245       0.1679715E-03
    6 s   14    14.63661        5.301771        188.6162        9.151979        310.6765       0.8074190E-04
    6 s   15    14.29962        5.536926        180.6056        9.540225        340.3613       0.4491350E-04
    6 s   16    14.01169        5.775467        173.1462        9.495870        353.9055       0.3259414E-04
    6 s   17    13.74811        6.010266        166.3820        9.258109        356.6972       0.2813314E-04
    6 s   18    13.49613        6.237255        160.3269        8.873152        350.4991       0.2636056E-04
    6 s   19    13.24677        6.452931        154.9683        8.358913        335.6473       0.2407363E-04
    6 s   20    12.99498        6.654909        150.2650        7.798094        315.0755       0.1802264E-04
    6 s   21    12.74218        6.843760        146.1185        7.328430        294.7874       0.7138539E-05
    6 s   22    12.49434        7.022770        142.3940        7.009385        278.4688      -0.5700720E-05
    6 s   23    12.25652        7.195280        138.9800        6.796564        265.8545      -0.1661431E-04
    6 s   24    12.03047        7.363106        135.8123        6.625134        255.4935      -0.2344298E-04
    6 s   25    11.81553        7.526723        132.8599        6.455684        246.3988      -0.2590261E-04
    6 s   26    11.61027        7.686004        130.1066        6.278407        238.2652      -0.2487361E-04
    7 s    1    58.74834        2.201402        454.2560        8.766434        266.5472      -0.1449271E-03
    7 s    2    40.40567        2.523451        396.2828        16.01744        309.8649      -0.3695120E-03
    7 s    3    35.53643        3.107094        321.8441        24.59124        91.08545      -0.5177137E-03
    7 s    4    29.99487        3.371879        296.5705        9.892455        383.7480       0.2011414E-03
    7 s    5    26.64719        3.661227        273.1325        12.38576        492.3333       0.5201213E-03
    7 s    6    24.39023        3.960426        252.4981        10.97445        435.5757       0.5303981E-03
    7 s    7    22.36897        4.191021        238.6054        7.423531        323.1937       0.3691121E-03
    7 s    8    20.48182        4.349107        229.9323        5.574595        274.8904       0.2363391E-03
    7 s    9    18.89157        4.483365        223.0468        5.270199        260.2706       0.2074007E-03
    7 s   10    17.60268        4.617220        216.5806        5.447364        254.9260       0.2295503E-03
    7 s   11    16.56151        4.757844        210.1792        5.803049        252.2777       0.2542593E-03
    7 s   12    16.11992        5.033677        198.6620        15.91781        90.13079      -0.5843127E-01
    7 s   13    16.07970        5.422807        184.4063        15.86878        90.15011      -0.5783192E-01
    7 s   14    16.04200        5.810841        172.0921        15.82680        90.15927      -0.5726576E-01
    7 s   15    15.88364        6.150270        162.5945        5.358902        242.1487       0.1656107E-03
    7 s   16    15.25367        6.287396        159.0484        5.610109        241.8594       0.1492808E-03
    7 s   17    14.71252        6.431874        155.4757        5.952125        243.1530       0.1239513E-03
    7 s   18    14.25122        6.586223        151.8321        6.403567        246.7458       0.9289743E-04
    7 s   19    13.86315        6.753192        148.0781        6.956435        253.7282       0.6115432E-04
    7 s   20    13.54072        6.934389        144.2088        7.519037        264.1485       0.3459942E-04
    7 s   21    13.27163        7.128123        140.2894        7.937017        275.1985       0.1665573E-04
    7 s   22    13.04013        7.329543        136.4342        8.132809        283.0076       0.6043044E-05
    7 s   23    12.83238        7.533340        132.7432        8.137945        285.8773      -0.4776707E-06
    7 s   24    12.63903        7.735570        129.2729        8.018912        284.3268      -0.5345221E-05
    7 s   25    12.45481        7.933959        126.0405        7.841130        279.9298      -0.9772792E-05
    7 s   26    12.27765        8.127809        123.0344        7.665072        274.6114      -0.1400495E-04
    8 s    1    76.26049        2.857613        349.9424        13.73437        856.6463       0.1104378E-02
    8 s    2    50.26459        3.139169        318.5556        1.464482        231.8411      -0.1953762E-05
    8 s    3    36.64282        3.203830        312.1264        4.491339        257.5167      -0.3954923E-04
    8 s    4    33.13351        3.724710        268.4773        23.64462        98.90988      -0.1136315E-02
    8 s    5    30.32417        4.166430        240.0136        11.82343        545.0669       0.2223525E-04
    8 s    6    27.08310        4.397686        227.3923        8.057733        324.0548       0.9083845E-04
    8 s    7    24.73638        4.634575        215.7695        11.18483        374.3919       0.2700391E-06
    8 s    8    23.27822        4.942893        202.3107        13.04571        463.4461       0.6656693E-05
    8 s    9    22.20031        5.268600        189.8038        12.54716        530.6337       0.9783370E-05
    8 s   10    20.95185        5.495715        181.9599        6.085065        309.1881       0.3064964E-03
    8 s   11    19.61346        5.634621        177.4742        5.235636        267.3291       0.2171060E-03
    8 s   12    18.45612        5.763189        173.5151        5.066362        253.9259       0.1792916E-03
    8 s   13    17.46520        5.890062        169.7775        5.078785        247.3794       0.1727321E-03
    8 s   14    16.61509        6.018430        166.1563        5.183056        243.8644       0.1721706E-03
    8 s   15    16.00679        6.197956        161.3435        15.79121        90.16068      -0.5673623E-01
    8 s   16    15.97400        6.584308        151.8762        15.76125        90.15633      -0.5624387E-01
    8 s   17    15.94352        6.970033        143.4713        15.73612        90.14777      -0.5578759E-01
    8 s   18    15.91523        7.355245        135.9574        15.71505        90.13618      -0.5536544E-01
    8 s   19    15.51642        7.558552        132.3005        4.706864        215.2268       0.7382662E-04
    8 s   20    14.99058        7.676883        130.2612        4.762709        211.2392       0.5812013E-04
    8 s   21    14.51812        7.797607        128.2445        4.899568        209.1987       0.4267242E-04
    8 s   22    14.09562        7.922812        126.2178        5.122229        209.1490       0.2848609E-04
    8 s   23    13.72043        8.054679        124.1514        5.432389        211.2527       0.1620730E-04
    8 s   24    13.39018        8.195305        122.0211        5.819699        215.6388       0.6263859E-05
    8 s   25    13.10206        8.346269        119.8140        6.252072        222.1571      -0.1088006E-05
    8 s   26    12.85203        8.508052        117.5357        6.675107        230.1064      -0.5875177E-05
    9 s    1    83.18359        3.117034        320.8179       0.4578980        218.5800       0.3624843E-05
    9 s    2    51.21534        3.198546        312.6420        13.61673        814.8891      -0.1088897E-03
    9 s    3    40.45937        3.537526        282.6834        13.49123        718.9000      -0.1106741E-02
    9 s    4    34.48836        3.877016        257.9304        13.98633        408.1506      -0.8128893E-03
    9 s    5    31.56391        4.336766        230.5866        15.47077        124.5387      -0.1085867E-02
    9 s    6    28.26497        4.589596        217.8841        11.62382        510.0808       0.5643158E-03
    9 s    7    26.07679        4.885712        204.6784        11.49319        560.5498       0.1213477E-02
    9 s    8    24.25223        5.149714        194.1855        9.369431        417.2395       0.1169127E-02
    9 s    9    22.57502        5.357525        186.6533        7.610560        305.1860       0.7071965E-03
    9 s   10    21.39200        5.611168        178.2160        12.30689        417.6684       0.6892419E-04
    9 s   11    20.60090        5.918296        168.9676        12.11205        466.1680       0.1108359E-04
    9 s   12    19.90474        6.215543        160.8870        11.67722        478.5315       0.2697702E-05
    9 s   13    19.28149        6.502598        153.7847        11.29247        482.8157       0.1324326E-05
    9 s   14    18.71542        6.779226        147.5095        10.77516        476.1799       0.3647705E-05
    9 s   15    18.15183        7.028534        142.2772        8.515775        374.2161       0.3952224E-04
    9 s   16    17.45236        7.193673        139.0110        5.406300        253.7529       0.1004133E-03
    9 s   17    16.74561        7.320683        136.5993        4.874299        231.2866       0.9964250E-04
    9 s   18    16.09991        7.440597        134.3978        4.732937        221.4377       0.8835333E-04
    9 s   19    15.88898        7.740038        129.1983        15.69732        90.12242      -0.5497507E-01
    9 s   20    15.86463        8.124493        123.0846        15.68229        90.10713      -0.5461403E-01
    9 s   21    15.83494        8.504862        117.5798        6.814346        277.4547       0.6578012E-04
    9 s   22    15.42102        8.667786        115.3697        6.286938        259.5201       0.6260382E-04
    9 s   23    15.02794        8.822262        113.3496        6.101307        251.7043       0.5245163E-04
    9 s   24    14.66315        8.974408        111.4280        6.079824        248.3420       0.3982105E-04
    9 s   25    14.32777        9.127069        109.5642        6.133160        246.9068       0.2715866E-04
    9 s   26    14.02043        9.281531        107.7408        6.219461        246.2730       0.1572413E-04
   10 s    1    87.85261        3.291990        303.7677        26.56417        83.23676      -0.5435332E-04
   10 s    2    64.30173        4.015829        249.0146        28.54770        86.92180       0.2361800E-04
   10 s    3    48.10841        4.206313        237.7379        2.264827        235.3934       0.1707611E-03
   10 s    4    37.93413        4.264373        234.5011        2.763538        229.9083      -0.1291506E-03
   10 s    5    31.89466        4.382210        228.1953        13.89541        143.8153      -0.8967726E-03
   10 s    6    30.48059        4.949362        202.0462        23.41042        87.59737      -0.2362423E-02
   10 s    7    29.17086        5.465414        182.9688        7.863413        278.3995      -0.4250477E-03
   10 s    8    26.67973        5.665169        176.5173        8.937309        326.7329       0.4543367E-03
   10 s    9    24.93878        5.918495        168.9619        11.08991        402.0912       0.1302751E-02
   10 s   10    23.65717        6.205326        161.1519        11.36291        433.6314       0.1688949E-02
   10 s   11    22.52072        6.469826        154.5637        9.390966        368.7967       0.1396735E-02
   10 s   12    21.37370        6.674247        149.8296        7.024493        298.3592       0.7845141E-03
   10 s   13    20.26303        6.833618        146.3354        5.852691        263.7555       0.3992843E-03
   10 s   14    19.25771        6.975659        143.3556        5.614438        247.9567       0.2304125E-03
   10 s   15    18.41518        7.130503        140.2426        7.424435        272.2846       0.1284259E-03
   10 s   16    17.85502        7.359644        135.8761        10.17588        384.3683       0.4008622E-04
   10 s   17    17.42516        7.617762        131.2722        10.32150        411.5398       0.2678600E-04
   10 s   18    17.03268        7.871679        127.0377        9.922591        399.9796       0.2949260E-04
   10 s   19    16.64906        8.110299        123.3000        9.080582        363.3929       0.4089221E-04
   10 s   20    16.25112        8.322419        120.1574        7.853923        313.9179       0.5700005E-04
   10 s   21    15.84203        8.508672        117.5272        15.66943        90.09071      -0.5427988E-01
   10 s   22    15.82104        8.892627        112.4527        15.65828        90.07345      -0.5397030E-01
   10 s   23    15.80153        9.276399        107.8005        15.64845        90.05551      -0.5368314E-01
   10 s   24    15.62571        9.563534        104.5639        9.498642        359.8982       0.1658265E-04
   10 s   25    15.37722        9.795587        102.0868        9.006988        346.8453       0.1788990E-04
   10 s   26    15.12624        10.01358        99.86437        8.136712        319.2141       0.2052315E-04
   11 s    1    98.33876        3.684924        271.3760        15.82832        731.4764      -0.2013051E-02
   11 s    2    64.95009        4.056321        246.5288        12.86375        513.5206       0.1153326E-02
   11 s    3    51.10031        4.467906        223.8185        12.78145        608.9201       0.1708619E-02
   11 s    4    42.48692        4.776176        209.3725        11.71467        647.1691       0.7765208E-03
   11 s    5    36.77595        5.052881        197.9069        10.34338        544.4475      -0.3114880E-03
   11 s    6    32.54943        5.285296        189.2042        8.129323        369.0126      -0.7196127E-03
   11 s    7    29.54166        5.534886        180.6722        22.29076        88.79657      -0.2708163E-02
   11 s    8    28.67083        6.087958        164.2587        14.38356        291.0132      -0.8397183E-03
   11 s    9    27.00967        6.409962        156.0072        12.94454        667.3041      -0.4627148E-04
   11 s   10    25.59782        6.714363        148.9345        10.20692        427.9313       0.4643531E-05
   11 s   11    24.15979        6.940704        144.0776        9.324726        338.3694       0.5260320E-03
   11 s   12    23.04372        7.195735        138.9712        10.71457        379.9805       0.1310492E-02
   11 s   13    22.11403        7.457859        134.0867        9.773259        354.8628       0.1437575E-02
   11 s   14    21.19351        7.676857        130.2616        7.643840        291.4751       0.9690697E-03
   11 s   15    20.27006        7.848726        127.4092        6.207537        253.5529       0.5199985E-03
   11 s   16    19.39959        7.996299        125.0578        5.662943        237.7486       0.2869659E-03
   11 s   17    18.61342        8.137233        122.8919        5.646205        233.1834       0.1823817E-03
   11 s   18    17.92172        8.282549        120.7358        6.021738        236.7604       0.1308232E-03
   11 s   19    17.33145        8.442711        118.4454        6.857978        251.4805       0.9455860E-04
   11 s   20    16.85044        8.629343        115.8837        8.088072        282.3903       0.6091855E-04
   11 s   21    16.46940        8.845631        113.0502        9.121707        320.4980       0.3604422E-04
   11 s   22    16.15603        9.080918        110.1210        9.611742        347.7990       0.2320660E-04
   11 s   23    15.88089        9.322989        107.2617        9.696871        360.1704       0.1787111E-04
   11 s   24    15.78336        9.660022        103.5194        15.63965        90.03698      -0.5341642E-01
   11 s   25    15.76646        10.04354        99.56649        15.63158        90.01733      -0.5316800E-01
   11 s   26    15.55030        10.29431        97.14104        7.186392        259.4874       0.2980649E-04
   12 s    1    111.8265        4.190332        238.6446       0.6283423        218.5908      -0.4600517E-04
   12 s    2    67.67704        4.226627        236.5953        3.422159        243.5756       0.1654735E-04
   12 s    3    53.71345        4.696384        212.9298        25.61633        86.75249      -0.1552434E-05
   12 s    4    47.22029        5.308278        188.3850        21.52437        95.22558      -0.5966791E-04
   12 s    5    39.37654        5.410193        184.8363        4.400935        242.3349       0.4463931E-04
   12 s    6    34.23776        5.559443        179.8741        7.811395        321.2765      -0.9057159E-04
   12 s    7    30.94607        5.798015        172.4728        10.94755        478.3742      -0.3697146E-03
   12 s    8    28.76002        6.106898        163.7492        20.59882        102.0748      -0.2609478E-02
   12 s    9    27.94835        6.632729        150.7675        5.664713        255.7420      -0.3431621E-03
   12 s   10    25.95705        6.808589        146.8733        10.01761        369.3017       0.2671021E-03
   12 s   11    24.79084        7.121995        140.4101        13.62819        619.8134       0.6656192E-03
   12 s   12    23.91524        7.467879        133.9068        13.88192        635.9568       0.6638793E-03
   12 s   13    23.16881        7.813579        127.9823        13.67260        608.6112       0.5395834E-03
   12 s   14    22.48557        8.144876        122.7766        12.45278        558.6808       0.7672841E-03
   12 s   15    21.74991        8.421737        118.7404        9.820847        419.9999       0.1464380E-02
   12 s   16    20.98745        8.650799        115.5963        8.480214        357.6440       0.1219500E-02
   12 s   17    20.24661        8.851214        112.9789        7.518969        318.9305       0.7914142E-03
   12 s   18    19.54279        9.031726        110.7208        6.904366        294.3422       0.4854753E-03
   12 s   19    18.88586        9.199918        108.6966        6.530565        278.2594       0.3099584E-03
   12 s   20    18.27789        9.360360        106.8335        6.283773        266.7486       0.2148366E-03
   12 s   21    17.71652        9.515454        105.0922        6.107536        257.9247       0.1606769E-03
   12 s   22    17.19842        9.666819        103.4466        5.993740        251.1262       0.1251375E-03
   12 s   23    16.72120        9.816298        101.8714        5.967636        246.3903       0.9745813E-04
   12 s   24    16.28451        9.966743        100.3337        6.086990        244.4531       0.7313649E-04
   12 s   25    15.89305        10.12418        98.77342        6.469787        247.6811       0.5010728E-04
   12 s   26    15.75065        10.42694        95.90543        15.62412        89.99770      -0.5293703E-01
   13 s    1    120.1062        4.500587        222.1933        13.26039        664.3610      -0.1939814E-03
   13 s    2    77.22226        4.822753        207.3504        13.10154        788.6955      -0.2174037E-02
   13 s    3    59.07419        5.165095        193.6073        14.19705        832.1148      -0.1119803E-02
   13 s    4    47.37518        5.325690        187.7691        4.619282        197.1251       0.4684533E-05
   13 s    5    42.50464        5.839983        171.2334        16.78597        239.6374       0.9455349E-03
   13 s    6    38.05056        6.178555        161.8501        10.95862        570.9248       0.1431993E-02
   13 s    7    34.08110        6.385389        156.6075        5.992955        329.8078       0.2713462E-03
   13 s    8    30.66830        6.512100        153.5603        4.646079        271.2473      -0.2576168E-03
   13 s    9    28.08281        6.664640        150.0456        21.88559        87.01829      -0.3280796E-02
   13 s   10    27.51098        7.216189        138.5773        21.92272        85.79517      -0.3463622E-02
   13 s   11    26.84650        7.712550        129.6588        4.951871        231.1691      -0.2435315E-03
   13 s   12    25.12065        7.844286        127.4813        5.788108        236.3115       0.1574620E-03
   13 s   13    23.75611        8.011644        124.8183        7.696772        263.7732       0.8035941E-03
   13 s   14    22.73666        8.235825        121.4207        10.29636        316.0404       0.1106692E-02
   13 s   15    22.02833        8.529544        117.2396        12.64473        410.4675       0.4340366E-03
   13 s   16    21.46214        8.846462        113.0395        12.49746        443.9011       0.2316855E-03
   13 s   17    20.93267        9.151140        109.2760        11.84349        442.3691       0.1510043E-03
   13 s   18    20.42411        9.439029        105.9431        11.18878        432.8410       0.1076010E-03
   13 s   19    19.93571        9.711335        102.9725        10.58887        421.2254       0.9612119E-04
   13 s   20    19.46415        9.967856        100.3225        9.871700        402.6572       0.1216196E-03
   13 s   21    18.99797        10.20371        98.00356        8.549341        358.5233       0.1972126E-03
   13 s   22    18.50253        10.39983        96.15541        7.244499        311.4113       0.2339150E-03
   13 s   23    18.01128        10.57365        94.57470        6.722374        289.0554       0.2077789E-03
   13 s   24    17.54634        10.73903        93.11828        6.502707        276.6832       0.1754788E-03
   13 s   25    17.11050        10.89972        91.74546        6.332094        267.0397       0.1467765E-03
   13 s   26    16.70078        11.05593        90.44920        6.143696        258.2508       0.1200541E-03
   14 s    1    128.3121        4.808078        207.9833        21.51370        83.71516      -0.9445534E-04
   14 s    2    83.79697        5.233363        191.0817        1.150556        213.9939      -0.9214053E-07
   14 s    3    60.27340        5.269947        189.7552        1.839672        218.5976      -0.1120235E-05
   14 s    4    49.20773        5.531697        180.7763        14.91627        650.3089       0.4699301E-03
   14 s    5    43.28078        5.946621        168.1627        20.19907        118.4451       0.4380445E-03
   14 s    6    39.97047        6.490305        154.0760        19.28400        102.4224      -0.1967248E-03
   14 s    7    36.14375        6.771845        147.6702        11.50479        408.5128       0.1348460E-02
   14 s    8    33.33809        7.079005        141.2628        12.54647        524.5864       0.1136869E-02
   14 s    9    31.07848        7.375575        135.5827        10.61738        418.6474       0.1967538E-03
   14 s   10    28.90500        7.581843        131.8941        6.064383        261.8840      -0.3867531E-03
   14 s   11    27.01747        7.761667        128.8383        21.66584        85.69470      -0.3520994E-02
   14 s   12    26.58533        8.301653        120.4579        21.49073        85.56356      -0.3537377E-02
   14 s   13    25.71512        8.672313        115.3095        8.442554        335.2813      -0.2895742E-03
   14 s   14    24.48750        8.870029        112.7392        7.692693        303.3050       0.3505633E-03
   14 s   15    23.42530        9.070462        110.2480        8.384452        318.2152       0.1112317E-02
   14 s   16    22.54358        9.292217        107.6169        9.163615        347.0874       0.1759001E-02
   14 s   17    21.78741        9.524808        104.9890        9.140896        358.2128       0.1917209E-02
   14 s   18    21.08855        9.746105        102.6051        8.358463        340.4828       0.1541687E-02
   14 s   19    20.41741        9.945987        100.5431        7.588318        317.1708       0.1001531E-02
   14 s   20    19.79201        10.13576        98.66061        7.415926        305.9107       0.5553550E-03
   14 s   21    19.23326        10.33008        96.80465        8.257365        321.0500       0.2425297E-03
   14 s   22    18.77265        10.55165        94.77186        9.341741        357.5283       0.7471561E-04
   14 s   23    18.38211        10.79135        92.66680        9.743716        379.6499       0.2749650E-04
   14 s   24    18.03265        11.03667        90.60704        9.854025        389.7506       0.1500466E-04
   14 s   25    17.71267        11.28331        88.62644        9.860890        393.7252       0.1206807E-04
   14 s   26    17.41513        11.52883        86.73910        9.748204        390.1656       0.1444553E-04
   15 s    1    139.0624        5.210909        191.9051       0.7219025        213.7208       0.6511260E-05
   15 s    2    86.48433        5.401196        185.1442        25.42650        84.34586       0.3030662E-04
   15 s    3    69.14706        6.045807        165.4039        18.37014        278.3356       0.7462310E-03
   15 s    4    56.18831        6.316421        158.3175        5.986555        313.2450      -0.3778482E-04
   15 s    5    46.74847        6.423070        155.6888        3.876198        241.7669      -0.2774302E-03
   15 s    6    40.39791        6.559713        152.4457        10.37236        187.2726       0.3277691E-03
   15 s    7    37.83471        7.088661        141.0704        23.12061        87.55301      -0.3636603E-03
   15 s    8    35.59867        7.559014        132.2924        3.212684        235.5387       0.1009546E-04
   15 s    9    32.28806        7.662634        130.5034        5.603207        269.0500       0.1586850E-03
   15 s   10    29.98448        7.864992        127.1457        10.41889        427.9415       0.3373282E-04
   15 s   11    28.36426        8.148578        122.7208        11.73178        515.3548      -0.4397493E-03
   15 s   12    27.00542        8.432832        118.5841        10.71288        443.6788      -0.6016267E-03
   15 s   13    26.20460        8.837388        113.1556        21.33547        85.49063      -0.3518790E-02
   15 s   14    25.48546        9.231517        108.3246        11.97527        452.4485      -0.2813590E-04
   15 s   15    24.63598        9.539248        104.8301        12.46754        473.8345       0.3973076E-05
   15 s   16    23.88022        9.843166        101.5933        11.45738        427.9000       0.1678971E-04
   15 s   17    23.11052        10.10323        98.97823        9.457327        365.0193       0.6328593E-03
   15 s   18    22.38181        10.34378        96.67642        9.870257        385.3865       0.1602041E-02
   15 s   19    21.75626        10.59818        94.35581        10.18660        407.7411       0.2181978E-02
   15 s   20    21.18109        10.84713        92.19031        9.368500        382.3674       0.2061916E-02
   15 s   21    20.59868        11.06344        90.38778        7.751474        327.6941       0.1429646E-02
   15 s   22    19.99728        11.23999        88.96802        6.379883        287.3342       0.8213008E-03
   15 s   23    19.40208        11.39013        87.79532        5.666700        266.7381       0.4636800E-03
   15 s   24    18.83656        11.52869        86.74009        5.435805        257.5761       0.2852825E-03
   15 s   25    18.31239        11.66535        85.72399        5.505252        254.9519       0.1979648E-03
   15 s   26    17.83487        11.80670        84.69770        5.823084        257.9722       0.1516880E-03
   16 s    1    140.8750        5.278829        189.4359        17.47452        703.0523       0.7318158E-03
   16 s    2    91.12086        5.690761        175.7234        15.58579        629.8176       0.3943251E-03
   16 s    3    69.59557        6.085022        164.3379        22.79634        101.3123       0.2382516E-03
   16 s    4    58.18369        6.540731        152.8881        10.37196        392.9283       0.7877501E-03
   16 s    5    49.82891        6.846311        146.0641        12.96857        669.5926      -0.3137329E-03
   16 s    6    44.17789        7.173495        139.4021        13.05284        771.2154      -0.1217877E-02
   16 s    7    39.87362        7.470667        133.8568        6.839294        379.5478      -0.2692248E-03
   16 s    8    36.11734        7.669150        130.3926        23.08554        88.56342      -0.5403097E-03
   16 s    9    34.28154        8.135728        122.9146        11.88926        527.5176       0.7160818E-03
   16 s   10    32.00942        8.396138        119.1024        8.756481        387.5504       0.6667592E-03
   16 s   11    29.85302        8.576274        116.6008        6.220965        281.4053       0.8633339E-04
   16 s   12    27.97996        8.737148        114.4538        7.145717        288.6805      -0.2575601E-05
   16 s   13    26.54369        8.951743        111.7101        10.10128        370.3030      -0.2010166E-04
   16 s   14    25.86668        9.369604        106.7281        21.20807        85.44992      -0.3479339E-02
   16 s   15    25.26029        9.780984        102.2392        7.539615        328.4298      -0.2459519E-03
   16 s   16    24.21937        9.982959        100.1707        9.076947        352.4614       0.2568452E-03
   16 s   17    23.46565        10.25848        97.48031        12.21672        446.8364       0.4113778E-03
   16 s   18    22.88595        10.57678        94.54677        12.97371        479.4611       0.2431907E-03
   16 s   19    22.37948        10.90177        91.72822        12.96044        484.0771       0.9074792E-04
   16 s   20    21.91604        11.22350        89.09873        12.76729        485.3923       0.4835310E-05
   16 s   21    21.48610        11.54007        86.65456        12.56094        491.3762       0.1810218E-04
   16 s   22    21.07545        11.84601        84.41663        11.08459        429.4428       0.2761489E-03
   16 s   23    20.57849        12.08075        82.77631        8.493808        336.3523       0.1346911E-02
   16 s   24    20.05986        12.27740        81.45044        7.151611        293.9952       0.8977409E-03
   16 s   25    19.53352        12.44323        80.36496        6.131082        266.4051       0.5150184E-03
   16 s   26    19.01729        12.58946        79.43155        5.591771        252.5040       0.2979492E-03
   17 s    1    163.3837        6.122272        163.3381        15.60796        429.4912       0.1787212E-02
   17 s    2    101.4566        6.336261        157.8218        1.794754        223.7476      -0.2196444E-03
   17 s    3    73.05055        6.387105        156.5655        2.925063        226.2472       0.2236333E-04
   17 s    4    60.13458        6.760041        147.9281        27.09426        83.39167      -0.5165774E-05
   17 s    5    53.83562        7.396818        135.1933        6.089395        195.5522       0.3249049E-03
   17 s    6    45.89154        7.451754        134.1966        1.984062        220.6055      -0.2025113E-04
   17 s    7    40.21840        7.535266        132.7093        8.532937        305.4280      -0.8589074E-03
   17 s    8    36.91179        7.837844        127.5861        12.74100        539.0841      -0.1411513E-03
   17 s    9    34.79376        8.257288        121.1051        22.81151        87.24237      -0.6642762E-03
   17 s   10    32.95916        8.645258        115.6704        7.122625        283.7891       0.5170366E-03
   17 s   11    30.85706        8.864718        112.8068        10.01481        413.6269       0.1072849E-02
   17 s   12    29.21399        9.122491        109.6192        10.33865        459.1271       0.6640425E-03
   17 s   13    27.78552        9.370544        106.7174        9.394049        417.7577      -0.1123371E-04
   17 s   14    26.47067        9.588387        104.2928        8.073234        358.3971      -0.3810425E-03
   17 s   15    25.56487        9.898919        101.0211        21.10012        85.42866      -0.3427657E-02
   17 s   16    25.29363        10.42576        95.91628        21.00605        85.42236      -0.3369914E-02
   17 s   17    24.97802        10.91965        91.57804        7.963816        337.9675      -0.1410000E-03
   17 s   18    24.00685        11.09480        90.13232        6.317016        293.4426       0.1829253E-03
   17 s   19    23.09670        11.25115        88.87978        6.352733        288.9086       0.6937529E-03
   17 s   20    22.30624        11.42333        87.54014        7.455563        311.3328       0.1397054E-02
   17 s   21    21.65215        11.62926        85.99003        8.830407        351.7235       0.2072453E-02
   17 s   22    21.11216        11.86664        84.26985        10.60654        423.8038       0.2070393E-02
   17 s   23    20.72458        12.16651        82.19281        12.23796        524.5722       0.6627528E-03
   17 s   24    20.37552        12.47060        80.18861        12.02109        527.8964       0.5071172E-03
   17 s   25    20.04300        12.76778        78.32213        11.70934        518.5734       0.3936798E-03
   17 s   26    19.72204        13.05600        76.59313        11.29285        496.7375       0.3229256E-03
   18 s    1    168.4710        6.312902        158.4057        18.29954        99.84770      -0.2657148E-04
   18 s    2    104.5248        6.527875        153.1892        14.02516        596.8169      -0.1066375E-02
   18 s    3    78.75899        6.886217        145.2176        14.71648        879.0983      -0.3475880E-02
   18 s    4    64.44747        7.244876        138.0286        12.51817        699.7726      -0.6025667E-03
   18 s    5    54.08995        7.431762        134.5576        22.13021        93.80986      -0.3786283E-04
   18 s    6    49.09603        7.972092        125.4376        13.61654        308.8632       0.2254532E-02
   18 s    7    44.01750        8.247059        121.2553        8.727828        358.3922       0.8486226E-03
   18 s    8    39.57801        8.403988        118.9911        4.458006        236.2137      -0.3762356E-03
   18 s    9    35.85281        8.508624        117.5278        4.405620        229.3641      -0.1992408E-03
   18 s   10    33.68171        8.834783        113.1890        22.96153        85.86729      -0.8551067E-03
   18 s   11    32.75041        9.408647        106.2852        22.81157        85.69402      -0.1011260E-02
   18 s   12    31.31961        9.780000        102.2495        6.552085        295.6167       0.3158956E-03
   18 s   13    29.50700        9.951105        100.4914        7.499657        310.6512       0.5765550E-03
   18 s   14    28.06727        10.16672        98.36016        9.473649        366.2382       0.4685201E-03
   18 s   15    26.91489        10.42166        95.95402        10.72764        420.2375       0.1290061E-03
   18 s   16    25.93203        10.68890        93.55499        10.29824        412.5460      -0.1560026E-03
   18 s   17    25.04834        10.95039        91.32095        20.92117        85.42871      -0.3310238E-02
   18 s   18    24.82522        11.47301        87.16109        20.84250        85.44307      -0.3251377E-02
   18 s   19    24.35733        11.86525        84.27973        11.97474        433.6214       0.3988087E-04
   18 s   20    23.68265        12.12821        82.45239        8.612341        318.9286       0.2538209E-03
   18 s   21    22.92126        12.31089        81.22888        6.495199        273.6849       0.5823124E-03
   18 s   22    22.19308        12.47420        80.16548        6.729193        280.1630       0.1029391E-02
   18 s   23    21.56159        12.65789        79.00214        7.954723        314.6418       0.1588296E-02
   18 s   24    21.03763        12.87583        77.66487        9.272922        367.2264       0.2015904E-02
   18 s   25    20.59379        13.11865        76.22738        9.830611        402.7022       0.2003305E-02
   18 s   26    20.18620        13.36327        74.83196        9.479980        393.6331       0.1528415E-02
   19 s    1    169.1527        6.338444        157.7674        5.494192        180.7039       0.1676588E-03
   19 s    2    110.4567        6.898339        144.9624        23.80940        85.91162      -0.2709472E-03
   19 s    3    84.55308        7.392818        135.2664        1.423032        210.1953      -0.2969300E-04
   19 s    4    66.20340        7.442269        134.3676        3.971689        222.9646      -0.6154769E-03
   19 s    5    55.93778        7.685647        130.1127        13.14222        463.7738       0.1866789E-02
   19 s    6    49.83721        8.092443        123.5721        23.04904        97.26040       0.2970490E-03
   19 s    7    45.34482        8.495745        117.7060        6.036916        260.9725       0.8536635E-03
   19 s    8    41.03405        8.713163        114.7689        10.84851        492.5888       0.3388149E-03
   19 s    9    37.95653        9.007882        111.0139        12.29526        628.8154      -0.9794445E-03
   19 s   10    35.51836        9.316541        107.3360        12.10467        596.1054      -0.1354267E-02
   19 s   11    33.38990        9.592361        104.2496        9.330819        396.4570      -0.5737809E-03
   19 s   12    31.95403        9.978109        100.2194        22.55660        85.74480      -0.1143199E-02
   19 s   13    30.64156        10.33373        96.77047        11.50175        601.4560       0.2844230E-03
   19 s   14    29.29828        10.61262        94.22742        10.65875        540.2047       0.4189133E-03
   19 s   15    28.03390        10.85495        92.12389        8.580785        401.3832       0.1371279E-03
   19 s   16    26.81456        11.05267        90.47590        7.819396        337.2521       0.3450906E-06
   19 s   17    25.78842        11.27393        88.70023        10.17456        383.3560       0.6582186E-05
   19 s   18    25.00786        11.55741        86.52454        12.18234        451.9918      -0.2062456E-04
   19 s   19    24.62110        11.99374        83.37684        20.76747        85.46407      -0.3194853E-02
   19 s   20    24.15630        12.37077        80.83570        11.40178        431.5223       0.3286255E-05
   19 s   21    23.62520        12.68898        78.80857        13.60908        528.8972       0.1230615E-05
   19 s   22    23.18741        13.03309        76.72780        13.55151        514.1785       0.1129678E-05
   19 s   23    22.70414        13.32863        75.02648        9.228597        340.6201       0.2353715E-03
   19 s   24    22.09124        13.52069        73.96075        6.881858        289.8468       0.7034847E-03
   19 s   25    21.49592        13.69332        73.02830        7.033032        296.3805       0.1153716E-02
   19 s   26    20.96820        13.88096        72.04111        7.945359        325.5689       0.1651119E-02
   20 s    1    185.7940        6.962023        143.6364        18.52917        814.9068      -0.2706315E-02
   20 s    2    117.6743        7.349098        136.0711        5.858503        298.4422       0.1836368E-02
   20 s    3    85.99415        7.518817        132.9996        24.85551        85.67083       0.1391851E-03
   20 s    4    71.88772        8.081272        123.7429        14.34545        496.9291      -0.1065188E-02
   20 s    5    60.64518        8.332427        120.0131        3.948468        220.5727      -0.7499218E-03
   20 s    6    51.74047        8.401488        119.0265        2.802337        210.1768       0.2168165E-03
   20 s    7    46.41876        8.696957        114.9827        23.66468        88.49271      -0.1161462E-03
   20 s    8    43.72008        9.283514        107.7178        22.92083        90.93967      -0.8991227E-04
   20 s    9    40.33637        9.572666        104.4641        3.177329        253.8518       0.7752716E-05
   20 s   10    36.82873        9.660254        103.5170        4.091623        262.9467      -0.8401442E-05
   20 s   11    34.10530        9.797882        102.0629        7.543697        346.9359      -0.2382022E-03
   20 s   12    32.17584        10.04737        99.52853        11.24125        540.8203      -0.1820773E-03
   20 s   13    31.26005        10.54231        94.85583        22.40047        85.23931      -0.1268881E-02
   20 s   14    30.18971        10.93552        91.44511        5.757293        288.1680       0.9615678E-04
   20 s   15    28.68113        11.10556        90.04497        8.201818        349.8870       0.6803327E-03
   20 s   16    27.52162        11.34411        88.15147        10.58727        468.3942       0.8232836E-03
   20 s   17    26.57615        11.61830        86.07110        11.10833        513.8878       0.5596639E-03
   20 s   18    25.72178        11.88736        84.12300        10.18249        450.0743       0.2160277E-03
   20 s   19    24.88776        12.12364        82.48350        8.982136        370.1702       0.3088779E-04
   20 s   20    24.43334        12.51265        79.91914        20.69474        85.48921      -0.3141509E-02
   20 s   21    24.18978        12.99220        76.96924        9.861218        388.9735       0.2922709E-03
   20 s   22    23.52672        13.22381        75.62119        8.826078        349.0011       0.4035729E-03
   20 s   23    22.95312        13.47479        74.21264        12.14278        460.6824       0.3836209E-03
   20 s   24    22.56755        13.81220        72.39975        14.11114        574.2160       0.2155680E-03
   20 s   25    22.23672        14.16523        70.59541        13.96461        577.7486       0.1949610E-03
   20 s   26    21.90673        14.50227        68.95472        12.68088        519.7385       0.3233107E-03
