    0 s    2    4.998758       0.3121869        3203.210        6.553528        528.9850      -0.7187187E-02
    0 s    3    5.419612       0.4738586        2110.334        6.815729        441.1670      -0.2348973E-02
    0 s    4    5.822258       0.6545104        1527.860        7.617268        394.3177      -0.6284388E-03
    0 s    5    6.185384       0.8498492        1176.679        7.976389        374.8778       0.1755427E-03
    0 s    6    6.458932        1.048785        953.4840        7.912421        365.4706       0.6241236E-03
    0 s    7    6.624527        1.241163        805.6962        7.448000        358.8987       0.8081913E-03
    0 s    8    6.676670        1.417723        705.3564        6.668018        352.3365       0.7127616E-03
    0 s    9    6.632529        1.574038        635.3086        5.878418        345.4427       0.4566755E-03
    0 s   10    6.533168        1.713664        583.5450        5.343764        338.6489       0.2341059E-03
    0 s   11    6.416054        1.843225        542.5273        5.052601        331.9605       0.1063522E-03
    0 s   12    6.300568        1.967443        508.2738        4.898438        325.2103       0.4535333E-04
    0 s   13    6.193433        2.088708        478.7648        4.806847        318.3053       0.1859718E-04
    0 s   14    6.095783        2.208056        452.8871        4.740622        311.2278       0.7400133E-05
    0 s   15    6.006804        2.325882        429.9444        4.683155        304.0035       0.2867423E-05
    0 s   16    5.925211        2.442307        409.4489        4.627606        296.6830       0.1083303E-05
    0 s   17    5.849764        2.557343        391.0309        4.571590        289.3302       0.3993046E-06
    0 s   18    5.779427        2.670970        374.3958        4.514727        282.0146       0.1436635E-06
    0 s   19    5.713380        2.783173        359.3021        4.457509        274.8051       0.5053072E-07
    0 s   20    5.650996        2.893952        345.5482        4.400752        267.7657       0.1749252E-07
    0 s   21    5.591807        3.003331        332.9637        4.345330        260.9510       0.6108459E-08
    0 s   22    5.535464        3.111352        321.4037        4.292033        254.4052       0.2334405E-08
    0 s   23    5.481709        3.218076        310.7446        4.241507        248.1606       0.1075536E-08
    0 s   24    5.430347        3.323581        300.8803        4.194228        242.2381       0.6881822E-09
    0 s   25    5.381232        3.427950        291.7196        4.150503        236.6483       0.6225100E-09
    0 s   26    5.334247        3.531275        283.1839        4.110489        231.3928       0.5778034E-09
    1 s    2    10.90452       0.6810187        1468.389        10.91648        319.5169      -0.1061859E-02
    1 s    3    10.75271       0.9401528        1063.657        9.824864        294.1737      -0.2097132E-03
    1 s    4    10.41074        1.170326        854.4629        8.514476        284.8901      -0.2081558E-03
    1 s    5    9.899134        1.360105        735.2374        6.594483        305.3542      -0.4253983E-03
    1 s    6    9.270750        1.505361        664.2923        5.342478        343.7438      -0.5087179E-03
    1 s    7    8.747223        1.638868        610.1772        5.576512        362.9199      -0.9394555E-04
    1 s    8    8.420962        1.788106        559.2511        6.501003        370.9225       0.7528355E-03
    1 s    9    8.267780        1.962118        509.6534        7.488229        375.4385       0.1820440E-02
    1 s   10    8.224609        2.157332        463.5354        8.182914        378.2755       0.2862832E-02
    1 s   11    8.235335        2.365874        422.6768        8.576210        379.9255       0.3788808E-02
    1 s   12    8.267307        2.581586        387.3588        8.776168        380.4026       0.4606083E-02
    1 s   13    8.304802        2.800758        357.0462        8.863056        378.9836       0.5323311E-02
    1 s   14    8.340412        3.021120        331.0030        8.872441        373.2150       0.5905152E-02
    1 s   15    8.369283        3.240653        308.5798        8.778208        354.1856       0.6161724E-02
    1 s   16    8.380367        3.454296        289.4946        8.274154        287.5115       0.5015681E-02
    1 s   17    8.334804        3.643728        274.4442        6.928176        197.7238       0.1362592E-02
    1 s   18    8.241187        3.808676        262.5584        6.383145        179.3899       0.2522161E-03
    1 s   19    8.140988        3.965740        252.1597        6.192213        175.7261       0.6563911E-04
    1 s   20    8.043488        4.119180        242.7667        6.077099        174.4572       0.2082274E-04
    1 s   21    7.950468        4.270156        234.1835        5.991588        173.9520       0.7305773E-05
    1 s   22    7.862332        4.419228        226.2839        5.923769        173.8181       0.2703756E-05
    1 s   23    7.779089        4.566770        218.9731        5.868649        173.9002       0.1029587E-05
    1 s   24    7.700593        4.713058        212.1765        5.823100        174.1104       0.3977510E-06
    1 s   25    7.626611        4.858299        205.8333        5.784692        174.3883       0.1545312E-06
    1 s   26    7.556862        5.002647        199.8942        5.751414        174.6889       0.6001565E-07
    2 s    1    10.81311       0.4051860        2468.002        13.00853        403.6730      -0.4613383E-04
    2 s    2    14.91752       0.9316424        1073.373        20.10443        95.26129      -0.3376111E-01
    2 s    3    14.28351        1.248865        800.7269        6.293264        419.3734      -0.2008781E-02
    2 s    4    12.35016        1.388346        720.2818        5.365263        394.9683      -0.7976011E-03
    2 s    5    11.14729        1.531597        652.9134        6.363686        320.0953      -0.5908845E-03
    2 s    6    10.51167        1.706859        585.8715        7.507603        263.9647      -0.2918718E-03
    2 s    7    10.13463        1.898811        526.6453        7.758670        238.4592      -0.1390536E-03
    2 s    8    9.852687        2.092118        477.9845        7.682942        224.0045      -0.5774008E-04
    2 s    9    9.617144        2.282350        438.1449        7.528912        213.8162       0.2608634E-05
    2 s   10    9.410948        2.468512        405.1024        7.360903        205.9434       0.5896460E-04
    2 s   11    9.226130        2.650513        377.2855        7.196792        199.6838       0.1192816E-03
    2 s   12    9.058127        2.828531        353.5404        7.042732        194.7633       0.1917787E-03
    2 s   13    8.904095        3.002867        333.0151        6.903644        191.1796       0.2934206E-03
    2 s   14    8.762477        3.174003        315.0595        6.791882        189.4143       0.4733938E-03
    2 s   15    8.633789        3.343072        299.1261        6.759721        191.9682       0.9256259E-03
    2 s   16    8.527008        3.514740        284.5161        7.128234        216.7575       0.2724375E-02
    2 s   17    8.480083        3.707240        269.7425        8.340253        324.9352       0.6995359E-02
    2 s   18    8.484121        3.920948        255.0403        8.758708        386.0040       0.8677411E-02
    2 s   19    8.497668        4.139491        241.5756        8.833435        401.0630       0.9378117E-02
    2 s   20    8.511602        4.358908        229.4152        8.845167        406.2895       0.9885911E-02
    2 s   21    8.524333        4.578375        218.4181        8.840765        408.7660       0.1031309E-01
    2 s   22    8.535611        4.797662        208.4349        8.831372        410.0715       0.1068191E-01
    2 s   23    8.545486        5.016689        199.3347        8.819605        410.4471       0.1099246E-01
    2 s   24    8.553991        5.235371        191.0084        8.800938        408.7677       0.1120729E-01
    2 s   25    8.560080        5.452937        183.3874        8.669450        385.5653       0.1067123E-01
    2 s   26    8.523171        5.642345        177.2313        6.707168        213.9684       0.3606230E-03
    3 s    1    25.33361       0.9492943        1053.414        6.080210        889.2944      -0.7056239E-03
    3 s    2    17.80802        1.112162        899.1493        6.856072        391.8137      -0.6708939E-03
    3 s    3    15.97090        1.396400        716.1269        16.75453        91.03644      -0.2171869E-01
    3 s    4    16.00040        1.798688        555.9609        16.48201        89.13153      -0.1807238E-01
    3 s    5    15.96218        2.193145        455.9662        16.27703        88.96319      -0.1516688E-01
    3 s    6    15.70118        2.549518        392.2310        5.614532        293.1033      -0.3643095E-03
    3 s    7    14.34207        2.687111        372.1468        5.455124        287.3613      -0.4248011E-03
    3 s    8    13.29103        2.822215        354.3316        5.389497        280.7358      -0.4646958E-03
    3 s    9    12.45949        2.956898        338.1922        5.423304        275.7346      -0.4019033E-03
    3 s   10    11.79406        3.093607        323.2473        5.543556        271.7079      -0.2812591E-03
    3 s   11    11.25738        3.234057        309.2091        5.712779        268.1151      -0.1468795E-03
    3 s   12    10.82103        3.379022        295.9436        5.895968        264.5981      -0.2792535E-04
    3 s   13    10.46276        3.528521        283.4049        6.068752        260.9574       0.6167888E-04
    3 s   14    10.16517        3.682098        271.5843        6.217481        257.1056       0.1191914E-03
    3 s   15    9.914741        3.839066        260.4800        6.336880        253.0296       0.1485760E-03
    3 s   16    9.701089        3.998683        250.0824        6.427389        248.7645       0.1568515E-03
    3 s   17    9.516345        4.160263        240.3694        6.492784        244.3759       0.1515549E-03
    3 s   18    9.354592        4.323238        231.3081        6.538268        239.9474       0.1392664E-03
    3 s   19    9.211398        4.487172        222.8575        6.569077        235.5693       0.1250225E-03
    3 s   20    9.083437        4.651752        214.9728        6.589663        231.3292       0.1124110E-03
    3 s   21    8.968185        4.816766        207.6082        6.603409        227.3064       0.1042235E-03
    3 s   22    8.863697        4.982071        200.7197        6.612809        223.5760       0.1039420E-03
    3 s   23    8.768457        5.147585        194.2658        6.620285        220.2446       0.1203917E-03
    3 s   24    8.681346        5.313316        188.2064        6.632485        217.6904       0.1953567E-03
    3 s   25    8.602550        5.479992        182.4820        6.756094        221.8889       0.9798867E-03
    3 s   26    8.571941        5.674630        176.2229        8.709918        402.7350       0.1152586E-01
    4 s    1    37.89127        1.419852        704.2990        11.65577        372.8072      -0.2436271E-03
    4 s    2    27.72831        1.731713        577.4629        13.00182        460.5731      -0.1239049E-03
    4 s    3    23.59729        2.063206        484.6825        13.40716        527.3326      -0.2482349E-04
    4 s    4    20.28744        2.280617        438.4778        4.921589        324.2997      -0.1661100E-04
    4 s    5    17.55149        2.411511        414.6778        5.469992        306.6422      -0.7772821E-04
    4 s    6    15.91830        2.584774        386.8810        16.13035        89.24271      -0.1317669E-01
    4 s    7    15.87546        2.974405        336.2017        16.12822        89.12218      -0.1201221E-01
    4 s    8    15.83640        3.362699        297.3802        16.05766        89.29783      -0.1115559E-01
    4 s    9    15.76651        3.741724        267.2565        6.346686        341.0086      -0.2447063E-03
    4 s   10    14.83520        3.891305        256.9832        5.727869        310.3128      -0.3103034E-03
    4 s   11    14.02936        4.030401        248.1142        5.449477        293.8564      -0.3145267E-03
    4 s   12    13.33731        4.164767        240.1094        5.335260        283.8091      -0.2674582E-03
    4 s   13    12.74388        4.297817        232.6762        5.336241        277.3076      -0.1953429E-03
    4 s   14    12.23557        4.432051        225.6292        5.422652        273.0908      -0.1191933E-03
    4 s   15    11.80053        4.569260        218.8538        5.567518        270.4494      -0.5180368E-04
    4 s   16    11.42823        4.710591        212.2876        5.746153        268.9167       0.8491420E-06
    4 s   17    11.10919        4.856608        205.9050        5.937246        268.1547       0.3734724E-04
    4 s   18    10.83497        5.007394        199.7047        6.123534        267.9039       0.5898210E-04
    4 s   19    10.59805        5.162656        193.6987        6.292062        267.9594       0.6845588E-04
    4 s   20    10.39189        5.321828        187.9054        6.434098        268.1595       0.6898656E-04
    4 s   21    10.21082        5.484177        182.3428        6.544723        268.3798       0.6369954E-04
    4 s   22    10.05004        5.648886        177.0261        6.622188        268.5287       0.5525306E-04
    4 s   23    9.905559        5.815129        171.9652        6.667205        268.5438       0.4566543E-04
    4 s   24    9.774098        5.982122        167.1648        6.682319        268.3881       0.3629994E-04
    4 s   25    9.653022        6.149163        162.6238        6.671442        268.0464       0.2795112E-04
    4 s   26    9.540262        6.315660        158.3366        6.639506        267.5225       0.2097738E-04
    5 s    1    44.75375        1.677000        596.3028        25.91614        86.86272      -0.4720856E-04
    5 s    2    33.63316        2.100488        476.0799        2.689851        359.2666      -0.6093747E-03
    5 s    3    24.88452        2.175754        459.6107        3.677955        316.1812      -0.2194886E-03
    5 s    4    21.38285        2.403758        416.0153        13.46799        497.9934      -0.9688277E-05
    5 s    5    19.92069        2.737030        365.3596        13.09258        525.4423      -0.3090150E-06
    5 s    6    18.80696        3.053828        327.4579        12.15879        529.9586      -0.3515290E-05
    5 s    7    17.81754        3.338270        299.5564        10.42243        503.8893      -0.2504053E-04
    5 s    8    16.79851        3.566992        280.3483        7.884131        412.0192      -0.1110627E-03
    5 s    9    15.79842        3.749297        266.7166        15.97313        89.50413      -0.1054407E-01
    5 s   10    15.76071        4.134069        241.8924        15.90247        89.58602      -0.1011583E-01
    5 s   11    15.72336        4.517058        221.3830        15.82842        89.68366      -0.9790406E-02
    5 s   12    15.24289        4.759812        210.0923        8.985248        385.6156      -0.1078888E-03
    5 s   13    14.75368        4.975615        200.9802        8.264818        376.1828      -0.1499064E-03
    5 s   14    14.28028        5.172698        193.3227        7.525764        355.1285      -0.1877648E-03
    5 s   15    13.82532        5.353273        186.8016        6.968521        332.3494      -0.1955555E-03
    5 s   16    13.39859        5.522754        181.0691        6.629144        314.6664      -0.1701686E-03
    5 s   17    13.00566        5.685687        175.8803        6.428843        302.1786      -0.1264477E-03
    5 s   18    12.64651        5.844600        171.0981        6.296728        293.2149      -0.7928872E-04
    5 s   19    12.31834        6.000664        166.6482        6.194879        286.4982      -0.3803172E-04
    5 s   20    12.01768        6.154416        162.4849        6.108914        281.3011      -0.6920083E-05
    5 s   21    11.74136        6.306221        158.5736        6.038068        277.2477       0.1340804E-04
    5 s   22    11.48691        6.456517        154.8823        5.987953        274.1433       0.2446314E-04
    5 s   23    11.25257        6.605902        151.3798        5.965134        271.8656       0.2866487E-04
    5 s   24    11.03708        6.755114        148.0360        5.973633        270.3057       0.2844882E-04
    5 s   25    10.83945        6.904942        144.8238        6.013477        269.3457       0.2578594E-04
    5 s   26    10.65879        7.056128        141.7208        6.080860        268.8556       0.2205058E-04
    6 s    1    52.91924        1.982976        504.2926        9.107714        752.0776      -0.9563791E-03
    6 s    2    38.11791        2.380574        420.0668        27.19470        86.21708      -0.1154701E-03
    6 s    3    32.64864        2.854603        350.3114        12.36276        400.2225      -0.1031899E-02
    6 s    4    27.74853        3.119357        320.5789        8.608537        347.3644      -0.8402728E-03
    6 s    5    23.96763        3.293065        303.6685        5.844495        282.9808      -0.2938098E-03
    6 s    6    21.15457        3.435026        291.1186        5.792955        268.3644      -0.5032466E-04
    6 s    7    19.17692        3.592962        278.3219        7.033443        270.0834      -0.3126588E-04
    6 s    8    17.86756        3.793995        263.5744        9.034835        299.8579      -0.6144872E-04
    6 s    9    16.99994        4.034442        247.8658        9.960931        342.4150      -0.6315004E-04
    6 s   10    16.33250        4.284049        233.4240        9.922068        368.8619      -0.6609755E-04
    6 s   11    15.76085        4.527830        220.8563        9.547732        382.3275      -0.7979521E-04
    6 s   12    15.68667        4.898389        204.1488        15.76146        89.75222      -0.9540974E-02
    6 s   13    15.55760        5.246733        190.5948        7.241452        264.3295      -0.2362362E-03
    6 s   14    15.00669        5.435825        183.9647        7.870533        274.3154      -0.1852761E-03
    6 s   15    14.56142        5.638296        177.3586        8.285113        287.3405      -0.1331626E-03
    6 s   16    14.18744        5.847906        171.0014        8.447863        298.8035      -0.9732078E-04
    6 s   17    13.86007        6.059210        165.0380        8.433240        306.7491      -0.7580161E-04
    6 s   18    13.56411        6.268673        159.5234        8.309235        311.0566      -0.6288482E-04
    6 s   19    13.29031        6.474141        154.4607        8.119799        312.0223      -0.5403263E-04
    6 s   20    13.03312        6.674440        149.8253        7.902392        310.0497      -0.4580472E-04
    6 s   21    12.78987        6.869376        145.5736        7.697547        305.8656      -0.3577863E-04
    6 s   22    12.56006        7.059710        141.6489        7.537818        300.5229      -0.2328137E-04
    6 s   23    12.34414        7.246717        137.9935        7.429412        294.9394      -0.9675070E-05
    6 s   24    12.14216        7.431468        134.5629        7.351843        289.5130       0.2706568E-05
    6 s   25    11.95310        7.614355        131.3309        7.274659        284.1999       0.1197375E-04
    6 s   26    11.77500        7.795059        128.2864        7.173157        278.8094       0.1734683E-04
    7 s    1    60.71741        2.275187        439.5244        6.474363        262.3627      -0.9804223E-04
    7 s    2    40.87227        2.552591        391.7588        13.57861        386.6419      -0.7852179E-03
    7 s    3    35.02203        3.062118        326.5713        25.09209        88.09431      -0.4732389E-03
    7 s    4    30.80595        3.463057        288.7622        8.011570        346.7486      -0.2218628E-03
    7 s    5    27.03188        3.714082        269.2455        11.51591        485.9321      -0.5401885E-03
    7 s    6    24.70508        4.011550        249.2802        11.82002        512.3034      -0.5077327E-03
    7 s    7    22.85821        4.282683        233.4985        9.447947        411.4449      -0.3012070E-03
    7 s    8    21.09505        4.479319        223.2482        6.568826        314.7353      -0.1041352E-03
    7 s    9    19.50418        4.628752        216.0410        5.653648        279.9205      -0.6792098E-04
    7 s   10    18.18343        4.769552        209.6633        5.704565        267.4410      -0.1293614E-03
    7 s   11    17.11268        4.916188        203.4096        6.070935        262.0117      -0.2069715E-03
    7 s   12    16.24926        5.074067        197.0806        6.595725        260.5824      -0.2493175E-03
    7 s   13    15.65106        5.278251        189.4567        15.70295        89.79807      -0.9344336E-02
    7 s   14    15.61689        5.656856        176.7766        15.65315        89.82618      -0.9185220E-02
    7 s   15    15.58442        6.034412        165.7162        15.61155        89.84127      -0.9053318E-02
    7 s   16    15.55381        6.411112        155.9792        15.57724        89.84711      -0.8941610E-02
    7 s   17    14.98995        6.553159        152.5982        5.495575        244.8617      -0.2198237E-03
    7 s   18    14.48456        6.694057        149.3862        5.796088        245.7469      -0.1908043E-03
    7 s   19    14.04841        6.843435        146.1254        6.167690        248.0798      -0.1547034E-03
    7 s   20    13.67405        7.002667        142.8027        6.575014        251.7166      -0.1170914E-03
    7 s   21    13.35336        7.172020        139.4307        6.966399        256.2874      -0.8289038E-04
    7 s   22    13.07731        7.350444        136.0462        7.292811        261.1057      -0.5512563E-04
    7 s   23    12.83685        7.535962        132.6971        7.532031        265.4195      -0.3423416E-04
    7 s   24    12.62412        7.726448        129.4256        7.692864        268.7728      -0.1887407E-04
    7 s   25    12.43327        7.920236        126.2589        7.800273        271.1074      -0.7310085E-05
    7 s   26    12.26029        8.116318        123.2086        7.879918        272.6200       0.1752651E-05
    8 s    1    76.55277        2.868565        348.6064        14.61897        938.4689      -0.2048189E-02
    8 s    2    51.74272        3.231482        309.4555        12.88345        562.8356      -0.7018276E-03
    8 s    3    38.02740        3.324889        300.7619        3.747236        267.9818       0.1198725E-04
    8 s    4    32.72911        3.679249        271.7946        23.78763        89.95209      -0.7578703E-03
    8 s    5    30.50284        4.190979        238.6078        12.86094        432.1326      -0.2022212E-03
    8 s    6    27.40457        4.449887        224.7248        8.562839        413.7523      -0.3023306E-03
    8 s    7    24.86120        4.657962        214.6862        9.065048        353.6025      -0.2727488E-04
    8 s    8    23.18388        4.922861        203.1339        11.91954        437.4105      -0.1634382E-05
    8 s    9    22.06092        5.235519        191.0030        12.73502        518.9969      -0.1360535E-06
    8 s   10    21.10647        5.536273        180.6269        10.51707        489.9584      -0.4014746E-04
    8 s   11    19.98961        5.742682        174.1347        6.670465        327.4820      -0.1090583E-03
    8 s   12    18.87472        5.893905        169.6668        5.640720        281.5789      -0.1308688E-03
    8 s   13    17.87893        6.029590        165.8488        5.283634        263.0673      -0.1735132E-03
    8 s   14    17.00492        6.159638        162.3472        5.160080        253.4740      -0.2130640E-03
    8 s   15    16.24030        6.288374        159.0236        5.169349        248.1977      -0.2349303E-03
    8 s   16    15.57225        6.418709        155.7946        5.283992        245.5689      -0.2362089E-03
    8 s   17    15.52512        6.787122        147.3379        15.54913        89.84656      -0.8845242E-02
    8 s   18    15.49835        7.162584        139.6144        15.52613        89.84171      -0.8760815E-02
    8 s   19    15.47343        7.537612        132.6680        15.50723        89.83399      -0.8685908E-02
    8 s   20    15.39900        7.886038        126.8064        5.652077        252.6042      -0.1873861E-03
    8 s   21    14.94461        8.026671        124.5846        5.608772        247.8637      -0.1569876E-03
    8 s   22    14.52954        8.166705        122.4484        5.602750        244.2936      -0.1258994E-03
    8 s   23    14.15045        8.307122        120.3786        5.638257        241.8039      -0.9698990E-04
    8 s   24    13.80468        8.448992        118.3573        5.717636        240.3544      -0.7176222E-04
    8 s   25    13.49002        8.593404        116.3683        5.840002        239.9066      -0.5071481E-04
    8 s   26    13.20449        8.741381        114.3984        6.000772        240.3987      -0.3372936E-04
    9 s    1    86.30693        3.234070        309.2079       0.6931297        232.3541      -0.2429211E-05
    9 s    2    52.29129        3.265742        306.2091        3.157821        292.7169      -0.5815148E-04
    9 s    3    40.97710        3.582794        279.1118        13.43118        809.0295       0.5698308E-03
    9 s    4    34.77206        3.908908        255.8259        12.75599        602.7088       0.6272043E-03
    9 s    5    31.19556        4.286156        233.3093        21.49341        93.24414      -0.8607674E-03
    9 s    6    28.64142        4.650723        215.0203        8.401790        349.7205      -0.1754642E-03
    9 s    7    26.14458        4.898415        204.1477        10.73951        520.5864      -0.8523575E-03
    9 s    8    24.33505        5.167300        193.5246        10.48415        513.0245      -0.9504901E-03
    9 s    9    22.82039        5.415757        184.6464        9.321861        409.3395      -0.6723578E-03
    9 s   10    21.52698        5.646572        177.0986        9.902707        353.9688      -0.3033155E-03
    9 s   11    20.64791        5.931800        168.5829        12.33428        445.0918      -0.7628700E-04
    9 s   12    19.99177        6.242718        160.1866        12.40240        493.1672      -0.3417764E-04
    9 s   13    19.41751        6.548470        152.7074        12.01923        510.1340      -0.2732383E-04
    9 s   14    18.88386        6.840241        146.1937        11.20857        498.4628      -0.4144025E-04
    9 s   15    18.32896        7.097118        140.9023        9.045177        406.4428      -0.1090447E-03
    9 s   16    17.68898        7.291205        137.1515        6.806430        312.2356      -0.1942375E-03
    9 s   17    17.04260        7.450518        134.2189        6.097420        280.8716      -0.2252421E-03
    9 s   18    16.44343        7.599353        131.5901        5.854986        267.2333      -0.2275168E-03
    9 s   19    15.89694        7.743919        129.1336        5.730297        258.7818      -0.2127407E-03
    9 s   20    15.45028        7.912299        126.3855        15.49157        89.82436      -0.8618766E-02
    9 s   21    15.42878        8.286718        120.6750        15.47842        89.81341      -0.8558095E-02
    9 s   22    15.40882        8.660926        115.4611        15.46719        89.80151      -0.8502924E-02
    9 s   23    15.39027        9.034967        110.6811        15.45740        89.78885      -0.8452511E-02
    9 s   24    15.16877        9.283866        107.7137        6.444671        268.4549      -0.2003859E-03
    9 s   25    14.82593        9.444405        105.8828        6.409768        263.6841      -0.1717477E-03
    9 s   26    14.50809        9.604368        104.1193        6.391234        260.0933      -0.1404281E-03
   10 s    1    90.89224        3.405890        293.6090        19.12955        89.79665      -0.4557924E-04
   10 s    2    63.53365        3.967860        252.0250        23.69872        84.62443      -0.1304087E-04
   10 s    3    49.52403        4.330087        230.9423        6.498117        327.8773      -0.2045699E-02
   10 s    4    39.32004        4.420170        226.2356        2.754781        243.6126       0.2492869E-04
   10 s    5    32.77182        4.502729        222.0875        4.280377        252.6614       0.2735272E-03
   10 s    6    29.87135        4.850436        206.1670        22.32729        85.99792      -0.1091612E-02
   10 s    7    28.84705        5.404746        185.0226        21.97916        85.32225      -0.1146410E-02
   10 s    8    27.22207        5.780329        173.0005        6.800937        289.5927       0.2327547E-03
   10 s    9    25.15406        5.969586        167.5158        8.440835        326.5508      -0.3310534E-03
   10 s   10    23.64862        6.203085        161.2101        10.03635        390.9503      -0.7372452E-03
   10 s   11    22.48629        6.459935        154.8003        10.16970        417.4000      -0.8304334E-03
   10 s   12    21.45075        6.698307        149.2915        8.718523        365.7202      -0.6296093E-03
   10 s   13    20.44818        6.896058        145.0104        7.266333        310.5757      -0.3749942E-03
   10 s   14    19.52279        7.071676        141.4092        7.046494        288.7209      -0.2379128E-03
   10 s   15    18.75931        7.263752        137.6699        8.690265        314.4350      -0.1423063E-03
   10 s   16    18.21576        7.508337        133.1853        10.58414        390.3839      -0.6267827E-04
   10 s   17    17.79505        7.779465        128.5435        10.95878        431.1623      -0.4066247E-04
   10 s   18    17.42255        8.051855        124.1950        10.78005        440.5839      -0.4195743E-04
   10 s   19    17.07060        8.315647        120.2552        10.26257        427.9680      -0.6093626E-04
   10 s   20    16.71595        8.560467        116.8161        9.221618        386.3903      -0.1103508E-03
   10 s   21    16.33388        8.772844        113.9881        7.789237        327.8285      -0.1831271E-03
   10 s   22    15.93133        8.954616        111.6742        6.887742        291.9534      -0.2217429E-03
   10 s   23    15.53810        9.121750        109.6281        6.552541        276.2183      -0.2207373E-03
   10 s   24    15.37302        9.408875        106.2826        15.44868        89.77550      -0.8406284E-02
   10 s   25    15.35695        9.782678        102.2215        15.44073        89.76146      -0.8363794E-02
   10 s   26    15.28187        10.11660        98.84739        8.038553        324.1942      -0.5970227E-04
   11 s    1    98.70598        3.698684        270.3664        15.01905        693.7925      -0.3145935E-03
   11 s    2    64.88463        4.052232        246.7776        13.60682        785.3453      -0.3174210E-02
   11 s    3    51.32520        4.487570        222.8377        9.785873        281.4353      -0.2120877E-02
   11 s    4    42.65742        4.795342        208.5357        13.33161        679.0204      -0.2835840E-02
   11 s    5    37.28025        5.122171        195.2297        12.66425        700.5736      -0.4504393E-03
   11 s    6    33.32753        5.411642        184.7868        10.10781        478.6263       0.1128008E-02
   11 s    7    29.98143        5.617282        178.0220        6.779485        306.1377       0.8846054E-03
   11 s    8    28.02497        5.950816        168.0442        21.62788        84.79083      -0.1133893E-02
   11 s    9    27.33802        6.487886        154.1334        21.00054        88.23254      -0.1043761E-02
   11 s   10    25.79776        6.766806        147.7802        8.318654        377.9582       0.6369563E-05
   11 s   11    24.17642        6.945482        143.9785        7.071228        302.9425      -0.4171056E-04
   11 s   12    22.88269        7.145450        139.9492        9.041222        350.7538      -0.3541606E-03
   11 s   13    21.92390        7.393738        135.2496        10.55381        425.2194      -0.6809005E-03
   11 s   14    21.14390        7.658887        130.5673        10.38716        440.8401      -0.7828319E-03
   11 s   15    20.40835        7.902275        126.5458        8.988400        384.3366      -0.6685431E-03
   11 s   16    19.66772        8.106818        123.3530        7.485870        325.0223      -0.4880755E-03
   11 s   17    18.94297        8.281300        120.7540        6.624703        291.4829      -0.3674646E-03
   11 s   18    18.26755        8.442373        118.4501        6.376130        276.1477      -0.3075960E-03
   11 s   19    17.66153        8.603504        116.2317        6.620742        272.9910      -0.2674286E-03
   11 s   20    17.14067        8.777974        113.9215        7.465925        285.8837      -0.2077719E-03
   11 s   21    16.72025        8.980360        111.3541        8.718859        321.1394      -0.1234647E-03
   11 s   22    16.38329        9.208653        108.5935        9.414017        354.3166      -0.6783407E-04
   11 s   23    16.08994        9.445712        105.8681        9.476651        366.4408      -0.4665745E-04
   11 s   24    15.81557        9.679738        103.3086        9.203163        362.2032      -0.4238895E-04
   11 s   25    15.54747        9.904044        100.9689        8.708834        346.8191      -0.4767500E-04
   11 s   26    15.34201        10.15642        98.45989        15.43328        89.74609      -0.8324247E-02
   12 s    1    116.4401        4.363213        229.1889       0.7898804        230.6459      -0.7602937E-04
   12 s    2    70.27229        4.388708        227.8575        1.588955        234.0198       0.1000647E-04
   12 s    3    52.29719        4.572555        218.6961        23.11412        91.32559      -0.4102184E-03
   12 s    4    45.92596        5.162777        193.6942        23.53933        84.68543      -0.1894847E-04
   12 s    5    40.50642        5.565434        179.6805        3.693256        242.8743      -0.1196105E-03
   12 s    6    35.03347        5.688648        175.7887        6.638930        298.6376      -0.3188041E-04
   12 s    7    31.54368        5.909981        169.2053        10.72587        484.0175       0.6319108E-03
   12 s    8    29.19422        6.199095        161.3139        12.05382        631.3485       0.8050725E-03
   12 s    9    27.40037        6.502684        153.7827        12.34641        483.7871       0.3872198E-03
   12 s   10    26.31515        6.902519        144.8746        9.552531        367.9807       0.7463497E-03
   12 s   11    25.03309        7.191588        139.0513        12.55534        572.7177       0.3016768E-03
   12 s   12    24.05644        7.511970        133.1209        12.90823        617.7635       0.3711430E-04
   12 s   13    23.22912        7.833918        127.6500        12.76129        619.0388      -0.1194037E-03
   12 s   14    22.49154        8.147037        122.7440        12.17080        602.8321      -0.2808929E-03
   12 s   15    21.78748        8.436284        118.5356        10.90504        530.4220      -0.6539579E-03
   12 s   16    21.11250        8.702340        114.9116        10.58965        489.8414      -0.1047347E-02
   12 s   17    20.50553        8.964409        111.5522        10.25238        461.5571      -0.1152692E-02
   12 s   18    19.91762        9.204957        108.6371        8.908558        383.0709      -0.9661752E-03
   12 s   19    19.30940        9.406236        106.3125        7.302132        313.4020      -0.6598986E-03
   12 s   20    18.69493        9.573931        104.4503        6.268687        277.1644      -0.4397247E-03
   12 s   21    18.10384        9.723481        102.8438        5.797023        260.7077      -0.3236162E-03
   12 s   22    17.55257        9.865879        101.3594        5.656813        253.5711      -0.2637843E-03
   12 s   23    17.04875        10.00859        99.91418        5.723017        251.5978      -0.2263286E-03
   12 s   24    16.59091        10.15427        98.48070        5.970698        253.9772      -0.1991292E-03
   12 s   25    16.18224        10.30840        97.00825        6.395592        261.0429      -0.1719428E-03
   12 s   26    15.82350        10.47517        95.46388        6.965764        273.3731      -0.1420441E-03
   13 s    1    120.7807        4.525863        220.9524        15.23210        723.8024      -0.3902202E-02
   13 s    2    78.26803        4.888064        204.5800        13.89844        900.4913       0.1380047E-02
   13 s    3    59.79613        5.228218        191.2698        13.45601        904.1260       0.1511063E-02
   13 s    4    48.84654        5.491094        182.1131        2.537472        231.6556      -0.6543495E-04
   13 s    5    41.82259        5.746271        174.0259        22.56507        93.57432      -0.4135587E-03
   13 s    6    38.22058        6.206163        161.1302        13.76737        506.7956      -0.3632139E-02
   13 s    7    34.58510        6.479819        154.3253        7.855728        380.3869      -0.1204813E-02
   13 s    8    31.18732        6.622309        151.0047        4.503909        265.0102       0.3782088E-03
   13 s    9    28.37757        6.734592        148.4871        4.878838        256.3128       0.6958175E-03
   13 s   10    26.76688        7.021009        142.4297        21.20525        84.34623      -0.1064973E-02
   13 s   11    26.27760        7.549116        132.4658        21.06508        84.25908      -0.1022753E-02
   13 s   12    25.69865        8.024776        124.6141        4.650753        250.0766       0.3135679E-03
   13 s   13    24.17249        8.152066        122.6683        5.620465        256.1354       0.1349256E-03
   13 s   14    22.95022        8.313185        120.2908        7.423238        277.4160      -0.4918857E-04
   13 s   15    22.03748        8.533087        117.1909        10.20966        340.4089      -0.7604677E-04
   13 s   16    21.37276        8.809619        113.5123        11.53153        418.2668      -0.1536206E-04
   13 s   17    20.81500        9.099698        109.8938        11.59979        447.4803      -0.8250579E-05
   13 s   18    20.31384        9.388069        106.5182        11.46103        455.3726      -0.1534584E-04
   13 s   19    19.85595        9.672478        103.3861        11.28916        455.5636      -0.3107848E-04
   13 s   20    19.43325        9.952035        100.4820        11.06411        449.2476      -0.5502208E-04
   13 s   21    19.04404        10.22846        97.76645        10.66862        431.9903      -0.9409865E-04
   13 s   22    18.65733        10.48684        95.35764        9.937325        397.4956      -0.1604811E-03
   13 s   23    18.26292        10.72138        93.27159        8.795714        350.3294      -0.2395278E-03
   13 s   24    17.85267        10.92652        91.52044        7.689818        311.6967      -0.2785036E-03
   13 s   25    17.43885        11.10889        90.01803        6.986366        289.1730      -0.2711351E-03
   13 s   26    17.03641        11.27811        88.66732        6.608698        276.8230      -0.2454268E-03
   14 s    1    133.0706        4.986385        200.5461        21.56840        93.21443       0.1653088E-03
   14 s    2    86.57536        5.406881        184.9495        1.116550        227.7048      -0.6870344E-05
   14 s    3    62.23577        5.441525        183.7720        1.683438        229.9313       0.4651024E-06
   14 s    4    49.49248        5.563707        179.7363        13.35368        814.3992      -0.1357515E-02
   14 s    5    42.99151        5.906877        169.2942        14.45583        422.0635      -0.3379726E-02
   14 s    6    39.18157        6.362206        157.1782        21.94535        89.14533      -0.3844483E-03
   14 s    7    36.24008        6.789894        147.2777        10.44643        318.1085      -0.2350681E-02
   14 s    8    33.43776        7.100167        140.8418        13.71295        599.3348      -0.2229019E-02
   14 s    9    31.37582        7.446140        134.2978        13.69353        666.9645      -0.5096620E-03
   14 s   10    29.57284        7.757020        128.9155        9.785398        406.4154       0.9005525E-03
   14 s   11    27.54342        7.912765        126.3781        4.505343        256.7350       0.5396349E-03
   14 s   12    25.85641        8.074038        123.8538        20.94678        84.24337      -0.9781593E-03
   14 s   13    25.48994        8.596370        116.3282        20.85290        84.25449      -0.9354625E-03
   14 s   14    25.05476        9.075505        110.1867        7.904128        337.6015       0.1073811E-02
   14 s   15    23.83897        9.230637        108.3349        5.377048        264.5490       0.4233937E-03
   14 s   16    22.72383        9.366514        106.7633        5.641883        265.0714       0.6453772E-04
   14 s   17    21.77686        9.520193        105.0399        6.752166        288.6701      -0.3106969E-03
   14 s   18    21.00987        9.709739        102.9894        8.467136        344.6879      -0.7917736E-03
   14 s   19    20.40830        9.941545        100.5880        9.981422        427.0040      -0.1226324E-02
   14 s   20    19.92611        10.20444        97.99660        10.47970        475.7098      -0.1381287E-02
   14 s   21    19.47880        10.46196        95.58436        10.12802        455.8012      -0.1216792E-02
   14 s   22    19.05149        10.70838        93.38478        9.729996        422.6685      -0.8646755E-03
   14 s   23    18.65546        10.95182        91.30903        9.896743        418.8743      -0.5142090E-03
   14 s   24    18.30634        11.20418        89.25237        10.31110        433.4334      -0.2899543E-03
   14 s   25    17.99696        11.46442        87.22643        10.46884        439.9414      -0.1860840E-03
   14 s   26    17.71011        11.72411        85.29435        10.25554        428.2868      -0.1495315E-03
   15 s    1    141.9641        5.319641        187.9826        15.96685        594.7269      -0.3106208E-02
   15 s    2    89.28583        5.576158        179.3349        23.78877        103.9687      -0.9335286E-03
   15 s    3    69.58158        6.083799        164.3710        15.67633        823.2727      -0.4179596E-02
   15 s    4    57.02129        6.410060        156.0048        9.242258        426.0651      -0.2661702E-03
   15 s    5    47.59442        6.539300        152.9216        3.226892        235.5317       0.3035477E-03
   15 s    6    40.81445        6.627349        150.8899        4.507620        235.5616      -0.5552916E-03
   15 s    7    37.01204        6.934526        144.2060        22.16634        86.20630      -0.3403479E-03
   15 s    8    35.29412        7.494347        133.4339        22.29981        84.24802      -0.3326324E-03
   15 s    9    32.77227        7.777548        128.5752        3.709532        275.5752      -0.1507638E-05
   15 s   10    30.10793        7.897374        126.6244        7.324019        349.5454       0.5097684E-04
   15 s   11    28.43733        8.169570        122.4055        12.63899        644.0634       0.1134924E-02
   15 s   12    27.19302        8.491412        117.7660        12.90842        656.9371       0.1495557E-02
   15 s   13    26.12493        8.810516        113.5007        12.33197        580.4925       0.1490184E-02
   15 s   14    25.16816        9.116581        109.6902        20.77178        84.29509      -0.8950775E-03
   15 s   15    24.71269        9.568949        104.5047        13.66594        540.9919       0.3403542E-03
   15 s   16    24.06889        9.920931        100.7970        14.28625        570.4127       0.2256174E-03
   15 s   17    23.48857        10.26850        97.38517        11.80719        426.0112       0.1490002E-07
   15 s   18    22.65741        10.47115        95.50048        6.433396        288.0878       0.1678246E-03
   15 s   19    21.82646        10.63238        94.05232        6.630446        292.6028      -0.6622758E-04
   15 s   20    21.10524        10.80828        92.52163        7.510073        315.6437      -0.4306432E-03
   15 s   21    20.50001        11.01045        90.82282        8.700137        358.8899      -0.8876397E-03
   15 s   22    19.99891        11.24090        88.96081        9.699741        412.7219      -0.1309003E-02
   15 s   23    19.56704        11.48697        87.05514        9.905054        434.8198      -0.1484020E-02
   15 s   24    19.15859        11.72579        85.28211        9.168632        398.8454      -0.1311575E-02
   15 s   25    18.74378        11.94015        83.75103        8.085963        347.7930      -0.9364927E-03
   15 s   26    18.32676        12.13233        82.42443        7.463580        319.8282      -0.6033964E-03
   16 s    1    143.7486        5.386508        185.6490       0.8114982        225.9579      -0.2287076E-04
   16 s    2    91.64167        5.723287        174.7248        16.11713        333.7120      -0.5303421E-02
   16 s    3    70.87426        6.196823        161.3730        22.46326        86.79845      -0.6221685E-04
   16 s    4    58.77485        6.607186        151.3504        6.750624        274.9835      -0.8885520E-03
   16 s    5    49.98305        6.867489        145.6136        12.17375        590.4242       0.5082011E-03
   16 s    6    44.16536        7.171462        139.4416        12.04664        712.7488       0.9370689E-03
   16 s    7    39.83094        7.462672        134.0003        11.05254        694.5699       0.4870354E-04
   16 s    8    36.15293        7.676706        130.2642        5.296833        345.1591      -0.2696064E-03
   16 s    9    33.91813        8.049484        124.2316        21.85148        86.73921      -0.4644003E-03
   16 s   10    32.18937        8.443339        118.4366        12.54560        639.9107      -0.2132788E-02
   16 s   11    30.41043        8.736409        114.4635        10.36306        477.3601      -0.9563006E-03
   16 s   12    28.61924        8.936772        111.8972        5.975524        286.7209       0.1372662E-03
   16 s   13    26.90062        9.072115        110.2279        5.509065        261.4209       0.7665797E-04
   16 s   14    25.55772        9.257688        108.0183        10.33925        371.3307       0.1174728E-03
   16 s   15    24.88318        9.634963        103.7887        20.70144        84.35002      -0.8580891E-03
   16 s   16    24.62879        10.15172        98.50548        20.63610        84.41888      -0.8242154E-03
   16 s   17    23.71712        10.36842        96.44672        8.797907        356.2755       0.9172046E-03
   16 s   18    23.11207        10.68127        93.62179        14.17519        571.3807       0.3147535E-03
   16 s   19    22.65567        11.03632        90.60995        14.03396        564.9342       0.1430922E-03
   16 s   20    22.21583        11.37703        87.89641        13.08341        520.0716       0.7183292E-04
   16 s   21    21.73611        11.67435        85.65785        9.955966        387.2525       0.2745099E-04
   16 s   22    21.11334        11.86730        84.26514        6.541139        295.6463      -0.2044714E-03
   16 s   23    20.49757        12.03325        83.10309        6.982126        308.7317      -0.5809698E-03
   16 s   24    19.96999        12.22240        81.81701        8.247015        352.5020      -0.1075822E-02
   16 s   25    19.53336        12.44313        80.36564        9.379095        408.3698      -0.1509480E-02
   16 s   26    19.15478        12.68048        78.86138        9.514635        419.8777      -0.1579924E-02
   17 s    1    164.5857        6.167312        162.1452        15.84914        741.6319      -0.2162844E-02
   17 s    2    103.6749        6.474796        154.4450        3.440193        241.9489       0.1314741E-03
   17 s    3    74.56920        6.519887        153.3769        1.839903        210.2504      -0.2618302E-03
   17 s    4    60.14055        6.760712        147.9134        22.17609        85.05885       0.5668042E-05
   17 s    5    53.20902        7.310726        136.7853        21.69850        85.94627      -0.1089114E-03
   17 s    6    46.89135        7.614101        131.3353        3.241390        271.9579      -0.1767121E-03
   17 s    7    41.05310        7.691655        130.0110        3.598962        256.3070       0.2100661E-03
   17 s    8    36.95785        7.847623        127.4271        9.832347        395.0908      -0.7330217E-03
   17 s    9    34.28121        8.135651        122.9158        12.63328        479.2455      -0.1946717E-02
   17 s   10    32.81144        8.606510        116.1911        21.93677        83.60522      -0.4069984E-03
   17 s   11    31.35382        9.007429        111.0195        6.409474        282.3094      -0.8933318E-03
   17 s   12    29.54963        9.227299        108.3741        10.85139        469.0569      -0.8458384E-03
   17 s   13    28.21076        9.513954        105.1088        11.50642        559.7515       0.4004392E-03
   17 s   14    27.01816        9.786702        102.1795        10.01343        469.6982       0.1350244E-02
   17 s   15    25.86449        10.01494        99.85086        7.811668        361.7085       0.1495345E-02
   17 s   16    24.72837        10.19276        98.10881        6.576889        312.8278       0.1193984E-02
   17 s   17    24.39993        10.66692        93.74775        20.57353        84.49567      -0.7939270E-03
   17 s   18    24.19254        11.18062        89.44050        20.51141        84.57712      -0.7668501E-03
   17 s   19    23.59143        11.49216        87.01588        5.964509        295.7411       0.7774446E-03
   17 s   20    22.71879        11.63460        85.95050        5.647975        282.5946       0.3491267E-03
   17 s   21    21.96108        11.79518        84.78038        7.976698        331.5513       0.6623513E-04
   17 s   22    21.42789        12.04410        83.02819        10.92893        446.2557      -0.3439658E-05
   17 s   23    20.97525        12.31367        81.21054        10.48854        438.8111      -0.2045230E-04
   17 s   24    20.53222        12.56651        79.57661        9.751540        411.5936      -0.8055229E-04
   17 s   25    20.09891        12.80340        78.10428        9.283083        393.3843      -0.2517507E-03
   17 s   26    19.69120        13.03559        76.71309        9.436310        403.0165      -0.6184868E-03
   18 s    1    173.0639        6.485006        154.2019       0.8792651        198.7345      -0.4485021E-04
   18 s    2    105.3048        6.576587        152.0546        11.57344        456.0824       0.1946740E-03
   18 s    3    78.87414        6.896285        145.0056        12.89725        788.0860      -0.3832136E-03
   18 s    4    64.21028        7.218211        138.5385        12.78804        847.5600      -0.2449584E-02
   18 s    5    54.58321        7.499534        133.3416        8.377583        415.3816      -0.1983526E-02
   18 s    6    48.43044        7.864014        127.1615        21.11066        93.55506      -0.4683117E-03
   18 s    7    44.26664        8.293738        120.5729        13.75119        460.4597      -0.1770363E-02
   18 s    8    40.50513        8.600852        116.2676        10.38952        460.1174      -0.2278387E-03
   18 s    9    37.00368        8.781751        113.8725        4.753354        261.0294       0.1440881E-03
   18 s   10    33.87260        8.884856        112.5511        4.070478        241.6684      -0.2493931E-03
   18 s   11    31.87188        9.156259        109.2149        21.89789        83.34879      -0.4277794E-03
   18 s   12    31.07625        9.704009        103.0502        21.83881        83.31001      -0.4454960E-03
   18 s   13    30.09439        10.14920        98.52993        7.289350        315.5485      -0.8144397E-03
   18 s   14    28.53579        10.33643        96.74525        8.041599        331.1730      -0.4241470E-03
   18 s   15    27.27471        10.56098        94.68814        9.862749        401.6442       0.4265597E-03
   18 s   16    26.25920        10.82375        92.38938        10.83856        466.9300       0.1310207E-02
   18 s   17    25.37206        11.09191        90.15580        10.20663        448.0775       0.1720491E-02
   18 s   18    24.49758        11.32159        88.32680        7.888592        354.7413       0.1406428E-02
   18 s   19    24.00331        11.69279        85.52277        20.44847        84.66012      -0.7427312E-03
   18 s   20    23.79239        12.18441        82.07208        10.81815        418.4944       0.1098808E-02
   18 s   21    23.16946        12.44420        80.35873        9.732993        376.0553       0.9279255E-03
   18 s   22    22.53838        12.66828        78.93729        8.192641        331.8491       0.5951555E-03
   18 s   23    21.90771        12.86108        77.75397        7.367977        314.9323       0.2699815E-03
   18 s   24    21.31309        13.04443        76.66110        7.401799        321.5845       0.1792154E-04
   18 s   25    20.77701        13.23536        75.55519        7.920943        344.4340      -0.1792935E-03
   18 s   26    20.30432        13.44148        74.39659        8.581275        376.8218      -0.3499065E-03
   19 s    1    173.9686        6.518904        153.4000        22.87359        89.67768       0.5960762E-05
   19 s    2    113.7738        7.105501        140.7360        23.04551        98.30529      -0.4531538E-03
   19 s    3    86.42890        7.556829        132.3306        4.111060        264.3247      -0.6142728E-03
   19 s    4    67.72488        7.613305        131.3490        2.260370        241.3666      -0.6256019E-05
   19 s    5    56.16730        7.717183        129.5810        7.584405        307.9439      -0.1524742E-02
   19 s    6    49.27498        8.001148        124.9821        14.11606        330.0242      -0.2492086E-02
   19 s    7    45.18786        8.466338        118.1148        22.05912        88.46369      -0.9242073E-04
   19 s    8    41.69292        8.853067        112.9552        5.825337        269.6312      -0.5392404E-03
   19 s    9    38.23577        9.074149        110.2032        11.40857        542.1763      -0.6956919E-04
   19 s   10    35.74986        9.377264        106.6409        12.44668        676.0121       0.2676861E-03
   19 s   11    33.69598        9.680292        103.3027        11.66031        582.2748      -0.9698330E-04
   19 s   12    31.84611        9.944407        100.5590        9.288685        403.7297      -0.6842777E-03
   19 s   13    30.39314        10.24995        97.56143        21.74359        83.34386      -0.4559443E-03
   19 s   14    29.77562        10.78553        92.71683        12.05714        531.6007      -0.5518866E-03
   19 s   15    28.61527        11.08006        90.25223        11.57710        631.3761      -0.4215340E-03
   19 s   16    27.48988        11.33103        88.25324        7.358687        347.1630      -0.1381847E-04
   19 s   17    26.27324        11.48588        87.06345        6.204847        289.2822       0.4761223E-04
   19 s   18    25.24865        11.66870        85.69937        8.609019        341.1961       0.4733356E-03
   19 s   19    24.45514        11.91289        83.94267        10.58521        409.7304       0.9734391E-03
   19 s   20    23.82950        12.20341        81.94429        20.38402        84.74236      -0.7212590E-03
   19 s   21    23.66888        12.71243        78.66314        20.31793        84.82202      -0.7020993E-03
   19 s   22    23.45190        13.18175        75.86247        11.34652        463.2510       0.4861058E-04
   19 s   23    22.95481        13.47579        74.20717        11.85648        465.7014       0.4481405E-04
   19 s   24    22.45972        13.74621        72.74734        9.202499        361.7515       0.2517469E-03
   19 s   25    21.88445        13.94082        71.73179        6.768083        299.4018       0.2470820E-03
   19 s   26    21.29751        14.09897        70.92718        6.035024        282.6449       0.7557495E-04
   20 s    1    184.9428        6.930129        144.2975        14.85475        796.9184      -0.2021408E-02
   20 s    2    117.6230        7.345895        136.1305        17.04955        390.1271      -0.3925520E-02
   20 s    3    88.08577        7.701695        129.8415        19.44267        139.5678      -0.1348386E-02
   20 s    4    72.34445        8.132616        122.9617        14.97041        688.4156      -0.1796338E-02
   20 s    5    61.69654        8.476880        117.9679        12.55665        661.9771      -0.3006231E-03
   20 s    6    53.50466        8.687953        115.1019        3.713835        244.3370      -0.1252573E-03
   20 s    7    46.75500        8.759954        114.1558        2.909690        228.3553      -0.3034070E-03
   20 s    8    42.55351        9.035804        110.6708        22.54766        84.88672      -0.1032996E-03
   20 s    9    40.45015        9.599668        104.1703        22.25314        85.65160      -0.2327551E-03
   20 s   10    38.16672        10.01121        99.88800        3.772067        245.9707      -0.2125506E-03
   20 s   11    35.20157        10.11282        98.88435        4.787508        269.7884      -0.1735962E-04
   20 s   12    32.87701        10.26632        97.40588        7.793304        355.2157      -0.1262521E-04
   20 s   13    31.14003        10.50184        95.22141        10.74632        524.4006      -0.3193873E-03
   20 s   14    29.79790        10.79360        92.64753        21.34812        85.55844      -0.4645902E-03
   20 s   15    29.15600        11.28944        88.57839        4.579707        262.7992      -0.2092885E-03
   20 s   16    27.77705        11.44940        87.34084        9.424695        415.2118      -0.3321160E-03
   20 s   17    26.83474        11.73135        85.24170        12.08260        660.3157       0.1968152E-03
   20 s   18    26.05082        12.03942        83.06048        12.37696        717.7929       0.7621971E-03
   20 s   19    25.35058        12.34909        80.97760        12.20774        702.4001       0.1163381E-02
   20 s   20    24.69322        12.64574        79.07804        11.26062        583.2860       0.1044817E-02
   20 s   21    24.04178        12.91272        77.44304        10.34034        459.8812       0.3380797E-03
   20 s   22    23.51962        13.21982        75.64402        20.25044        84.89781      -0.6849154E-03
   20 s   23    23.20823        13.62456        73.39688        10.19403        432.7883       0.1658709E-02
   20 s   24    22.69959        13.89302        71.97861        11.72403        476.7066       0.8781522E-03
   20 s   25    22.30302        14.20746        70.38556        12.99996        537.5165       0.4151702E-03
   20 s   26    21.94618        14.52838        68.83078        12.42247        510.7853       0.2792702E-03
