    0 s    2    4.920397       0.3072930        3254.223        6.286458        504.3736      -0.1363484E-01
    0 s    3    5.311930       0.4644435        2153.114        6.644073        411.2024      -0.8374082E-02
    0 s    4    5.712913       0.6422183        1557.103        7.478765        367.3369      -0.6619129E-02
    0 s    5    6.080688       0.8354644        1196.939        7.862323        350.0255      -0.5162169E-02
    0 s    6    6.364061        1.033380        967.6979        7.865095        341.7990      -0.3859751E-02
    0 s    7    6.550248        1.227246        814.8328        7.549265        336.4328      -0.2683692E-02
    0 s    8    6.638398        1.409596        709.4230        6.968700        331.9908      -0.1651837E-02
    0 s    9    6.638518        1.575460        634.7354        6.277882        328.1301      -0.8680808E-03
    0 s   10    6.575590        1.724791        579.7803        5.683843        324.4538      -0.3965109E-03
    0 s   11    6.479447        1.861437        537.2194        5.269141        320.2040      -0.1664506E-03
    0 s   12    6.371438        1.989574        502.6202        4.995400        314.8953      -0.6729287E-04
    0 s   13    6.262454        2.111985        473.4882        4.803769        308.4517      -0.2683025E-04
    0 s   14    6.156913        2.230199        448.3905        4.655192        301.0136      -0.1064514E-04
    0 s   15    6.056203        2.345010        426.4374        4.529338        292.8047      -0.4213347E-05
    0 s   16    5.960504        2.456855        407.0245        4.416728        284.0740      -0.1663870E-05
    0 s   17    5.869581        2.566006        389.7107        4.313244        275.0658      -0.6552067E-06
    0 s   18    5.783101        2.672668        374.1580        4.217207        266.0005      -0.2571182E-06
    0 s   19    5.700744        2.777018        360.0985        4.127959        257.0620      -0.1004249E-06
    0 s   20    5.622232        2.879222        347.3161        4.045221        248.3926      -0.3889024E-07
    0 s   21    5.547325        2.979440        335.6336        3.968819        240.0938      -0.1478096E-07
    0 s   22    5.475823        3.077829        324.9044        3.898573        232.2307      -0.5403300E-08
    0 s   23    5.407547        3.174539        315.0064        3.834268        224.8383      -0.1756665E-08
    0 s   24    5.342340        3.269717        305.8369        3.775648        217.9285      -0.3693883E-09
    0 s   25    5.280059        3.363500        297.3093        3.722424        211.4960      -0.2369089E-09
    0 s   26    5.220570        3.456021        289.3501        3.674288        205.5240      -0.1668330E-09
    1 s    2    10.87194       0.6789843        1472.788        10.92822        315.5536      -0.1476270E-02
    1 s    3    10.75829       0.9406411        1063.105        10.00406        283.1559      -0.1248530E-03
    1 s    4    10.49181        1.179438        847.8611        9.086135        263.6299      -0.7007805E-04
    1 s    5    10.13924        1.393095        717.8261        7.861848        265.6837      -0.2152338E-03
    1 s    6    9.622289        1.562443        640.0232        5.679222        344.3966      -0.1094638E-02
    1 s    7    9.059136        1.697308        589.1684        5.358751        394.6659      -0.2100683E-02
    1 s    8    8.666256        1.840191        543.4218        6.051203        402.3098      -0.2843079E-02
    1 s    9    8.443471        2.003813        499.0486        6.926608        400.4960      -0.3320458E-02
    1 s   10    8.342033        2.188133        457.0106        7.658266        394.2240      -0.3489299E-02
    1 s   11    8.311072        2.387632        418.8250        8.130065        382.4771      -0.3409984E-02
    1 s   12    8.312353        2.595652        385.2596        8.337074        356.7127      -0.3127508E-02
    1 s   13    8.314992        2.804194        356.6086        8.116294        288.6628      -0.2412329E-02
    1 s   14    8.270425        2.995769        333.8041        7.033002        191.4329      -0.8900801E-03
    1 s   15    8.165310        3.161673        316.2883        6.336264        161.4127      -0.1939384E-03
    1 s   16    8.047010        3.316890        301.4873        6.092511        154.0904      -0.5448318E-04
    1 s   17    7.932067        3.467664        288.3786        5.959988        150.7986      -0.1891130E-04
    1 s   18    7.823495        3.615639        276.5763        5.863849        148.7439      -0.7380445E-05
    1 s   19    7.721594        3.761440        265.8556        5.784441        147.2917      -0.3076645E-05
    1 s   20    7.626008        3.905383        256.0568        5.714559        146.2207      -0.1332541E-05
    1 s   21    7.536212        4.047661        247.0563        5.650843        145.4217      -0.5902372E-06
    1 s   22    7.451665        4.188402        238.7545        5.591466        144.8259      -0.2648782E-06
    1 s   23    7.371855        4.327700        231.0696        5.535337        144.3827      -0.1197513E-06
    1 s   24    7.296320        4.465627        223.9327        5.481774        144.0519      -0.5437335E-07
    1 s   25    7.224648        4.602241        217.2854        5.430341        143.8005      -0.2477275E-07
    1 s   26    7.156477        4.737592        211.0777        5.380761        143.6010      -0.1134573E-07
    2 s    1    10.78219       0.4040272        2475.081        12.79858        417.0401      -0.3236769E-03
    2 s    2    14.59348       0.9114048        1097.207        18.90783        94.60323      -0.8049049E-01
    2 s    3    14.18649        1.240382        806.2033        6.540463        417.0830      -0.4637522E-02
    2 s    4    12.27201        1.379560        724.8688        4.993587        423.1155      -0.2644931E-03
    2 s    5    10.93787        1.502823        665.4143        5.103611        355.2514      -0.5422726E-03
    2 s    6    10.17929        1.652888        605.0018        6.938600        247.4224      -0.4359420E-03
    2 s    7    9.799952        1.836106        544.6309        7.447884        211.2656      -0.2124457E-03
    2 s    8    9.517779        2.021004        494.8037        7.291564        197.2377      -0.1591136E-03
    2 s    9    9.273435        2.200781        454.3842        7.068308        187.8787      -0.1548968E-03
    2 s   10    9.055079        2.375167        421.0231        6.865037        181.0129      -0.1787979E-03
    2 s   11    8.858906        2.545016        392.9249        6.707166        176.5934      -0.2430051E-03
    2 s   12    8.684810        2.711957        368.7374        6.641507        176.5956      -0.4131825E-03
    2 s   13    8.541287        2.880512        347.1606        6.897472        193.6313      -0.9892274E-03
    2 s   14    8.464740        3.066155        326.1413        7.958072        282.3150      -0.2376308E-02
    2 s   15    8.461878        3.276506        305.2032        8.602421        372.5607      -0.2952471E-02
    2 s   16    8.481562        3.496007        286.0406        8.777163        402.4663      -0.2989564E-02
    2 s   17    8.504976        3.718122        268.9530        8.832334        413.0105      -0.2938904E-02
    2 s   18    8.527636        3.941059        253.7389        8.847144        417.8137      -0.2877891E-02
    2 s   19    8.548235        4.164124        240.1466        8.843457        420.3424      -0.2820549E-02
    2 s   20    8.566390        4.386966        227.9480        8.829297        421.5213      -0.2768342E-02
    2 s   21    8.582023        4.609360        216.9498        8.807169        421.2795      -0.2718076E-02
    2 s   22    8.595047        4.831070        206.9935        8.772816        418.1163      -0.2658422E-02
    2 s   23    8.604635        5.051412        197.9644        8.682278        402.3895      -0.2525043E-02
    2 s   24    8.598554        5.262645        190.0185        7.655587        273.7730      -0.1285534E-02
    2 s   25    8.530080        5.433827        184.0324        6.479388        204.4379      -0.7253917E-04
    2 s   26    8.450844        5.594464        178.7481        6.383313        199.3762      -0.1161032E-04
    3 s    1    24.69220       0.9252596        1080.778        6.541367        902.7133      -0.2444251E-02
    3 s    2    17.59243        1.098698        910.1681        7.160638        394.8339      -0.3063622E-02
    3 s    3    15.71561        1.374080        727.7599        15.50284        90.99919      -0.6257158E-01
    3 s    4    15.78816        1.774830        563.4344        15.36040        88.52542      -0.6067110E-01
    3 s    5    15.79924        2.170759        460.6684        15.19740        88.60082      -0.5707463E-01
    3 s    6    15.79653        2.565001        389.8634        15.09094        89.40480      -0.5394690E-01
    3 s    7    14.60326        2.736048        365.4907        5.557808        261.5000       0.2839650E-03
    3 s    8    13.52945        2.872842        348.0874        5.370098        256.1639       0.2397139E-03
    3 s    9    12.66771        3.006314        332.6332        5.298330        252.0176       0.1649079E-03
    3 s   10    11.96885        3.139455        318.5266        5.341055        248.6245       0.9443791E-04
    3 s   11    11.39880        3.274684        305.3730        5.461042        245.5482       0.3932503E-04
    3 s   12    10.93121        3.413427        292.9607        5.618805        242.5159       0.4390394E-06
    3 s   13    10.54494        3.556234        281.1964        5.784403        239.4066      -0.2485192E-04
    3 s   14    10.22300        3.703045        270.0481        5.938777        236.1958      -0.3989477E-04
    3 s   15    9.951865        3.853441        259.5083        6.071725        232.9078      -0.4776853E-04
    3 s   16    9.720857        4.006831        249.5738        6.179338        229.5856      -0.5101949E-04
    3 s   17    9.521649        4.162582        240.2355        6.261759        226.2767      -0.5166777E-04
    3 s   18    9.347789        4.320093        231.4765        6.321487        223.0284      -0.5133310E-04
    3 s   19    9.194310        4.478848        223.2717        6.362231        219.8907      -0.5146313E-04
    3 s   20    9.057415        4.638426        215.5904        6.388319        216.9316      -0.5379618E-04
    3 s   21    8.934230        4.798529        208.3972        6.404974        214.2852      -0.6167605E-04
    3 s   22    8.822703        4.959030        201.6523        6.421841        212.3811      -0.8574322E-04
    3 s   23    8.722085        5.120362        195.2987        6.486703        213.8752      -0.1895026E-03
    3 s   24    8.643420        5.290104        189.0322        7.481744        280.1472      -0.1404806E-02
    3 s   25    8.632528        5.499089        181.8483        8.624604        418.3673      -0.2596754E-02
    3 s   26    8.637068        5.717745        174.8941        8.684594        429.9149      -0.2640786E-02
    4 s    1    37.45823        1.403625        712.4411        11.06121        332.2387      -0.2781442E-03
    4 s    2    27.23245        1.700745        587.9775        12.40533        398.1563      -0.3373048E-03
    4 s    3    23.06948        2.017058        495.7716        12.82421        427.6638      -0.1654844E-03
    4 s    4    20.53617        2.308578        433.1671        5.628889        263.7674      -0.4377805E-03
    4 s    5    17.82351        2.448885        408.3491        5.767203        273.7599       0.1162526E-04
    4 s    6    15.97648        2.594221        385.4722        5.822329        263.7460      -0.1276691E-03
    4 s    7    15.79334        2.959019        337.9498        15.10529        89.39081      -0.5212308E-01
    4 s    8    15.78531        3.351849        298.3428        15.04888        89.84442      -0.5042104E-01
    4 s    9    15.77269        3.743190        267.1518        14.97735        90.25120      -0.4906423E-01
    4 s   10    15.08180        3.955988        252.7814        6.985946        325.4597       0.2173832E-03
    4 s   11    14.34714        4.121693        242.6188        6.349198        287.7454       0.2413867E-03
    4 s   12    13.69682        4.277030        233.8071        6.088558        270.3052       0.2171675E-03
    4 s   13    13.12963        4.427911        225.8401        5.976240        260.5632       0.1766110E-03
    4 s   14    12.63591        4.577065        218.4806        5.945889        254.5680       0.1346069E-03
    4 s   15    12.20566        4.726127        211.5897        5.967276        250.7535       0.9747597E-04
    4 s   16    11.82984        4.876129        205.0807        6.020288        248.3316       0.6731578E-04
    4 s   17    11.50048        5.027668        198.8994        6.089920        246.8326       0.4419733E-04
    4 s   18    11.21065        5.181015        193.0124        6.165019        245.9428       0.2730304E-04
    4 s   19    10.95432        5.336206        187.3991        6.237596        245.4355       0.1550661E-04
    4 s   20    10.72634        5.493107        182.0463        6.302227        245.1372       0.7660914E-05
    4 s   21    10.52231        5.651477        176.9449        6.355512        244.9107       0.2734072E-05
    4 s   22    10.33847        5.811009        172.0872        6.395603        244.6460      -0.1346190E-06
    4 s   23    10.17169        5.971363        167.4660        6.421830        244.2567      -0.1622629E-05
    4 s   24    10.01930        6.132196        163.0737        6.434400        243.6778      -0.2236392E-05
    4 s   25    9.879099        6.293178        158.9022        6.434180        242.8660      -0.2335847E-05
    4 s   26    9.749246        6.454007        154.9425        6.422536        241.7989      -0.2163668E-05
    5 s    1    44.83155        1.679916        595.2679        28.30176        89.32333      -0.7095501E-04
    5 s    2    33.72643        2.106313        474.7633        3.223073        330.7507      -0.9367264E-03
    5 s    3    25.08878        2.193614        455.8688        4.068256        300.5668      -0.8170261E-03
    5 s    4    20.82687        2.341257        427.1211        12.47069        529.8660      -0.1584138E-05
    5 s    5    19.34765        2.658297        376.1807        12.54995        480.2652      -0.5580219E-05
    5 s    6    18.26299        2.965499        337.2114        11.99555        479.0349      -0.3526841E-06
    5 s    7    17.38236        3.256735        307.0560        11.27808        480.1258       0.4577339E-05
    5 s    8    16.61070        3.527113        283.5180        10.27097        472.6599       0.2661874E-04
    5 s    9    15.85997        3.763903        265.6817        8.541990        408.5560       0.1099309E-03
    5 s   10    15.75552        4.132706        241.9722        14.89986        90.58634      -0.4797456E-01
    5 s   11    15.26718        4.386006        227.9979        9.753273        345.2271       0.5820820E-04
    5 s   12    14.82419        4.629068        216.0262        9.652437        364.2052       0.4123436E-04
    5 s   13    14.43347        4.867623        205.4391        9.408875        374.6465       0.3643785E-04
    5 s   14    14.07614        5.098756        196.1263        9.059039        378.9813       0.3917522E-04
    5 s   15    13.73864        5.319710        187.9802        8.591940        375.7452       0.4829656E-04
    5 s   16    13.41035        5.527601        180.9103        8.021696        361.9237       0.6151296E-04
    5 s   17    13.08641        5.720990        174.7949        7.455173        339.5552       0.7192699E-04
    5 s   18    12.77020        5.901767        169.4408        7.026834        316.9556       0.7283465E-04
    5 s   19    12.46885        6.073982        164.6366        6.764683        299.3246       0.6486329E-04
    5 s   20    12.18718        6.241224        160.2250        6.619144        286.6250       0.5266669E-04
    5 s   21    11.92663        6.405729        156.1103        6.539241        277.3292       0.4001163E-04
    5 s   22    11.68651        6.568706        152.2370        6.493644        270.1992       0.2884232E-04
    5 s   23    11.46530        6.730788        148.5710        6.466410        264.4832       0.1985710E-04
    5 s   24    11.26128        6.892335        145.0887        6.450630        259.7682       0.1308436E-04
    5 s   25    11.07282        7.053601        141.7716        6.444126        255.8395       0.8240999E-05
    5 s   26    10.89850        7.214815        138.6037        6.446796        252.5877       0.4935682E-05
    6 s    1    52.70613        1.974990        506.3317        9.639274        721.5047      -0.9242036E-03
    6 s    2    38.33904        2.394384        417.6439        26.99369        91.27259      -0.1226134E-03
    6 s    3    32.02460        2.800040        357.1377        12.21737        414.9566      -0.1893147E-02
    6 s    4    27.36494        3.076235        325.0727        9.596074        354.0837      -0.1846454E-02
    6 s    5    23.82052        3.272853        305.5439        6.480870        276.8817      -0.9810843E-03
    6 s    6    21.07375        3.421904        292.2350        5.756111        256.3372      -0.3600448E-03
    6 s    7    19.05121        3.569409        280.1584        6.109786        250.9563      -0.1426612E-04
    6 s    8    17.57079        3.730978        268.0263        6.868524        249.3385       0.1674623E-03
    6 s    9    16.51504        3.919365        255.1434        8.291075        266.3355       0.1813943E-03
    6 s   10    15.79896        4.144100        241.3069        9.488271        310.9711       0.1004669E-03
    6 s   11    15.73458        4.520281        221.2252        14.82285        90.85584      -0.4708397E-01
    6 s   12    15.71093        4.905964        203.8335        14.75090        91.06981      -0.4634122E-01
    6 s   13    15.60788        5.263690        189.9808        6.273374        241.2627       0.2772539E-03
    6 s   14    14.97336        5.423751        184.3743        6.517048        239.1515       0.2543769E-03
    6 s   15    14.43922        5.590982        178.8595        6.854647        239.1162       0.2134835E-03
    6 s   16    13.99328        5.767879        173.3740        7.286189        243.0202       0.1631043E-03
    6 s   17    13.62342        5.955754        167.9048        7.712168        251.5389       0.1148085E-03
    6 s   18    13.31320        6.152712        162.5300        8.000929        262.1072       0.7834698E-04
    6 s   19    13.04519        6.354735        157.3630        8.124868        271.3104       0.5479759E-04
    6 s   20    12.80628        6.558270        152.4792        8.133511        277.7090       0.4022341E-04
    6 s   21    12.58832        6.761123        147.9044        8.078666        281.4187       0.3090346E-04
    6 s   22    12.38653        6.962170        143.6334        7.993982        283.0254       0.2452342E-04
    6 s   23    12.19802        7.160936        139.6466        7.899112        283.1146       0.1979381E-04
    6 s   24    12.02102        7.357322        135.9190        7.805333        282.1683       0.1602032E-04
    6 s   25    11.85434        7.551443        132.4250        7.718723        280.5642       0.1284762E-04
    6 s   26    11.69714        7.743515        129.1403        7.641705        278.5877       0.1011522E-04
    7 s    1    59.65638        2.235428        447.3416        6.103060        232.3552      -0.5640844E-03
    7 s    2    40.06561        2.502213        399.6462        13.90061        332.3506      -0.1076228E-02
    7 s    3    35.39328        3.094578        323.1459        26.22141        90.82716      -0.4212471E-03
    7 s    4    30.66606        3.447332        290.0794        6.990980        296.5626      -0.3864406E-03
    7 s    5    26.76011        3.676741        271.9800        11.03818        423.0468      -0.9202820E-03
    7 s    6    24.46288        3.972222        251.7483        12.14114        480.0901      -0.9863042E-03
    7 s    7    22.74536        4.261540        234.6569        10.59543        413.0635      -0.7250348E-03
    7 s    8    21.14131        4.489142        222.7597        7.674400        313.1819      -0.3240369E-03
    7 s    9    19.63367        4.659481        214.6162        6.221660        270.0418      -0.2174732E-04
    7 s   10    18.33798        4.810090        207.8963        5.904980        255.0600       0.1457348E-03
    7 s   11    17.25900        4.958223        201.6852        5.946497        248.4227       0.2349462E-03
    7 s   12    16.36083        5.108906        195.7366        6.088107        244.3528       0.2740754E-03
    7 s   13    15.68562        5.289908        189.0392        14.68682        91.23456      -0.4571205E-01
    7 s   14    15.65957        5.672315        176.2949        14.63165        91.35899      -0.4517016E-01
    7 s   15    15.63348        6.053408        165.1962        14.58535        91.45122      -0.4469642E-01
    7 s   16    15.60788        6.433398        155.4389        14.54725        91.51815      -0.4427691E-01
    7 s   17    15.27988        6.679909        149.7026        6.029789        232.8660       0.2462879E-03
    7 s   18    14.78146        6.831270        146.3857        6.060727        229.4931       0.2177864E-03
    7 s   19    14.33650        6.983777        143.1890        6.123337        227.2704       0.1866145E-03
    7 s   20    13.93871        7.138202        140.0913        6.215676        226.0580       0.1557837E-03
    7 s   21    13.58279        7.295244        137.0756        6.333565        225.7650       0.1271458E-03
    7 s   22    13.26416        7.455467        134.1298        6.470403        226.3069       0.1016983E-03
    7 s   23    12.97871        7.619245        131.2466        6.617822        227.5839       0.7985438E-04
    7 s   24    12.72262        7.786731        128.4236        6.766835        229.4717       0.6164410E-04
    7 s   25    12.49234        7.957861        125.6619        6.909169        231.8225       0.4685249E-04
    7 s   26    12.28456        8.132385        122.9652        7.038431        234.4775       0.3511488E-04
    8 s    1    76.46145        2.865143        349.0227        14.84125        909.2357      -0.5727518E-02
    8 s    2    51.58751        3.221789        310.3866        12.31093        523.7592      -0.3081435E-02
    8 s    3    38.02021        3.324260        300.8188        3.508452        236.0139      -0.9444611E-04
    8 s    4    33.20136        3.732337        267.9286        23.99658        99.71871      -0.8287149E-03
    8 s    5    30.18694        4.147576        241.1047        11.31608        610.1441      -0.1510775E-02
    8 s    6    27.10387        4.401059        227.2181        9.069833        442.0180      -0.8507494E-03
    8 s    7    24.63464        4.615514        216.6606        8.732226        349.8954      -0.1527066E-03
    8 s    8    22.88992        4.860441        205.7426        10.88656        402.1414      -0.3310573E-05
    8 s    9    21.68663        5.146692        194.2996        11.69977        473.0511      -0.4229283E-06
    8 s   10    20.71545        5.433707        184.0364        11.08414        503.6865      -0.8451473E-05
    8 s   11    19.80963        5.690975        175.7168        9.275179        437.4657       0.4065719E-05
    8 s   12    18.87984        5.895503        169.6208        7.270887        321.5835       0.1148859E-03
    8 s   13    17.98635        6.065817        164.8583        6.470946        274.8582       0.2137350E-03
    8 s   14    17.18221        6.223857        160.6721        6.187857        255.2739       0.2619463E-03
    8 s   15    16.46996        6.377300        156.8062        6.075083        244.5704       0.2757193E-03
    8 s   16    15.83954        6.528886        153.1655        6.032152        237.6715       0.2676606E-03
    8 s   17    15.58313        6.812481        146.7894        14.51632        91.56545      -0.4390146E-01
    8 s   18    15.55946        7.190826        139.0661        14.49145        91.59766      -0.4356255E-01
    8 s   19    15.53699        7.568576        132.1253        14.47157        91.61832      -0.4325454E-01
    8 s   20    15.43904        7.906546        126.4775        6.835055        274.0384       0.2456806E-03
    8 s   21    15.03708        8.076338        123.8185        6.749491        264.4574       0.2379990E-03
    8 s   22    14.66941        8.245322        121.2809        6.756481        259.2003       0.2188215E-03
    8 s   23    14.33414        8.414962        118.8359        6.797459        255.7421       0.1943958E-03
    8 s   24    14.02813        8.585752        116.4720        6.847047        253.0038       0.1680720E-03
    8 s   25    13.74797        8.757726        114.1849        6.891955        250.4532       0.1418457E-03
    8 s   26    13.49041        8.930657        111.9738        6.923992        247.8016       0.1169687E-03
    9 s    1    86.31953        3.234542        309.1628       0.8134135        208.1819      -0.1850962E-06
    9 s    2    52.36504        3.270348        305.7779        3.333997        266.5379      -0.2878009E-03
    9 s    3    40.75212        3.563122        280.6527        12.88341        806.1574      -0.1921725E-02
    9 s    4    34.50588        3.878986        257.7993        12.90013        440.3536      -0.1458406E-02
    9 s    5    31.73163        4.359810        229.3678        23.10062        92.87384      -0.9491674E-03
    9 s    6    28.56479        4.638280        215.5972        7.423361        286.4155      -0.1074988E-02
    9 s    7    25.92940        4.858097        205.8419        9.867162        395.6609      -0.1567433E-02
    9 s    8    24.08011        5.113167        195.5735        10.33693        431.3688      -0.1433123E-02
    9 s    9    22.60847        5.365464        186.3772        9.742310        381.4914      -0.9547004E-03
    9 s   10    21.33993        5.597510        178.6509        8.866645        316.6017      -0.4113869E-03
    9 s   11    20.25498        5.818918        171.8533        9.121987        301.3021      -0.5458311E-04
    9 s   12    19.41033        6.061156        164.9850        10.13556        355.8288       0.2932738E-04
    9 s   13    18.73692        6.318944        158.2543        10.39242        404.4394       0.2589517E-04
    9 s   14    18.16173        6.578664        152.0066        10.36021        431.3316       0.2204255E-04
    9 s   15    17.65505        6.836175        146.2806        10.22055        444.3865       0.2561318E-04
    9 s   16    17.19680        7.088334        141.0769        9.905902        441.2802       0.4228739E-04
    9 s   17    16.76264        7.328129        136.4605        9.179501        405.9687       0.8840603E-04
    9 s   18    16.32244        7.543437        132.5656        8.010614        340.5327       0.1693149E-03
    9 s   19    15.87259        7.732054        129.3317        7.163428        294.6104       0.2290295E-03
    9 s   20    15.51579        7.945848        125.8519        14.45569        91.63014      -0.4297309E-01
    9 s   21    15.49584        8.322738        120.1528        14.44296        91.63517      -0.4271483E-01
    9 s   22    15.47713        8.699324        114.9515        14.43267        91.63494      -0.4247706E-01
    9 s   23    15.31873        8.992968        111.1980        9.975733        399.9723       0.5811511E-04
    9 s   24    15.08805        9.234465        108.2900        9.236830        358.6244       0.8522302E-04
    9 s   25    14.83515        9.450278        105.8170        7.977041        296.2831       0.1238735E-03
    9 s   26    14.55615        9.636178        103.7756        6.987007        256.0023       0.1412786E-03
   10 s    1    89.11022        3.339114        299.4806        21.93568        90.52003      -0.9403280E-04
   10 s    2    62.15590        3.881816        257.6114        22.32462        84.11358      -0.2696520E-04
   10 s    3    49.06159        4.289653        233.1191        6.674524        306.5428      -0.2209862E-02
   10 s    4    39.12208        4.397917        227.3804        3.510304        229.2468      -0.6011173E-03
   10 s    5    32.72623        4.496465        222.3969        4.897423        226.7726      -0.5180330E-03
   10 s    6    30.47211        4.947985        202.1025        22.91658        90.70568      -0.1250356E-02
   10 s    7    29.43641        5.515166        181.3182        21.70799        94.51718      -0.1560915E-02
   10 s    8    27.13143        5.761083        173.5785        7.104260        270.3857      -0.1155537E-02
   10 s    9    25.05895        5.947014        168.1516        8.038158        280.7747      -0.1102077E-02
   10 s   10    23.50895        6.166448        162.1679        9.486854        321.0246      -0.1085634E-02
   10 s   11    22.31928        6.411957        155.9586        9.906917        348.3551      -0.8362198E-03
   10 s   12    21.29266        6.648940        150.3999        8.858103        325.5267      -0.3969214E-03
   10 s   13    20.31931        6.852597        145.9301        7.469979        287.0259      -0.3047629E-04
   10 s   14    19.40430        7.028756        142.2727        6.703128        263.6545       0.1606164E-03
   10 s   15    18.57789        7.193508        139.0142        6.518427        253.1466       0.2440984E-03
   10 s   16    17.85372        7.359109        135.8860        6.767030        251.7620       0.2690682E-03
   10 s   17    17.24059        7.537072        132.6775        7.544139        264.2177       0.2409056E-03
   10 s   18    16.75089        7.741446        129.1748        8.809322        302.2565       0.1625799E-03
   10 s   19    16.37144        7.975059        125.3909        9.761382        351.6402       0.9438009E-04
   10 s   20    16.06132        8.225224        121.5772        10.17812        386.7304       0.6163334E-04
   10 s   21    15.79199        8.481799        117.8995        10.30944        405.9167       0.4907996E-04
   10 s   22    15.54831        8.739329        114.4253        10.25931        411.7110       0.4797415E-04
   10 s   23    15.45959        9.075665        110.1848        14.42424        91.63058      -0.4225758E-01
   10 s   24    15.44317        9.451810        105.7998        14.41722        91.62289      -0.4205455E-01
   10 s   25    15.16107        9.657897        103.5422        8.662887        294.0155       0.7489266E-04
   10 s   26    14.93665        9.888074        101.1319        9.635018        346.8686       0.3381120E-04
   11 s    1    98.39973        3.687208        271.2079        15.07998        639.9879      -0.3141232E-02
   11 s    2    64.58267        4.033374        247.9314        12.82925        689.2060      -0.4229842E-02
   11 s    3    50.81145        4.442650        225.0909        18.24586        98.25968      -0.3367835E-03
   11 s    4    42.25081        4.749634        210.5426        12.08327        547.8361      -0.3212378E-02
   11 s    5    36.74940        5.049234        198.0499        11.87168        627.6926      -0.2745193E-02
   11 s    6    32.85200        5.334425        187.4616        10.86712        515.7767      -0.2166330E-02
   11 s    7    29.77503        5.578610        179.2561        9.054100        283.5442      -0.1495104E-02
   11 s    8    28.58912        6.070610        164.7281        17.15362        143.4856      -0.1314662E-02
   11 s    9    26.82716        6.366648        157.0685        11.77853        613.8672      -0.6100897E-03
   11 s   10    25.36784        6.654039        150.2847        10.91090        514.7493      -0.1549402E-03
   11 s   11    24.01858        6.900137        144.9247        8.996452        353.0706      -0.7785553E-04
   11 s   12    22.82804        7.128386        140.2842        9.606863        345.4309      -0.4294868E-03
   11 s   13    21.89412        7.383696        135.4335        10.69308        389.7980      -0.5161649E-03
   11 s   14    21.12744        7.652923        130.6690        10.61674        403.4120      -0.3046826E-03
   11 s   15    20.41767        7.905882        126.4881        9.468876        361.8025       0.2616800E-05
   11 s   16    19.71232        8.125204        123.0738        8.068858        309.1498       0.2148529E-03
   11 s   17    19.01826        8.314216        120.2759        7.096372        274.8305       0.2988310E-03
   11 s   18    18.35986        8.485034        117.8546        6.588185        255.8058       0.3155843E-03
   11 s   19    17.75058        8.646885        115.6486        6.354048        244.8008       0.3071803E-03
   11 s   20    17.19306        8.804800        113.5744        6.263189        237.9205       0.2886286E-03
   11 s   21    16.68530        8.961586        111.5874        6.264254        233.6670       0.2639530E-03
   11 s   22    16.22477        9.119556        109.6545        6.368613        232.0968       0.2333150E-03
   11 s   23    15.81148        9.282244        107.7326        6.671295        235.4530       0.1938986E-03
   11 s   24    15.45211        9.457284        105.7386        7.411640        251.6669       0.1392681E-03
   11 s   25    15.42778        9.827797        101.7522        14.41122        91.61246      -0.4186645E-01
   11 s   26    15.41343        10.20370        98.00369        14.40591        91.59882      -0.4169237E-01
   12 s    1    115.3134        4.320995        231.4282        1.234594        213.0568      -0.2322671E-03
   12 s    2    69.80059        4.359248        229.3974        2.287912        214.2602      -0.2561119E-03
   12 s    3    51.39745        4.493887        222.5245        13.52029        201.6976      -0.1895664E-02
   12 s    4    44.91667        5.049317        198.0466        23.63777        82.55151      -0.4778174E-04
   12 s    5    40.47964        5.561755        179.7994        3.290722        212.3628      -0.3005921E-04
   12 s    6    34.87282        5.662561        176.5985        5.012775        239.5999      -0.1193443E-03
   12 s    7    31.10705        5.828175        171.5803        8.490252        342.7798      -0.4637351E-03
   12 s    8    28.65267        6.084104        164.3627        15.90843        162.6093      -0.1091267E-02
   12 s    9    27.91125        6.623924        150.9679        21.51234        89.03890      -0.1784247E-02
   12 s   10    26.12350        6.852249        145.9375        7.669778        284.4623      -0.1303763E-02
   12 s   11    24.67034        7.087378        141.0959        11.07303        411.3492      -0.1212674E-02
   12 s   12    23.64804        7.384443        135.4198        12.39455        517.0845      -0.7187883E-03
   12 s   13    22.82510        7.697663        129.9096        12.59478        541.8365      -0.3595263E-03
   12 s   14    22.11651        8.011191        124.8254        12.46243        539.3029      -0.1536218E-03
   12 s   15    21.48455        8.318987        120.2069        12.12267        534.6234      -0.6746136E-04
   12 s   16    20.89668        8.613382        116.0984        11.31421        512.2034      -0.4540419E-04
   12 s   17    20.31496        8.881094        112.5987        10.10648        440.9433       0.5546123E-04
   12 s   18    19.73477        9.120453        109.6437        9.007005        371.7165       0.2381471E-03
   12 s   19    19.15770        9.332340        107.1543        7.920870        317.4197       0.3539996E-03
   12 s   20    18.58955        9.519964        105.0424        7.101872        283.5923       0.3865343E-03
   12 s   21    18.04432        9.691513        103.1831        6.628191        265.2580       0.3784064E-03
   12 s   22    17.53220        9.854430        101.4772        6.394916        255.5094       0.3584167E-03
   12 s   23    17.05863        10.01439        99.85628        6.284246        249.8806       0.3337963E-03
   12 s   24    16.61893        10.17142        98.31470        6.253134        246.7828       0.3111173E-03
   12 s   25    16.21313        10.32808        96.82340        6.254810        244.8391       0.2874365E-03
   12 s   26    15.83839        10.48502        95.37414        6.277335        243.6241       0.2625530E-03
   13 s    1    119.4006        4.474146        223.5063        14.17433        634.7645      -0.3222018E-02
   13 s    2    77.33162        4.829583        207.0572        14.13196        842.1671      -0.3113177E-02
   13 s    3    59.25235        5.180672        193.0251        13.87092        901.1019      -0.3049302E-02
   13 s    4    48.86240        5.492876        182.0540        2.417849        209.1980      -0.9597932E-05
   13 s    5    41.09098        5.645751        177.1244        23.58164        86.84637      -0.2304911E-03
   13 s    6    37.65822        6.114849        163.5363        12.01338        492.8446      -0.3246355E-02
   13 s    7    33.97398        6.365320        157.1013        8.387929        407.3174      -0.2027226E-02
   13 s    8    30.80848        6.541868        152.8615        6.142961        292.0764      -0.1194624E-02
   13 s    9    28.18359        6.688558        149.5091        5.988485        258.6600      -0.1062939E-02
   13 s   10    27.31366        7.164431        139.5784        21.33607        88.26116      -0.1870163E-02
   13 s   11    26.79889        7.698874        129.8891        21.13962        87.97559      -0.1926941E-02
   13 s   12    25.50747        7.965075        125.5481        5.614493        242.1513      -0.7702205E-03
   13 s   13    24.04191        8.108030        123.3345        5.988957        244.2464      -0.6291819E-03
   13 s   14    22.83078        8.269920        120.9202        7.070028        261.1948      -0.5743349E-03
   13 s   15    21.86218        8.465209        118.1306        8.608427        294.7183      -0.4669351E-03
   13 s   16    21.10989        8.701265        114.9258        10.25601        343.8586      -0.2222344E-03
   13 s   17    20.52686        8.973732        111.4364        11.33014        403.7745       0.3155919E-05
   13 s   18    20.03548        9.259427        107.9980        11.40477        438.3828       0.8038730E-04
   13 s   19    19.58838        9.542137        104.7983        11.19151        452.5003       0.8128075E-04
   13 s   20    19.17448        9.819514        101.8380        11.00005        460.8958       0.6028803E-04
   13 s   21    18.79962        10.09718        99.03758        10.83988        466.4874       0.4372463E-04
   13 s   22    18.44274        10.36622        96.46714        10.67348        466.5496       0.3881678E-04
   13 s   23    18.10732        10.63003        94.07311        10.39404        455.8735       0.4923376E-04
   13 s   24    17.78042        10.88230        91.89235        9.636178        411.8083       0.1018570E-03
   13 s   25    17.42717        11.10145        90.07834        7.748192        317.5950       0.2371088E-03
   13 s   26    17.03498        11.27717        88.67472        6.515023        270.3331       0.2974786E-03
   14 s    1    130.9696        4.907656        203.7633        27.64598        92.16754      -0.2736005E-03
   14 s    2    86.62317        5.409867        184.8474        1.144653        197.6137      -0.1926561E-04
   14 s    3    62.26533        5.444110        183.6848        1.640175        199.3581      -0.6584916E-05
   14 s    4    49.08995        5.518457        181.2101        13.09270        725.9174      -0.3755277E-02
   14 s    5    42.51483        5.841382        171.1924        12.94730        512.5001      -0.3839225E-02
   14 s    6    38.62508        6.271845        159.4427        23.07721        86.07432      -0.1357320E-03
   14 s    7    36.19390        6.781241        147.4656        9.761636        256.9259      -0.2096340E-02
   14 s    8    33.13908        7.036747        142.1111        11.14586        402.9987      -0.2324924E-02
   14 s    9    30.85969        7.323653        136.5439        11.63404        460.3593      -0.2143960E-02
   14 s   10    28.97941        7.601361        131.5554        10.25922        390.3965      -0.1887742E-02
   14 s   11    27.20263        7.814862        127.9613        6.867421        272.3318      -0.1223645E-02
   14 s   12    26.35279        8.229038        121.5209        20.99133        87.70805      -0.1954276E-02
   14 s   13    25.73322        8.678415        115.2284        12.31749        535.5752      -0.1514893E-02
   14 s   14    24.75205        8.965855        111.5343        10.19106        383.8791      -0.1385549E-02
   14 s   15    23.69909        9.176473        108.9743        7.080697        274.5463      -0.9131436E-03
   14 s   16    22.66742        9.343263        107.0290        6.598864        260.5899      -0.6138982E-03
   14 s   17    21.76694        9.515858        105.0877        7.336995        277.9610      -0.4330196E-03
   14 s   18    21.01911        9.714011        102.9441        8.538135        317.7039      -0.2169765E-03
   14 s   19    20.40866        9.941720        100.5862        9.561960        369.5311       0.8521105E-04
   14 s   20    19.90102        10.19159        98.12016        9.812544        398.3745       0.4020620E-03
   14 s   21    19.42175        10.43132        95.86511        9.177887        375.5366       0.5918293E-03
   14 s   22    18.94545        10.64878        93.90745        8.137572        330.8826       0.6118209E-03
   14 s   23    18.46870        10.84218        92.23234        7.363656        299.1615       0.5223538E-03
   14 s   24    18.01395        11.02523        90.70107        7.434736        295.9297       0.3799217E-03
   14 s   25    17.62567        11.22789        89.06389        8.916250        352.2056       0.1748830E-03
   14 s   26    17.32011        11.46593        87.21494        9.900282        414.1304       0.6498473E-04
   15 s    1    140.8694        5.278621        189.4434        15.52248        641.7566      -0.3172165E-02
   15 s    2    88.45136        5.524043        181.0268        22.32260        111.9646      -0.8956159E-03
   15 s    3    68.63104        6.000690        166.6475        15.10227        638.7760      -0.3554464E-02
   15 s    4    56.14058        6.311054        158.4521        9.453863        431.1429      -0.1854237E-02
   15 s    5    47.17301        6.481400        154.2876        5.202215        256.8925      -0.1404044E-02
   15 s    6    40.72098        6.612172        151.2362        5.865883        242.1675      -0.1668514E-02
   15 s    7    36.69073        6.874327        145.4688        22.68747        87.08402      -0.1677104E-03
   15 s    8    35.14456        7.462589        134.0018        23.47821        84.03088      -0.1478339E-03
   15 s    9    32.73068        7.767678        128.7386        3.916366        242.6422      -0.2313130E-04
   15 s   10    30.06726        7.886708        126.7956        5.996595        278.8628      -0.2280075E-03
   15 s   11    28.15153        8.087463        123.6482        10.09994        422.2918      -0.9089186E-03
   15 s   12    26.80501        8.370252        119.4707        12.13315        547.9461      -0.1384308E-02
   15 s   13    25.96284        8.755853        114.2093        20.87624        87.49918      -0.1961026E-02
   15 s   14    25.48564        9.231582        108.3238        8.716857        306.6980      -0.2163710E-04
   15 s   15    24.54154        9.502677        105.2335        12.59906        465.4375      -0.2763842E-03
   15 s   16    23.86695        9.837697        101.6498        13.89843        564.5531      -0.3282925E-03
   15 s   17    23.31450        10.19241        98.11226        13.90697        582.7448      -0.1893934E-03
   15 s   18    22.66451        10.47443        95.47056        6.474560        278.9119      -0.3494079E-03
   15 s   19    21.81875        10.62863        94.08555        6.232329        269.1759      -0.3384409E-03
   15 s   20    21.07371        10.79213        92.66007        6.923921        283.2656      -0.1873170E-03
   15 s   21    20.44032        10.97839        91.08802        8.000746        315.3744       0.4759675E-04
   15 s   22    19.91357        11.19294        89.34202        9.069160        362.5877       0.3685982E-03
   15 s   23    19.46711        11.42831        87.50202        9.564036        398.2312       0.6747920E-03
   15 s   24    19.06160        11.66643        85.71602        9.281482        392.2160       0.8436757E-03
   15 s   25    18.66522        11.89011        84.10352        8.477182        354.6877       0.8363617E-03
   15 s   26    18.26586        12.09201        82.69924        7.625727        316.9661       0.7177162E-03
   16 s    1    143.8471        5.390202        185.5218       0.7351374        193.8292      -0.1903346E-04
   16 s    2    90.79140        5.670185        176.3611        15.78465        275.8238      -0.3894662E-02
   16 s    3    70.04526        6.124340        163.2829        21.02163        88.51615      -0.1465493E-03
   16 s    4    58.68793        6.597415        151.5745        6.953178        254.7363      -0.8996529E-03
   16 s    5    49.70562        6.829371        146.4264        10.89075        451.1841      -0.1800923E-02
   16 s    6    43.80789        7.113416        140.5794        11.71994        631.9377      -0.3009406E-02
   16 s    7    39.54400        7.408911        134.9726        11.98751        757.6818      -0.3545430E-02
   16 s    8    36.12129        7.669989        130.3783        5.463876        319.2795      -0.5180208E-03
   16 s    9    33.83284        8.029243        124.5447        16.28805        217.2630      -0.2350557E-02
   16 s   10    31.85910        8.356710        119.6643        12.67803        731.8985      -0.2414304E-02
   16 s   11    30.14255        8.659451        115.4808        11.28415        563.0045      -0.1627237E-02
   16 s   12    28.48369        8.894444        112.4297        7.370482        310.2231      -0.6107940E-03
   16 s   13    26.84693        9.054009        110.4483        6.117435        256.5608      -0.9893903E-04
   16 s   14    25.61948        9.280063        107.7579        20.78853        87.32386      -0.1953502E-02
   16 s   15    25.31518        9.802237        102.0175        20.71782        87.18756      -0.1935718E-02
   16 s   16    24.65627        10.16305        98.39570        7.411540        323.3495      -0.1295061E-02
   16 s   17    23.63403        10.33209        96.78581        6.365103        282.2501      -0.9263642E-03
   16 s   18    22.82342        10.54788        94.80581        13.16811        534.1062      -0.3967901E-03
   16 s   19    22.33562        10.88041        91.90832        13.13853        565.3245      -0.1460993E-03
   16 s   20    21.87364        11.20179        89.27145        12.56913        549.5680      -0.7321517E-04
   16 s   21    21.42674        11.50819        86.89462        11.92242        521.8115      -0.4500253E-04
   16 s   22    20.98235        11.79368        84.79119        10.72024        448.6167      -0.4594127E-04
   16 s   23    20.49334        12.03076        83.12026        8.283930        329.8279      -0.6530424E-05
   16 s   24    19.98182        12.22964        81.76854        7.946040        315.0438       0.2060762E-03
   16 s   25    19.52274        12.43636        80.40936        8.571046        338.7959       0.4986313E-03
   16 s   26    19.12040        12.65771        79.00321        8.983471        360.4830       0.7575708E-03
   17 s    1    163.2854        6.118589        163.4364        14.06625        661.7685      -0.2425275E-02
   17 s    2    102.3751        6.393619        156.4059        5.792143        289.0834      -0.1189095E-02
   17 s    3    74.11615        6.480274        154.3145        3.182793        210.9503      -0.7472627E-03
   17 s    4    59.29382        6.665527        150.0257        21.62796        84.74096      -0.1384377E-04
   17 s    5    52.45725        7.207435        138.7456        21.64764        83.51704      -0.6011860E-04
   17 s    6    46.59762        7.566406        132.1631        2.447534        224.3511      -0.1937860E-03
   17 s    7    40.70774        7.626948        131.1140        2.622044        215.7769      -0.3338339E-03
   17 s    8    36.45196        7.740202        129.1956        10.06359        368.0264      -0.3251522E-02
   17 s    9    33.97577        8.063162        124.0208        19.79604        114.2170      -0.1010462E-02
   17 s   10    32.92870        8.637267        115.7774        23.18102        84.03886      -0.2229582E-03
   17 s   11    31.14977        8.948809        111.7467        5.545266        238.9428      -0.8044578E-03
   17 s   12    29.25708        9.135947        109.4577        9.681053        372.2188      -0.1507029E-02
   17 s   13    27.89525        9.407550        106.2976        11.51142        538.3947      -0.1910881E-02
   17 s   14    26.75574        9.691645        103.1817        11.05811        529.6025      -0.1986249E-02
   17 s   15    25.69500        9.949309        100.5095        9.456447        421.0566      -0.1775110E-02
   17 s   16    25.04373        10.32275        96.87341        20.65861        87.08088      -0.1912292E-02
   17 s   17    24.79994        10.84180        92.23563        20.60601        87.00187      -0.1885552E-02
   17 s   18    24.23682        11.20108        89.27710        10.72123        464.5930      -0.1990519E-02
   17 s   19    23.48122        11.43847        87.42431        8.182527        348.2094      -0.1388237E-02
   17 s   20    22.68618        11.61790        86.07406        6.504518        290.2978      -0.7595311E-03
   17 s   21    21.92412        11.77533        84.92330        6.283939        277.9275      -0.4221939E-03
   17 s   22    21.24570        11.94170        83.74019        7.307490        299.9424      -0.1986490E-03
   17 s   23    20.70971        12.15778        82.25183        9.991980        409.2127      -0.3350968E-04
   17 s   24    20.29703        12.42256        80.49871        10.87807        476.3176       0.1155675E-04
   17 s   25    19.92830        12.69471        78.77294        10.83608        480.8345       0.4509401E-04
   17 s   26    19.58186        12.96320        77.14143        10.62741        470.1999       0.1137893E-03
   18 s    1    169.2231        6.341081        157.7018        29.37443        87.99419      -0.5118363E-04
   18 s    2    104.5503        6.529468        153.1518        8.759908        337.1111      -0.9778368E-03
   18 s    3    78.06602        6.825628        146.5067        13.37991        743.6045      -0.4302771E-02
   18 s    4    63.85643        7.178434        139.3062        14.41631        931.9190      -0.4612225E-02
   18 s    5    54.45170        7.481465        133.6637        6.813060        349.3299      -0.1086208E-02
   18 s    6    47.77458        7.757517        128.9072        21.86675        85.92212      -0.9909340E-04
   18 s    7    44.01478        8.246551        121.2628        14.42425        318.6785      -0.2135471E-02
   18 s    8    40.25515        8.547772        116.9895        10.06403        428.2902      -0.3026989E-02
   18 s    9    36.77542        8.727579        114.5793        4.926902        239.9237      -0.1414262E-02
   18 s   10    33.67815        8.833851        113.2009        4.104231        218.0124      -0.7316431E-03
   18 s   11    32.09005        9.218936        108.4724        23.11806        84.27623      -0.2757883E-03
   18 s   12    31.37864        9.798434        102.0571        23.02857        84.73533      -0.3325525E-03
   18 s   13    30.01577        10.12269        98.78801        5.849238        265.2757      -0.8848810E-03
   18 s   14    28.33445        10.26350        97.43268        5.908549        263.9550      -0.5898103E-03
   18 s   15    26.94022        10.43147        95.86380        7.734523        308.8337      -0.9017751E-03
   18 s   16    25.84625        10.65354        93.86550        10.00662        399.6829      -0.1488829E-02
   18 s   17    24.98350        10.92204        91.55796        11.28507        486.5509      -0.1949652E-02
   18 s   18    24.57964        11.35951        88.03195        20.55615        86.94592      -0.1858097E-02
   18 s   19    24.18754        11.78254        84.87137        11.01943        390.9536      -0.8712801E-03
   18 s   20    23.59472        12.08318        82.75967        12.63913        482.5237      -0.1496678E-02
   18 s   21    23.07135        12.39151        80.70045        11.66252        448.5625      -0.1576803E-02
   18 s   22    22.50557        12.64984        79.05239        8.974851        345.7342      -0.1129095E-02
   18 s   23    21.88502        12.84776        77.83461        7.149630        293.4076      -0.6257531E-03
   18 s   24    21.27055        13.01839        76.81442        6.670732        280.6099      -0.3165907E-03
   18 s   25    20.70167        13.18737        75.83016        6.930037        287.0077      -0.1110289E-03
   18 s   26    20.19459        13.36883        74.80086        7.626609        308.5777       0.6618837E-04
   19 s    1    171.7725        6.436612        155.3612        1.366617        197.6412      -0.9681466E-04
   19 s    2    112.6470        7.035132        142.1437        25.70544        92.57044      -0.4726594E-03
   19 s    3    85.59559        7.483969        133.6189        2.333577        218.2083      -0.1597595E-03
   19 s    4    66.94497        7.525633        132.8792        1.874462        202.9899      -0.4057268E-03
   19 s    5    55.56569        7.634524        130.9839        9.624501        309.6181      -0.1999248E-02
   19 s    6    48.97301        7.952116        125.7527        13.76753        476.5276      -0.1931039E-02
   19 s    7    44.59884        8.355979        119.6748        21.10080        94.89593      -0.4842539E-03
   19 s    8    41.42084        8.795294        113.6972        5.948767        243.1025      -0.8685176E-03
   19 s    9    37.96541        9.009989        110.9879        11.06928        514.3730      -0.3352116E-02
   19 s   10    35.48682        9.308269        107.4314        12.52848        721.7355      -0.4151865E-02
   19 s   11    33.49169        9.621602        103.9328        12.54251        714.4757      -0.3764311E-02
   19 s   12    31.76462        9.918960        100.8170        10.78419        479.4282      -0.2690982E-02
   19 s   13    30.61019        10.32315        96.86964        11.16290        627.7808      -0.1303485E-02
   19 s   14    29.30349        10.61451        94.21067        11.81012        723.7743      -0.1152786E-02
   19 s   15    28.15565        10.90209        91.72553        11.05835        608.5598      -0.7774497E-03
   19 s   16    27.06583        11.15624        89.63593        9.100321        421.4519      -0.3157516E-03
   19 s   17    25.98101        11.35812        88.04271        7.351276        315.2548      -0.1253491E-04
   19 s   18    24.98155        11.54526        86.61565        8.094340        309.2159      -0.1560008E-03
   19 s   19    24.37926        11.87593        84.20392        20.50641        86.90970      -0.1831417E-02
   19 s   20    24.19588        12.39104        80.70347        20.45510        86.88965      -0.1806407E-02
   19 s   21    23.87353        12.82235        77.98883        10.56352        381.0500      -0.3244829E-05
   19 s   22    23.31389        13.10418        76.31152        12.24070        427.6323      -0.3460558E-03
   19 s   23    22.87812        13.43077        74.45591        13.59873        537.4194      -0.1057387E-02
   19 s   24    22.35404        13.68153        73.09125        8.443838        352.2049      -0.7831284E-03
   19 s   25    21.79156        13.88165        72.03756        7.626395        315.4762      -0.4792006E-03
   19 s   26    21.24653        14.06521        71.09739        7.117926        294.0781      -0.2763584E-03
   20 s    1    184.7462        6.922760        144.4511        15.73204        887.5463      -0.7402098E-02
   20 s    2    117.1467        7.316147        136.6840        14.88633        538.3966      -0.1940657E-02
   20 s    3    87.28802        7.631945        131.0282        18.94111        149.5560      -0.3346568E-03
   20 s    4    71.49008        8.036572        124.4312        14.88233        662.6430      -0.2881846E-02
   20 s    5    61.13863        8.400225        119.0444        13.83945        667.6694      -0.4836462E-02
   20 s    6    53.13378        8.627731        115.9053        3.559051        214.0736      -0.7908038E-03
   20 s    7    46.43524        8.700044        114.9419        2.994091        207.0424      -0.2239708E-03
   20 s    8    42.03224        8.925119        112.0433        22.74063        84.36164      -0.6680191E-04
   20 s    9    40.03448        9.501022        105.2518        22.88009        83.81733       0.1326610E-06
   20 s   10    37.74519        9.900644        101.0035        3.726600        262.4009      -0.1430598E-03
   20 s   11    34.77253        9.989568        100.1044        3.708063        249.8336      -0.6252720E-07
   20 s   12    32.35547        10.10346        98.97596        5.924467        303.6527      -0.2839265E-03
   20 s   13    30.76718        10.37610        96.37536        22.90947        85.14118      -0.3737174E-03
   20 s   14    30.23064        10.95035        91.32131        22.79974        85.44477      -0.4247278E-03
   20 s   15    29.10791        11.27081        88.72473        6.711998        295.7233      -0.1106002E-02
   20 s   16    27.79299        11.45597        87.29076        8.449556        347.8879      -0.1222855E-02
   20 s   17    26.75625        11.69704        85.49173        10.70748        474.5462      -0.1382899E-02
   20 s   18    25.91907        11.97853        83.48267        11.65380        560.4345      -0.1299933E-02
   20 s   19    25.19066        12.27119        81.49169        11.67896        549.7403      -0.1007765E-02
   20 s   20    24.51776        12.55588        79.64397        11.01853        460.1767      -0.4679575E-03
   20 s   21    24.02702        12.90479        77.49060        20.40131        86.88257      -0.1783539E-02
   20 s   22    23.52001        13.22003        75.64278        9.826851        424.3383      -0.1219576E-02
   20 s   23    22.92972        13.46106        74.28837        9.449879        396.8597      -0.6873696E-03
   20 s   24    22.51369        13.77924        72.57295        13.88534        605.1016      -0.8411343E-03
   20 s   25    22.16375        14.11874        70.82786        13.18913        609.8078      -0.8195373E-03
   20 s   26    21.80315        14.43370        69.28232        11.98801        560.1794      -0.6055201E-03
