    0 s    2    4.959047       0.3097068        3228.860        6.463112        496.8873      -0.1703525E-01
    0 s    3    5.370558       0.4695696        2129.610        6.754764        405.8842       0.8402826E-03
    0 s    4    5.770109       0.6486480        1541.668        7.558170        364.5803       0.2517901E-02
    0 s    5    6.131984       0.8425122        1186.926        7.929643        348.8148       0.1916841E-02
    0 s    6    6.409289        1.040724        960.8692        7.917939        341.9954       0.1225527E-02
    0 s    7    6.588725        1.234455        810.0742        7.569064        338.2371       0.7118270E-03
    0 s    8    6.667537        1.415784        706.3226        6.930713        335.4905       0.3720830E-03
    0 s    9    6.655225        1.579425        633.1420        6.183328        332.8321       0.1741738E-03
    0 s   10    6.579254        1.725752        579.4574        5.564835        329.3207       0.7565358E-04
    0 s   11    6.471900        1.859269        537.8459        5.148921        324.2422       0.3193271E-04
    0 s   12    6.354831        1.984388        503.9338        4.877474        317.4558       0.1338226E-04
    0 s   13    6.238241        2.103819        475.3260        4.683810        309.1687       0.5577709E-05
    0 s   14    6.125874        2.218955        450.6625        4.528830        299.7183       0.2302515E-05
    0 s   15    6.018738        2.330503        429.0919        4.394496        289.4926       0.9378189E-06
    0 s   16    5.916883        2.438875        410.0252        4.273785        278.8866       0.3761563E-06
    0 s   17    5.820107        2.544377        393.0234        4.164539        268.2622       0.1485924E-06
    0 s   18    5.728192        2.647292        377.7446        4.066374        257.9160       0.5789072E-07
    0 s   19    5.640958        2.747894        363.9150        3.979290        248.0641       0.2232693E-07
    0 s   20    5.558259        2.846461        351.3135        3.903136        238.8436       0.8590240E-08
    0 s   21    5.479963        2.943260        339.7594        3.837482        230.3240       0.3381901E-08
    0 s   22    5.405934        3.038546        329.1048        3.781649        222.5240       0.1441356E-08
    0 s   23    5.336028        3.132553        319.2284        3.734798        215.4268       0.7401353E-09
    0 s   24    5.270089        3.225496        310.0298        3.696014        208.9934       0.5050096E-09
    0 s   25    5.207948        3.317565        301.4259        3.664369        203.1729       0.3926777E-09
    0 s   26    5.149428        3.408925        293.3476        3.638971        197.9095       0.2824836E-09
    1 s    2    10.88981       0.6801003        1470.371        10.88745        307.2462      -0.3585588E-02
    1 s    3    10.74554       0.9395265        1064.366        9.867954        279.1970      -0.2170143E-03
    1 s    4    10.43015        1.172508        852.8730        8.732048        266.2092      -0.2576756E-05
    1 s    5    9.989363        1.372502        728.5963        7.173502        279.3930       0.6699113E-04
    1 s    6    9.426712        1.530686        653.3018        5.686983        327.2081       0.1339295E-03
    1 s    7    8.902424        1.667946        599.5397        5.558485        358.3448       0.1561986E-03
    1 s    8    8.539998        1.813382        551.4559        6.238276        365.9917       0.1420702E-03
    1 s    9    8.339234        1.979075        505.2865        7.120760        363.6008       0.1013945E-03
    1 s   10    8.254252        2.165108        461.8708        7.838358        356.2930       0.4829333E-04
    1 s   11    8.234008        2.365493        422.7449        8.272711        344.0785       0.3901544E-05
    1 s   12    8.241054        2.573388        388.5927        8.439327        322.1599      -0.1830962E-04
    1 s   13    8.248734        2.781849        359.4731        8.278330        279.5889      -0.1293530E-04
    1 s   14    8.227251        2.980130        335.5558        7.558647        215.7802       0.1221499E-04
    1 s   15    8.153113        3.156950        316.7615        6.673936        174.9496       0.1940266E-04
    1 s   16    8.048836        3.317642        301.4189        6.243499        162.1478       0.1208815E-04
    1 s   17    7.940479        3.471341        288.0731        6.064392        158.2058       0.6355362E-05
    1 s   18    7.837110        3.621931        276.0958        5.977903        156.8997       0.3231370E-05
    1 s   19    7.741044        3.770914        265.1877        5.929985        156.6231       0.1627561E-05
    1 s   20    7.652510        3.918955        255.1701        5.900157        156.8479       0.8153119E-06
    1 s   21    7.571053        4.066373        245.9194        5.879123        157.3462       0.4063495E-06
    1 s   22    7.496000        4.213322        237.3424        5.862113        157.9954       0.2014273E-06
    1 s   23    7.426646        4.359866        229.3649        5.846537        158.7179       0.9928211E-07
    1 s   24    7.362317        4.506020        221.9253        5.830974        159.4600       0.4863736E-07
    1 s   25    7.302408        4.651776        214.9716        5.814676        160.1821       0.2366386E-07
    1 s   26    7.246383        4.797110        208.4589        5.797279        160.8538       0.1141344E-07
    2 s    1    10.80738       0.4049713        2469.311        12.86099        395.2984       0.1137214E-03
    2 s    2    15.07332       0.9413722        1062.279        20.58529        93.88525      -0.2030639    
    2 s    3    14.41733        1.260566        793.2945        6.352100        430.5612      -0.7817270E-02
    2 s    4    12.45484        1.400114        714.2277        5.227895        399.4470      -0.5921083E-03
    2 s    5    11.16069        1.533438        652.1292        5.727944        321.6024      -0.1002345E-03
    2 s    6    10.42050        1.692056        590.9971        6.923142        249.1894      -0.5292819E-04
    2 s    7    9.987478        1.871241        534.4048        7.296581        216.3984      -0.5620541E-04
    2 s    8    9.668191        2.052942        487.1058        7.211308        200.3736      -0.6031923E-04
    2 s    9    9.400211        2.230867        448.2562        7.020656        190.3287      -0.6450821E-04
    2 s   10    9.164596        2.403893        415.9919        6.828685        183.6703      -0.6942512E-04
    2 s   11    8.954727        2.572543        388.7204        6.679635        180.1044      -0.7613987E-04
    2 s   12    8.769605        2.738436        365.1720        6.627042        181.1030      -0.8709302E-04
    2 s   13    8.614846        2.905319        344.1963        6.811377        193.1263      -0.1068171E-03
    2 s   14    8.509575        3.082396        324.4230        7.515468        237.3181      -0.1310586E-03
    2 s   15    8.471817        3.280354        304.8451        8.373452        313.1638      -0.1264220E-03
    2 s   16    8.476025        3.493725        286.2275        8.776592        360.0891      -0.1001628E-03
    2 s   17    8.494214        3.713418        269.2937        8.931036        379.0225      -0.7142168E-04
    2 s   18    8.515877        3.935624        254.0893        8.995285        386.7315      -0.4345854E-04
    2 s   19    8.537481        4.158885        240.4491        9.021040        389.7709      -0.1672735E-04
    2 s   20    8.557654        4.382492        228.1807        9.024208        389.8291       0.8485152E-05
    2 s   21    8.575586        4.605903        217.1127        9.001660        385.4997       0.3189136E-04
    2 s   22    8.589597        4.828006        207.1248        8.889415        365.3614       0.5242482E-04
    2 s   23    8.586099        5.040531        198.3918        7.881464        254.8357       0.4744311E-04
    2 s   24    8.523301        5.216587        191.6962        6.613019        187.9770       0.8568211E-05
    2 s   25    8.445039        5.379654        185.8856        6.462204        181.0874       0.2273357E-05
    2 s   26    8.369667        5.540725        180.4818        6.415041        177.8106       0.8153345E-06
    3 s    1    25.26037       0.9465498        1056.468        6.492092        862.7720       0.9170828E-03
    3 s    2    17.89230        1.117426        894.9140        7.130622        390.9022      -0.5794805E-02
    3 s    3    16.26982        1.422536        702.9698        17.98628        89.15537      -0.1639158    
    3 s    4    16.47057        1.851543        540.0901        17.74927        88.39786      -0.1539582    
    3 s    5    16.53406        2.271719        440.1952        17.46567        88.85146      -0.1443534    
    3 s    6    15.79802        2.565243        389.8267        5.667286        285.3984      -0.3188522E-03
    3 s    7    14.43132        2.703833        369.8454        5.436919        275.2809      -0.3201859E-03
    3 s    8    13.36013        2.836887        352.4991        5.248153        266.4006      -0.3404263E-03
    3 s    9    12.50076        2.966692        337.0758        5.181093        258.6598      -0.3220079E-03
    3 s   10    11.80464        3.096384        322.9574        5.231528        251.6663      -0.2801700E-03
    3 s   11    11.23792        3.228466        309.7447        5.361614        245.0841      -0.2295995E-03
    3 s   12    10.77427        3.364421        297.2280        5.531391        238.7266      -0.1800048E-03
    3 s   13    10.39252        3.504831        285.3205        5.710017        232.5433      -0.1365014E-03
    3 s   14    10.07557        3.649642        273.9995        5.877566        226.5699      -0.1009886E-03
    3 s   15    9.809774        3.798422        263.2672        6.023473        220.8777      -0.7343951E-04
    3 s   16    9.584356        3.950567        253.1282        6.144000        215.5371      -0.5286306E-04
    3 s   17    9.390932        4.105436        243.5795        6.239734        210.6018      -0.3793446E-04
    3 s   18    9.223033        4.262437        234.6076        6.313669        206.1115      -0.2735323E-04
    3 s   19    9.075707        4.421072        226.1895        6.370188        202.1176      -0.2001017E-04
    3 s   20    8.945219        4.580969        218.2944        6.415566        198.7584      -0.1503342E-04
    3 s   21    8.828939        4.741978        210.8825        6.463758        196.5730      -0.1172493E-04
    3 s   22    8.726084        4.904722        203.8851        6.584824        198.8713      -0.8704553E-05
    3 s   23    8.648406        5.077109        196.9625        7.588128        254.7933       0.1691666E-04
    3 s   24    8.636292        5.285741        189.1882        8.843732        383.3224       0.7385672E-04
    3 s   25    8.644809        5.506912        181.5900        8.972664        402.3234       0.9582002E-04
    3 s   26    8.654730        5.729437        174.5372        8.990825        406.1918       0.1107910E-03
    4 s    1    37.39819        1.401375        713.5848        11.33186        364.9262       0.9424254E-04
    4 s    2    27.28590        1.704083        586.8257        12.59313        450.8305       0.1336666E-03
    4 s    3    23.15743        2.024748        493.8886        12.96038        514.9517       0.3540330E-04
    4 s    4    20.31554        2.283776        437.8714        5.538562        330.8921       0.2321427E-04
    4 s    5    17.63486        2.422966        412.7174        5.700331        296.8285      -0.2075177E-03
    4 s    6    16.54627        2.686741        372.1981        17.30679        89.19928      -0.1372605    
    4 s    7    16.53823        3.098581        322.7284        17.21738        89.57482      -0.1317649    
    4 s    8    16.43690        3.490209        286.5158        7.922517        398.2486      -0.1609759E-03
    4 s    9    15.45373        3.667495        272.6657        6.481020        333.9082      -0.2184223E-03
    4 s   10    14.56965        3.821650        261.6671        5.964464        303.6840      -0.2857975E-03
    4 s   11    13.81321        3.968304        251.9968        5.822808        288.9148      -0.3111815E-03
    4 s   12    13.17345        4.113599        243.0961        5.835743        280.7741      -0.3051228E-03
    4 s   13    12.63259        4.260284        234.7261        5.924140        275.9496      -0.2793609E-03
    4 s   14    12.17391        4.409717        226.7719        6.048246        272.9617      -0.2433845E-03
    4 s   15    11.78295        4.562452        219.1804        6.182412        271.0276      -0.2039146E-03
    4 s   16    11.44744        4.718509        211.9314        6.308995        269.6870      -0.1652997E-03
    4 s   17    11.15707        4.877540        205.0214        6.416431        268.6580      -0.1301039E-03
    4 s   18    10.90330        5.038973        198.4531        6.498234        267.7699      -0.9963151E-04
    4 s   19    10.67909        5.202131        192.2289        6.552242        266.9264      -0.7433001E-04
    4 s   20    10.47878        5.366325        186.3473        6.579872        266.0818      -0.5408422E-04
    4 s   21    10.29788        5.530941        180.8011        6.585276        265.2236      -0.3842970E-04
    4 s   22    10.13295        5.695489        175.5775        6.574303        264.3570      -0.2671091E-04
    4 s   23    9.981375        5.859638        170.6590        6.553348        263.4936      -0.1820105E-04
    4 s   24    9.841231        6.023210        166.0244        6.528282        262.6419      -0.1219111E-04
    4 s   25    9.711104        6.186162        161.6511        6.503695        261.8024      -0.8049804E-05
    4 s   26    9.589936        6.348544        157.5164        6.482568        260.9671      -0.5254799E-05
    5 s    1    46.44129        1.740236        574.6348        34.05049        90.05831      -0.1450557E-03
    5 s    2    33.51963        2.093398        477.6923        2.789754        328.2939       0.3791745E-03
    5 s    3    24.87750        2.175140        459.7404        4.004776        295.4338       0.2649152E-03
    5 s    4    20.98172        2.358664        423.9688        12.73175        434.3499       0.2825335E-04
    5 s    5    19.50742        2.680249        373.0996        12.70500        496.5596      -0.1758661E-05
    5 s    6    18.40053        2.987832        334.6909        11.80433        503.5556      -0.1166812E-04
    5 s    7    17.42249        3.264255        306.3486        10.16705        477.3864      -0.3798061E-04
    5 s    8    16.52333        3.508561        285.0171        17.14140        89.95041      -0.1272463    
    5 s    9    16.50505        3.916995        255.2977        17.07803        90.24677      -0.1236189    
    5 s   10    16.09645        4.222133        236.8471        9.735381        350.5042      -0.8556050E-04
    5 s   11    15.53510        4.462974        224.0658        9.497228        367.6736      -0.8510168E-04
    5 s   12    15.03661        4.695398        212.9745        9.073449        376.5355      -0.9359468E-04
    5 s   13    14.57450        4.915186        203.4511        8.488138        376.6953      -0.1104443E-03
    5 s   14    14.13086        5.118576        195.3668        7.776305        366.3714      -0.1319887E-03
    5 s   15    13.69790        5.303933        188.5393        7.077671        348.1177      -0.1490980E-03
    5 s   16    13.27989        5.473824        182.6876        6.559646        329.1957      -0.1539174E-03
    5 s   17    12.88672        5.633689        177.5036        6.272603        314.3889      -0.1468725E-03
    5 s   18    12.52583        5.788832        172.7464        6.170085        304.1703      -0.1328363E-03
    5 s   19    12.20010        5.943064        168.2634        6.188979        297.4046      -0.1160105E-03
    5 s   20    11.90902        6.098772        163.9674        6.280130        292.9302      -0.9882533E-04
    5 s   21    11.65028        6.257304        159.8132        6.408894        289.8857      -0.8248592E-04
    5 s   22    11.42065        6.419273        155.7809        6.550406        287.6649      -0.6755219E-04
    5 s   23    11.21655        6.584756        151.8659        6.686242        285.8339      -0.5427159E-04
    5 s   24    11.03432        6.753430        148.0729        6.802720        284.0700      -0.4273443E-04
    5 s   25    10.87044        6.924679        144.4110        6.890084        282.1244      -0.3293775E-04
    5 s   26    10.72158        7.097691        140.8909        6.942024        279.8011      -0.2481199E-04
    6 s    1    52.84925        1.980353        504.9604        9.087641        639.3501      -0.7009871E-03
    6 s    2    40.04017        2.500624        399.9002        18.11046        180.9947       0.1742608E-03
    6 s    3    32.47560        2.839473        352.1780        12.44026        466.8080       0.7921553E-03
    6 s    4    27.70441        3.114397        321.0894        8.947844        354.2582       0.5401288E-03
    6 s    5    23.89625        3.283257        304.5756        5.310404        265.8130       0.1802123E-03
    6 s    6    21.01336        3.412097        293.0749        5.326273        252.3682       0.2470924E-04
    6 s    7    18.99938        3.559699        280.9227        6.643402        255.9808      -0.7114326E-04
    6 s    8    17.65907        3.749724        266.6863        8.549973        282.2687      -0.1067770E-03
    6 s    9    16.76730        3.979231        251.3048        9.604451        321.8247      -0.9597860E-04
    6 s   10    16.48473        4.323981        231.2684        17.01237        90.52516      -0.1205889    
    6 s   11    16.46289        4.729512        211.4383        16.94690        90.76597      -0.1180631    
    6 s   12    16.41247        5.125032        195.1207        6.605684        266.1532      -0.2503955E-03
    6 s   13    15.69292        5.292367        188.9514        6.827202        261.9016      -0.2267509E-03
    6 s   14    15.09482        5.467746        182.8907        7.234187        263.3608      -0.1823392E-03
    6 s   15    14.60298        5.654389        176.8538        7.693058        270.3599      -0.1342381E-03
    6 s   16    14.19564        5.851286        170.9026        8.029115        280.0640      -0.9643159E-04
    6 s   17    13.84873        6.054254        165.1731        8.176729        289.0296      -0.7195420E-04
    6 s   18    13.54281        6.258827        159.7743        8.164650        295.4070      -0.5745379E-04
    6 s   19    13.26457        6.461602        154.7604        8.039673        298.7257      -0.4909605E-04
    6 s   20    13.00539        6.660240        150.1447        7.838883        299.0710      -0.4421421E-04
    6 s   21    12.75979        6.853220        145.9168        7.591539        296.7188      -0.4109275E-04
    6 s   22    12.52450        7.039720        142.0511        7.324899        292.1096      -0.3860125E-04
    6 s   23    12.29794        7.219595        138.5119        7.065684        285.8804      -0.3602907E-04
    6 s   24    12.07985        7.393333        135.2570        6.836995        278.7969      -0.3304071E-04
    6 s   25    11.87077        7.561912        132.2417        6.654357        271.5945      -0.2961553E-04
    6 s   26    11.67156        7.726583        129.4233        6.524489        264.8475      -0.2592454E-04
    7 s    1    59.57347        2.232321        447.9642        7.251012        262.3582      -0.3479537E-03
    7 s    2    40.90622        2.554712        391.4336        24.43570        134.9275      -0.8327191E-05
    7 s    3    36.97791        3.233128        309.2980        25.74186        97.52172      -0.1430727E-02
    7 s    4    30.02415        3.375171        296.2813        6.762278        329.5416       0.1175276E-03
    7 s    5    26.25936        3.607941        277.1664        11.10711        482.8711       0.2510204E-03
    7 s    6    24.00319        3.897578        256.5696        11.68596        509.5120       0.1973531E-03
    7 s    7    22.30503        4.179041        239.2893        10.61498        450.2480       0.1053306E-03
    7 s    8    20.81942        4.420793        226.2038        8.707348        367.3903      -0.9933918E-06
    7 s    9    19.46433        4.619295        216.4833        7.343516        315.2981      -0.1068303E-03
    7 s   10    18.27824        4.794422        208.5757        6.773842        289.6783      -0.1900627E-03
    7 s   11    17.26768        4.960716        201.5838        6.585521        275.1885      -0.2389909E-03
    7 s   12    16.43991        5.133598        194.7952        16.88281        90.97111      -0.1159379    
    7 s   13    16.41617        5.536283        180.6266        16.82185        91.14250      -0.1141333    
    7 s   14    16.39208        5.937648        168.4168        16.76510        91.28437      -0.1125834    
    7 s   15    16.36796        6.337804        157.7834        16.71335        91.39990      -0.1112380    
    7 s   16    15.95093        6.574799        152.0959        6.501171        276.0547      -0.3485026E-03
    7 s   17    15.40986        6.736731        148.4399        6.472684        269.2572      -0.3151396E-03
    7 s   18    14.92641        6.898259        144.9641        6.468596        263.3437      -0.2723747E-03
    7 s   19    14.49340        7.060209        141.6389        6.504583        258.4527      -0.2273978E-03
    7 s   20    14.10559        7.223665        138.4339        6.585710        254.7159      -0.1848673E-03
    7 s   21    13.75864        7.389695        135.3236        6.705567        252.2055      -0.1472989E-03
    7 s   22    13.44849        7.559074        132.2913        6.847865        250.8900      -0.1157235E-03
    7 s   23    13.17093        7.732091        129.3311        6.990823        250.6020      -0.9022689E-04
    7 s   24    12.92156        7.908489        126.4464        7.113809        251.0525      -0.7029930E-04
    7 s   25    12.69596        8.087575        123.6465        7.203202        251.9030      -0.5508650E-04
    7 s   26    12.49007        8.268431        120.9419        7.254497        252.8549      -0.4361076E-04
    8 s    1    76.12641        2.852588        350.5588        14.41212        862.8332       0.2186892E-03
    8 s    2    51.19559        3.197312        312.7627        11.05836        719.3923       0.3949217E-04
    8 s    3    37.34937        3.265607        306.2218        3.447808        250.0844      -0.2260653E-04
    8 s    4    33.99792        3.821883        261.6512        16.18762        296.7996      -0.3131279E-03
    8 s    5    30.20698        4.150330        240.9447        11.88930        683.5947       0.7830109E-03
    8 s    6    27.18010        4.413437        226.5808        8.876876        430.5677       0.3578512E-03
    8 s    7    24.64819        4.618052        216.5415        8.263539        344.4934       0.6380673E-04
    8 s    8    22.83291        4.848337        206.2563        10.25556        383.7000       0.8657678E-05
    8 s    9    21.59855        5.125790        195.0919        11.73816        451.0642       0.1027998E-05
    8 s   10    20.68211        5.424961        184.3331        11.98728        503.7961      -0.2473643E-05
    8 s   11    19.86860        5.707916        175.1953        10.03831        467.0146      -0.4803613E-04
    8 s   12    18.94214        5.914956        169.0630        7.118375        339.5242      -0.2007696E-03
    8 s   13    18.04180        6.084518        164.3515        6.625000        306.4166      -0.2991334E-03
    8 s   14    17.25097        6.248763        160.0317        6.557313        292.8793      -0.3495789E-03
    8 s   15    16.55987        6.412113        155.9548        6.532927        283.7310      -0.3632130E-03
    8 s   16    16.34413        6.736872        148.4368        16.66690        91.49249      -0.1100579    
    8 s   17    16.32083        7.134981        140.1545        16.62567        91.56537      -0.1090124    
    8 s   18    16.29824        7.532255        132.7624        16.58935        91.62146      -0.1080776    
    8 s   19    15.95022        7.769871        128.7023        6.820755        281.8071      -0.3412056E-03
    8 s   20    15.49926        7.937382        125.9861        6.612543        268.0393      -0.3298488E-03
    8 s   21    15.08224        8.100594        123.4477        6.465254        257.8647      -0.3007749E-03
    8 s   22    14.69653        8.260565        121.0571        6.348177        249.6914      -0.2625508E-03
    8 s   23    14.33926        8.417966        118.7935        6.256840        242.9378      -0.2214729E-03
    8 s   24    14.00807        8.573477        116.6388        6.194703        237.4015      -0.1818435E-03
    8 s   25    13.70111        8.727873        114.5754        6.165507        233.0030      -0.1462012E-03
    8 s   26    13.41690        8.881996        112.5873        6.170365        229.6828      -0.1156812E-03
    9 s    1    85.36117        3.198631        312.6338       0.8534929        217.4073       0.8448758E-05
    9 s    2    51.62799        3.224317        310.1432        3.929386        244.7663       0.1311494E-04
    9 s    3    40.50171        3.541228        282.3879        13.33768        607.7523       0.7670626E-03
    9 s    4    34.97334        3.931535        254.3536        22.36271        115.9496      -0.1610575E-02
    9 s    5    32.26204        4.432687        225.5968        5.320850        252.9397       0.7007066E-04
    9 s    6    28.37866        4.608056        217.0112        9.281704        360.2231       0.5413576E-03
    9 s    7    26.03908        4.878647        204.9748        11.60476        519.8933       0.6769618E-03
    9 s    8    24.32390        5.164933        193.6133        10.95950        508.3321       0.5274529E-03
    9 s    9    22.82503        5.416858        184.6089        9.094122        406.4544       0.2797676E-03
    9 s   10    21.44215        5.624322        177.7992        7.742352        333.3170       0.4747337E-04
    9 s   11    20.27636        5.825060        171.6721        9.020987        327.7203      -0.7696990E-04
    9 s   12    19.50109        6.089498        164.2171        11.58776        424.6901      -0.4643906E-04
    9 s   13    18.92808        6.383413        156.6560        11.76080        473.4269      -0.3641132E-04
    9 s   14    18.42187        6.672894        149.8600        11.34088        484.6026      -0.4817240E-04
    9 s   15    17.94113        6.946948        143.9481        10.51275        463.4665      -0.8666359E-04
    9 s   16    17.45374        7.194241        139.0001        9.220279        405.0492      -0.1666384E-03
    9 s   17    16.94468        7.407709        134.9945        7.939933        341.9784      -0.2628633E-03
    9 s   18    16.43508        7.595496        131.6570        7.188778        303.3284      -0.3232918E-03
    9 s   19    16.27649        7.928809        126.1223        16.55751        91.66335      -0.1072351    
    9 s   20    16.25567        8.324750        120.1237        16.52962        91.69332      -0.1064703    
    9 s   21    16.18642        8.693644        115.0266        8.687933        369.6372      -0.1780131E-03
    9 s   22    15.82667        8.895790        112.4127        7.529674        318.4563      -0.2415662E-03
    9 s   23    15.45638        9.073780        110.2077        6.812529        284.9403      -0.2764731E-03
    9 s   24    15.09660        9.239695        108.2287        6.523541        268.6199      -0.2811759E-03
    9 s   25    14.75829        9.401318        106.3681        6.438619        260.7211      -0.2685493E-03
    9 s   26    14.44412        9.562016        104.5805        6.435165        256.6436      -0.2467738E-03
   10 s    1    86.11938        3.227042        309.8813        25.08079        78.91808      -0.6725516E-04
   10 s    2    63.05192        3.937774        253.9506        28.92813        79.22520       0.1474662E-06
   10 s    3    48.73120        4.260766        234.6996        3.670336        261.5006       0.3945113E-04
   10 s    4    38.57421        4.336327        230.6099        3.220993        242.9298       0.8403592E-04
   10 s    5    33.15282        4.555077        219.5353        24.98444        94.97254      -0.3989216E-02
   10 s    6    31.90075        5.179964        193.0515        24.70226        95.19930      -0.5123122E-02
   10 s    7    29.83650        5.590127        178.8868        7.620771        345.9368       0.6898398E-03
   10 s    8    27.16136        5.767439        173.3872        7.351313        306.1476       0.5405843E-03
   10 s    9    25.19199        5.978589        167.2636        9.619771        353.6783       0.5701352E-03
   10 s   10    23.80367        6.243754        160.1601        11.24711        424.3333       0.5750116E-03
   10 s   11    22.70060        6.521502        153.3389        10.48393        422.1370       0.4018312E-03
   10 s   12    21.62965        6.754172        148.0566        8.133693        345.3538       0.9776487E-04
   10 s   13    20.57531        6.938933        144.1144        6.901056        299.0346      -0.1054410E-03
   10 s   14    19.62374        7.108245        140.6817        6.796222        281.4477      -0.2077207E-03
   10 s   15    18.81162        7.284007        137.2871        7.388635        281.2415      -0.2464529E-03
   10 s   16    18.15196        7.482041        133.6534        8.535891        302.0385      -0.2213548E-03
   10 s   17    17.63684        7.710303        129.6966        9.660486        343.1855      -0.1606450E-03
   10 s   18    17.22272        7.959504        125.6360        10.17693        383.2818      -0.1183753E-03
   10 s   19    16.86295        8.214493        121.7361        10.15275        406.7275      -0.1070378E-03
   10 s   20    16.52610        8.463240        118.1581        9.673810        405.3400      -0.1258228E-03
   10 s   21    16.23581        8.720169        114.6767        16.50517        91.71332      -0.1057717    
   10 s   22    16.21693        9.115148        109.7075        16.48365        91.72500      -0.1051302    
   10 s   23    16.01519        9.401830        106.3623        9.592762        330.7513      -0.8045546E-04
   10 s   24    15.76017        9.645828        103.6718        9.867115        359.4617      -0.6169592E-04
   10 s   25    15.52977        9.892768        101.0839        9.847546        375.6330      -0.6039332E-04
   10 s   26    15.31631        10.13941        98.62509        9.539369        376.9504      -0.7612127E-04
   11 s    1    97.47354        3.652503        273.7849        14.05198        720.7814       0.1229687E-02
   11 s    2    64.16724        4.007430        249.5365        14.46530        823.1282       0.3156324E-03
   11 s    3    50.37470        4.404464        227.0424        12.81297        539.5641       0.1199496E-03
   11 s    4    42.16140        4.739582        210.9891        13.31718        731.2403       0.4254672E-03
   11 s    5    36.85002        5.063058        197.5091        12.56715        715.3106       0.8632963E-03
   11 s    6    33.02506        5.362527        186.4792        11.21435        523.2932       0.1017870E-02
   11 s    7    30.86003        5.781895        172.9537        12.52478        235.2198      -0.1236941E-02
   11 s    8    28.47966        6.047365        165.3613        10.97981        585.5387       0.3695387E-03
   11 s    9    26.62848        6.319496        158.2405        10.63010        574.3953       0.2214870E-03
   11 s   10    25.06757        6.575277        152.0848        9.858672        479.1314       0.4012093E-04
   11 s   11    23.74955        6.822849        146.5663        10.31413        426.1685       0.2176332E-04
   11 s   12    22.75279        7.104887        140.7482        12.23614        469.0808       0.1515022E-03
   11 s   13    22.01142        7.423253        134.7118        12.91515        511.2850       0.1644398E-03
   11 s   14    21.35438        7.735128        129.2803        11.70712        462.1129       0.4234558E-04
   11 s   15    20.64592        7.994265        125.0897        8.916845        347.4151      -0.1392280E-03
   11 s   16    19.86145        8.186671        122.1498        6.750969        278.6000      -0.2472465E-03
   11 s   17    19.08303        8.342534        119.8677        5.902270        251.2813      -0.2809414E-03
   11 s   18    18.36383        8.486869        117.8291        5.741480        239.8171      -0.2883415E-03
   11 s   19    17.72055        8.632255        115.8446        5.962331        235.8268      -0.2818282E-03
   11 s   20    17.15963        8.787682        113.7957        6.557372        239.2388      -0.2550599E-03
   11 s   21    16.68962        8.963909        111.5585        7.625151        256.3653      -0.1973403E-03
   11 s   22    16.31487        9.170195        109.0489        8.843269        291.6963      -0.1263830E-03
   11 s   23    16.19903        9.509757        105.1552        16.46458        91.72973      -0.1045385    
   11 s   24    16.18208        9.904056        100.9687        16.44754        91.72866      -0.1039907    
   11 s   25    16.08914        10.24910        97.56956        6.245906        249.6821      -0.2638392E-03
   11 s   26    15.72529        10.41015        96.06011        6.690349        255.4498      -0.2311775E-03
   12 s    1    112.6069        4.219577        236.9906       0.7968469        229.7184       0.7184760E-05
   12 s    2    68.05194        4.250040        235.2919        1.860651        236.3864       0.2282849E-04
   12 s    3    53.01166        4.635024        215.7486        26.20396        83.84596      -0.1788430E-04
   12 s    4    46.81262        5.262450        190.0256        23.96948        88.21699      -0.5130484E-04
   12 s    5    40.18512        5.521289        181.1171        2.851142        241.1325       0.5578330E-08
   12 s    6    34.56634        5.612796        178.1643        4.810088        267.2905       0.2248720E-04
   12 s    7    30.97727        5.803859        172.2991        20.92898        112.2074      -0.4323080E-02
   12 s    8    30.12888        6.397560        156.3096        23.69459        92.63639      -0.6427063E-02
   12 s    9    28.47513        6.757745        147.9784        6.841026        293.2809       0.7185930E-03
   12 s   10    26.47143        6.943512        144.0193        8.172582        312.0527       0.7448738E-03
   12 s   11    24.95852        7.170166        139.4668        9.846332        368.2889       0.6941726E-03
   12 s   12    23.79684        7.430909        134.5730        10.82976        424.0251       0.5462995E-03
   12 s   13    22.85291        7.707044        129.7514        11.13742        444.9700       0.3354393E-03
   12 s   14    22.04736        7.986145        125.2169        11.19608        434.6638       0.1151357E-03
   12 s   15    21.36270        8.271806        120.8926        11.74224        450.7404       0.8722392E-05
   12 s   16    20.79539        8.571634        116.6639        12.12225        490.2477      -0.9074866E-05
   12 s   17    20.29094        8.870594        112.7320        11.62781        489.1400      -0.3774285E-04
   12 s   18    19.77812        9.140487        109.4034        9.674929        396.9288      -0.1491642E-03
   12 s   19    19.19237        9.349229        106.9607        7.231971        300.7245      -0.2794277E-03
   12 s   20    18.57741        9.513744        105.1111        6.138334        265.8229      -0.3142560E-03
   12 s   21    17.98865        9.661610        103.5024        5.785120        253.5623      -0.3136779E-03
   12 s   22    17.44411        9.804917        101.9896        5.729588        248.9352      -0.3063141E-03
   12 s   23    16.94686        9.948777        100.5149        5.812189        247.4762      -0.2969717E-03
   12 s   24    16.49680        10.09668        99.04250        5.980048        247.6658      -0.2830892E-03
   12 s   25    16.16609        10.29812        97.10515        16.43211        91.72199      -0.1034810    
   12 s   26    16.15094        10.69193        93.52845        16.41808        91.71198      -0.1030072    
   13 s    1    119.0436        4.460768        224.1766        13.01006        719.8234       0.2939907E-03
   13 s    2    76.62093        4.785198        208.9778        13.48101        852.7252       0.9361772E-03
   13 s    3    58.73816        5.135715        194.7149        14.44259        893.0364       0.1380855E-02
   13 s    4    48.53331        5.455882        183.2884        4.053526        268.7150       0.8865742E-04
   13 s    5    42.17063        5.794091        172.5896        16.01925        266.5097      -0.8861796E-05
   13 s    6    37.73339        6.127054        163.2106        11.83032        657.1286       0.1184921E-03
   13 s    7    34.10824        6.390474        156.4829        9.187964        465.7072       0.5243225E-03
   13 s    8    31.03273        6.589485        151.7569        7.038994        326.4128       0.7103961E-03
   13 s    9    29.42751        6.983766        143.1892        23.19472        92.07902      -0.6821117E-02
   13 s   10    28.80991        7.556901        132.3294        22.74529        91.92163      -0.7097025E-02
   13 s   11    27.44245        7.883757        126.8431        6.454096        278.3078       0.6838669E-03
   13 s   12    25.68073        8.019178        124.7011        5.006111        247.8648       0.4135528E-03
   13 s   13    24.17048        8.151387        122.6785        5.738390        255.3918       0.3940421E-03
   13 s   14    22.95822        8.316082        120.2489        7.562223        288.4167       0.4360841E-03
   13 s   15    22.03928        8.533785        117.1813        9.729167        350.1079       0.3605794E-03
   13 s   16    21.33048        8.792190        113.7373        10.64689        385.3230       0.9137138E-04
   13 s   17    20.71168        9.054531        110.4419        10.23515        359.7553      -0.1850704E-03
   13 s   18    20.14202        9.308664        107.4268        10.42069        357.1598      -0.2291594E-03
   13 s   19    19.67524        9.584451        104.3357        11.59287        422.8736      -0.1197203E-03
   13 s   20    19.29444        9.880946        101.2049        12.01800        473.4707      -0.7059898E-04
   13 s   21    18.96338        10.18514        98.18230        11.87617        491.7719      -0.6763061E-04
   13 s   22    18.63276        10.47303        95.48337        10.96544        461.6959      -0.1126095E-03
   13 s   23    18.25914        10.71916        93.29089        8.520701        359.7100      -0.2263949E-03
   13 s   24    17.81519        10.90358        91.71303        6.540934        292.6075      -0.2872258E-03
   13 s   25    17.35711        11.05682        90.44192        5.864341        270.2759      -0.2846988E-03
   13 s   26    16.91860        11.20012        89.28475        5.657608        261.3357      -0.2712266E-03
   14 s    1    127.6176        4.782053        209.1152        19.89215        81.14572      -0.1932683E-04
   14 s    2    85.04868        5.311536        188.2695        23.20676        79.52597       0.1099271E-04
   14 s    3    62.06627        5.426705        184.2739        1.367544        227.9338       0.1665513E-04
   14 s    4    49.01226        5.509723        181.4973        12.46331        432.7352       0.6839402E-03
   14 s    5    43.06740        5.917304        168.9959        21.11834        107.7909      -0.2020632E-03
   14 s    6    40.00343        6.495657        153.9490        23.57720        87.71157      -0.6963325E-03
   14 s    7    36.49568        6.837782        146.2462        8.260743        291.9948      -0.1052143E-05
   14 s    8    33.33187        7.077683        141.2892        10.82507        400.3131       0.3122322E-03
   14 s    9    31.03644        7.365598        135.7663        11.97131        489.0175       0.7492162E-03
   14 s   10    29.20484        7.660493        130.5399        11.15503        438.1115       0.1002882E-02
   14 s   11    28.21170        8.104749        123.3844        10.79925        452.0693       0.3700233E-03
   14 s   12    26.91277        8.403903        118.9923        12.66890        634.7757       0.9006643E-03
   14 s   13    25.86162        8.721716        114.6563        12.46181        588.8352       0.9761214E-03
   14 s   14    24.86896        9.008203        111.0099        9.828084        396.4268       0.8968596E-03
   14 s   15    23.77842        9.207191        108.6108        6.626257        278.9288       0.6231753E-03
   14 s   16    22.73359        9.370536        106.7175        6.771770        277.1861       0.4816633E-03
   14 s   17    21.86557        9.558975        104.6137        8.406274        321.6841       0.3504347E-03
   14 s   18    21.18817        9.792140        102.1227        10.10055        395.6113       0.6809584E-04
   14 s   19    20.64734        10.05799        99.42345        10.45742        428.1675      -0.3054420E-03
   14 s   20    20.12649        10.30705        97.02097        9.339761        377.0005      -0.5303945E-03
   14 s   21    19.59026        10.52183        95.04052        7.989311        319.2388      -0.5189707E-03
   14 s   22    19.06439        10.71564        93.32157        7.850776        301.0877      -0.3772624E-03
   14 s   23    18.62131        10.93178        91.47645        9.740042        346.3593      -0.1789104E-03
   14 s   24    18.29888        11.19962        89.28878        11.43459        426.3852      -0.6000125E-04
   14 s   25    18.04246        11.49340        87.00649        11.95875        472.7412      -0.2407532E-04
   14 s   26    17.81613        11.79429        84.78677        12.08214        495.3057      -0.1150554E-04
   15 s    1    140.5745        5.267570        189.8408        15.86233        746.8871       0.4875139E-03
   15 s    2    86.45350        5.399271        185.2102       0.9644909        225.9412      -0.1006547E-04
   15 s    3    67.94307        5.940538        168.3349        24.86565        99.88923      -0.1671286E-03
   15 s    4    56.09931        6.306416        158.5687        11.84016        587.8644       0.1388163E-02
   15 s    5    47.54379        6.532344        153.0844        6.429566        292.2743       0.9753149E-03
   15 s    6    41.11659        6.676409        149.7811        6.118543        240.3349       0.1986686E-03
   15 s    7    37.94667        7.109638        140.6541        24.22872        86.51404      -0.1081032E-02
   15 s    8    36.27083        7.701741        129.8408        11.72161        213.7862      -0.3844379E-03
   15 s    9    32.89888        7.807594        128.0804        3.561426        267.1273       0.2403902E-07
   15 s   10    30.16083        7.911250        126.4023        5.196767        291.2877       0.4362081E-04
   15 s   11    28.26630        8.120435        123.1461        22.15578        92.79100      -0.7099631E-02
   15 s   12    27.77963        8.674592        115.2792        22.07954        91.03342      -0.7341195E-02
   15 s   13    26.93141        9.082501        110.1018        5.424408        251.8914       0.5598548E-04
   15 s   14    25.51970        9.243918        108.1792        8.149711        305.9137       0.8283374E-05
   15 s   15    24.53503        9.500156        105.2614        11.79524        465.7334       0.1232781E-03
   15 s   16    23.79000        9.805980        101.9786        12.31441        520.9551       0.8149268E-04
   15 s   17    23.11595        10.10561        98.95497        10.99104        453.2500       0.2429501E-06
   15 s   18    22.39388        10.34936        96.62430        8.598984        349.1466       0.9855228E-04
   15 s   19    21.66603        10.55423        94.74876        8.174461        330.7979       0.1694844E-03
   15 s   20    21.03546        10.77255        92.82857        9.440544        379.0256       0.3971473E-05
   15 s   21    20.53080        11.02699        90.68662        10.82269        465.0032      -0.3828643E-03
   15 s   22    20.11032        11.30353        88.46797        11.14655        509.1890      -0.7832620E-03
   15 s   23    19.71171        11.57190        86.41622        10.21316        455.6252      -0.9892004E-03
   15 s   24    19.28784        11.80489        84.71062        8.452985        363.9437      -0.9090969E-03
   15 s   25    18.82895        11.99441        83.37219        6.874223        303.1606      -0.6833411E-03
   15 s   26    18.35767        12.15279        82.28564        5.938174        273.1450      -0.4921445E-03
   16 s    1    143.7571        5.386826        185.6381       0.7807543        225.6601       0.1630001E-04
   16 s    2    90.29926        5.639450        177.3223        13.82144        657.8476      -0.1317589E-02
   16 s    3    68.48488        5.987910        167.0032        15.60582        243.4883      -0.4532890E-03
   16 s    4    58.93290        6.624954        150.9445        16.77182        110.5730      -0.1541137E-04
   16 s    5    49.72691        6.832296        146.3637        10.90738        425.2233       0.1412638E-02
   16 s    6    43.93932        7.134757        140.1589        12.72143        669.5927       0.1597087E-02
   16 s    7    39.78278        7.453649        134.1625        12.58854        763.3932       0.8397477E-03
   16 s    8    36.39429        7.727956        129.4003        17.84902        108.0666      -0.9604061E-03
   16 s    9    34.22564        8.122462        123.1154        12.79933        644.6350       0.7439888E-04
   16 s   10    32.16704        8.437484        118.5187        12.35420        669.2256       0.1302230E-03
   16 s   11    30.38385        8.728772        114.5636        10.60280        504.2179       0.2828726E-03
   16 s   12    28.63697        8.942309        111.8279        6.456234        291.3332       0.2151160E-03
   16 s   13    27.34582        9.222256        108.4333        21.83678        90.68373      -0.7342652E-02
   16 s   14    26.80392        9.709099        102.9962        10.08373        446.5808       0.1023099E-02
   16 s   15    25.67963        9.943357        100.5697        8.581256        362.4535       0.1046259E-02
   16 s   16    24.61738        10.14702        98.55114        7.572445        313.2055       0.9175293E-03
   16 s   17    23.65752        10.34236        96.68968        8.377647        321.4515       0.7593859E-03
   16 s   18    22.89947        10.58302        94.49098        10.84379        405.4417       0.4657945E-03
   16 s   19    22.32100        10.87329        91.96851        12.09794        483.7406       0.2109355E-03
   16 s   20    21.83270        11.18082        89.43886        12.42548        517.4936       0.8442501E-04
   16 s   21    21.39815        11.49283        87.01074        12.51907        531.5451       0.2602747E-04
   16 s   22    21.00488        11.80634        84.70026        12.56115        537.3657       0.1994956E-05
   16 s   23    20.61981        12.10500        82.61046        7.643733        315.1713      -0.1673660E-03
   16 s   24    20.12122        12.31496        81.20205        9.195527        381.7534      -0.6354127E-03
   16 s   25    19.71280        12.55744        79.63409        10.08455        439.5852      -0.1090655E-02
   16 s   26    19.34460        12.80614        78.08755        9.714628        426.1433      -0.1282444E-02
   17 s    1    162.9877        6.107433        163.7349        16.41093        607.2231       0.6502891E-03
   17 s    2    103.2594        6.448850        155.0664        8.035284        355.4995       0.1368065E-02
   17 s    3    74.81948        6.541769        152.8638        2.660978        220.0100      -0.1655325E-03
   17 s    4    59.03291        6.636197        150.6887        15.70690        127.2107       0.5070304E-04
   17 s    5    53.22778        7.313303        136.7371        26.90643        80.96202      -0.3007400E-04
   17 s    6    46.96122        7.625446        131.1399        2.863320        262.8554       0.2429633E-03
   17 s    7    41.05973        7.692895        129.9901        2.919136        241.3029       0.1997612E-03
   17 s    8    36.87355        7.829723        127.7184        10.85548        320.7700       0.3145204E-03
   17 s    9    35.17139        8.346909        119.8048        24.62198        85.71729      -0.1619296E-02
   17 s   10    33.88844        8.889010        112.4985        4.016946        224.6007       0.4167831E-04
   17 s   11    31.32391        8.998835        111.1255        5.354093        248.2809       0.5503652E-04
   17 s   12    29.40916        9.183436        108.8917        9.497123        383.3023       0.3762158E-03
   17 s   13    28.00544        9.444713        105.8793        10.84802        491.4598       0.7839228E-03
   17 s   14    26.95710        9.764583        102.4109        21.64352        90.34761      -0.7286865E-02
   17 s   15    26.60772        10.30272        97.06176        21.49384        90.01548      -0.7194336E-02
   17 s   16    26.08287        10.75107        93.01396        11.25887        464.0786       0.1101309E-02
   17 s   17    25.25520        11.04082        90.57298        11.52655        490.6049       0.1427570E-02
   17 s   18    24.46486        11.30647        88.44494        9.157508        381.2314       0.1280000E-02
   17 s   19    23.60123        11.49693        86.97975        6.361105        296.5538       0.7523392E-03
   17 s   20    22.73633        11.64359        85.88419        5.558880        274.8653       0.4507850E-03
   17 s   21    21.93856        11.78309        84.86741        5.669938        273.3854       0.2834647E-03
   17 s   22    21.22878        11.93219        83.80691        6.334032        285.5645       0.1141276E-03
   17 s   23    20.64686        12.12089        82.50222        12.55629        552.9631      -0.1122995E-04
   17 s   24    20.31884        12.43591        80.41231        12.61818        545.2283      -0.6056983E-05
   17 s   25    20.01735        12.75144        78.42252        12.62492        543.7478      -0.3597339E-05
   17 s   26    19.73831        13.06677        76.52998        12.59972        540.1731      -0.1823030E-05
   18 s    1    169.5999        6.355201        157.3514        21.24899        86.60924       0.1583722E-03
   18 s    2    105.2221        6.571424        152.1740        7.537726        294.0416       0.1023295E-02
   18 s    3    78.50718        6.864200        145.6834        13.18934        809.9630      -0.4489049E-04
   18 s    4    64.06168        7.201507        138.8598        13.67393        947.2682      -0.1138190E-02
   18 s    5    54.64987        7.508694        133.1790        9.165978        466.9172       0.8708236E-04
   18 s    6    48.87137        7.935611        126.0142        16.61765        209.2142       0.6381054E-03
   18 s    7    44.18214        8.277907        120.8035        12.82906        600.5885       0.1748553E-02
   18 s    8    40.40387        8.579350        116.5589        10.85991        492.1244       0.1393766E-02
   18 s    9    37.00965        8.783166        113.8542        5.344891        259.9769       0.3701218E-03
   18 s   10    34.18389        8.966506        111.5262        24.61809        85.87092      -0.1801369E-02
   18 s   11    33.35999        9.583767        104.3431        23.99478        90.86029      -0.1852361E-02
   18 s   12    31.66213        9.886957        101.1434        9.439287        395.8058       0.1889007E-03
   18 s   13    29.92400        10.09174        99.09097        7.152382        298.2719       0.1249617E-03
   18 s   14    28.36045        10.27292        97.34335        7.709022        309.0600       0.2771063E-03
   18 s   15    27.08659        10.48814        95.34577        9.592726        374.3783       0.6410933E-03
   18 s   16    26.29267        10.83755        92.27178        21.37379        89.71188      -0.7074010E-02
   18 s   17    26.00765        11.36977        87.95252        21.27717        89.43173      -0.6937982E-02
   18 s   18    25.14161        11.61923        86.06422        9.524527        388.9014       0.4057401E-03
   18 s   19    24.43585        11.90350        84.00891        12.75953        550.3114       0.1069510E-02
   18 s   20    23.89267        12.23577        81.72762        13.31531        603.5680       0.1415775E-02
   18 s   21    23.35480        12.54374        79.72102        10.48916        437.8850       0.1346515E-02
   18 s   22    22.68492        12.75065        78.42737        6.549232        300.6301       0.7374709E-03
   18 s   23    21.97298        12.89940        77.52300        5.604474        273.2519       0.3776844E-03
   18 s   24    21.30567        13.03988        76.68780        5.713009        271.1321       0.1642738E-03
   18 s   25    20.70521        13.18962        75.81717        6.341299        282.3975      -0.6272491E-04
   18 s   26    20.18262        13.36091        74.84522        7.453504        311.6075      -0.4080048E-03
   19 s    1    173.5217        6.502158        153.7951        1.062566        206.6088      -0.2724602E-04
   19 s    2    110.0427        6.872487        145.5077        21.15329        82.90732      -0.1259164E-03
   19 s    3    85.12037        7.442418        134.3649        23.77748        82.82438       0.4589986E-04
   19 s    4    67.59172        7.598337        131.6078        2.012834        231.5307      -0.3815159E-04
   19 s    5    55.96652        7.689595        130.0459        7.181169        278.8491      -0.1522341E-03
   19 s    6    49.42387        8.025325        124.6056        23.03421        107.4362       0.4733659E-03
   19 s    7    46.24049        8.663557        115.4260        25.21795        85.83353      -0.1244081E-03
   19 s    8    41.66292        8.846698        113.0365        4.469380        244.1271       0.3505559E-03
   19 s    9    38.04261        9.028310        110.7627        10.20554        457.2629       0.9097642E-03
   19 s   10    35.51611        9.315953        107.3428        12.16184        650.2658       0.7511030E-03
   19 s   11    33.48628        9.620048        103.9496        12.51193        428.8578       0.3365671E-03
   19 s   12    32.62037        10.18618        98.17220        8.856733        329.4574       0.3635479E-04
   19 s   13    30.95255        10.43861        95.79819        11.46993        604.6728       0.1511374E-03
   19 s   14    29.64522        10.73829        93.12467        12.22838        740.9702       0.1584637E-03
   19 s   15    28.49543        11.03365        90.63180        10.99205        624.7322       0.1591708E-03
   19 s   16    27.32024        11.26111        88.80123        7.173005        364.9841       0.3672816E-04
   19 s   17    26.13213        11.42419        87.53356        6.564359        316.7252       0.2284597E-04
   19 s   18    25.74889        11.89988        84.03443        21.19763        89.17659      -0.6794098E-02
   19 s   19    25.32368        12.33599        81.06363        10.08574        447.5990       0.5954830E-03
   19 s   20    24.53290        12.56364        79.59479        8.269053        344.3998       0.2126560E-03
   19 s   21    23.79172        12.77841        78.25701        9.777687        361.2572       0.1703079E-04
   19 s   22    23.25200        13.06939        76.51466        12.97796        504.8879       0.3326676E-03
   19 s   23    22.82903        13.40194        74.61605        13.31746        555.5115       0.3449140E-03
   19 s   24    22.42906        13.72745        72.84676        12.53265        527.1606       0.1284018E-03
   19 s   25    21.90817        13.95593        71.65414        6.132743        283.3680       0.3042256E-03
   19 s   26    21.30462        14.10367        70.90352        5.844079        274.0083       0.1750109E-03
   20 s    1    185.5152        6.951576        143.8523        16.66722        861.3464      -0.3382905E-02
   20 s    2    117.7063        7.351099        136.0341        13.90719        650.4630       0.6427133E-03
   20 s    3    86.39105        7.553519        132.3886        2.874159        241.7872       0.2984196E-03
   20 s    4    71.45728        8.032885        124.4883        15.91817        291.4069       0.5438033E-03
   20 s    5    60.90686        8.368380        119.4974        13.44075        732.2561      -0.3288899E-03
   20 s    6    53.39977        8.670922        115.3280        7.649032        302.3842      -0.9416946E-05
   20 s    7    46.79109        8.766716        114.0678        3.162859        209.3275       0.1414039E-03
   20 s    8    43.77692        9.295583        107.5780        24.40431        90.48038      -0.2382433E-03
   20 s    9    41.29138        9.799310        102.0480        11.27781        347.3667       0.1171692E-02
   20 s   10    37.81085        9.917866        100.8281        3.669335        234.5392       0.7915628E-04
   20 s   11    34.89528        10.02483        99.75232        5.032701        262.3485       0.7860406E-04
   20 s   12    32.67735        10.20397        98.00103        24.01840        88.48537      -0.1958375E-02
   20 s   13    32.07392        10.81679        92.44888        24.41872        86.53168      -0.2147710E-02
   20 s   14    30.73642        11.13355        89.81858        5.354923        290.7880       0.1141809E-03
   20 s   15    29.11602        11.27396        88.70002        6.404208        297.2098       0.1404290E-03
   20 s   16    27.85772        11.48265        87.08791        10.40967        437.8795       0.3702383E-03
   20 s   17    26.91771        11.76762        84.97895        11.88588        570.8978       0.5798084E-03
   20 s   18    26.10167        12.06292        82.89865        11.53506        555.6345       0.6912018E-03
   20 s   19    25.51308        12.42825        80.46183        21.13040        88.94600      -0.6648380E-02
   20 s   20    25.17243        12.89115        77.57262        8.974582        389.8102       0.9280582E-03
   20 s   21    24.45565        13.13500        76.13245        10.16661        461.7425       0.1326130E-02
   20 s   22    23.81989        13.38859        74.69048        9.794258        441.2153       0.1438778E-02
   20 s   23    23.19625        13.61752        73.43479        8.300099        363.5203       0.1223549E-02
   20 s   24    22.55826        13.80652        72.42955        6.967241        310.0150       0.8973109E-03
   20 s   25    22.05091        14.04686        71.19029        11.97400        511.7467       0.2706353E-03
   20 s   26    21.66720        14.34370        69.71702        11.70902        509.2453       0.9703540E-04
