    0 s    2    5.050264       0.3154036        3170.541        6.515903        508.1198      -0.4988572E-02
    0 s    3    5.492696       0.4802486        2082.255        6.873112        419.4992       0.7569745E-02
    0 s    4    5.911941       0.6645920        1504.682        7.666406        376.2609       0.8479012E-02
    0 s    5    6.278371       0.8626253        1159.252        7.990238        358.6029       0.6900802E-02
    0 s    6    6.547573        1.063179        940.5758        7.904168        349.8614       0.4948604E-02
    0 s    7    6.707492        1.256707        795.7306        7.457443        343.7642       0.3067904E-02
    0 s    8    6.758704        1.435142        696.7952        6.750038        338.3365       0.1536575E-02
    0 s    9    6.720981        1.595030        626.9475        6.041877        333.4424       0.6073597E-03
    0 s   10    6.631365        1.739421        574.9039        5.536160        328.8674       0.2016772E-03
    0 s   11    6.522032        1.873671        533.7117        5.223169        323.9950       0.6076361E-04
    0 s   12    6.410004        2.001616        499.5962        5.021350        318.3864       0.1728880E-04
    0 s   13    6.301835        2.125266        470.5293        4.873421        311.8950       0.4688637E-05
    0 s   14    6.199367        2.245577        445.3199        4.751402        304.5683       0.1201887E-05
    0 s   15    6.102742        2.363030        423.1855        4.643590        296.5655       0.2841123E-06
    0 s   16    6.011606        2.477918        403.5645        4.545647        288.1016       0.5845483E-07
    0 s   17    5.925538        2.590469        386.0305        4.456207        279.4045       0.8801205E-08
    0 s   18    5.844165        2.700889        370.2485        4.374944        270.6855       0.1636210E-09
    0 s   19    5.767183        2.809382        355.9501        4.301783        262.1215      -0.3006684E-09
    0 s   20    5.694342        2.916150        342.9178        4.236607        253.8478       0.7002303E-10
    0 s   21    5.625431        3.021390        330.9735        4.179171        245.9589       0.1666717E-09
    0 s   22    5.560263        3.125290        319.9703        4.129102        238.5133       0.6966358E-11
    0 s   23    5.498663        3.228030        309.7865        4.085915        231.5399      -0.5588989E-10
    0 s   24    5.440465        3.329773        300.3208        4.049055        225.0457      -0.3601651E-10
    0 s   25    5.385505        3.430671        291.4881        4.017922        219.0217      -0.1495889E-10
    0 s   26    5.333621        3.530860        283.2171        3.991899        213.4479       0.4673461E-11
    1 s    2    10.94929       0.6838148        1462.384        11.02170        311.3335      -0.1948240E-02
    1 s    3    10.82495       0.9464687        1056.559        9.950554        287.6529       0.1916967E-03
    1 s    4    10.49296        1.179568        847.7676        8.566484        281.4377       0.8267572E-03
    1 s    5    9.959979        1.368465        730.7458        6.410624        314.5812       0.2668968E-02
    1 s    6    9.311352        1.511954        661.3957        5.309065        357.0506       0.4878939E-02
    1 s    7    8.801673        1.649070        606.4025        5.677991        372.2001       0.6212398E-02
    1 s    8    8.493882        1.803589        554.4499        6.570442        378.0310       0.6915805E-02
    1 s    9    8.349644        1.981546        504.6565        7.464714        381.1267       0.6987218E-02
    1 s   10    8.307041        2.178955        458.9357        8.094073        382.6876       0.6588460E-02
    1 s   11    8.314982        2.388755        418.6280        8.459634        383.0212       0.6000635E-02
    1 s   12    8.343621        2.605416        383.8158        8.649478        381.4260       0.5382320E-02
    1 s   13    8.377773        2.825367        353.9363        8.723142        374.8058       0.4760445E-02
    1 s   14    8.408220        3.045682        328.3337        8.662940        350.6048       0.4015280E-02
    1 s   15    8.417320        3.259253        306.8188        8.054903        259.4735       0.2389824E-02
    1 s   16    8.355907        3.444213        290.3421        6.803779        176.5585       0.3617960E-03
    1 s   17    8.256523        3.609506        277.0462        6.470441        164.7132       0.5248641E-04
    1 s   18    8.157292        3.769904        265.2588        6.356106        161.6800       0.1100235E-04
    1 s   19    8.063696        3.928089        254.5767        6.285727        160.1753       0.2749285E-05
    1 s   20    7.976201        4.084722        244.8147        6.230181        159.2142       0.7413606E-06
    1 s   21    7.894432        4.240059        235.8458        6.181369        158.5436       0.2040543E-06
    1 s   22    7.817844        4.394222        227.5716        6.136030        158.0571       0.5482809E-07
    1 s   23    7.745884        4.547277        219.9118        6.092471        157.6911       0.1352140E-07
    1 s   24    7.678036        4.699252        212.7998        6.049632        157.3986       0.2586650E-08
    1 s   25    7.613828        4.850157        206.1789        6.006768        157.1410       0.1799934E-12
    1 s   26    7.552836        4.999982        200.0007        5.963311        156.8856      -0.4475321E-09
    2 s    1    10.85200       0.4066432        2459.158        13.09323        388.8723       0.2573976E-03
    2 s    2    15.02884       0.9385948        1065.423        19.92005        97.05792      -0.8550784E-01
    2 s    3    14.03571        1.227199        814.8641        5.882713        404.4215      -0.1780124E-02
    2 s    4    12.13474        1.364129        733.0686        5.334347        363.5206       0.2005952E-02
    2 s    5    11.00935        1.512644        661.0940        6.671220        284.8891       0.1951758E-02
    2 s    6    10.44273        1.695664        589.7395        7.679897        237.2133       0.9980547E-03
    2 s    7    10.08566        1.889635        529.2028        7.729179        217.0633       0.5972166E-03
    2 s    8    9.800573        2.081052        480.5262        7.545285        204.7471       0.4408901E-03
    2 s    9    9.553738        2.267302        441.0528        7.331452        195.6638       0.3694380E-03
    2 s   10    9.334149        2.448367        408.4355        7.134057        188.5928       0.3358793E-03
    2 s   11    9.136810        2.624853        380.9737        6.965430        183.0948       0.3268193E-03
    2 s   12    8.958928        2.797555        357.4550        6.830489        179.0791       0.3452713E-03
    2 s   13    8.799022        2.967432        336.9918        6.739078        177.0070       0.4189614E-03
    2 s   14    8.657896        3.136122        318.8652        6.746573        179.9246       0.6761065E-03
    2 s   15    8.548703        3.310125        302.1034        7.285145        215.8614       0.1867891E-02
    2 s   16    8.518006        3.511029        284.8168        8.460932        346.9480       0.3518436E-02
    2 s   17    8.531605        3.729764        268.1135        8.715729        396.4591       0.3488538E-02
    2 s   18    8.550235        3.951503        253.0683        8.750049        408.8783       0.3224390E-02
    2 s   19    8.567578        4.173546        239.6044        8.740244        413.8738       0.2956952E-02
    2 s   20    8.582529        4.395231        227.5193        8.716010        416.6496       0.2709345E-02
    2 s   21    8.594960        4.616309        216.6233        8.685681        418.4265       0.2483004E-02
    2 s   22    8.605004        4.836666        206.7540        8.652461        419.5235       0.2275995E-02
    2 s   23    8.612855        5.056238        197.7755        8.617310        419.8283       0.2085138E-02
    2 s   24    8.618634        5.274934        189.5758        8.576148        417.8533       0.1901649E-02
    2 s   25    8.620629        5.491509        182.0993        8.308294        365.0025       0.1492725E-02
    2 s   26    8.564538        5.669729        176.3753        6.645143        202.7380       0.1268489E-04
    3 s    1    25.13064       0.9416887        1061.922        5.607037        776.0001       0.1340331E-02
    3 s    2    17.58448        1.098202        910.5795        6.881039        338.3332      -0.2881466E-02
    3 s    3    16.23221        1.419248        704.5987        17.26911        90.37682      -0.6416374E-01
    3 s    4    16.33508        1.836312        544.5699        16.70652        89.55783      -0.5683914E-01
    3 s    5    16.30933        2.240842        446.2608        16.31303        89.60384      -0.5101732E-01
    3 s    6    15.57503        2.529035        395.4077        5.448767        281.4020       0.6806525E-03
    3 s    7    14.22185        2.664586        375.2928        5.348928        274.8449       0.8777977E-03
    3 s    8    13.17814        2.798244        357.3670        5.316060        269.4062       0.9182150E-03
    3 s    9    12.35623        2.932392        341.0185        5.394128        264.8627       0.8586656E-03
    3 s   10    11.70262        3.069621        325.7731        5.560900        260.7748       0.7431290E-03
    3 s   11    11.17930        3.211625        311.3688        5.773308        256.8376       0.6081250E-03
    3 s   12    10.75709        3.359055        297.7027        5.993390        252.9046       0.4769012E-03
    3 s   13    10.41308        3.511765        284.7571        6.195725        248.9404       0.3615875E-03
    3 s   14    10.12936        3.669125        272.5445        6.366825        244.9633       0.2667826E-03
    3 s   15    9.892074        3.830289        261.0769        6.502048        241.0048       0.1925781E-03
    3 s   16    9.690620        3.994368        250.3525        6.602339        237.0901       0.1367213E-03
    3 s   17    9.516975        4.160538        240.3535        6.671629        233.2341       0.9602593E-04
    3 s   18    9.365098        4.328093        231.0487        6.715042        229.4450       0.6721185E-04
    3 s   19    9.230454        4.496455        222.3974        6.737795        225.7288       0.4735197E-04
    3 s   20    9.109639        4.665171        214.3544        6.744616        222.0935       0.3407269E-04
    3 s   21    9.000084        4.833899        206.8724        6.739508        218.5526       0.2562976E-04
    3 s   22    8.899837        5.002385        199.9047        6.725798        215.1328       0.2100487E-04
    3 s   23    8.807416        5.170457        193.4065        6.706633        211.9082       0.2046245E-04
    3 s   24    8.721763        5.338053        187.3342        6.688857        209.2690       0.3029527E-04
    3 s   25    8.643886        5.506324        181.6094        6.894735        222.0045       0.2806381E-03
    3 s   26    8.627555        5.711447        175.0870        8.495208        419.5109       0.1617610E-02
    4 s    1    38.05313        1.425917        701.3033        12.09010        372.2771       0.2006762E-03
    4 s    2    27.90515        1.742757        573.8034        12.99875        459.2075       0.2627916E-03
    4 s    3    23.66063        2.068744        483.3850        12.73673        551.2339       0.4191978E-04
    4 s    4    20.11033        2.260707        442.3395        5.043307        308.7731       0.4108936E-03
    4 s    5    17.41312        2.392499        417.9730        5.408762        289.4595       0.4894390E-03
    4 s    6    16.25017        2.638661        378.9800        16.08742        89.58667      -0.4695523E-01
    4 s    7    16.18365        3.032147        329.7993        15.95410        89.65022      -0.4408675E-01
    4 s    8    16.12015        3.422951        292.1456        15.84974        89.74345      -0.4194122E-01
    4 s    9    15.64590        3.713100        269.3168        6.443115        321.7861       0.4937572E-03
    4 s   10    14.74879        3.868640        258.4888        6.042666        294.9683       0.5795853E-03
    4 s   11    13.98684        4.018186        248.8685        5.912726        281.5057       0.5936727E-03
    4 s   12    13.34110        4.165951        240.0413        5.890321        273.2731       0.5578032E-03
    4 s   13    12.79181        4.313982        231.8044        5.932114        267.7371       0.4921554E-03
    4 s   14    12.32263        4.463586        224.0351        6.015648        263.8664       0.4133747E-03
    4 s   15    11.92014        4.615574        216.6578        6.122964        261.1319       0.3332875E-03
    4 s   16    11.57321        4.770351        209.6282        6.239320        259.2183       0.2592581E-03
    4 s   17    11.27250        4.928000        202.9221        6.353717        257.9218       0.1951891E-03
    4 s   18    11.01020        5.088378        196.5263        6.459007        257.1040       0.1425333E-03
    4 s   19    10.77983        5.251208        190.4324        6.551458        256.6677       0.1011240E-03
    4 s   20    10.57608        5.416155        184.6328        6.629988        256.5406       0.6981988E-04
    4 s   21    10.39459        5.582880        179.1190        6.695264        256.6650       0.4699447E-04
    4 s   22    10.23184        5.751074        173.8806        6.748851        256.9906       0.3089437E-04
    4 s   23    10.08500        5.920471        168.9055        6.792531        257.4706       0.1987677E-04
    4 s   24    9.951737        6.090845        164.1808        6.827867        258.0595       0.1254082E-04
    4 s   25    9.830161        6.262004        159.6933        6.856005        258.7128       0.7774542E-05
    4 s   26    9.718693        6.433781        155.4296        6.877643        259.3876       0.4744525E-05
    5 s    1    46.40924        1.739035        575.0317        29.99813        95.83202      -0.3337423E-04
    5 s    2    33.29621        2.079445        480.8976        2.609985        306.3532       0.8377665E-03
    5 s    3    24.70440        2.160005        462.9618        4.244161        271.8980       0.8003490E-03
    5 s    4    21.42072        2.408015        415.2799        12.95650        445.3025       0.1344323E-03
    5 s    5    19.86327        2.729141        366.4156        12.61138        485.3386       0.5900526E-04
    5 s    6    18.69186        3.035138        329.4743        11.79154        499.8363       0.5780359E-04
    5 s    7    17.68224        3.312921        301.8484        10.23718        483.6926       0.1242585E-03
    5 s    8    16.66288        3.538194        282.6301        7.770285        388.8411       0.3161881E-03
    5 s    9    16.06126        3.811674        262.3520        15.76637        89.82765      -0.4031802E-01
    5 s   10    16.00706        4.198686        238.1697        15.69712        89.89918      -0.3906301E-01
    5 s   11    15.75799        4.527009        220.8964        10.41318        396.7087       0.6700540E-04
    5 s   12    15.31139        4.781201        209.1525        9.831815        405.9450       0.9794455E-04
    5 s   13    14.86324        5.012561        199.4988        8.523919        382.8879       0.1909788E-03
    5 s   14    14.36975        5.205106        192.1190        6.964061        327.8045       0.3099779E-03
    5 s   15    13.86651        5.369223        186.2467        6.282197        294.8059       0.3521834E-03
    5 s   16    13.40196        5.524140        181.0237        6.139734        280.6746       0.3402287E-03
    5 s   17    12.98877        5.678304        176.1089        6.190573        274.2162       0.3060455E-03
    5 s   18    12.62525        5.834779        171.3861        6.314570        271.1253       0.2635231E-03
    5 s   19    12.30615        5.994726        166.8133        6.464760        269.6992       0.2193325E-03
    5 s   20    12.02559        6.158470        162.3780        6.616904        269.1279       0.1771287E-03
    5 s   21    11.77791        6.325855        158.0814        6.755656        268.9563       0.1389746E-03
    5 s   22    11.55788        6.496408        153.9312        6.870464        268.8956       0.1059375E-03
    5 s   23    11.36080        6.669436        149.9377        6.954264        268.7482       0.7840123E-04
    5 s   24    11.18249        6.844112        146.1110        7.003061        268.3753       0.5626837E-04
    5 s   25    11.01935        7.019543        142.4594        7.015791        267.6826       0.3911163E-04
    5 s   26    10.86834        7.194846        138.9884        6.994244        266.6146       0.2629785E-04
    6 s    1    52.75680        1.976889        505.8454        8.234108        565.9429      -0.7097958E-03
    6 s    2    39.55137        2.470098        404.8423        25.59238        104.5348      -0.9183202E-05
    6 s    3    32.86490        2.873512        348.0063        12.71957        424.5517       0.2274514E-02
    6 s    4    27.82601        3.128067        319.6863        7.181197        298.0321       0.1726731E-02
    6 s    5    23.79025        3.268694        305.9326        4.851838        253.8377       0.7034622E-03
    6 s    6    20.90359        3.394272        294.6140        5.347655        248.6065       0.3863733E-03
    6 s    7    18.92281        3.545352        282.0594        6.890603        253.7372       0.2927231E-03
    6 s    8    17.65204        3.748231        266.7925        9.292892        290.8164       0.1810908E-03
    6 s    9    16.84910        3.998644        250.0848        10.46089        342.5277       0.9588303E-04
    6 s   10    16.25374        4.263391        234.5551        10.62240        376.0127       0.6725193E-04
    6 s   11    15.95727        4.584256        218.1379        15.63832        89.95599      -0.3807089E-01
    6 s   12    15.91148        4.968589        201.2644        15.58814        89.99841      -0.3727021E-01
    6 s   13    15.43669        5.205955        192.0877        7.416313        254.2469       0.2705184E-03
    6 s   14    14.93972        5.411566        184.7894        8.909929        285.1078       0.1466897E-03
    6 s   15    14.57520        5.643632        177.1909        9.501886        314.2899       0.8201153E-04
    6 s   16    14.27085        5.882288        170.0019        9.525878        330.1324       0.5985767E-04
    6 s   17    13.99502        6.118206        163.4466        9.313006        336.9199       0.5472611E-04
    6 s   18    13.73351        6.346960        157.5557        8.960216        337.7632       0.5833573E-04
    6 s   19    13.47770        6.565427        152.3130        8.492480        333.4600       0.6798837E-04
    6 s   20    13.22177        6.771051        147.6876        7.940883        323.8602       0.8088475E-04
    6 s   21    12.96358        6.962670        143.6231        7.389695        310.1206       0.9152841E-04
    6 s   22    12.70595        7.141709        140.0225        6.949121        295.6501       0.9431710E-04
    6 s   23    12.45490        7.311740        136.7664        6.669719        283.4806       0.8845897E-04
    6 s   24    12.21594        7.476622        133.7502        6.530256        274.4213       0.7714733E-04
    6 s   25    11.99225        7.639300        130.9021        6.486344        267.9578       0.6384258E-04
    6 s   26    11.78497        7.801656        128.1779        6.499382        263.3325       0.5074637E-04
    7 s    1    59.37747        2.224977        449.4429        8.140792        264.1318      -0.4933426E-03
    7 s    2    40.86931        2.552406        391.7872        17.22497        299.2933       0.3739762E-03
    7 s    3    36.31275        3.174971        314.9635        25.48444        96.48887      -0.5139616E-03
    7 s    4    30.55363        3.434692        291.1469        10.13644        407.5892       0.1036947E-02
    7 s    5    27.20448        3.737796        267.5373        13.11151        558.5799       0.1681713E-02
    7 s    6    25.01070        4.061176        246.2341        12.13924        514.8372       0.1442876E-02
    7 s    7    23.06352        4.321151        231.4198        8.323293        364.6520       0.8978243E-03
    7 s    8    21.15415        4.491869        222.6245        5.755000        288.9034       0.4746533E-03
    7 s    9    19.49640        4.626906        216.1272        5.188755        265.1267       0.3368579E-03
    7 s   10    18.13645        4.757229        210.2064        5.254390        254.7611       0.3263662E-03
    7 s   11    17.02940        4.892262        204.4044        5.549546        248.4122       0.3490449E-03
    7 s   12    16.13330        5.037857        198.4971        6.143739        245.4003       0.3480971E-03
    7 s   13    15.86934        5.351865        186.8507        15.54526        90.02792      -0.3661108E-01
    7 s   14    15.83052        5.734238        174.3911        15.50865        90.04635      -0.3605835E-01
    7 s   15    15.79473        6.115844        163.5097        15.47743        90.05553      -0.3558701E-01
    7 s   16    15.59249        6.427056        155.5922        6.009654        238.6025       0.3730166E-03
    7 s   17    15.04926        6.579090        151.9967        6.129963        234.6285       0.3482744E-03
    7 s   18    14.57233        6.734624        148.4864        6.297422        231.3566       0.3063509E-03
    7 s   19    14.15472        6.895225        145.0279        6.540897        229.4071       0.2527004E-03
    7 s   20    13.79157        7.062852        141.5859        6.856631        229.5387       0.1943074E-03
    7 s   21    13.47731        7.238592        138.1484        7.175902        231.9282       0.1400773E-03
    7 s   22    13.20328        7.421246        134.7483        7.397871        235.4215       0.9769699E-04
    7 s   23    12.95897        7.607656        131.4465        7.477937        238.3293       0.6887183E-04
    7 s   24    12.73531        7.794499        128.2956        7.441514        239.7804       0.5051387E-04
    7 s   25    12.52625        7.979462        125.3217        7.336232        239.8281       0.3880963E-04
    7 s   26    12.32833        8.161364        122.5285        7.203203        238.9203       0.3100934E-04
    8 s    1    77.18869        2.892394        345.7344        13.97479        915.1375       0.3181651E-02
    8 s    2    51.27424        3.202225        312.2829        1.796130        228.8405      -0.3924813E-04
    8 s    3    37.37228        3.267609        306.0341        4.581812        259.0204       0.6179379E-04
    8 s    4    33.90818        3.811794        262.3436        23.98338        107.9041      -0.9992466E-03
    8 s    5    30.99129        4.258090        234.8471        12.27208        569.0856       0.1738774E-02
    8 s    6    27.67802        4.494288        222.5046        7.641524        325.6419       0.3449164E-03
    8 s    7    25.16131        4.714190        212.1255        10.56370        360.4892       0.4326752E-05
    8 s    8    23.61130        5.013618        199.4567        12.86210        459.9669       0.4074274E-04
    8 s    9    22.47463        5.333702        187.4871        12.16933        518.1744       0.3118618E-05
    8 s   10    21.20705        5.562655        179.7703        6.426085        322.0671       0.3744694E-03
    8 s   11    19.87233        5.708990        175.1623        5.563487        274.6327       0.3321591E-03
    8 s   12    18.72648        5.847613        171.0100        5.537260        260.4368       0.3143316E-03
    8 s   13    17.75501        5.987801        167.0062        5.653900        252.9516       0.3342273E-03
    8 s   14    16.92648        6.131223        163.0996        5.786643        247.5895       0.3614059E-03
    8 s   15    16.21292        6.277770        159.2922        5.903374        242.9397       0.3771064E-03
    8 s   16    15.76170        6.496801        153.9219        15.45080        90.05712      -0.3517905E-01
    8 s   17    15.73119        6.877210        145.4078        15.42804        90.05258      -0.3482132E-01
    8 s   18    15.70299        7.257158        137.7950        15.40851        90.04313      -0.3450411E-01
    8 s   19    15.60320        7.600826        131.5646        6.123558        241.6366       0.3975211E-03
    8 s   20    15.14508        7.756004        128.9324        6.253262        240.5328       0.3927930E-03
    8 s   21    14.73459        7.913874        126.3604        6.339978        238.9726       0.3703330E-03
    8 s   22    14.36351        8.073384        123.8638        6.387360        236.9464       0.3337160E-03
    8 s   23    14.02531        8.233657        121.4527        6.405109        234.6150       0.2881394E-03
    8 s   24    13.71501        8.394111        119.1311        6.406609        232.2283       0.2392201E-03
    8 s   25    13.42897        8.554518        116.8973        6.405880        230.0497       0.1918718E-03
    8 s   26    13.16460        8.714973        114.7451        6.414286        228.2918       0.1495384E-03
    9 s    1    84.85107        3.179517        314.5132       0.5469543        221.8444       0.5194853E-05
    9 s    2    51.98910        3.246870        307.9890        13.94858        989.7244      -0.3543743E-03
    9 s    3    41.19783        3.602093        277.6164        14.19080        779.6252      -0.5283324E-03
    9 s    4    35.23270        3.960692        252.4812        14.80355        387.4218       0.9036153E-03
    9 s    5    32.34155        4.443611        225.0422        17.72398        118.4172      -0.1087068E-02
    9 s    6    28.90914        4.694195        213.0291        11.20394        486.3241       0.2807330E-02
    9 s    7    26.59394        4.982606        200.6982        11.07520        533.6958       0.3120106E-02
    9 s    8    24.66199        5.236723        190.9591        8.949019        399.7999       0.2192808E-02
    9 s    9    22.91946        5.439269        183.8482        7.665925        303.5168       0.1179150E-02
    9 s   10    21.67713        5.685958        175.8719        11.84726        391.7763       0.2394854E-03
    9 s   11    20.83193        5.984664        167.0938        11.80573        442.6255       0.6749767E-04
    9 s   12    20.09124        6.273780        159.3935        11.31909        455.3262       0.3362249E-04
    9 s   13    19.42428        6.550754        152.6542        10.82516        461.6685       0.2987569E-04
    9 s   14    18.80388        6.811270        146.8155        9.764567        442.8550       0.6969207E-04
    9 s   15    18.11111        7.012764        142.5971        6.342325        288.1399       0.2414328E-03
    9 s   16    17.36907        7.159342        139.6776        5.670056        250.7043       0.3113257E-03
    9 s   17    16.70375        7.302383        136.9416        5.774538        244.3922       0.3534289E-03
    9 s   18    16.11892        7.449380        134.2394        5.956213        242.5925       0.3836136E-03
    9 s   19    15.67688        7.636720        130.9463        15.39166        90.02975      -0.3422016E-01
    9 s   20    15.65269        8.015956        124.7512        15.37702        90.01324      -0.3396394E-01
    9 s   21    15.63024        8.394919        119.1197        15.36418        89.99422      -0.3373120E-01
    9 s   22    15.57426        8.753917        114.2346        6.025561        256.0301       0.2911965E-03
    9 s   23    15.16876        8.904930        112.2973        6.086590        249.8739       0.3247704E-03
    9 s   24    14.80321        9.060132        110.3737        6.313197        249.7579       0.3370664E-03
    9 s   25    14.47585        9.221400        108.4434        6.560669        251.1870       0.3349092E-03
    9 s   26    14.18219        9.388620        106.5119        6.784802        252.8779       0.3200366E-03
   10 s    1    89.98143        3.371760        296.5810        26.31846        86.23052      -0.1265090E-03
   10 s    2    64.47520        4.026662        248.3446        26.39415        87.93039       0.7161765E-04
   10 s    3    49.36958        4.316582        231.6648        3.079387        259.9467       0.4541460E-03
   10 s    4    38.99120        4.383204        228.1436        2.867868        241.1462       0.5793223E-05
   10 s    5    32.71949        4.495539        222.4427        11.56693        171.9040       0.2260662E-03
   10 s    6    31.15277        5.058509        197.6867        23.57125        93.01325      -0.1881951E-02
   10 s    7    29.72029        5.568355        179.5863        7.792957        262.8634       0.1125387E-02
   10 s    8    27.16700        5.768637        173.3512        8.916612        301.4726       0.2127104E-02
   10 s    9    25.36932        6.020671        166.0945        10.81002        351.5530       0.2669063E-02
   10 s   10    23.98338        6.290891        158.9600        10.07976        334.4457       0.2271339E-02
   10 s   11    22.65253        6.507693        153.6643        7.110101        266.9839       0.1192813E-02
   10 s   12    21.33356        6.661712        150.1116        5.460704        236.1936       0.5391038E-03
   10 s   13    20.14332        6.793246        147.2050        5.173295        226.3629       0.3095530E-03
   10 s   14    19.13054        6.929592        144.3086        6.008257        228.8764       0.2105560E-03
   10 s   15    18.39482        7.122621        140.3978        9.438841        316.7367       0.4649728E-04
   10 s   16    17.88565        7.372271        135.6434        10.22472        381.5865       0.9484460E-05
   10 s   17    17.45044        7.628813        131.0820        10.26670        400.8802       0.4894115E-05
   10 s   18    17.06136        7.884929        126.8242        10.21167        408.9821       0.4981962E-05
   10 s   19    16.70746        8.138748        122.8690        10.06747        411.7693       0.9594930E-05
   10 s   20    16.37338        8.385031        119.2601        9.472288        395.1870       0.3795879E-04
   10 s   21    16.00268        8.594958        116.3473        7.047413        297.9560       0.1877918E-03
   10 s   22    15.60937        8.773652        113.9776        15.35279        89.97317      -0.3351860E-01
   10 s   23    15.58995        9.152190        109.2635        15.34256        89.95045      -0.3332352E-01
   10 s   24    15.41532        9.434764        105.9910        10.01524        384.2823       0.2297396E-04
   10 s   25    15.20083        9.683222        103.2714        9.828728        377.4799       0.2881579E-04
   10 s   26    14.99129        9.924246        100.7633        9.393023        357.7755       0.4579259E-04
   11 s    1    99.94073        3.744952        267.0261        16.49269        777.4608       0.1698680E-02
   11 s    2    66.02590        4.123508        242.5119        13.29833        615.8467       0.3931370E-02
   11 s    3    51.90772        4.538502        220.3370        12.02651        536.1898       0.2576271E-02
   11 s    4    43.09657        4.844709        206.4107        12.07865        663.1257       0.1394735E-02
   11 s    5    37.38779        5.136946        194.6682        11.09748        567.2834       0.7164482E-03
   11 s    6    33.17402        5.386714        185.6419        8.467867        355.2988       0.8292851E-03
   11 s    7    30.14476        5.647882        177.0575        22.34551        93.63575      -0.1937525E-02
   11 s    8    29.23671        6.208117        161.0794        17.63307        165.2546      -0.6625145E-03
   11 s    9    27.44945        6.514330        153.5077        9.888113        461.2921       0.2311727E-03
   11 s   10    25.59505        6.713637        148.9506        8.009262        312.5811       0.5073630E-03
   11 s   11    24.21814        6.957466        143.7305        11.39151        404.1156       0.1646067E-02
   11 s   12    23.26134        7.263689        137.6711        12.38179        465.2674       0.2095079E-02
   11 s   13    22.38522        7.549317        132.4623        9.832205        371.7603       0.1607194E-02
   11 s   14    21.40111        7.752055        128.9981        6.581804        280.5166       0.7646935E-03
   11 s   15    20.39400        7.896717        126.6349        5.195542        248.9732       0.3691943E-03
   11 s   16    19.45865        8.020644        124.6783        4.778810        237.7792       0.2429492E-03
   11 s   17    18.61813        8.139293        122.8608        4.725245        233.0517       0.2138497E-03
   11 s   18    17.87066        8.258950        121.0808        4.847231        231.0313       0.2208172E-03
   11 s   19    17.21002        8.383563        119.2810        5.134110        230.9970       0.2390202E-03
   11 s   20    16.63698        8.520023        117.3706        5.927620        237.9721       0.2390507E-03
   11 s   21    16.19516        8.698337        114.9645        8.588718        299.1197       0.1177892E-03
   11 s   22    15.89435        8.933832        111.9341        9.866570        362.9999       0.3935013E-04
   11 s   23    15.64346        9.183605        108.8897        10.05083        381.2551       0.2446562E-04
   11 s   24    15.57184        9.530564        104.9256        15.33324        89.92630      -0.3314383E-01
   11 s   25    15.55494        9.908799        100.9204        15.32465        89.90090      -0.3297782E-01
   11 s   26    15.43049        10.21499        97.89533        6.287560        257.0560       0.1782556E-03
   12 s    1    114.9980        4.309174        232.0631       0.7343447        229.9235      -0.6841623E-04
   12 s    2    69.56239        4.344372        230.1829        2.763204        245.7999       0.3078615E-03
   12 s    3    53.59853        4.686336        213.3863        25.89896        87.92254       0.9446743E-05
   12 s    4    47.35198        5.323082        187.8611        24.81597        89.11636      -0.2003549E-04
   12 s    5    40.09481        5.508881        181.5251        4.058925        227.6919       0.9592490E-04
   12 s    6    34.82952        5.655530        176.8181        8.084725        314.4376       0.2639749E-03
   12 s    7    31.54218        5.909701        169.2133        11.65320        506.0165       0.6947121E-03
   12 s    8    29.32192        6.226212        160.6113        17.55266        153.4052      -0.5956495E-03
   12 s    9    27.91367        6.624499        150.9548        8.311890        285.4032       0.1628884E-02
   12 s   10    26.34526        6.910417        144.7091        12.76144        516.1146       0.1904174E-02
   12 s   11    25.17887        7.233468        138.2463        12.78526        531.9811       0.1376867E-02
   12 s   12    24.16912        7.547158        132.5002        12.20396        464.6117       0.5856706E-03
   12 s   13    23.27513        7.849436        127.3977        12.22315        423.6133       0.7880641E-05
   12 s   14    22.54577        8.166680        122.4488        13.05901        469.2597       0.1078764E-03
   12 s   15    21.93254        8.492452        117.7516        12.82250        497.5135       0.6832390E-04
   12 s   16    21.35146        8.800839        113.6255        11.56906        478.0802       0.2365588E-04
   12 s   17    20.64683        9.026180        110.7888        6.803850        298.4470       0.4936194E-03
   12 s   18    19.85669        9.176795        108.9705        5.457843        259.2073       0.2993471E-03
   12 s   19    19.10516        9.306744        107.4490        4.990724        245.6911       0.2120936E-03
   12 s   20    18.41300        9.429550        106.0496        4.844661        239.8422       0.1850514E-03
   12 s   21    17.78216        9.550709        104.7043        4.844704        237.2931       0.1806817E-03
   12 s   22    17.20938        9.672979        103.3808        4.929052        236.6258       0.1840417E-03
   12 s   23    16.69037        9.798201        102.0596        5.080986        237.4392       0.1889672E-03
   12 s   24    16.22145        9.928148        100.7237        5.311665        239.9477       0.1923115E-03
   12 s   25    15.80160        10.06593        99.34503        5.676420        245.4390       0.1905528E-03
   12 s   26    15.53917        10.28694        97.21065        15.31655        89.87370      -0.3282378E-01
   13 s    1    121.5707        4.555464        219.5166        14.03791        672.7121      -0.1295268E-02
   13 s    2    78.51082        4.903228        203.9473        14.15119        839.8832      -0.1161286E-02
   13 s    3    60.21351        5.264711        189.9439        14.63239        869.7147       0.1125778E-02
   13 s    4    48.32354        5.432300        184.0841        2.403066        208.4230       0.4696850E-04
   13 s    5    42.99391        5.907207        169.2848        18.47092        166.6806       0.1411941E-02
   13 s    6    38.27314        6.214698        160.9089        8.750721        426.6056       0.1795416E-02
   13 s    7    34.02390        6.374673        156.8708        4.715058        264.2059       0.6438054E-03
   13 s    8    30.53323        6.483421        154.2396        4.354387        234.3371       0.5445790E-03
   13 s    9    28.56131        6.778198        147.5318        22.14759        90.27759      -0.2270319E-02
   13 s   10    27.93959        7.328615        136.4514        21.83364        89.70281      -0.2304885E-02
   13 s   11    26.84197        7.711250        129.6807        5.303534        259.1237       0.9466405E-03
   13 s   12    25.16371        7.857733        127.2632        6.637096        290.0306       0.1455638E-02
   13 s   13    23.89645        8.058971        124.0853        9.389863        387.5820       0.2254205E-02
   13 s   14    22.97049        8.320528        120.1847        11.03715        486.1517       0.2492146E-02
   13 s   15    22.20697        8.598715        116.2964        10.77310        461.6523       0.2158168E-02
   13 s   16    21.47266        8.850794        112.9842        9.334808        364.6927       0.1328319E-02
   13 s   17    20.84421        9.112468        109.7398        11.36279        446.6733       0.1450519E-03
   13 s   18    20.32901        9.395081        106.4387        11.17110        458.1986       0.3160006E-04
   13 s   19    19.85158        9.670350        103.4089        10.84731        450.8831       0.1521925E-04
   13 s   20    19.40415        9.937133        100.6326        10.48078        436.1202       0.1433211E-04
   13 s   21    18.98554        10.19704        98.06770        9.912659        408.5992       0.2395577E-04
   13 s   22    18.56168        10.43307        95.84904        8.850757        359.1852       0.5454330E-04
   13 s   23    18.11608        10.63517        94.02762        7.300755        302.6954       0.1095714E-03
   13 s   24    17.65085        10.80300        92.56691        6.240127        271.7337       0.1512512E-03
   13 s   25    17.19381        10.95279        91.30092        5.796423        259.2687       0.1692188E-03
   13 s   26    16.76067        11.09558        90.12600        5.638621        253.9561       0.1745461E-03
   14 s    1    130.0970        4.874960        205.1299        26.28064        86.33690      -0.7100810E-04
   14 s    2    85.77098        5.356645        186.6840       0.9227425        201.4776      -0.9803162E-07
   14 s    3    61.60722        5.386569        185.6469        1.537431        206.0106       0.2751252E-06
   14 s    4    50.05766        5.627242        177.7069        14.16900        773.2623       0.2649631E-02
   14 s    5    43.64305        5.996397        166.7668        18.45817        150.5289       0.1327057E-02
   14 s    6    40.14388        6.518464        153.4104        11.38365        177.5365       0.8699754E-03
   14 s    7    36.18596        6.779753        147.4980        11.60834        416.8317       0.2395099E-02
   14 s    8    33.35668        7.082951        141.1841        12.10776        486.1277       0.2429039E-02
   14 s    9    31.04984        7.368778        135.7077        10.06230        383.7449       0.1887996E-02
   14 s   10    28.86695        7.571863        132.0679        6.241828        275.1091       0.1070298E-02
   14 s   11    27.39968        7.871470        127.0411        21.54700        89.25459      -0.2303106E-02
   14 s   12    26.92510        8.407751        118.9379        21.31277        88.88098      -0.2288482E-02
   14 s   13    26.19773        8.835068        113.1853        7.684664        315.3731       0.1300944E-02
   14 s   14    24.80638        8.985535        111.2900        5.480626        262.2121       0.9369675E-03
   14 s   15    23.59419        9.135857        109.4588        6.720922        285.1480       0.1271262E-02
   14 s   16    22.64554        9.334243        107.1324        9.133565        357.5011       0.1870582E-02
   14 s   17    21.93506        9.589354        104.2823        10.83836        452.6141       0.2117425E-02
   14 s   18    21.33815        9.861454        101.4049        10.47594        451.8971       0.1741680E-02
   14 s   19    20.75106        10.10852        98.92647        8.702742        370.6720       0.1058607E-02
   14 s   20    20.12664        10.30713        97.02024        7.271034        316.3225       0.5752812E-03
   14 s   21    19.51528        10.48156        95.40567        6.806013        298.3898       0.3427458E-03
   14 s   22    18.95930        10.65657        93.83883        7.336517        310.8152       0.2246027E-03
   14 s   23    18.49131        10.85545        92.11960        8.586401        353.3556       0.1368283E-03
   14 s   24    18.10750        11.08249        90.23247        9.444018        391.1583       0.8358499E-04
   14 s   25    17.77469        11.32282        88.31720        9.704033        403.3694       0.6254113E-04
   14 s   26    17.46997        11.56513        86.46682        9.631747        397.1685       0.5895274E-04
   15 s    1    142.4646        5.338395        187.3222       0.9027012        205.0289       0.3730034E-04
   15 s    2    88.33041        5.516489        181.2747        25.64932        88.87213       0.9294126E-04
   15 s    3    69.74430        6.098026        163.9875        14.02498        503.7238       0.2106732E-03
   15 s    4    56.16027        6.313268        158.3966        4.368532        244.0927       0.1098001E-03
   15 s    5    46.61054        6.404118        156.1495        3.860198        214.9112       0.4130638E-03
   15 s    6    40.57617        6.588658        151.7760        20.18593        106.9275       0.3474621E-03
   15 s    7    38.30518        7.176808        139.3377        23.88157        90.06743      -0.2914713E-03
   15 s    8    35.69526        7.579526        131.9344        3.678418        254.0360       0.2306348E-03
   15 s    9    32.44519        7.699924        129.8714        6.428972        315.4913       0.6501660E-03
   15 s   10    30.19686        7.920702        126.2514        10.96676        494.1271       0.1381323E-02
   15 s   11    28.63435        8.226170        121.5633        12.91305        615.4237       0.1613807E-02
   15 s   12    27.39985        8.556000        116.8770        13.00544        586.4603       0.1631378E-02
   15 s   13    26.50491        8.938665        111.8735        21.11200        88.55000      -0.2263898E-02
   15 s   14    25.67582        9.300468        107.5215        13.70763        587.4384       0.5512872E-03
   15 s   15    24.90411        9.643070        103.7014        13.43890        551.3125       0.3208341E-03
   15 s   16    24.15461        9.956265        100.4393        11.04986        408.0542       0.4680405E-05
   15 s   17    23.30191        10.18690        98.16526        7.815681        304.3819       0.3744040E-03
   15 s   18    22.46906        10.38411        96.30100        8.291318        319.6953       0.9754442E-03
   15 s   19    21.78489        10.61213        94.23179        9.872904        384.5338       0.1475955E-02
   15 s   20    21.23095        10.87266        91.97381        10.62886        443.6857       0.1578235E-02
   15 s   21    20.72829        11.13306        89.82257        9.884295        423.4970       0.1265267E-02
   15 s   22    20.21389        11.36174        88.01466        8.299812        359.2345       0.8154665E-03
   15 s   23    19.67825        11.55226        86.56315        6.995913        314.0208       0.5001716E-03
   15 s   24    19.14611        11.71815        85.33767        6.331676        292.5984       0.3474084E-03
   15 s   25    18.63906        11.87344        84.22157        6.117854        284.4487       0.2804447E-03
   15 s   26    18.16788        12.02715        83.14523        6.193920        284.3182       0.2467988E-03
   16 s    1    143.3302        5.370832        186.1909        16.51742        657.4912       0.1272246E-02
   16 s    2    92.30599        5.764776        173.4673        14.87682        554.0749       0.9598183E-03
   16 s    3    70.77031        6.187735        161.6100        25.03336        88.48002       0.2504269E-05
   16 s    4    58.42441        6.567791        152.2582        11.82241        443.3447       0.3889289E-03
   16 s    5    50.10193        6.883822        145.2681        12.87446        634.0579       0.7769528E-03
   16 s    6    44.35544        7.202326        138.8440        12.66155        667.9610       0.1095710E-02
   16 s    7    40.01175        7.496548        133.3947        5.296528        260.3591       0.6618605E-03
   16 s    8    36.58834        7.769161        128.7140        22.56635        101.7728      -0.1990680E-03
   16 s    9    34.38838        8.161084        122.5327        12.83378        731.4542       0.2567441E-02
   16 s   10    32.25980        8.461815        118.1780        10.54841        522.6003       0.2271249E-02
   16 s   11    30.16749        8.666614        115.3853        5.985953        301.3612       0.7061750E-03
   16 s   12    28.17501        8.798052        113.6615        5.152568        267.8869       0.9396923E-04
   16 s   13    26.62298        8.978484        111.3774        10.82724        419.9298       0.2396793E-03
   16 s   14    26.13005        9.465003        105.6524        20.94561        88.25573      -0.2234492E-02
   16 s   15    25.71348        9.956463        100.4373        6.830446        300.0152       0.1202983E-02
   16 s   16    24.61793        10.14724        98.54895        8.783285        346.3544       0.1205198E-02
   16 s   17    23.82719        10.41654        96.00120        12.15563        491.9446       0.8055435E-03
   16 s   18    23.21936        10.73086        93.18918        12.70047        534.6573       0.4376369E-03
   16 s   19    22.67745        11.04692        90.52294        12.51933        531.0674       0.2514148E-03
   16 s   20    22.17363        11.35542        88.06367        12.09807        512.0731       0.1918942E-03
   16 s   21    21.68007        11.64425        85.87927        10.65172        443.8097       0.4804148E-03
   16 s   22    21.15696        11.89182        84.09144        9.664013        411.5875       0.1052737E-02
   16 s   23    20.67434        12.13702        82.39255        9.764314        423.5313       0.1018180E-02
   16 s   24    20.21733        12.37378        80.81602        8.993664        385.8888       0.7495284E-03
   16 s   25    19.75605        12.58499        79.45973        7.855371        336.7677       0.5056645E-03
   16 s   26    19.28938        12.76958        78.31109        6.936149        303.3458       0.3615678E-03
   17 s    1    165.1932        6.190075        161.5489        14.22557        496.8961      -0.5691962E-03
   17 s    2    101.1850        6.319297        158.2455        1.459418        196.6381       0.2810454E-04
   17 s    3    72.88995        6.373063        156.9104        3.622050        209.6486       0.9047032E-04
   17 s    4    60.90499        6.846646        146.0569        26.31474        85.92580       0.5984770E-06
   17 s    5    53.88189        7.403176        135.0772        1.882770        243.7731       0.3153862E-04
   17 s    6    45.88147        7.450118        134.2261        2.040318        242.3289       0.5813642E-05
   17 s    7    40.19329        7.530561        132.7922        10.06451        584.1594       0.9073257E-03
   17 s    8    36.97366        7.850981        127.3726        14.09519        380.9132       0.1861202E-02
   17 s    9    35.29222        8.375585        119.3947        23.42865        89.59582      -0.4580946E-03
   17 s   10    33.36342        8.751297        114.2688        6.377293        284.3806       0.1311893E-02
   17 s   11    31.23315        8.972761        111.4484        10.93232        457.1112       0.3098268E-02
   17 s   12    29.67555        9.266619        107.9142        11.77464        538.6298       0.3351240E-02
   17 s   13    28.31111        9.547799        104.7362        10.21151        442.1216       0.2597689E-02
   17 s   14    26.98687        9.775366        102.2980        7.859587        337.5576       0.1640027E-02
   17 s   15    25.79353        9.987459        100.1256        20.79946        88.00614      -0.2201222E-02
   17 s   16    25.48966        10.50656        95.17865        20.67369        87.77865      -0.2166916E-02
   17 s   17    25.21371        11.02268        90.72202        20.56130        87.58140      -0.2131926E-02
   17 s   18    24.31673        11.23801        88.98372        5.323607        275.0968       0.6843850E-03
   17 s   19    23.34732        11.37324        87.92569        5.574183        276.1776       0.6471204E-03
   17 s   20    22.50397        11.52459        86.77099        6.628576        295.6429       0.7649327E-03
   17 s   21    21.81927        11.71902        85.33140        9.298552        367.5122       0.7073474E-03
   17 s   22    21.32922        11.98864        83.41229        11.61014        474.0565       0.3591028E-03
   17 s   23    20.92491        12.28412        81.40594        11.92096        504.4821       0.4026505E-03
   17 s   24    20.55892        12.58285        79.47327        11.90649        518.8798       0.4741606E-03
   17 s   25    20.21483        12.87724        77.65640        11.55769        505.7724       0.4464373E-03
   17 s   26    19.87719        13.15871        75.99529        10.88990        464.5642       0.3596183E-03
   18 s    1    168.6258        6.318701        158.2604        2.462066        191.0379      -0.3197800E-04
   18 s    2    105.5351        6.590974        151.7226        14.15694        614.0279       0.3160753E-03
   18 s    3    79.34173        6.937169        144.1510        13.78123        784.0921      -0.7925468E-04
   18 s    4    64.77123        7.281270        137.3387        12.72698        760.3006      -0.1141629E-03
   18 s    5    54.54855        7.494773        133.4263        25.05620        88.62742       0.1213251E-05
   18 s    6    49.41807        8.024383        124.6202        15.32342        378.8475       0.1663941E-02
   18 s    7    44.54402        8.345709        119.8221        10.21514        451.1553       0.1646940E-02
   18 s    8    40.14073        8.523475        117.3230        4.803357        274.2550       0.4820448E-03
   18 s    9    36.35915        8.628788        115.8911        4.122024        249.5191       0.4279568E-03
   18 s   10    34.17342        8.963762        111.5603        23.32650        89.12429      -0.5689262E-03
   18 s   11    33.22886        9.546097        104.7549        23.11053        89.32219      -0.6561410E-03
   18 s   12    31.60021        9.867623        101.3415        6.855711        298.9680       0.1540948E-02
   18 s   13    29.80127        10.05035        99.49904        7.882654        322.5884       0.1982340E-02
   18 s   14    28.38162        10.28058        97.27075        10.38616        417.4975       0.2532271E-02
   18 s   15    27.28786        10.56607        94.64253        11.98350        514.6450       0.2674855E-02
   18 s   16    26.36258        10.86637        92.02707        11.18683        471.9320       0.2352419E-02
   18 s   17    25.37352        11.09255        90.15061        6.716769        309.9326       0.1198617E-02
   18 s   18    24.96187        11.53616        86.68393        20.46016        87.40655      -0.2097295E-02
   18 s   19    24.70927        12.03669        83.07931        13.12483        514.7379       0.1363783E-02
   18 s   20    24.05855        12.32071        81.16412        9.073130        355.1494       0.1077863E-02
   18 s   21    23.28871        12.50825        79.94724        6.457431        294.9783       0.7523497E-03
   18 s   22    22.53378        12.66570        78.95342        6.299983        292.6112       0.6762666E-03
   18 s   23    21.85823        12.83203        77.92998        7.060149        312.3500       0.7314347E-03
   18 s   24    21.27980        13.02405        76.78101        8.299957        353.6960       0.8404805E-03
   18 s   25    20.79790        13.24867        75.47930        9.569708        413.9482       0.9250512E-03
   18 s   26    20.39170        13.49932        74.07782        10.30095        465.7160       0.8993205E-03
   19 s    1    170.5032        6.389050        156.5178        27.18906        89.76508      -0.2620072E-05
   19 s    2    112.6172        7.033267        142.1814        24.50609        88.49891      -0.8059492E-04
   19 s    3    84.11924        7.354885        135.9641        1.010254        226.1819       0.1755668E-04
   19 s    4    65.76625        7.393127        135.2608        3.224971        238.3597      -0.7683207E-04
   19 s    5    55.92219        7.683505        130.1489        15.34703        626.5464       0.8642418E-03
   19 s    6    50.19788        8.151007        122.6842        23.57656        98.40971       0.3303992E-03
   19 s    7    46.05790        8.629347        115.8836        7.035219        263.0857       0.7873317E-03
   19 s    8    41.72191        8.859224        112.8767        10.99882        483.4566       0.1704005E-02
   19 s    9    38.53158        9.144352        109.3571        11.42837        575.1340       0.1394903E-02
   19 s   10    35.92812        9.424022        106.1118        10.74736        521.8397       0.1209240E-02
   19 s   11    33.67716        9.674887        103.3604        8.941181        378.2271       0.1377483E-02
   19 s   12    32.42002        10.12362        98.77891        22.50276        91.62329      -0.6853393E-03
   19 s   13    30.91702        10.42663        95.90828        11.64120        648.0879       0.1493584E-02
   19 s   14    29.57847        10.71411        93.33482        10.75873        540.4602       0.1387120E-02
   19 s   15    28.25190        10.93936        91.41304        7.170242        337.7487       0.2739571E-03
   19 s   16    26.94929        11.10820        90.02356        7.326460        316.9437       0.7199945E-04
   19 s   17    25.96900        11.35287        88.08344        12.26147        475.9784       0.1016655E-02
   19 s   18    25.29485        11.69005        85.54284        14.02645        579.0498       0.1401695E-02
   19 s   19    24.73095        12.04725        83.00648        20.36782        87.25198      -0.2063508E-02
   19 s   20    24.51827        12.55614        79.64231        20.28264        87.11365      -0.2030955E-02
   19 s   21    24.03461        12.90886        77.46615        12.78249        488.9570       0.4101296E-04
   19 s   22    23.51469        13.21704        75.65988        11.45973        417.9334       0.7122992E-07
   19 s   23    22.94035        13.46730        74.25394        8.524667        316.7373       0.1039711E-03
   19 s   24    22.31169        13.65561        73.22998        6.841492        278.2435       0.2522042E-03
   19 s   25    21.69827        13.82222        72.34728        6.632026        275.1111       0.3636395E-03
   19 s   26    21.13993        13.99464        71.45590        7.240638        291.0662       0.4891691E-03
   20 s    1    186.7694        6.998572        142.8863        15.02604        822.9460      -0.1631598E-02
   20 s    2    117.3657        7.329827        136.4289        2.237221        244.4426       0.7665405E-04
   20 s    3    87.43716        7.644984        130.8047        24.35029        97.22779       0.2057660E-03
   20 s    4    72.70011        8.172597        122.3601        14.57647        486.3697       0.1243775E-02
   20 s    5    61.32867        8.426336        118.6755        5.566618        294.0127      -0.3973771E-03
   20 s    6    52.48648        8.522623        117.3348        3.491383        241.2625       0.3453293E-04
   20 s    7    46.77407        8.763527        114.1093        23.61135        91.87374       0.6542441E-04
   20 s    8    44.08171        9.360303        106.8341        23.47406        93.57578      -0.9693107E-04
   20 s    9    40.93998        9.715916        102.9239        2.869372        246.8023       0.5149253E-05
   20 s   10    37.35900        9.799346        102.0476        3.956305        265.8479       0.4814463E-04
   20 s   11    34.55543        9.927198        100.7334        6.643904        342.2718       0.2219551E-03
   20 s   12    32.49829        10.14806        98.54098        10.72885        457.6961       0.8383390E-03
   20 s   13    31.71795        10.69674        93.48644        22.73437        88.85071      -0.7816888E-03
   20 s   14    30.36795        11.00009        90.90839        6.430626        299.2099       0.1399490E-02
   20 s   15    28.96983        11.21735        89.14764        10.89433        466.1577       0.2921034E-02
   20 s   16    27.95915        11.52445        86.77201        12.92459        651.7773       0.3411646E-02
   20 s   17    27.11056        11.85193        84.37444        12.77179        661.6310       0.3088160E-02
   20 s   18    26.29073        12.15030        82.30250        10.43446        479.2908       0.1813245E-02
   20 s   19    25.40093        12.37362        80.81709        8.075536        350.4639       0.3050568E-03
   20 s   20    24.61162        12.60395        79.34022        10.95170        418.3683       0.3222169E-05
   20 s   21    24.32157        13.06299        76.55216        20.20309        86.99063      -0.1999729E-02
   20 s   22    23.98752        13.48281        74.16853        9.602704        382.6938       0.1477159E-02
   20 s   23    23.40001        13.73715        72.79533        10.80028        440.0372       0.8602195E-03
   20 s   24    22.90496        14.01871        71.33324        11.41988        481.6648       0.4996846E-03
   20 s   25    22.44678        14.29903        69.93480        10.80605        448.4380       0.3631937E-03
   20 s   26    21.98349        14.55308        68.71397        9.402101        378.6642       0.3425718E-03
