    0 t    2    6.041982       0.3773393        2650.135        9.128710        249.1654       0.1051833E-09
    0 t    3    6.668390       0.5830443        1715.136        7.558534        238.8482       0.1584820E-09
    0 t    4    6.769955       0.7610458        1313.981        6.730378        227.0844       0.6320163E-09
    0 t    5    6.709248       0.9218262        1084.803        6.154396        215.2218       0.8296260E-09
    0 t    6    6.591415        1.070298        934.3196        5.735976        204.1624       0.1445130E-08
    0 t    7    6.457038        1.209782        826.5952        5.428602        194.2857       0.2364526E-08
    0 t    8    6.322948        1.342614        744.8159        5.198638        185.6438       0.2664427E-08
    0 t    9    6.195884        1.470413        680.0809        5.022462        178.1479       0.1958615E-08
    0 t   10    6.078169        1.594317        627.2279        4.884481        171.6668       0.1941156E-08
    0 t   11    5.970216        1.715143        583.0417        4.774570        166.0669       0.1846912E-08
    0 t   12    5.871641        1.833505        545.4036        4.685996        161.2254       0.2139066E-08
    0 t   13    5.781758        1.949872        512.8541        4.614081        157.0340       0.2203444E-08
    0 t   14    5.699794        2.064618        484.3511        4.555422        153.3989       0.2538351E-08
    0 t   15    5.624986        2.178039        459.1286        4.507446        150.2398       0.3166160E-08
    0 t   16    5.556616        2.290376        436.6095        4.468153        147.4883       0.3274133E-08
    0 t   17    5.494030        2.401826        416.3498        4.435961        145.0867       0.3150227E-08
    0 t   18    5.436638        2.512550        398.0021        4.409603        142.9857       0.3917348E-08
    0 t   19    5.383913        2.622679        381.2895        4.388054        141.1441       0.3530149E-08
    0 t   20    5.335384        2.732323        365.9889        4.370478        139.5266       0.4007742E-08
    0 t   21    5.290636        2.841573        351.9177        4.356193        138.1036       0.3365694E-08
    0 t   22    5.249296        2.950503        338.9252        4.344638        136.8496       0.2673757E-08
    0 t   23    5.211035        3.059176        326.8854        4.335351        135.7432       0.3105169E-08
    0 t   24    5.175562        3.167642        315.6922        4.327947        134.7659       0.1787017E-08
    1 t    1    33.05725        1.238713        807.2898        2.574183        271.6257       0.1977075E-10
    1 t    2    21.17919        1.322702        756.0284        4.106316        267.6898       0.2467940E-10
    1 t    3    16.49244        1.442001        693.4809        5.384311        264.0495       0.3261802E-10
    1 t    4    14.13854        1.589387        629.1734        6.344505        261.1706       0.1026128E-09
    1 t    5    12.78460        1.756557        569.2954        6.967215        258.5735       0.2315489E-09
    1 t    6    11.91889        1.935359        516.7000        7.282870        255.5588       0.3958821E-09
    1 t    7    11.30915        2.118868        471.9502        7.355550        251.7386       0.4850079E-09
    1 t    8    10.84093        2.301960        434.4124        7.262233        247.1583       0.5273420E-09
    1 t    9    10.45603        2.481435        402.9926        7.077299        242.1588       0.4092524E-09
    1 t   10    10.12490        2.655784        376.5367        6.860036        237.1416       0.2403726E-09
    1 t   11    9.832484        2.824708        354.0188        6.647404        232.3864       0.4257752E-09
    1 t   12    9.570619        2.988564        334.6088        6.455763        228.0028       0.7055865E-09
    1 t   13    9.334252        3.147936        317.6685        6.288424        223.9796       0.8025555E-09
    1 t   14    9.119718        3.303406        302.7179        6.142964        220.2524       0.5369196E-09
    1 t   15    8.924079        3.455474        289.3959        6.015534        216.7466       0.3708019E-09
    1 t   16    8.744883        3.604545        277.4275        5.902566        213.3958       0.5439771E-09
    1 t   17    8.580051        3.750943        266.5996        5.801161        210.1471       0.6221914E-09
    1 t   18    8.427815        3.894926        256.7443        5.709020        206.9606       0.4413901E-09
    1 t   19    8.286663        4.036703        247.7269        5.624299        203.8084       0.1790641E-09
    1 t   20    8.155299        4.176440        239.4384        5.545511        200.6726       0.3428508E-10
    1 t   21    8.032604        4.314270        231.7889        5.471462        197.5443       0.3571677E-10
    1 t   22    7.917611        4.450299        224.7040        5.401215        194.4218       0.2453958E-09
    1 t   23    7.809483        4.584613        218.1209        5.334058        191.3092       0.4739434E-09
    1 t   24    7.707495        4.717282        211.9865        5.269476        188.2151       0.5567110E-09
    2 t    1    59.13686        2.215961        451.2715        1.298604        218.5873      -0.1426690E-09
    2 t    2    36.17268        2.259088        442.6564        2.145143        219.0690      -0.1296998E-09
    2 t    3    26.56953        2.323081        430.4628        2.965140        219.9183      -0.1131049E-09
    2 t    4    21.41330        2.407181        415.4237        3.751433        221.2485      -0.9549226E-10
    2 t    5    18.27171        2.510466        398.3324        4.497830        223.1575      -0.7508205E-10
    2 t    6    16.20817        2.631843        379.9619        5.196028        225.6935      -0.5610224E-10
    2 t    7    14.78415        2.769939        361.0188        5.831530        228.8089      -0.1972940E-10
    2 t    8    13.76529        2.922920        342.1237        6.382126        232.3200       0.2179649E-10
    2 t    9    13.01339        3.088350        323.7975        6.823577        235.9185       0.1586192E-10
    2 t   10    12.44094        3.263286        306.4396        7.141583        239.2703       0.5474059E-09
    2 t   11    11.99045        3.444655        290.3048        7.340712        242.1434       0.5682403E-09
    2 t   12    11.62389        3.629729        275.5027        7.442615        244.4589       0.3587921E-09
    2 t   13    11.31648        3.816433        262.0248        7.476141        246.2413       0.5244625E-09
    2 t   14    11.05218        4.003396        249.7879        7.467220        247.5347       0.4332348E-09
    2 t   15    10.82054        4.189798        238.6750        7.433495        248.3494       0.1031223E-08
    2 t   16    10.61442        4.375146        228.5638        7.383936        248.6529       0.5951309E-09
    2 t   17    10.42864        4.559090        219.3420        7.321232        248.3880       0.6336796E-09
    2 t   18    10.25919        4.741297        210.9128        7.244771        247.4985       0.6794747E-09
    2 t   19    10.10280        4.921405        203.1940        7.153078        245.9526       0.1919547E-09
    2 t   20    9.956818        5.099023        196.1160        7.045442        243.7609      -0.4830094E-10
    2 t   21    9.819047        5.273759        189.6181        6.922834        240.9884      -0.5830315E-10
    2 t   22    9.687791        5.445275        183.6455        6.788225        237.7549       0.4513537E-09
    2 t   23    9.561802        5.613324        178.1476        6.646341        234.2240       0.9371329E-09
    2 t   24    9.440253        5.777797        173.0764        6.502936        230.5794       0.7602820E-09
    3 t    1    86.00842        3.222885        310.2810       0.9107298        220.7726      -0.5861332E-10
    3 t    2    52.09091        3.253228        307.3870        1.514209        221.7748      -0.5729111E-10
    3 t    3    37.72683        3.298609        303.1580        2.112623        223.2696      -0.5554657E-10
    3 t    4    29.87927        3.358884        297.7179        2.704671        225.2429      -0.5363708E-10
    3 t    5    24.99251        3.433880        291.2158        3.289385        227.6689      -0.5185846E-10
    3 t    6    21.69881        3.523399        283.8168        3.865631        230.5023      -0.5052067E-10
    3 t    7    19.35969        3.627206        275.6943        4.431150        233.6659      -0.4992337E-10
    3 t    8    17.63671        3.744976        267.0244        4.981117        237.0361      -0.5033595E-10
    3 t    9    16.33323        3.876218        257.9834        5.506437        240.4260      -0.5199057E-10
    3 t   10    15.32639        4.020144        248.7473        5.992503        243.5791      -0.5783462E-10
    3 t   11    14.53455        4.175533        239.4904        6.419589        246.1840      -0.6578813E-10
    3 t   12    13.90052        4.340638        230.3809        6.765972        247.9232      -0.7066554E-10
    3 t   13    13.38254        4.513202        221.5722        7.013701        248.5513       0.2884028E-10
    3 t   14    12.94944        4.690633        213.1908        7.155168        247.9782       0.4594927E-10
    3 t   15    12.57809        4.870335        205.3247        7.197702        246.3205       0.5220457E-09
    3 t   16    12.25187        5.050086        198.0164        7.163776        243.8938       0.1880401E-09
    3 t   17    11.95957        5.228367        191.2643        7.085843        241.1382       0.4616092E-09
    3 t   18    11.69423        5.404505        185.0308        6.997483        238.5030      -0.9044274E-10
    3 t   19    11.45189        5.578591        179.2567        6.925038        236.3461       0.1954838E-09
    3 t   20    11.23038        5.751233        173.8758        6.883494        234.8860       0.2197427E-09
    3 t   21    11.02836        5.923276        168.8255        6.876984        234.2050       0.2505770E-09
    3 t   22    10.84473        6.095561        164.0538        6.901732        234.2751       0.2883758E-09
    3 t   23    10.67830        6.268770        159.5209        6.949336        234.9865       0.4082872E-09
    3 t   24    10.52769        6.443349        155.1988        7.009463        236.1739       0.4907433E-09
    4 t    1    115.4811        4.327276        231.0922       0.6680241        230.1176      -0.2720578E-09
    4 t    2    69.64481        4.349520        229.9104        1.109480        230.1919      -0.2645849E-09
    4 t    3    50.12626        4.382741        228.1677        1.545339        230.2950      -0.2519883E-09
    4 t    4    39.37882        4.426778        225.8979        1.973854        230.4188      -0.2391771E-09
    4 t    5    32.61680        4.481429        223.1431        2.393764        230.5550      -0.2246983E-09
    4 t    6    27.99939        4.546471        219.9508        2.804436        230.6975      -0.2122770E-09
    4 t    7    24.66750        4.621670        216.3720        3.205997        230.8454      -0.2044603E-09
    4 t    8    22.16641        4.706811        212.4581        3.599440        231.0057      -0.2083793E-09
    4 t    9    20.23299        4.801712        208.2590        3.986668        231.1962      -0.2051899E-09
    4 t   10    18.70457        4.906250        203.8217        4.370381        231.4475      -0.2014331E-09
    4 t   11    17.47535        5.020375        199.1883        4.753640        231.8026      -0.1833007E-09
    4 t   12    16.47357        5.144109        194.3971        5.138865        232.3105      -0.1636384E-09
    4 t   13    15.64885        5.277507        189.4834        5.526002        233.0113      -0.1632547E-09
    4 t   14    14.96457        5.420567        184.4825        5.909885        233.9101      -0.1649430E-09
    4 t   15    14.39295        5.573065        179.4345        6.277725        234.9446      -0.1687807E-09
    4 t   16    13.91195        5.734353        174.3876        6.608790        235.9685      -0.1749314E-09
    4 t   17    13.50322        5.903205        169.3995        6.878536        236.7777      -0.1821426E-09
    4 t   18    13.15114        6.077817        164.5328        7.066923        237.1910      -0.3690103E-10
    4 t   19    12.84257        6.256033        159.8457        7.166918        237.1451       0.1903280E-10
    4 t   20    12.56699        6.435729        155.3826        7.188094        236.7373       0.9179816E-09
    4 t   21    12.31663        6.615196        151.1671        7.153151        236.1815      -0.1824216E-09
    4 t   22    12.08622        6.793374        147.2022        7.089542        235.7087      -0.1901341E-09
    4 t   23    11.87254        6.969858        143.4749        7.020986        235.4797      -0.2024965E-09
    4 t   24    11.67367        7.144735        139.9632        6.962887        235.5540      -0.2109361E-09
