    0 t    2    6.126201       0.3825989        2613.703        9.236288        249.2891       0.1050890E-08
    0 t    3    6.752262       0.5903775        1693.831        7.620706        236.8519       0.1105851E-08
    0 t    4    6.846119       0.7696079        1299.363        6.768367        223.1708       0.1487620E-08
    0 t    5    6.777503       0.9312043        1073.878        6.182514        209.8960       0.1736167E-08
    0 t    6    6.653368        1.080357        925.6197        5.762013        197.9415       0.9914627E-09
    0 t    7    6.514282        1.220507        819.3315        5.454619        187.5584       0.1198466E-08
    0 t    8    6.376550        1.353996        738.5548        5.223619        178.6646       0.1290027E-08
    0 t    9    6.246400        1.482402        674.5809        5.044381        171.0743       0.1614729E-08
    0 t   10    6.125798        1.606810        622.3511        4.901347        164.5952       0.1540447E-08
    0 t   11    6.014948        1.727994        578.7057        4.784800        159.0562       0.2094024E-08
    0 t   12    5.913360        1.846532        541.5557        4.688492        154.3113       0.2344368E-08
    0 t   13    5.820309        1.962874        509.4571        4.608179        150.2373       0.2482605E-08
    0 t   14    5.735021        2.077378        481.3760        4.540805        146.7304       0.3084134E-08
    0 t   15    5.656750        2.190338        456.5504        4.484058        143.7033       0.3084512E-08
    0 t   16    5.584807        2.301996        434.4056        4.436124        141.0826       0.2971658E-08
    0 t   17    5.518567        2.412553        414.4987        4.395543        138.8068       0.3774571E-08
    0 t   18    5.457468        2.522177        396.4830        4.361122        136.8241       0.3344102E-08
    0 t   19    5.401011        2.631008        380.0825        4.331876        135.0912       0.2701629E-08
    0 t   20    5.348746        2.739166        365.0746        4.306987        133.5717       0.3366960E-08
    0 t   21    5.300276        2.846751        351.2777        4.285772        132.2351       0.3747915E-08
    0 t   22    5.255244        2.953846        338.5416        4.267662        131.0557       0.2289053E-08
    0 t   23    5.213333        3.060524        326.7414        4.252179        130.0118       0.2554565E-08
    0 t   24    5.174259        3.166845        315.7717        4.238920        129.0852       0.3542975E-09
    1 t    1    32.81325        1.229569        813.2930        2.643660        244.1915       0.3053905E-10
    1 t    2    21.06652        1.315665        760.0720        4.200213        241.7265       0.2026420E-10
    1 t    3    16.43850        1.437284        695.7566        5.468214        239.4020       0.8378447E-11
    1 t    4    14.11008        1.586188        630.4423        6.372852        237.0945       0.1435859E-09
    1 t    5    12.75802        1.752906        570.4813        6.894632        234.0158       0.4927151E-09
    1 t    6    11.87547        1.928310        518.5889        7.079433        229.6236       0.3099308E-09
    1 t    7    11.23554        2.105076        475.0422        7.021368        224.1629       0.1932340E-09
    1 t    8    10.73061        2.278536        438.8783        6.833068        218.4911       0.1963657E-09
    1 t    9    10.30970        2.446708        408.7124        6.611509        213.4766       0.3440901E-09
    1 t   10    9.948727        2.609572        383.2045        6.414361        209.5553       0.3862751E-09
    1 t   11    9.635247        2.768045        361.2657        6.261103        206.7253       0.5417647E-09
    1 t   12    9.361368        2.923223        342.0882        6.149366        204.7641       0.5205364E-09
    1 t   13    9.121029        3.076027        325.0947        6.069583        203.4080       0.6925005E-09
    1 t   14    8.909156        3.227135        309.8724        6.012232        202.4317       0.7320849E-09
    1 t   15    8.721439        3.377010        296.1199        5.969961        201.6647       0.7036528E-09
    1 t   16    8.554234        3.525962        283.6106        5.937588        200.9848       0.6415875E-09
    1 t   17    8.404484        3.674190        272.1688        5.911554        200.3076       0.6047691E-09
    1 t   18    8.269630        3.821821        261.6554        5.889416        199.5759       0.5580744E-09
    1 t   19    8.147537        3.968930        251.9571        5.869472        198.7529       0.4909186E-09
    1 t   20    8.036412        4.115556        242.9805        5.850525        197.8167       0.7503290E-09
    1 t   21    7.934751        4.261714        234.6474        5.831729        196.7564       0.8946189E-09
    1 t   22    7.841286        4.407399        226.8912        5.812487        195.5693       0.9734946E-09
    1 t   23    7.754942        4.552594        219.6550        5.792387        194.2584       0.1566663E-08
    1 t   24    7.674807        4.697276        212.8893        5.771157        192.8314       0.1656542E-08
    2 t    1    57.36276        2.149482        465.2284        1.338637        191.1994      -0.1616755E-09
    2 t    2    35.13085        2.194023        455.7837        2.219394        192.7323      -0.1454195E-09
    2 t    3    25.85301        2.260434        442.3930        3.086471        195.2427      -0.1257366E-09
    2 t    4    20.89006        2.348361        425.8290        3.939386        198.9616      -0.1005157E-09
    2 t    5    17.88571        2.457431        406.9290        4.775841        204.1287      -0.7322309E-10
    2 t    6    15.93258        2.587093        386.5342        5.581883        210.8567      -0.2284387E-10
    2 t    7    14.60402        2.736190        365.4717        6.322243        218.9136      -0.1668734E-10
    2 t    8    13.66885        2.902441        344.5376        6.944862        227.5840      -0.6467816E-11
    2 t    9    12.98788        3.082296        324.4335        7.405412        235.8572       0.4049908E-09
    2 t   10    12.47214        3.271468        305.6732        7.691269        242.8722       0.6414356E-09
    2 t   11    12.06401        3.465789        288.5346        7.822914        248.2016       0.4155393E-09
    2 t   12    11.72679        3.661861        273.0852        7.838320        251.7990       0.4388006E-09
    2 t   13    11.43759        3.857278        259.2502        7.776729        253.7998       0.4646906E-09
    2 t   14    11.18230        4.050527        246.8814        7.669226        254.3688       0.3819425E-09
    2 t   15    10.95209        4.240736        235.8081        7.535979        253.6444      -0.2023947E-10
    2 t   16    10.74122        4.427413        225.8655        7.387875        251.7452      -0.2540862E-10
    2 t   17    10.54569        4.610261        216.9075        7.230057        248.8010       0.9468902E-10
    2 t   18    10.36256        4.789073        208.8087        7.065372        244.9802       0.2139620E-09
    2 t   19    10.18966        4.963713        201.4621        6.896683        240.4993       0.2001587E-09
    2 t   20    10.02537        5.134127        194.7751        6.727826        235.6108       0.1834606E-09
    2 t   21    9.868588        5.300368        188.6661        6.563458        230.5750       0.4821117E-09
    2 t   22    9.718628        5.462608        183.0627        6.408307        225.6268       0.2347638E-09
    2 t   23    9.575096        5.621129        177.9002        6.266322        220.9498       0.6457829E-10
    2 t   24    9.437800        5.776295        173.1214        6.140133        216.6662       0.6783739E-10
    3 t    1    84.78055        3.176874        314.7748       0.9794758        217.4401      -0.5597189E-10
    3 t    2    51.39080        3.209504        311.5746        1.628215        218.9081      -0.5528688E-10
    3 t    3    37.26569        3.258290        306.9094        2.270695        221.0545      -0.5445501E-10
    3 t    4    29.56046        3.323046        300.9288        2.904506        223.8067      -0.5369213E-10
    3 t    5    24.77155        3.403521        293.8134        3.527055        227.0585      -0.5325796E-10
    3 t    6    21.55099        3.499395        285.7637        4.135124        230.6643      -0.5626231E-10
    3 t    7    19.26921        3.610253        276.9889        4.724135        234.4352      -0.6027712E-10
    3 t    8    17.59225        3.735535        267.6993        5.287111        238.1388      -0.6316370E-10
    3 t    9    16.32585        3.874467        258.1000        5.813497        241.5064      -0.6984601E-10
    3 t   10    15.34855        4.025956        248.3882        6.288418        244.2529      -0.7345714E-10
    3 t   11    14.57965        4.188490        238.7495        6.693448        246.1131      -0.7911249E-10
    3 t   12    13.96279        4.360084        229.3534        7.010014        246.8944      -0.4569135E-10
    3 t   13    13.45710        4.538346        220.3446        7.225412        246.5386      -0.1436275E-10
    3 t   14    13.03248        4.720713        211.8324        7.339330        245.1692       0.2302624E-09
    3 t   15    12.66711        4.904807        203.8816        7.367246        243.0960       0.4510364E-09
    3 t   16    12.34583        5.088814        196.5094        7.337702        240.7520       0.4191664E-09
    3 t   17    12.05872        5.271712        189.6917        7.283673        238.5763      -0.1366231E-09
    3 t   18    11.79971        5.453250        183.3769        7.232403        236.8946       0.9858865E-10
    3 t   19    11.56505        5.633715        177.5028        7.199135        235.8532       0.3894714E-09
    3 t   20    11.35219        5.813614        172.0100        7.186834        235.4227       0.1460391E-09
    3 t   21    11.15895        5.993417        166.8497        7.189888        235.4437       0.2029687E-09
    3 t   22    10.98319        6.173389        161.9856        7.198710        235.6867      -0.1406734E-09
    3 t   23    10.82271        6.353550        157.3923        7.203322        235.9061      -0.1458016E-09
    3 t   24    10.67529        6.533684        153.0530        7.195463        235.8814      -0.1550434E-09
    4 t    1    114.9995        4.309230        232.0600       0.6873639        222.1618      -0.3291897E-09
    4 t    2    69.36617        4.332117        230.8340        1.141569        222.1986      -0.3389480E-09
    4 t    3    49.93822        4.366301        229.0268        1.590051        222.2487      -0.3350322E-09
    4 t    4    39.24393        4.411615        226.6744        2.031188        222.3087      -0.3303465E-09
    4 t    5    32.51806        4.467862        223.8207        2.464013        222.3774      -0.3252925E-09
    4 t    6    27.92771        4.534832        220.5153        2.888383        222.4593      -0.3156810E-09
    4 t    7    24.61760        4.612320        216.8106        3.305119        222.5676      -0.3020975E-09
    4 t    8    22.13507        4.700157        212.7588        3.716078        222.7277      -0.2899503E-09
    4 t    9    20.21832        4.798232        208.4101        4.124080        222.9787      -0.2729407E-09
    4 t   10    18.70558        4.906513        203.8107        4.532546        223.3738      -0.2620550E-09
    4 t   11    17.49163        5.025052        199.0029        4.944592        223.9745      -0.2568133E-09
    4 t   12    16.50511        5.153959        194.0256        5.361311        224.8358      -0.2534126E-09
    4 t   13    15.69574        5.293319        188.9174        5.779111        225.9796      -0.2517504E-09
    4 t   14    15.02660        5.443035        183.7210        6.186734        227.3577      -0.2579168E-09
    4 t   15    14.46928        5.602618        178.4880        6.563873        228.8228      -0.2663530E-09
    4 t   16    14.00080        5.770979        173.2808        6.884046        230.1388      -0.2417991E-09
    4 t   17    13.60195        5.946369        168.1698        7.122619        231.0539      -0.1958810E-09
    4 t   18    13.25660        6.126554        163.2239        7.266635        231.4119      -0.1217701E-09
    4 t   19    12.95169        6.309187        158.4990        7.320649        231.2296       0.3481539E-09
    4 t   20    12.67735        6.492246        154.0299        7.305049        230.6875      -0.2042422E-09
    4 t   21    12.42674        6.674338        149.8276        7.248243        230.0436      -0.2516865E-09
    4 t   22    12.19547        6.854783        145.8835        7.177442        229.5356       0.2044864E-09
    4 t   23    11.98095        7.033500        142.1767        7.112607        229.3253      -0.2387424E-09
    4 t   24    11.78161        7.210794        138.6810        7.065016        229.4930      -0.2266905E-09
