    0 t    2    6.030618       0.3766295        2655.129        9.156082        238.8882       0.1803275E-08
    0 t    3    6.678207       0.5839027        1712.614        7.654672        230.4056       0.9456294E-09
    0 t    4    6.805732       0.7650678        1307.074        6.884139        220.5526       0.8832556E-09
    0 t    5    6.770562       0.9302505        1074.979        6.349337        210.4031       0.4322051E-09
    0 t    6    6.675573        1.083963        922.5408        5.957552        200.7572       0.6951746E-09
    0 t    7    6.560804        1.229224        813.5217        5.667076        192.0105       0.6662663E-09
    0 t    8    6.443312        1.368172        730.9024        5.447861        184.2662       0.7606287E-09
    0 t    9    6.330248        1.502301        665.6457        5.278161        177.4832       0.8840893E-09
    0 t   10    6.224320        1.632652        612.5002        5.143345        171.5686       0.9209638E-09
    0 t   11    6.126259        1.759972        568.1909        5.033922        166.4185       0.1125210E-08
    0 t   12    6.035943        1.884810        530.5574        4.943694        161.9342       0.1136122E-08
    0 t   13    5.952907        2.007592        498.1092        4.868451        158.0261       0.1278214E-08
    0 t   14    5.876570        2.128651        469.7811        4.805183        154.6152       0.1464166E-08
    0 t   15    5.806331        2.248257        444.7889        4.751632        151.6326       0.1579030E-08
    0 t   16    5.741615        2.366631        422.5416        4.706040        149.0186       0.1583975E-08
    0 t   17    5.681887        2.483952        402.5843        4.667003        146.7220       0.1305603E-08
    0 t   18    5.626662        2.600370        384.5607        4.633388        144.6990       0.1242961E-08
    0 t   19    5.575499        2.716007        368.1876        4.604268        142.9121       0.1130216E-08
    0 t   20    5.528004        2.830967        353.2362        4.578886        141.3294       0.9610453E-09
    0 t   21    5.483824        2.945334        339.5201        4.556617        139.9238       0.7278374E-09
    0 t   22    5.442644        3.059179        326.8851        4.536950        138.6721       0.4220419E-09
    0 t   23    5.404180        3.172563        315.2026        4.519461        137.5546       0.3326988E-10
    0 t   24    5.368183        3.285534        304.3646        4.503799        136.5544       0.3663339E-10
    1 t    1    33.42509        1.252496        798.4057        2.482706        263.6785      -0.7184971E-11
    1 t    2    21.35238        1.333518        749.8964        3.962272        258.9191      -0.5084458E-11
    1 t    3    16.56937        1.448727        690.2613        5.204802        254.2481      -0.3092065E-11
    1 t    4    14.15691        1.591452        628.3571        6.155801        250.3710      -0.1923233E-11
    1 t    5    12.76658        1.754082        570.0989        6.796612        247.0375       0.2723976E-09
    1 t    6    11.88009        1.929059        518.3875        7.149720        243.6683       0.7147821E-09
    1 t    7    11.26080        2.109809        473.9765        7.268540        239.8742       0.7120727E-09
    1 t    8    10.79079        2.291314        436.4309        7.221675        235.6310       0.4468842E-09
    1 t    9    10.40918        2.470317        404.8064        7.079248        231.1911       0.2143675E-09
    1 t   10    10.08455        2.645199        378.0433        6.900148        226.8756       0.1000382E-09
    1 t   11    9.800681        2.815572        355.1676        6.722781        222.8960       0.1768873E-09
    1 t   12    9.548741        2.981732        335.3755        6.564458        219.3011       0.3689715E-09
    1 t   13    9.323215        3.144213        318.0446        6.428042        216.0260       0.8073827E-09
    1 t   14    9.120042        3.303523        302.7071        6.309800        212.9647       0.1137909E-08
    1 t   15    8.935902        3.460052        289.0130        6.204600        210.0178       0.1366376E-08
    1 t   16    8.767989        3.614069        276.6964        6.108204        207.1120       0.1105426E-08
    1 t   17    8.613939        3.765757        265.5508        6.017785        204.2016       0.5673051E-09
    1 t   18    8.471778        3.915244        255.4119        5.931725        201.2643       0.1954470E-09
    1 t   19    8.339878        4.062626        246.1462        5.849223        198.2941       0.2299580E-09
    1 t   20    8.216901        4.207988        237.6433        5.769954        195.2959       0.4367333E-09
    1 t   21    8.101752        4.351409        229.8106        5.693838        192.2820       0.7170081E-09
    1 t   22    7.993526        4.492969        222.5700        5.620896        189.2686       0.8420893E-09
    1 t   23    7.891478        4.632748        215.8546        5.551183        186.2742       0.6511777E-09
    1 t   24    7.794982        4.770828        209.6072        5.484753        183.3181       0.6900034E-09
    2 t    1    60.24464        2.257471        442.9736        1.231200        207.8126      -0.1234916E-09
    2 t    2    36.80204        2.298394        435.0865        2.036991        208.4062      -0.1142736E-09
    2 t    3    26.98304        2.359236        423.8660        2.822587        209.4077      -0.1104279E-09
    2 t    4    21.70020        2.439432        409.9315        3.583427        210.9206      -0.9201127E-10
    2 t    5    18.47440        2.538315        393.9621        4.315822        213.0379      -0.4386237E-10
    2 t    6    16.35144        2.655106        376.6329        5.013596        215.8023      -0.2726224E-10
    2 t    7    14.88475        2.788787        358.5788        5.663267        219.1516      -0.1805403E-10
    2 t    8    13.83573        2.937877        340.3818        6.240933        222.8639      -0.1065462E-10
    2 t    9    13.06330        3.100194        322.5604        6.715952        226.5584      -0.5625824E-11
    2 t   10    12.47731        3.272824        305.5465        7.062698        229.7976       0.1606986E-09
    2 t   11    12.01745        3.452412        289.6526        7.273059        232.2516       0.6088925E-09
    2 t   12    11.64293        3.635674        275.0521        7.360579        233.8044       0.1282189E-08
    2 t   13    11.32672        3.819887        261.7879        7.354941        234.5398       0.1066365E-08
    2 t   14    11.05154        4.003164        249.8024        7.291726        234.6463       0.1245344E-08
    2 t   15    10.80680        4.184480        238.9783        7.202638        234.3154       0.8473280E-09
    2 t   16    10.58612        4.363484        229.1747        7.109611        233.6805       0.7118996E-09
    2 t   17    10.38552        4.540239        220.2527        7.023810        232.8052      -0.1103121E-10
    2 t   18    10.20223        4.714976        212.0902        6.948101        231.7018      -0.1424888E-10
    2 t   19    10.03409        4.887930        204.5856        6.880586        230.3607      -0.4235509E-11
    2 t   20    9.879174        5.059260        197.6574        6.817536        228.7733      -0.6972887E-11
    2 t   21    9.735771        5.229033        191.2400        6.755258        226.9476       0.2397927E-09
    2 t   22    9.602312        5.397229        185.2803        6.691041        224.9152       0.2360008E-09
    2 t   23    9.477411        5.563782        179.7339        6.623519        222.7326       0.2552331E-09
    2 t   24    9.359881        5.728606        174.5625        6.552671        220.4760       0.2468115E-09
    3 t    1    88.29757        3.308663        302.2369       0.8587901        217.2463      -0.5786711E-10
    3 t    2    53.43618        3.337244        299.6485        1.424584        217.8066      -0.5702456E-10
    3 t    3    38.65621        3.379868        295.8695        1.980990        218.6382      -0.5591053E-10
    3 t    4    30.56766        3.436270        291.0132        2.525591        219.7306      -0.5468238E-10
    3 t    5    25.51839        3.506133        285.2145        3.057118        221.0697      -0.5352001E-10
    3 t    6    22.10360        3.589128        278.6192        3.575475        222.6367      -0.5260950E-10
    3 t    7    19.66780        3.684934        271.3753        4.081504        224.4063      -0.5212700E-10
    3 t    8    17.86408        3.793255        263.6258        4.576322        226.3417      -0.5223155E-10
    3 t    9    16.49166        3.913817        255.5051        5.060072        228.3849      -0.5306435E-10
    3 t   10    15.42616        4.046316        247.1384        5.529986        230.4433      -0.5476659E-10
    3 t   11    14.58601        4.190318        238.6454        5.978041        232.3726       0.1783576E-11
    3 t   12    13.91483        4.345105        230.1440        6.389265        233.9673       0.1668368E-10
    3 t   13    13.37156        4.509500        221.7541        6.742415        234.9727       0.9595645E-11
    3 t   14    12.92493        4.681756        213.5951        7.014267        235.1334      -0.9775339E-11
    3 t   15    12.55035        4.859596        205.7784        7.186631        234.2714      -0.5348883E-10
    3 t   16    12.22843        5.040424        198.3960        7.253203        232.3705       0.3286523E-09
    3 t   17    11.94426        5.221677        191.5094        7.223480        229.6299       0.3007438E-09
    3 t   18    11.68714        5.401230        185.1430        7.122184        226.4521       0.9138359E-09
    3 t   19    11.45009        5.577711        179.2850        6.983630        223.3491       0.5465517E-09
    3 t   20    11.22921        5.750630        173.8940        6.842488        220.7994       0.2418470E-09
    3 t   21    11.02278        5.920276        168.9110        6.725185        219.1305       0.8599674E-09
    3 t   22    10.83029        6.087449        164.2724        6.646049        218.4810       0.9591104E-09
    3 t   23    10.65171        6.253164        159.9190        6.608519        218.8318       0.1064794E-08
    3 t   24    10.48697        6.418426        155.8014        6.608782        220.0600       0.5213006E-09
    4 t    1    116.5948        4.369010        228.8848       0.6621673        223.2329      -0.2856674E-09
    4 t    2    70.30990        4.391056        227.7356        1.099373        223.0420      -0.2823243E-09
    4 t    3    50.59777        4.423968        226.0414        1.530306        222.7476      -0.2738433E-09
    4 t    4    39.74158        4.467557        223.8360        1.952637        222.3418      -0.2642446E-09
    4 t    5    32.90905        4.521583        221.1615        2.364226        221.8172      -0.2539524E-09
    4 t    6    28.24130        4.585752        218.0667        2.763202        221.1701      -0.2398829E-09
    4 t    7    24.87064        4.659729        214.6047        3.148072        220.4036      -0.2298715E-09
    4 t    8    22.33754        4.743148        210.8304        3.517866        219.5325      -0.2176315E-09
    4 t    9    20.37590        4.835628        206.7984        3.872336        218.5882      -0.2056709E-09
    4 t   10    18.82101        4.936790        202.5608        4.212200        217.6250      -0.1883204E-09
    4 t   11    17.56556        5.046292        198.1653        4.539412        216.7251      -0.1801122E-09
    4 t   12    16.53681        5.163857        193.6537        4.857349        216.0031      -0.1770890E-09
    4 t   13    15.68385        5.289308        189.0607        5.170744        215.6055      -0.1736441E-09
    4 t   14    14.97018        5.422600        184.4134        5.485048        215.7032      -0.1747422E-09
    4 t   15    14.36906        5.563816        179.7328        5.804828        216.4689      -0.1755727E-09
    4 t   16    13.86042        5.713115        175.0359        6.131046        218.0351      -0.4483361E-10
    4 t   17    13.42864        5.870602        170.3403        6.457908        220.4352       0.3096968E-11
    4 t   18    13.06094        6.036131        165.6690        6.771332        223.5478      -0.1576349E-10
    4 t   19    12.74627        6.209124        161.0533        7.051486        227.0873      -0.1169249E-09
    4 t   20    12.47477        6.388501        156.5312        7.279357        230.6687      -0.1684728E-09
    4 t   21    12.23767        6.572790        152.1424        7.443465        233.9197      -0.1693906E-09
    4 t   22    12.02748        6.760358        147.9212        7.542376        236.5684      -0.1629615E-09
    4 t   23    11.83810        6.949643        143.8923        7.582503        238.4650       0.4872527E-09
    4 t   24    11.66479        7.139298        140.0698        7.573850        239.5523      -0.1478134E-09
