    0 t    2    6.074206       0.3793517        2636.076        9.183956        250.0934      -0.1673882E-09
    0 t    3    6.707012       0.5864212        1705.259        7.613352        239.7804       0.1387001E-08
    0 t    4    6.812367       0.7658136        1305.801        6.786933        228.0257       0.3478996E-09
    0 t    5    6.754476       0.9280404        1077.539        6.213828        216.2252       0.7532668E-09
    0 t    6    6.639188        1.078055        927.5966        5.800352        205.3099       0.1078777E-08
    0 t    7    6.507474        1.219232        820.1887        5.499862        195.6524       0.1190762E-08
    0 t    8    6.376303        1.353943        738.5835        5.277857        187.2788       0.1330283E-08
    0 t    9    6.252400        1.483826        673.9336        5.109870        180.0739       0.1471261E-08
    0 t   10    6.138013        1.610014        621.1127        4.979795        173.8873       0.1551762E-08
    0 t   11    6.033475        1.733317        576.9287        4.877292        168.5735       0.2512120E-08
    0 t   12    5.938340        1.854332        539.2776        4.795587        164.0032       0.1799150E-08
    0 t   13    5.851877        1.973520        506.7089        4.730032        160.0651       0.2061583E-08
    0 t   14    5.773283        2.091238        478.1857        4.677262        156.6637       0.2924577E-08
    0 t   15    5.701775        2.207772        452.9452        4.634731        153.7185       0.3308687E-08
    0 t   16    5.636622        2.323354        430.4122        4.600451        151.1612       0.2756665E-08
    0 t   17    5.577159        2.438168        410.1440        4.572841        148.9342       0.3408991E-08
    0 t   18    5.522788        2.552364        391.7937        4.550630        146.9891       0.2994767E-08
    0 t   19    5.472974        2.666064        375.0848        4.532788        145.2853       0.3237921E-08
    0 t   20    5.427244        2.779366        359.7943        4.518483        143.7883       0.2549972E-08
    0 t   21    5.385174        2.892349        345.7397        4.507037        142.4695       0.3100758E-08
    0 t   22    5.346391        3.005078        332.7700        4.497902        141.3044       0.3404055E-08
    0 t   23    5.310565        3.117605        320.7590        4.490630        140.2723       0.2113184E-08
    0 t   24    5.277400        3.229971        309.6003        4.484857        139.3558       0.2246718E-08
    1 t    1    33.16320        1.242683        804.7107        2.550462        265.4686       0.7822702E-10
    1 t    2    21.23197        1.325998        754.1490        4.077921        261.6959       0.1508919E-10
    1 t    3    16.52277        1.444653        692.2078        5.362642        258.2566       0.3684439E-11
    1 t    4    14.15880        1.591665        628.2730        6.336404        255.5487       0.2977420E-10
    1 t    5    12.80086        1.758792        568.5721        6.970197        252.9623       0.3062021E-09
    1 t    6    11.93325        1.937691        516.0782        7.284530        249.6439       0.4314017E-09
    1 t    7    11.32076        2.121042        471.4663        7.337815        245.1286       0.4407322E-09
    1 t    8    10.84718        2.303288        434.1620        7.209989        239.5598       0.4291673E-09
    1 t    9    10.45412        2.480982        403.0662        6.987438        233.5387       0.4147191E-09
    1 t   10    10.11323        2.652721        376.9715        6.743298        227.7344       0.3810907E-09
    1 t   11    9.811144        2.818578        354.7889        6.521408        222.5497       0.3873344E-09
    1 t   12    9.541088        2.979343        335.6445        6.336413        218.0632       0.2864545E-09
    1 t   13    9.298641        3.135926        318.8851        6.185622        214.1617       0.1054130E-09
    1 t   14    9.080167        3.289080        304.0364        6.060505        210.6789       0.2240499E-09
    1 t   15    8.882408        3.439339        290.7536        5.952810        207.4676       0.6730449E-09
    1 t   16    8.702458        3.587058        278.7800        5.856467        204.4207       0.9981610E-09
    1 t   17    8.537792        3.732469        267.9192        5.767577        201.4684       0.8606929E-09
    1 t   18    8.386268        3.875725        258.0162        5.683852        198.5698       0.6843764E-09
    1 t   19    8.246094        4.016941        248.9457        5.604047        195.7035       0.7108892E-09
    1 t   20    8.115783        4.156203        240.6042        5.527542        192.8614       0.8534328E-09
    1 t   21    7.994105        4.293593        232.9052        5.454070        190.0437       0.1022537E-08
    1 t   22    7.880042        4.429183        225.7753        5.383544        187.2557       0.9009294E-09
    1 t   23    7.772748        4.563047        219.1518        5.315968        184.5057       0.3763555E-09
    1 t   24    7.671515        4.695261        212.9807        5.251380        181.8034       0.6387781E-10
    2 t    1    59.07144        2.213509        451.7713        1.246378        206.6116      -0.1506065E-09
    2 t    2    36.10621        2.254937        443.4713        2.062206        207.3091      -0.1368586E-09
    2 t    3    26.49479        2.316546        431.6771        2.858848        208.5005      -0.1191525E-09
    2 t    4    21.33006        2.397823        417.0450        3.634375        210.3428      -0.9831170E-10
    2 t    5    18.18276        2.498245        400.2811        4.389535        213.0186      -0.5160318E-10
    2 t    6    16.11860        2.617299        382.0733        5.123325        216.6969      -0.3845618E-10
    2 t    7    14.70090        2.754342        363.0632        5.824807        221.4444      -0.2347876E-10
    2 t    8    13.69619        2.908247        343.8498        6.465544        227.0859      -0.1336814E-10
    2 t    9    12.96546        3.076975        324.9945        7.002992        233.1199       0.2668090E-09
    2 t   10    12.41863        3.257434        306.9901        7.399136        238.8452       0.5955566E-09
    2 t   11    11.99461        3.445850        290.2041        7.639944        243.6537       0.4676174E-09
    2 t   12    11.65187        3.638463        274.8413        7.739171        247.2381       0.2443492E-09
    2 t   13    11.36296        3.832107        260.9531        7.728759        249.5873       0.5227779E-09
    2 t   14    11.11048        4.024514        248.4772        7.646688        250.8647       0.4028529E-09
    2 t   15    10.88392        4.214341        237.2850        7.527646        251.2860       0.7247963E-09
    2 t   16    10.67716        4.401008        227.2207        7.397480        251.0422       0.5930673E-09
    2 t   17    10.48665        4.584452        218.1286        7.271571        250.2687       0.4652711E-09
    2 t   18    10.31021        4.764876        209.8690        7.156387        249.0465       0.4879846E-09
    2 t   19    10.14624        4.942565        202.3241        7.052509        247.4192       0.3384683E-09
    2 t   20    9.993436        5.117776        195.3974        6.957527        245.4123       0.1475379E-09
    2 t   21    9.850566        5.290689        189.0113        6.868073        243.0497       0.3657444E-09
    2 t   22    9.716483        5.461402        183.1032        6.780993        240.3643       0.4115908E-09
    2 t   23    9.590112        5.629944        177.6217        6.693917        237.4036       0.1817901E-09
    2 t   24    9.470478        5.796296        172.5240        6.605470        234.2324       0.2058595E-09
    3 t    1    86.43402        3.238832        308.7532       0.9280634        222.9891      -0.5687250E-10
    3 t    2    52.35473        3.269704        305.8381        1.538240        223.8666      -0.5621174E-10
    3 t    3    37.92226        3.315697        301.5957        2.136252        225.1503      -0.5538155E-10
    3 t    4    30.03561        3.376459        296.1683        2.718445        226.8024      -0.5455386E-10
    3 t    5    25.12118        3.451558        289.7242        3.282240        228.7753      -0.4955518E-10
    3 t    6    21.80422        3.540515        282.4448        3.826251        231.0135      -0.4941117E-10
    3 t    7    19.44307        3.642829        274.5120        4.350222        233.4554      -0.4987813E-10
    3 t    8    17.69806        3.758002        266.0988        4.854701        236.0353      -0.5113301E-10
    3 t    9    16.37258        3.885556        257.3634        5.340298        238.6824      -0.5332950E-10
    3 t   10    15.34496        4.025016        248.4462        5.806400        241.3181      -0.5239376E-10
    3 t   11    14.53567        4.175854        239.4720        6.249363        243.8472      -0.2065536E-10
    3 t   12    13.89015        4.337399        230.5529        6.660709        246.1481       0.2690626E-11
    3 t   13    13.36917        4.508695        221.7937        7.026491        248.0643      -0.1699111E-10
    3 t   14    12.94323        4.688386        213.2930        7.329051        249.4078      -0.3445421E-10
    3 t   15    12.58928        4.874670        205.1421        7.551193        249.9796       0.3807051E-09
    3 t   16    12.28896        5.065373        197.4188        7.680973        249.6070       0.3562100E-09
    3 t   17    12.02763        5.258124        190.1819        7.715076        248.1916       0.3814192E-09
    3 t   18    11.79396        5.450593        183.4663        7.660242        245.7630      -0.1240958E-09
    3 t   19    11.57949        5.640747        177.2815        7.533314        242.5258      -0.1275828E-09
    3 t   20    11.37851        5.827089        171.6123        7.359750        238.8646       0.2072510E-09
    3 t   21    11.18763        6.008821        166.4220        7.169508        235.2738       0.1847375E-09
    3 t   22    11.00543        6.185889        161.6583        6.990607        232.2262       0.1628515E-09
    3 t   23    10.83173        6.358848        157.2612        6.843210        230.0536       0.4870081E-09
    3 t   24    10.66703        6.528629        153.1715        6.737217        228.9012       0.1638914E-09
    4 t    1    116.3220        4.358788        229.4216       0.6858450        231.9028      -0.3241332E-09
    4 t    2    70.15894        4.381629        228.2256        1.139510        231.9569      -0.3170669E-09
    4 t    3    50.50386        4.415757        226.4617        1.587882        232.0214      -0.3087734E-09
    4 t    4    39.68337        4.461014        224.1643        2.028938        232.0768      -0.2995869E-09
    4 t    5    32.87710        4.517194        221.3764        2.460721        232.0983      -0.2860849E-09
    4 t    6    28.23075        4.584039        218.1482        2.881328        232.0566      -0.2726780E-09
    4 t    7    24.87874        4.661247        214.5349        3.288887        231.9196      -0.2636228E-09
    4 t    8    22.36259        4.748469        210.5942        3.681549        231.6550      -0.2556080E-09
    4 t    9    20.41669        4.845308        206.3852        4.057496        231.2339      -0.2521816E-09
    4 t   10    18.87642        4.951325        201.9661        4.415032        230.6365      -0.2505030E-09
    4 t   11    17.63431        5.066042        197.3927        4.752756        229.8598      -0.2424890E-09
    4 t   12    16.61717        5.188952        192.7172        5.069881        228.9276      -0.2368855E-09
    4 t   13    15.77349        5.319539        187.9862        5.366685        227.9027      -0.2377111E-09
    4 t   14    15.06602        5.457315        183.2403        5.645025        226.8982      -0.2131841E-09
    4 t   15    14.46732        5.601862        178.5121        5.908728        226.0842      -0.1982772E-09
    4 t   16    13.95690        5.752881        173.8259        6.163465        225.6836      -0.1647140E-09
    4 t   17    13.51928        5.910228        169.1982        6.415613        225.9473      -0.8886647E-10
    4 t   18    13.14267        6.073901        164.6388        6.669790        227.1034      -0.1076788E-09
    4 t   19    12.81778        6.243960        160.1548        6.925626        229.2828      -0.1340058E-09
    4 t   20    12.53699        6.420365        155.7544        7.175572        232.4453      -0.1875250E-09
    4 t   21    12.29356        6.602806        151.4508        7.405973        236.3493      -0.1839450E-09
    4 t   22    12.08129        6.790601        147.2624        7.601558        240.5980      -0.1791873E-09
    4 t   23    11.89445        6.982720        143.2107        7.750518        244.7440      -0.1592291E-09
    4 t   24    11.72788        7.177910        139.3163        7.846941        248.3907      -0.1508348E-09
