    0 t    2    6.080071       0.3797180        2633.533        9.164483        251.0010       0.1683090E-08
    0 t    3    6.702097       0.5859915        1706.510        7.574630        240.4130       0.2226352E-09
    0 t    4    6.800519       0.7644817        1308.076        6.757548        228.7952       0.2917377E-09
    0 t    5    6.741437       0.9262489        1079.623        6.207269        217.3651       0.6077332E-09
    0 t    6    6.628707        1.076353        929.0632        5.812608        206.7810       0.8481696E-09
    0 t    7    6.500585        1.217941        821.0578        5.518434        197.2596       0.8793322E-09
    0 t    8    6.372130        1.353057        739.0671        5.289944        188.8050       0.1047206E-08
    0 t    9    6.249149        1.483054        674.2842        5.105868        181.3497       0.2358159E-08
    0 t   10    6.133666        1.608874        621.5528        4.953806        174.8087       0.1653487E-08
    0 t   11    6.026168        1.731217        577.6282        4.826504        169.0947       0.1106979E-08
    0 t   12    5.926524        1.850643        540.3528        4.719424        164.1214       0.1008272E-08
    0 t   13    5.834365        1.967614        508.2298        4.629388        159.8048       0.1201210E-08
    0 t   14    5.749229        2.082524        480.1864        4.553913        156.0650       0.1200815E-08
    0 t   15    5.670625        2.195711        455.4333        4.490904        152.8277       0.1096621E-08
    0 t   16    5.598067        2.307462        433.3766        4.438540        150.0258       0.8518161E-09
    0 t   17    5.531078        2.418022        413.5611        4.395218        147.5994       0.6992021E-09
    0 t   18    5.469205        2.527601        395.6321        4.359538        145.4957       0.4229781E-09
    0 t   19    5.412021        2.636372        379.3092        4.330287        143.6694       0.5691633E-10
    0 t   20    5.359128        2.744483        364.3674        4.306424        142.0812       0.5287739E-10
    0 t   21    5.310155        2.852057        350.6241        4.287060        140.6973       0.4541664E-10
    0 t   22    5.264763        2.959197        337.9295        4.271445        139.4893       0.4556606E-10
    0 t   23    5.222641        3.065989        326.1591        4.258948        138.4327       0.5067662E-10
    0 t   24    5.183503        3.172503        315.2086        4.249040        137.5065       0.5808681E-10
    1 t    1    33.24358        1.245695        802.7650        2.787510        270.5623       0.6300204E-10
    1 t    2    21.39360        1.336092        748.4513        4.391801        266.7932       0.3681928E-10
    1 t    3    16.72662        1.462476        683.7718        5.647959        262.4659       0.5230783E-10
    1 t    4    14.36737        1.615111        619.1526        6.484019        257.4224       0.1903658E-10
    1 t    5    12.97944        1.783328        560.7493        6.900145        251.0934       0.2906776E-09
    1 t    6    12.05475        1.957420        510.8766        6.971068        243.4436       0.3564956E-09
    1 t    7    11.37002        2.130272        469.4235        6.824219        235.3197       0.2375870E-09
    1 t    8    10.82318        2.298192        435.1247        6.596961        227.9329       0.1802516E-09
    1 t    9    10.36784        2.460507        406.4203        6.387038        222.0701       0.2059175E-09
    1 t   10    9.981824        2.618254        381.9340        6.233698        217.8331       0.4853625E-09
    1 t   11    9.652101        2.772887        360.6349        6.135899        214.9047       0.5872309E-09
    1 t   12    9.369014        2.925610        341.8091        6.077866        212.8655       0.5138509E-09
    1 t   13    9.124531        3.077208        324.9699        6.043544        211.3501       0.5675860E-09
    1 t   14    8.911866        3.228116        309.7782        6.021062        210.0845       0.5111620E-09
    1 t   15    8.725358        3.378528        295.9869        6.002738        208.8758       0.6456822E-09
    1 t   16    8.560350        3.528483        283.4079        5.983945        207.5930       0.6526758E-09
    1 t   17    8.413047        3.677934        271.8918        5.962026        206.1499       0.7447969E-09
    1 t   18    8.280366        3.826783        261.3161        5.935531        204.4933       0.1237016E-08
    1 t   19    8.159802        3.974905        251.5783        5.903735        202.5938       0.1373671E-08
    1 t   20    8.049316        4.122165        242.5910        5.866355        200.4408       0.1165571E-08
    1 t   21    7.947240        4.268421        234.2786        5.823390        198.0383       0.8240064E-09
    1 t   22    7.852209        4.413538        226.5756        5.775040        195.4023       0.1569902E-08
    1 t   23    7.763101        4.557384        219.4241        5.721657        192.5582       0.1773992E-08
    1 t   24    7.678997        4.699840        212.7732        5.663723        189.5394       0.1568792E-08
    2 t    1    57.92396        2.170511        460.7209        1.311931        203.6777      -0.1622030E-09
    2 t    2    35.45530        2.214286        451.6129        2.187447        204.8082      -0.1459132E-09
    2 t    3    26.07700        2.280018        438.5931        3.067983        206.8321      -0.1254438E-09
    2 t    4    21.06384        2.367896        422.3159        3.958304        210.0924      -0.9929375E-10
    2 t    5    18.03646        2.478144        403.5278        4.853967        214.8973      -0.6692149E-10
    2 t    6    16.07721        2.610577        383.0570        5.723796        221.2634      -0.4733417E-10
    2 t    7    14.75119        2.763763        361.8256        6.499493        228.5895       0.1307823E-10
    2 t    8    13.81880        2.934283        340.7988        7.097413        235.6400       0.9089989E-10
    2 t    9    13.13379        3.116924        320.8291        7.464869        241.1003       0.2106019E-09
    2 t   10    12.60322        3.305851        302.4939        7.605390        244.2368       0.5381503E-09
    2 t   11    12.16892        3.495927        286.0472        7.567225        245.0614       0.3962365E-09
    2 t   12    11.79612        3.683509        271.4802        7.417591        244.0642       0.3450846E-09
    2 t   13    11.46532        3.866630        258.6232        7.219534        241.8600       0.4253377E-09
    2 t   14    11.16615        4.044677        247.2386        7.017307        238.9499       0.3462464E-09
    2 t   15    10.89303        4.217868        237.0866        6.833255        235.6477       0.1032349E-09
    2 t   16    10.64259        4.386761        227.9586        6.673547        232.1201      -0.2670822E-10
    2 t   17    10.41230        4.551949        219.6861        6.536162        228.4586       0.8902965E-10
    2 t   18    10.19998        4.713937        212.1369        6.416710        224.7328       0.2280761E-09
    2 t   19    10.00369        4.873122        205.2073        6.311314        221.0149       0.2391397E-09
    2 t   20    9.821689        5.029821        198.8142        6.217484        217.3845       0.7963818E-09
    2 t   21    9.652499        5.184308        192.8898        6.134019        213.9237       0.3526951E-09
    2 t   22    9.494862        5.336834        187.3770        6.060561        210.7080       0.3832589E-09
    2 t   23    9.347728        5.487651        182.2273        5.997120        207.7994       0.4633164E-09
    2 t   24    9.210221        5.637008        177.3991        5.943711        205.2410       0.7619934E-09
    3 t    1    84.97283        3.184079        314.0625       0.9565155        214.4560      -0.7288278E-10
    3 t    2    51.49372        3.215932        310.9519        1.588650        215.5863      -0.7045746E-10
    3 t    3    37.32537        3.263508        306.4187        2.213158        217.2447      -0.6729586E-10
    3 t    4    29.59203        3.326594        300.6077        2.828325        219.3880      -0.6389084E-10
    3 t    5    24.78192        3.404946        293.6904        3.433622        221.9617      -0.5783723E-10
    3 t    6    21.54437        3.498322        285.8513        4.029672        224.9017      -0.5553314E-10
    3 t    7    19.24919        3.606503        277.2769        4.617575        228.1346      -0.5450811E-10
    3 t    8    17.56283        3.729288        268.1477        5.196999        231.5695      -0.5509953E-10
    3 t    9    16.29191        3.866411        258.6378        5.762478        235.0729      -0.5751283E-10
    3 t   10    15.31575        4.017354        248.9200        6.298439        238.4243      -0.6228894E-10
    3 t   11    14.55374        4.181045        239.1746        6.776052        241.2714      -0.7386330E-10
    3 t   12    13.94829        4.355556        229.5918        7.157128        243.1391       0.8403354E-10
    3 t   13    13.45611        4.538013        220.3607        7.406760        243.5429       0.2442108E-09
    3 t   14    13.04396        4.724871        211.6460        7.508248        242.1785       0.4884043E-10
    3 t   15    12.68695        4.912489        203.5628        7.471212        239.0860       0.2467322E-09
    3 t   16    12.36759        5.097785        196.1636        7.329502        234.6911       0.2286120E-09
    3 t   17    12.07475        5.278721        189.4398        7.130550        229.6809       0.2502867E-09
    3 t   18    11.80232        5.454461        183.3362        6.920365        224.7634       0.1355953E-09
    3 t   19    11.54750        5.625162        177.7727        6.731296        220.4521       0.1021669E-09
    3 t   20    11.30916        5.791574        172.6646        6.578305        216.9911       0.3814374E-09
    3 t   21    11.08675        5.954637        167.9363        6.462807        214.4047       0.1398293E-09
    3 t   22    10.87971        6.115225        163.5263        6.378956        212.5917      -0.1377137E-09
    3 t   23    10.68725        6.274029        159.3872        6.318626        211.4015      -0.1490475E-09
    3 t   24    10.50839        6.431536        155.4838        6.274162        210.6792      -0.1592392E-09
    4 t    1    114.4721        4.289466        233.1292       0.7208871        217.6892      -0.2436590E-09
    4 t    2    69.06724        4.313448        231.8331        1.194996        217.4894      -0.2400322E-09
    4 t    3    49.74243        4.349182        229.9283        1.659694        217.1754      -0.2535201E-09
    4 t    4    39.10850        4.396390        227.4594        2.111850        216.7340      -0.2482074E-09
    4 t    5    32.42245        4.454727        224.4806        2.548976        216.1541      -0.2426099E-09
    4 t    6    27.85974        4.523795        221.0534        2.969432        215.4318      -0.2373129E-09
    4 t    7    24.56874        4.603166        217.2418        3.372642        214.5774      -0.2329177E-09
    4 t    8    22.09862        4.692417        213.1098        3.759310        213.6220      -0.2300122E-09
    4 t    9    20.18851        4.791156        208.7179        4.131606        212.6256      -0.2218194E-09
    4 t   10    18.67719        4.899068        204.1205        4.493223        211.6830      -0.2179495E-09
    4 t   11    17.45993        5.015945        199.3642        4.849113        210.9286      -0.2137659E-09
    4 t   12    16.46589        5.141712        194.4877        5.204578        210.5337      -0.2081022E-09
    4 t   13    15.64560        5.276409        189.5228        5.563257        210.6913      -0.2010580E-09
    4 t   14    14.96332        5.420114        184.4980        5.923805        211.5789      -0.2033388E-09
    4 t   15    14.39218        5.572768        179.4441        6.276134        213.2941      -0.1551752E-09
    4 t   16    13.91092        5.733930        174.4004        6.600149        215.7811      -0.9306796E-10
    4 t   17    13.50178        5.902578        169.4175        6.870539        218.7997       0.1174149E-09
    4 t   18    13.14957        6.077092        164.5524        7.067129        221.9883       0.3539148E-10
    4 t   19    12.84151        6.255519        159.8588        7.183921        224.9974      -0.1759638E-09
    4 t   20    12.56742        6.435950        155.3772        7.230146        227.5979      -0.1723415E-09
    4 t   21    12.31968        6.616837        151.1296        7.224061        229.7023      -0.1781973E-09
    4 t   22    12.09289        6.797123        147.1211        7.185207        231.3190      -0.1940893E-09
    4 t   23    11.88333        6.976195        143.3446        7.129416        232.4965      -0.2162768E-09
    4 t   24    11.68844        7.153774        139.7864        7.067231        233.2865      -0.2431211E-09
