    0 s    2    5.087359       0.3177203        3147.423        6.734317        499.7678      -0.6123669E-02
    0 s    3    5.543153       0.4846603        2063.301        6.987106        416.4096       0.1200380E-02
    0 s    4    5.954619       0.6693897        1493.898        7.710453        374.2146       0.2499529E-02
    0 s    5    6.310925       0.8670981        1153.272        8.009094        355.7543       0.2693297E-02
    0 s    6    6.573326        1.067360        936.8908        7.926275        345.5492       0.2460158E-02
    0 s    7    6.731708        1.261244        792.8681        7.510675        337.8202       0.1922770E-02
    0 s    8    6.788017        1.441366        693.7861        6.860265        331.0490       0.1230047E-02
    0 s    9    6.761306        1.604600        623.2084        6.209733        325.4575       0.6377504E-03
    0 s   10    6.685743        1.753685        570.2279        5.746585        320.9410       0.2845499E-03
    0 s   11    6.591460        1.893616        528.0901        5.468047        316.8199       0.1176551E-03
    0 s   12    6.494720        2.028070        493.0796        5.296584        312.5310       0.4708291E-04
    0 s   13    6.401622        2.158919        463.1948        5.172530        307.7615       0.1854932E-04
    0 s   14    6.313467        2.286907        437.2719        5.064204        302.3456       0.7227463E-05
    0 s   15    6.229786        2.412222        414.5555        4.957199        296.2059       0.2784799E-05
    0 s   16    6.149648        2.534818        394.5057        4.845948        289.3377       0.1059544E-05
    0 s   17    6.072154        2.654565        376.7095        4.729201        281.8028       0.3975260E-06
    0 s   18    5.996596        2.771335        360.8369        4.607826        273.7215       0.1469457E-06
    0 s   19    5.922485        2.885035        346.6162        4.483714        265.2569       0.5354998E-07
    0 s   20    5.849531        2.995625        333.8202        4.359185        256.5942       0.1931843E-07
    0 s   21    5.777609        3.103124        322.2559        4.236632        247.9195       0.7002341E-08
    0 s   22    5.706720        3.207610        311.7586        4.118275        239.4010       0.2626585E-08
    0 s   23    5.636953        3.309214        302.1866        4.006011        231.1771       0.1063324E-08
    0 s   24    5.568451        3.408106        293.4181        3.901321        223.3502       0.4954669E-09
    0 s   25    5.501384        3.504489        285.3483        3.805240        215.9870       0.2965226E-09
    0 s   26    5.435928        3.598588        277.8868        3.718382        209.1224       0.2063747E-09
    1 s    2    11.06887       0.6912827        1446.586        11.05489        313.3922      -0.1695689E-02
    1 s    3    10.92128       0.9548920        1047.239        10.02506        287.4129      -0.7759429E-04
    1 s    4    10.58820        1.190274        840.1426        8.706371        280.5765       0.1203273E-03
    1 s    5    10.07025        1.383616        722.7437        6.649373        313.0459       0.6012736E-03
    1 s    6    9.428326        1.530948        653.1900        5.436952        360.9106       0.1578565E-02
    1 s    7    8.908795        1.669140        599.1109        5.739278        378.9205       0.2686337E-02
    1 s    8    8.587618        1.823493        548.3980        6.603617        384.6748       0.3783369E-02
    1 s    9    8.430151        2.000652        499.8371        7.489852        386.4686       0.4669177E-02
    1 s   10    8.376615        2.197204        455.1239        8.131135        386.0480       0.5241905E-02
    1 s   11    8.376545        2.406441        415.5514        8.512984        383.9226       0.5574962E-02
    1 s   12    8.399261        2.622791        381.2733        8.710722        378.9731       0.5755220E-02
    1 s   13    8.428033        2.842317        351.8256        8.766647        365.4808       0.5768223E-02
    1 s   14    8.449303        3.060564        326.7372        8.549786        316.5167       0.5199129E-02
    1 s   15    8.420543        3.260501        306.7013        7.125395        191.3812       0.2030577E-02
    1 s   16    8.305296        3.423352        292.1113        6.128814        153.4875       0.2904979E-03
    1 s   17    8.173362        3.573150        279.8651        5.876298        147.2988       0.6441955E-04
    1 s   18    8.046305        3.718611        268.9176        5.753464        144.7806       0.1918653E-04
    1 s   19    7.927259        3.861626        258.9583        5.675505        143.3278       0.6608571E-05
    1 s   20    7.816695        4.003037        249.8103        5.623473        142.4455       0.2461138E-05
    1 s   21    7.714438        4.143385        241.3486        5.589551        141.9594       0.9586114E-06
    1 s   22    7.620070        4.283058        233.4780        5.568788        141.7710       0.3835019E-06
    1 s   23    7.533059        4.422336        226.1248        5.557355        141.8065       0.1559136E-06
    1 s   24    7.452819        4.561411        219.2304        5.552129        142.0040       0.6398700E-07
    1 s   25    7.378746        4.700405        212.7476        5.550579        142.3094       0.2638294E-07
    1 s   26    7.310241        4.839384        206.6379        5.550719        142.6759       0.1088334E-07
    2 s    1    11.03234       0.4134008        2418.960        13.01716        400.4025       0.5231855E-04
    2 s    2    15.28793       0.9547751        1047.367        21.24167        94.89753      -0.9259629E-01
    2 s    3    14.34923        1.254611        797.0595        6.073326        420.6459      -0.2345169E-02
    2 s    4    12.38756        1.392550        718.1069        5.342920        368.7356       0.1755904E-03
    2 s    5    11.19600        1.538290        650.0727        6.544634        284.8162       0.4290268E-03
    2 s    6    10.58615        1.718953        581.7496        7.664698        232.0743       0.3115100E-03
    2 s    7    10.21182        1.913273        522.6646        7.769287        209.6363       0.2286302E-03
    2 s    8    9.915849        2.105530        474.9399        7.573533        195.9127       0.1980253E-03
    2 s    9    9.657510        2.291930        436.3136        7.317883        185.6015       0.1927475E-03
    2 s   10    9.423772        2.471876        404.5511        7.061684        177.3762       0.2052530E-03
    2 s   11    9.209135        2.645631        377.9817        6.824216        170.8146       0.2393038E-03
    2 s   12    9.011030        2.813824        355.3882        6.618613        165.9272       0.3149967E-03
    2 s   13    8.829055        2.977560        335.8454        6.475396        163.6477       0.5105950E-03
    2 s   14    8.668377        3.139918        318.4796        6.569348        171.1019       0.1267919E-02
    2 s   15    8.567476        3.317395        301.4414        7.860386        255.6495       0.4620509E-02
    2 s   16    8.560891        3.528706        283.3900        8.729688        366.5773       0.6558023E-02
    2 s   17    8.577944        3.750022        266.6651        8.865394        393.7791       0.6971427E-02
    2 s   18    8.596675        3.972965        251.7012        8.886268        402.2738       0.7199185E-02
    2 s   19    8.613755        4.196040        238.3199        8.878380        406.3381       0.7388716E-02
    2 s   20    8.628558        4.418803        226.3056        8.860024        408.8453       0.7562013E-02
    2 s   21    8.641071        4.641075        215.4673        8.837102        410.5180       0.7721666E-02
    2 s   22    8.651446        4.862770        205.6441        8.811566        411.4057       0.7863406E-02
    2 s   23    8.659826        5.083813        196.7028        8.781906        410.8172       0.7969920E-02
    2 s   24    8.666028        5.303941        188.5391        8.729395        404.0273       0.7938413E-02
    2 s   25    8.664136        5.519223        181.1849        8.065687        301.4658       0.5180380E-02
    2 s   26    8.606571        5.697555        175.5139        6.763472        204.0293       0.1621534E-03
    3 s    1    25.26026       0.9465459        1056.473        6.367092        831.0761       0.2104679E-03
    3 s    2    17.88913        1.117228        895.0728        7.321072        353.8576      -0.3680422E-02
    3 s    3    16.69687        1.459875        684.9900        18.75592        90.33203      -0.8169978E-01
    3 s    4    16.93016        1.903207        525.4289        18.15459        90.49404      -0.8030232E-01
    3 s    5    16.96890        2.331465        428.9148        17.69230        90.93020      -0.7832679E-01
    3 s    6    15.94066        2.588405        386.3382        5.662697        275.7819       0.1447314E-03
    3 s    7    14.55786        2.727542        366.6304        5.458025        268.2936       0.1937734E-03
    3 s    8    13.48116        2.862588        349.3343        5.349751        263.1719       0.2375111E-03
    3 s    9    12.62662        2.996563        333.7157        5.371954        259.5571       0.2761935E-03
    3 s   10    11.94196        3.132401        319.2439        5.492714        256.5959       0.2995591E-03
    3 s   11    11.38944        3.271997        305.6237        5.666721        253.7170       0.3059070E-03
    3 s   12    10.94009        3.416202        292.7227        5.857330        250.6302       0.2977767E-03
    3 s   13    10.57125        3.565108        280.4964        6.040514        247.2458       0.2791422E-03
    3 s   14    10.26524        3.718346        268.9368        6.202906        243.5909       0.2540817E-03
    3 s   15    10.00836        3.875315        258.0435        6.338796        239.7469       0.2261822E-03
    3 s   16    9.790011        4.035336        247.8109        6.447463        235.8092       0.1983023E-03
    3 s   17    9.602100        4.197752        238.2227        6.531093        231.8660       0.1725416E-03
    3 s   18    9.438430        4.361983        229.2535        6.593273        227.9902       0.1503528E-03
    3 s   19    9.294274        4.527543        220.8703        6.638004        224.2391       0.1327710E-03
    3 s   20    9.166022        4.694045        213.0359        6.669125        220.6587       0.1208019E-03
    3 s   21    9.050905        4.861195        205.7107        6.690100        217.2929       0.1161904E-03
    3 s   22    8.946797        5.028780        198.8554        6.704259        214.2108       0.1235679E-03
    3 s   23    8.852094        5.196685        192.4304        6.716450        211.6186       0.1596055E-03
    3 s   24    8.765869        5.365048        186.3916        6.747557        210.7710       0.3255888E-03
    3 s   25    8.693172        5.537720        180.5797        7.386757        252.3926       0.3195485E-02
    3 s   26    8.680888        5.746754        174.0113        8.664304        410.7232       0.8353393E-02
    4 s    1    37.73054        1.413829        707.2993        11.78108        371.5054      -0.3271049E-04
    4 s    2    27.64969        1.726803        579.1049        12.98266        456.7680       0.2361926E-04
    4 s    3    23.52099        2.056535        486.2548        13.27128        525.2345       0.2176155E-04
    4 s    4    20.48854        2.303224        434.1741        5.591238        313.4761       0.1845029E-03
    4 s    5    17.79727        2.445280        408.9512        5.772721        285.1139       0.4299407E-04
    4 s    6    16.94147        2.750913        363.5157        17.43041        90.89461      -0.7680146E-01
    4 s    7    16.88976        3.164442        316.0114        17.26090        90.94315      -0.7526824E-01
    4 s    8    16.80455        3.568276        280.2474        8.427333        422.3383      -0.2793520E-03
    4 s    9    15.81586        3.753436        266.4226        6.675349        340.2256       0.1300122E-03
    4 s   10    14.91230        3.911529        255.6545        6.059989        303.5127       0.1529565E-03
    4 s   11    14.13129        4.059684        246.3246        5.814426        286.1323       0.1688540E-03
    4 s   12    13.46245        4.203845        237.8775        5.725222        276.0477       0.1796302E-03
    4 s   13    12.88983        4.347037        230.0418        5.731067        269.5988       0.1842613E-03
    4 s   14    12.39888        4.491206        222.6574        5.799543        265.3158       0.1823755E-03
    4 s   15    11.97704        4.637603        215.6286        5.906399        262.4487       0.1744665E-03
    4 s   16    11.61346        4.786942        208.9017        6.032599        260.5491       0.1616154E-03
    4 s   17    11.29884        4.939516        202.4490        6.163767        259.3206       0.1452215E-03
    4 s   18    11.02521        5.095317        196.2587        6.289705        258.5537       0.1267825E-03
    4 s   19    10.78582        5.254123        190.3267        6.403799        258.0925       0.1077129E-03
    4 s   20    10.57497        5.415588        184.6521        6.502352        257.8183       0.8920583E-04
    4 s   21    10.38793        5.579303        179.2339        6.583912        257.6390       0.7214987E-04
    4 s   22    10.22075        5.744841        174.0692        6.648631        257.4835       0.5710363E-04
    4 s   23    10.07022        5.911796        169.1533        6.697705        257.2982       0.4432183E-04
    4 s   24    9.933689        6.079798        164.4791        6.732923        257.0436       0.3381469E-04
    4 s   25    9.809006        6.248528        160.0377        6.756328        256.6926       0.2542171E-04
    4 s   26    9.694425        6.417716        155.8187        6.769991        256.2287       0.1888302E-04
    5 s    1    49.07615        1.838968        543.7831        30.33740        107.2252      -0.1349780E-03
    5 s    2    33.60955        2.099014        476.4142        2.975605        319.3329      -0.1665140E-03
    5 s    3    25.01874        2.187490        457.1450        4.331960        285.2149       0.1666042E-03
    5 s    4    21.32842        2.397638        417.0771        13.15322        444.5478       0.5977453E-04
    5 s    5    19.84044        2.726004        366.8373        12.93318        496.4284       0.2371780E-04
    5 s    6    18.72191        3.040017        328.9456        12.12205        511.7873       0.1930141E-04
    5 s    7    17.76066        3.327614        300.5156        10.74963        511.1433       0.3393880E-04
    5 s    8    16.83315        3.574348        279.7713        17.09456        91.29464      -0.7344304E-01
    5 s    9    16.77708        3.981553        251.1583        17.03537        91.01373      -0.7232198E-01
    5 s   10    16.17118        4.241734        235.7526        10.26100        357.5862       0.2385326E-04
    5 s   11    15.65347        4.496979        222.3715        10.12548        379.4311       0.1917920E-04
    5 s   12    15.20129        4.746824        210.6672        9.830957        394.6031       0.2155468E-04
    5 s   13    14.78621        4.986584        200.5381        9.289913        401.9860       0.3341993E-04
    5 s   14    14.37690        5.207697        192.0235        8.321474        387.3875       0.6234883E-04
    5 s   15    13.95016        5.401611        185.1300        7.235435        348.8361       0.1009102E-03
    5 s   16    13.52299        5.574030        179.4034        6.638149        318.2122       0.1254005E-03
    5 s   17    13.12286        5.736926        174.3094        6.426323        301.3267       0.1343907E-03
    5 s   18    12.75968        5.896903        169.5805        6.379344        291.6901       0.1337828E-03
    5 s   19    12.43324        6.056635        165.1082        6.396710        285.5431       0.1269753E-03
    5 s   20    12.14015        6.217139        160.8457        6.437019        281.1935       0.1159957E-03
    5 s   21    11.87635        6.378728        156.7711        6.481858        277.8435       0.1024245E-03
    5 s   22    11.63792        6.541397        152.8725        6.522903        275.0896       0.8763824E-04
    5 s   23    11.42138        6.705005        149.1423        6.557012        272.7162       0.7280841E-04
    5 s   24    11.22376        6.869372        145.5737        6.583918        270.6038       0.5884588E-04
    5 s   25    11.04257        7.034330        142.1600        6.604834        268.6831       0.4636503E-04
    5 s   26    10.87575        7.199752        138.8937        6.621496        266.9101       0.3568980E-04
    6 s    1    53.24900        1.995332        501.1696        7.904615        466.2083      -0.3556244E-03
    6 s    2    40.54650        2.532246        394.9063        14.21048        285.5021      -0.6799175E-03
    6 s    3    32.58473        2.849015        350.9986        11.55577        393.7162      -0.6788535E-03
    6 s    4    27.50284        3.091738        323.4427        7.693285        295.1503      -0.1494672E-04
    6 s    5    23.66886        3.252015        307.5016        5.692410        255.5783       0.2324707E-03
    6 s    6    20.90425        3.394380        294.6046        5.867264        249.4338       0.2300009E-03
    6 s    7    18.95855        3.552049        281.5276        6.868185        249.5179       0.1747844E-03
    6 s    8    17.64583        3.746911        266.8865        8.812797        272.8274       0.9591257E-04
    6 s    9    16.79726        3.986343        250.8565        10.07675        321.6924      -0.2022020E-04
    6 s   10    16.72413        4.386774        227.9579        16.96313        90.94750      -0.7108369E-01
    6 s   11    16.67474        4.790375        208.7519        16.89796        90.93199      -0.6990015E-01
    6 s   12    16.20794        5.061163        197.5830        6.183053        260.9202       0.1416713E-03
    6 s   13    15.48160        5.221101        191.5305        6.652042        258.3839       0.1259474E-03
    6 s   14    14.90159        5.397755        185.2622        7.540472        264.4446       0.9872662E-04
    6 s   15    14.46143        5.599579        178.5848        8.544700        284.8540       0.6344123E-04
    6 s   16    14.12166        5.820795        171.7978        9.054803        307.0585       0.4117262E-04
    6 s   17    13.83709        6.049163        165.3121        9.162789        321.4251       0.3203444E-04
    6 s   18    13.58316        6.277475        159.2997        9.073758        328.5878       0.2991531E-04
    6 s   19    13.34760        6.502050        153.7976        8.871841        330.3324       0.3206171E-04
    6 s   20    13.12308        6.720509        148.7983        8.588256        327.5799       0.3752776E-04
    6 s   21    12.90485        6.931131        144.2766        8.250662        320.9592       0.4550505E-04
    6 s   22    12.69066        7.133117        140.1912        7.906564        311.6623       0.5424031E-04
    6 s   23    12.48096        7.327034        136.4809        7.613008        301.5651       0.6113783E-04
    6 s   24    12.27804        7.514629        133.0738        7.402388        292.2949       0.6418460E-04
    6 s   25    12.08437        7.697976        129.9043        7.269685        284.5126       0.6295182E-04
    6 s   26    11.90139        7.878730        126.9240        7.190090        278.1292       0.5823759E-04
    7 s    1    60.07318        2.251046        444.2379        7.810114        253.4456       0.8110417E-04
    7 s    2    41.81426        2.611422        382.9332        28.26650        107.3892      -0.2164878E-03
    7 s    3    37.22182        3.254455        307.2711        5.685922        238.7202      -0.1490144E-03
    7 s    4    30.49515        3.428119        291.7052        9.326132        383.6547      -0.2347623E-03
    7 s    5    26.96078        3.704313        269.9556        12.16084        516.7136      -0.3283255E-04
    7 s    6    24.70252        4.011134        249.3060        11.95620        510.0894       0.2015459E-03
    7 s    7    22.83510        4.278353        233.7348        9.041150        387.1270       0.3204239E-03
    7 s    8    21.03811        4.467228        223.8525        6.462930        306.0339       0.2934785E-03
    7 s    9    19.46089        4.618476        216.5216        5.810109        281.2178       0.2324212E-03
    7 s   10    18.15896        4.763134        209.9458        5.791821        271.5615       0.1871576E-03
    7 s   11    17.09028        4.909752        203.6763        5.936239        265.6609       0.1588527E-03
    7 s   12    16.62898        5.192639        192.5803        16.84222        90.91410      -0.6882803E-01
    7 s   13    16.58667        5.593781        178.7700        16.79404        90.89495      -0.6786101E-01
    7 s   14    16.54756        5.993970        166.8343        16.75215        90.87491      -0.6699015E-01
    7 s   15    16.28037        6.303887        158.6323        5.916246        265.2460       0.1229093E-03
    7 s   16    15.65510        6.452863        154.9700        5.994446        261.6622       0.1189332E-03
    7 s   17    15.10688        6.604277        151.4170        6.113507        259.0864       0.1179770E-03
    7 s   18    14.62572        6.759299        147.9443        6.285345        257.4708       0.1174470E-03
    7 s   19    14.20432        6.919387        144.5215        6.520609        256.9593       0.1150864E-03
    7 s   20    13.83713        7.086186        141.1196        6.821743        257.8219       0.1092451E-03
    7 s   21    13.51935        7.261174        137.7188        7.170859        260.2740       0.9937283E-04
    7 s   22    13.24556        7.445013        134.3181        7.520366        264.0900       0.8658582E-04
    7 s   23    13.00885        7.636936        130.9426        7.809026        268.3620       0.7332194E-04
    7 s   24    12.80127        7.834870        127.6345        7.999067        271.9236       0.6177470E-04
    7 s   25    12.61545        8.036287        124.4356        8.090784        274.0403       0.5278306E-04
    7 s   26    12.44558        8.238983        121.3742        8.106167        274.5935       0.4608666E-04
    8 s    1    77.25578        2.894908        345.4341        14.57616        903.3377       0.5473711E-03
    8 s    2    50.85436        3.176002        314.8613        2.690383        224.6136       0.9053731E-04
    8 s    3    37.97439        3.320254        301.1818        26.15040        104.0079      -0.7540729E-03
    8 s    4    34.60704        3.890357        257.0458        14.36028        425.2504      -0.1158890E-02
    8 s    5    30.43780        4.182042        239.1176        9.841873        514.4550      -0.6516853E-03
    8 s    6    27.03639        4.390103        227.7851        7.502789        343.7035      -0.4896497E-04
    8 s    7    24.55316        4.600247        217.3796        9.904811        370.3779       0.4224774E-05
    8 s    8    23.00569        4.885025        204.7072        12.44959        470.7789       0.8172508E-06
    8 s    9    21.92185        5.202516        192.2147        12.62836        530.2199       0.3086599E-06
    8 s   10    20.95359        5.496172        181.9448        10.24676        472.9240       0.5659494E-04
    8 s   11    19.85074        5.702787        175.3529        6.822870        330.7299       0.1733176E-03
    8 s   12    18.76934        5.860999        170.6194        6.030521        291.9227       0.1714711E-03
    8 s   13    17.81941        6.009517        166.4027        5.878624        277.7855       0.1494479E-03
    8 s   14    16.99607        6.156430        162.4318        5.872441        270.2181       0.1324994E-03
    8 s   15    16.51140        6.393346        156.4126        16.71561        90.85409      -0.6620554E-01
    8 s   16    16.47794        6.792028        147.2314        16.68363        90.83247      -0.6549737E-01
    8 s   17    16.44695        7.190117        139.0798        16.65555        90.81001      -0.6485649E-01
    8 s   18    16.35691        7.559368        132.2862        6.194424        274.4934       0.9614175E-04
    8 s   19    15.83447        7.713487        129.6431        6.144415        266.3889       0.9704971E-04
    8 s   20    15.36284        7.867522        127.1048        6.174495        261.5662       0.9893692E-04
    8 s   21    14.93734        8.022767        124.6453        6.236866        258.2884       0.1011176E-03
    8 s   22    14.55283        8.179795        122.2524        6.315874        255.9019       0.1026902E-03
    8 s   23    14.20466        8.338950        119.9192        6.406595        254.1513       0.1029519E-03
    8 s   24    13.88884        8.500500        117.6401        6.507593        252.9419       0.1014952E-03
    8 s   25    13.60193        8.664693        115.4109        6.618035        252.2407       0.9819801E-04
    8 s   26    13.34099        8.831746        113.2279        6.736346        252.0271       0.9317493E-04
    9 s    1    83.91624        3.144487        318.0169        1.035777        217.1665      -0.2896752E-06
    9 s    2    52.28562        3.265388        306.2423        13.79368        998.6532       0.1048762E-02
    9 s    3    41.27212        3.608588        277.1167        13.52222        666.8498      -0.2018494E-03
    9 s    4    35.84591        4.029626        248.1620        24.32524        108.1692      -0.1481289E-02
    9 s    5    32.37507        4.448217        224.8092        7.029120        296.3274      -0.5739991E-03
    9 s    6    28.77366        4.672196        214.0321        10.58021        457.5077      -0.7118566E-03
    9 s    7    26.40824        4.947812        202.1095        11.06758        513.4257      -0.1900841E-03
    9 s    8    24.53627        5.210028        191.9375        9.724581        428.5769       0.2796360E-03
    9 s    9    22.88886        5.432006        184.0940        8.172382        338.6944       0.4209399E-03
    9 s   10    21.50018        5.639542        177.3194        9.117556        321.5674       0.3056932E-03
    9 s   11    20.55446        5.904953        169.3494        11.62850        411.5947       0.1060545E-03
    9 s   12    19.85609        6.200352        161.2812        11.82207        462.8781       0.4785337E-04
    9 s   13    19.24988        6.491938        154.0372        11.45596        478.8955       0.3433691E-04
    9 s   14    18.69091        6.770349        147.7029        10.73448        468.1341       0.3847296E-04
    9 s   15    18.13592        7.022371        142.4020        9.268274        410.2259       0.6021910E-04
    9 s   16    17.54043        7.229975        138.3131        7.412126        331.2815       0.8648118E-04
    9 s   17    16.93080        7.401642        135.1052        6.474797        291.0018       0.9514244E-04
    9 s   18    16.41821        7.587699        131.7923        16.63079        90.78668      -0.6427468E-01
    9 s   19    16.39153        7.984847        125.2372        16.60886        90.76247      -0.6374466E-01
    9 s   20    16.36672        8.381624        119.3086        16.58932        90.73738      -0.6326015E-01
    9 s   21    16.31956        8.765150        114.0882        8.700935        348.4329       0.3763333E-04
    9 s   22    15.93992        8.959445        111.6141        6.960474        287.2104       0.6340217E-04
    9 s   23    15.54020        9.122986        109.6132        6.263278        262.3895       0.7590750E-04
    9 s   24    15.15804        9.277300        107.7900        6.118134        253.7104       0.8178642E-04
    9 s   25    14.80418        9.430553        106.0383        6.146797        250.1381       0.8560167E-04
    9 s   26    14.47948        9.585422        104.3251        6.237462        248.5692       0.8818333E-04
   10 s    1    95.03438        3.561103        280.8119        25.94114        101.2207      -0.1836524E-03
   10 s    2    65.14689        4.068612        245.7841        13.06259        594.3572      -0.8445734E-03
   10 s    3    48.55302        4.245187        235.5609        3.404544        264.0819       0.3240338E-03
   10 s    4    38.50520        4.328570        231.0232        3.877611        251.5154      -0.3141105E-04
   10 s    5    34.06415        4.680290        213.6620        25.69908        98.15726      -0.2388411E-02
   10 s    6    32.70538        5.310618        188.3020        22.58836        115.9381      -0.2700900E-02
   10 s    7    29.71201        5.566802        179.6363        7.510644        317.8903      -0.6244639E-03
   10 s    8    27.15331        5.765729        173.4386        8.831833        330.4062      -0.3673163E-03
   10 s    9    25.34668        6.015298        166.2428        11.06968        398.5157       0.2567135E-04
   10 s   10    24.04341        6.306638        158.5631        11.84430        444.4691       0.4285243E-03
   10 s   11    22.91371        6.582727        151.9127        9.697715        374.0286       0.5902471E-03
   10 s   12    21.73091        6.785791        147.3667        6.829424        292.4686       0.4210848E-03
   10 s   13    20.58777        6.943135        144.0272        6.000757        265.6816       0.2633018E-03
   10 s   14    19.58915        7.095714        140.9301        6.342079        261.4924       0.1698004E-03
   10 s   15    18.77317        7.269120        137.5682        7.697462        279.8092       0.9906957E-04
   10 s   16    18.16031        7.485482        133.5919        9.529972        330.4982       0.4492085E-04
   10 s   17    17.69888        7.737425        129.2420        10.45448        379.0479       0.2116329E-04
   10 s   18    17.31594        8.002584        124.9596        10.68288        404.8656       0.1372613E-04
   10 s   19    16.97463        8.268894        120.9352        10.57183        412.8240       0.1297927E-04
   10 s   20    16.65275        8.528101        117.2594        10.07102        400.2604       0.1861160E-04
   10 s   21    16.34364        8.778083        113.9201        16.57177        90.71144      -0.6281571E-01
   10 s   22    16.29262        9.157692        109.1978        9.291304        327.9269       0.2417145E-04
   10 s   23    16.01154        9.399692        106.3865        9.905021        359.7510       0.1290722E-04
   10 s   24    15.76374        9.648012        103.6483        9.894111        365.7970       0.1045404E-04
   10 s   25    15.52861        9.892027        101.0915        9.580593        356.1006       0.1196531E-04
   10 s   26    15.29929        10.12814        98.73485        8.985265        333.9895       0.1726533E-04
   11 s    1    99.71862        3.736629        267.6209        16.04999        422.5230      -0.2543000E-02
   11 s    2    67.95588        4.244041        235.6245        23.96664        95.20791       0.9846922E-05
   11 s    3    51.64870        4.515854        221.4420        12.42802        593.8216       0.7577095E-03
   11 s    4    42.91645        4.824461        207.2770        12.04141        668.4569       0.9395630E-03
   11 s    5    37.22664        5.114804        195.5109        11.17248        585.7085       0.7849290E-04
   11 s    6    33.13896        5.381022        185.8383        11.91858        243.8565      -0.9947926E-03
   11 s    7    31.19578        5.844800        171.0922        10.92381        481.1539      -0.3943997E-03
   11 s    8    28.87340        6.130973        163.1063        11.81607        638.3257      -0.3700290E-03
   11 s    9    27.05843        6.421534        155.7260        11.13006        577.3070      -0.1403354E-03
   11 s   10    25.43580        6.671866        149.8831        8.939315        394.3529      -0.2141374E-06
   11 s   11    24.01519        6.899163        144.9451        10.01921        375.8340       0.6512261E-04
   11 s   12    23.01007        7.185226        139.1745        12.52498        467.2598       0.3585197E-03
   11 s   13    22.24773        7.502948        133.2809        12.44659        487.5618       0.5528318E-03
   11 s   14    21.50810        7.790811        128.3563        10.29574        406.1533       0.5431627E-03
   11 s   15    20.70010        8.015244        124.7623        7.753831        322.5761       0.3911654E-03
   11 s   16    19.86776        8.189272        122.1110        6.339348        281.5769       0.2536608E-03
   11 s   17    19.07694        8.339869        119.9060        5.787378        263.2588       0.1721446E-03
   11 s   18    18.35413        8.482388        117.8913        5.647990        254.2752       0.1260404E-03
   11 s   19    17.70502        8.624690        115.9462        5.766213        250.4332       0.9838648E-04
   11 s   20    17.13282        8.773953        113.9737        6.252993        253.3425       0.7783808E-04
   11 s   21    16.65419        8.944878        111.7958        7.596427        276.6639       0.5188965E-04
   11 s   22    16.32212        9.174270        109.0005        16.55589        90.68468      -0.6240669E-01
   11 s   23    16.30203        9.570223        104.4908        16.54138        90.65713      -0.6202911E-01
   11 s   24    16.28325        9.965976        100.3414        16.52800        90.62880      -0.6167956E-01
   11 s   25    16.19212        10.31469        96.94908        6.334819        249.9284       0.6320419E-04
   11 s   26    15.83027        10.47965        95.42306        6.886720        261.5429       0.5777773E-04
   12 s    1    112.9174        4.231211        236.3390       0.9715603        234.1704      -0.1091235E-06
   12 s    2    68.62475        4.285814        233.3279        5.870966        229.5844      -0.3289785E-03
   12 s    3    56.08400        4.903651        203.9297        26.12054        88.94974      -0.3971370E-05
   12 s    4    48.07975        5.404895        185.0175        2.554773        231.2659       0.2650864E-05
   12 s    5    39.91790        5.484574        182.3296        3.992718        249.3237       0.1873739E-04
   12 s    6    34.60770        5.619513        177.9514        7.202285        320.7851      -0.5143068E-04
   12 s    7    31.77948        5.954161        167.9498        24.49354        96.62892      -0.3541664E-02
   12 s    8    30.89485        6.560207        152.4342        22.01892        103.5354      -0.3602493E-02
   12 s    9    28.34412        6.726654        148.6623        6.516652        278.4260      -0.4190286E-03
   12 s   10    26.43049        6.932774        144.2424        10.16654        375.3228      -0.2596669E-03
   12 s   11    25.13007        7.219448        138.5147        12.34405        512.7198       0.7857071E-04
   12 s   12    24.13109        7.535280        132.7091        12.75144        563.3544       0.3034595E-03
   12 s   13    23.28191        7.851720        127.3606        12.47194        536.8186       0.3474267E-03
   12 s   14    22.52095        8.157690        122.5837        12.02650        480.0365       0.2050971E-03
   12 s   15    21.84178        8.457312        118.2409        11.98093        466.8324       0.7850777E-04
   12 s   16    21.23981        8.754818        114.2228        11.71312        473.9833       0.6668349E-04
   12 s   17    20.66623        9.034662        110.6848        10.40090        429.5305       0.1412974E-03
   12 s   18    20.04120        9.262069        107.9672        7.777118        319.6176       0.2205064E-03
   12 s   19    19.36955        9.435540        105.9823        6.323588        269.4046       0.1786265E-03
   12 s   20    18.71908        9.586299        104.3155        5.812335        251.9125       0.1311755E-03
   12 s   21    18.11478        9.729354        102.7818        5.655777        244.7096       0.1015378E-03
   12 s   22    17.56115        9.870704        101.3099        5.660017        241.8551       0.8419066E-04
   12 s   23    17.05838        10.01424        99.85776        5.766615        241.6341       0.7380265E-04
   12 s   24    16.60186        10.16098        98.41575        5.979998        244.0121       0.6778132E-04
   12 s   25    16.26571        10.36158        96.51042        16.51548        90.59902      -0.6135442E-01
   12 s   26    16.24924        10.75701        92.96267        16.50374        90.56923      -0.6105263E-01
   13 s    1    120.8892        4.529929        220.7540        13.27888        756.0256       0.1665649E-02
   13 s    2    77.85336        4.862167        205.6696        13.91901        852.1711      -0.1382295E-02
   13 s    3    59.84111        5.232151        191.1260        15.55281        936.6638      -0.1849270E-02
   13 s    4    49.23610        5.534886        180.6722        22.82353        111.6606      -0.2578445E-03
   13 s    5    43.32623        5.952866        167.9863        13.50393        669.8117       0.8191236E-03
   13 s    6    38.48649        6.249341        160.0169        10.04600        540.1815       0.5569161E-03
   13 s    7    34.42488        6.449800        155.0436        6.296910        329.9922      -0.1428012E-03
   13 s    8    31.03565        6.590105        151.7427        7.334697        219.3497      -0.7599723E-03
   13 s    9    30.17229        7.160518        139.6547        23.65274        94.33129      -0.4265707E-02
   13 s   10    29.40147        7.712069        129.6669        9.584303        344.9575      -0.8790223E-03
   13 s   11    27.38965        7.868589        127.0876        4.960985        258.9479      -0.1733952E-03
   13 s   12    25.60685        7.996108        125.0608        5.464943        260.6729      -0.7930852E-05
   13 s   13    24.16794        8.150531        122.6914        7.065927        284.0375       0.1901239E-03
   13 s   14    23.07406        8.358043        119.6452        9.561132        347.4580       0.5483862E-03
   13 s   15    22.26573        8.621467        115.9895        11.13459        414.0891       0.8431516E-03
   13 s   16    21.59086        8.899518        112.3656        10.78357        390.8636       0.8007795E-03
   13 s   17    20.94769        9.157705        109.1977        10.00421        343.0438       0.4627892E-03
   13 s   18    20.37571        9.416662        106.1947        10.83706        376.8619       0.1381301E-03
   13 s   19    19.90285        9.695324        103.1425        11.32090        420.4151       0.4254789E-04
   13 s   20    19.48571        9.978899        100.2115        11.31823        436.5586       0.2170039E-04
   13 s   21    19.10939        10.26356        97.43210        11.06032        433.9067       0.1864970E-04
   13 s   22    18.73882        10.53264        94.94293        10.33686        402.6828       0.2758517E-04
   13 s   23    18.34620        10.77027        92.84820        8.455923        326.7125       0.5412857E-04
   13 s   24    17.90156        10.95644        91.27052        6.663663        272.3927       0.7092573E-04
   13 s   25    17.44715        11.11418        89.97519        6.073335        256.2565       0.6903711E-04
   13 s   26    17.01508        11.26399        88.77848        5.941143        251.4833       0.6453235E-04
   14 s    1    136.9916        5.133314        194.8059        29.28408        94.34748      -0.1275090E-03
   14 s    2    85.14223        5.317378        188.0626        1.119353        222.8603       0.3166539E-06
   14 s    3    61.21860        5.352590        186.8254        1.728104        226.6611      -0.6419082E-09
   14 s    4    50.12583        5.634905        177.4653        17.77948        301.6497       0.4257402E-04
   14 s    5    45.18497        6.208250        161.0760        24.93834        93.07138      -0.1116395E-03
   14 s    6    40.93935        6.647630        150.4295        6.938795        256.7735       0.3138424E-03
   14 s    7    36.61620        6.860362        145.7649        10.12583        371.2418       0.2567595E-03
   14 s    8    33.60961        7.136659        140.1216        11.71050        489.4340      -0.3784303E-03
   14 s    9    31.32443        7.433945        134.5181        11.99526        526.2751      -0.8313180E-03
   14 s   10    29.53051        7.745916        129.1003        22.75940        95.34370      -0.4334827E-02
   14 s   11    28.17882        8.095305        123.5284        12.49565        612.1396      -0.5368408E-03
   14 s   12    26.95694        8.417693        118.7974        13.19156        641.5348      -0.3715281E-03
   14 s   13    25.93526        8.746551        114.3308        12.91917        580.8384      -0.1110060E-03
   14 s   14    24.94532        9.035862        110.6701        9.511974        363.0509       0.1702601E-03
   14 s   15    23.84282        9.232130        108.3174        7.064096        278.8167       0.3542603E-03
   14 s   16    22.85101        9.418938        106.1691        8.154781        301.2406       0.5920195E-03
   14 s   17    22.06949        9.648122        103.6471        10.08326        369.7708       0.8842102E-03
   14 s   18    21.45334        9.914689        100.8605        10.86345        420.3541       0.9911100E-03
   14 s   19    20.90177        10.18193        98.21317        9.740575        376.4859       0.7918826E-03
   14 s   20    20.31323        10.40268        96.12905        7.914259        309.7065       0.4759971E-03
   14 s   21    19.70900        10.58560        94.46795        6.871701        277.6829       0.2608918E-03
   14 s   22    19.13625        10.75603        92.97112        6.951207        275.8096       0.1456488E-03
   14 s   23    18.64602        10.94628        91.35524        8.502639        317.1018       0.6762145E-04
   14 s   24    18.26929        11.18151        89.43340        10.08609        383.3137       0.2430196E-04
   14 s   25    17.95920        11.44036        87.40986        10.48983        410.5625       0.1200506E-04
   14 s   26    17.67673        11.70201        85.45542        10.38760        410.3274       0.9255171E-05
   15 s    1    141.3211        5.295547        188.8379       0.6788053        221.5045       0.4174769E-05
   15 s    2    91.61867        5.721851        174.7686        16.17601        447.5232       0.1450430E-02
   15 s    3    69.52595        6.078935        164.5025        13.31472        760.5753       0.2063073E-03
   15 s    4    56.64899        6.368208        157.0301        8.816200        392.6626      -0.9011458E-03
   15 s    5    47.45866        6.520647        153.3590        4.851411        242.7009      -0.9221403E-04
   15 s    6    42.17383        6.848081        146.0263        24.97420        93.57119      -0.3543075E-03
   15 s    7    39.62160        7.423450        134.7082        12.79078        331.0463       0.2567343E-03
   15 s    8    35.79598        7.600912        131.5632        4.474382        309.9526       0.3762406E-04
   15 s    9    32.45182        7.701497        129.8449        3.999157        276.6338      -0.6964993E-05
   15 s   10    29.84124        7.827422        127.7560        7.428189        355.0663      -0.1380500E-03
   15 s   11    28.95680        8.318806        120.2096        22.80747        93.19997      -0.4565040E-02
   15 s   12    28.44813        8.883341        112.5703        22.47348        92.74398      -0.4628476E-02
   15 s   13    26.88918        9.068259        110.2748        5.649133        242.1455      -0.7735562E-05
   15 s   14    25.55143        9.255411        108.0449        10.10545        332.6493      -0.3730359E-06
   15 s   15    24.70629        9.566470        104.5318        13.95578        518.9786       0.7762526E-04
   15 s   16    24.08456        9.927391        100.7314        14.64204        576.6109       0.1213566E-03
   15 s   17    23.49960        10.27332        97.33948        10.28396        358.8295       0.3002562E-05
   15 s   18    22.63397        10.46032        95.59936        7.049203        278.6886       0.3392161E-03
   15 s   19    21.87543        10.65623        93.84178        8.754363        327.5388       0.6470449E-03
   15 s   20    21.28526        10.90047        91.73914        10.58516        415.1482       0.9013261E-03
   15 s   21    20.80692        11.17529        89.48313        11.05909        464.6360       0.9189107E-03
   15 s   22    20.35741        11.44241        87.39416        10.04914        420.1473       0.7183027E-03
   15 s   23    19.88410        11.67310        85.66703        8.354789        347.6857       0.4508138E-03
   15 s   24    19.38511        11.86443        84.28554        7.040901        302.8569       0.2618953E-03
   15 s   25    18.88664        12.03116        83.11753        6.375095        282.1522       0.1628732E-03
   15 s   26    18.40983        12.18732        82.05251        6.167868        274.4203       0.1128260E-03
   16 s    1    143.6501        5.382818        185.7763        18.01517        511.5150       0.8350246E-03
   16 s    2    94.39275        5.895100        169.6324        25.28250        99.70846       0.1293147E-03
   16 s    3    74.17063        6.485038        154.2011        3.153942        212.2990       0.1113607E-03
   16 s    4    58.67525        6.595990        151.6073        7.294407        295.0537      -0.3179452E-03
   16 s    5    49.87599        6.852779        145.9262        12.01977        571.0924      -0.8755444E-03
   16 s    6    44.09819        7.160554        139.6540        12.32287        649.1289       0.9497248E-04
   16 s    7    40.03779        7.501427        133.3080        21.66283        106.1617      -0.3406957E-03
   16 s    8    37.08298        7.874194        126.9971        11.91572        490.7088       0.7434491E-03
   16 s    9    34.50014        8.187606        122.1358        12.91661        690.7600       0.1324640E-03
   16 s   10    32.43724        8.508358        117.5315        12.59290        678.7559      -0.7162787E-03
   16 s   11    30.58051        8.785269        113.8269        8.628339        361.7431      -0.7507580E-03
   16 s   12    28.63260        8.940944        111.8450        4.977722        241.3836      -0.1402276E-03
   16 s   13    27.99208        9.440205        105.9299        22.18998        92.30104      -0.4651573E-02
   16 s   14    27.11862        9.823090        101.8010        9.176072        383.9328      -0.7534037E-03
   16 s   15    25.87754        10.01999        99.80052        6.601689        286.4156      -0.1263248E-03
   16 s   16    24.67948        10.17261        98.30317        5.893696        261.5507       0.1622922E-03
   16 s   17    23.66673        10.34639        96.65208        10.36860        359.6910       0.4455652E-03
   16 s   18    23.11249        10.68147        93.62009        14.11191        561.2302       0.2700067E-03
   16 s   19    22.63838        11.02789        90.67916        13.50644        546.1793       0.2051027E-03
   16 s   20    22.17314        11.35517        88.06562        12.64980        518.1709       0.1756273E-03
   16 s   21    21.70916        11.65988        85.76420        11.68475        484.2280       0.2108542E-03
   16 s   22    21.23757        11.93713        83.77223        10.46990        437.2291       0.4380065E-03
   16 s   23    20.77244        12.19461        82.00344        10.33116        441.8849       0.6796081E-03
   16 s   24    20.35148        12.45589        80.28333        10.38402        447.4489       0.6355507E-03
   16 s   25    19.94750        12.70695        78.69710        9.540753        394.3753       0.4490170E-03
   16 s   26    19.53216        12.93030        77.33770        8.289501        333.4765       0.2869470E-03
   17 s    1    164.8007        6.175367        161.9337        14.75590        726.9753      -0.6803854E-03
   17 s    2    102.9770        6.431212        155.4917        2.953704        233.7470      -0.1155282E-03
   17 s    3    74.95611        6.553716        152.5852        25.93519        92.02701      -0.2053693E-04
   17 s    4    64.11577        7.207587        138.7427        13.45159        776.0786       0.1169631E-02
   17 s    5    54.20655        7.447782        134.2682        5.252323        320.7799      -0.2581445E-03
   17 s    6    46.43833        7.540540        132.6165        3.288461        252.7739      -0.1961125E-03
   17 s    7    40.83001        7.649856        130.7214        6.793735        264.4220       0.3351895E-03
   17 s    8    38.32368        8.137643        122.8857        25.34867        92.47054      -0.7151550E-03
   17 s    9    36.89567        8.756117        114.2059        6.295003        183.1487      -0.6481171E-04
   17 s   10    33.71280        8.842941        113.0846        3.919475        225.3540       0.1436340E-04
   17 s   11    31.27081        8.983581        111.3142        8.367206        326.4242      -0.6754934E-03
   17 s   12    29.63889        9.255171        108.0477        12.31165        591.2206      -0.1570511E-02
   17 s   13    28.34606        9.559584        104.6071        11.76881        555.1764      -0.1450853E-02
   17 s   14    27.58088        9.990533        100.0948        21.94676        91.87089      -0.4644283E-02
   17 s   15    27.14940        10.51246        95.12518        11.38601        441.0869      -0.1053733E-02
   17 s   16    26.21803        10.80679        92.53446        11.97578        496.4320      -0.6479953E-03
   17 s   17    25.37951        11.09517        90.12933        10.78212        438.3364      -0.1183315E-03
   17 s   18    24.50740        11.32613        88.29142        7.631540        324.2402       0.2544002E-03
   17 s   19    23.59398        11.49340        87.00648        6.130311        284.6890       0.3365536E-03
   17 s   20    22.74166        11.64631        85.86408        6.245849        283.7660       0.3680006E-03
   17 s   21    21.99639        11.81415        84.64426        7.318179        306.1127       0.4011349E-03
   17 s   22    21.38981        12.02270        83.17598        9.455099        371.4013       0.3126897E-03
   17 s   23    20.91683        12.27937        81.43739        10.75929        436.4208       0.1860508E-03
   17 s   24    20.50993        12.55286        79.66311        11.05105        463.0030       0.2004558E-03
   17 s   25    20.14114        12.83030        77.94050        11.08207        475.7292       0.2196852E-03
   17 s   26    19.79564        13.10473        76.30833        10.82647        464.1346       0.1698051E-03
   18 s    1    171.7562        6.436004        155.3759        1.003681        208.3452       0.5529685E-05
   18 s    2    104.9985        6.557457        152.4981        11.59477        517.1411      -0.7874621E-03
   18 s    3    78.62060        6.874117        145.4732        13.22786        734.4514       0.5419634E-03
   18 s    4    64.21143        7.218341        138.5360        26.03684        89.71596       0.9480999E-05
   18 s    5    55.99886        7.694040        129.9707        12.09078        409.6443       0.3339668E-03
   18 s    6    49.53281        8.043014        124.3315        14.84025        698.2399      -0.1434590E-02
   18 s    7    44.89974        8.412355        118.8728        14.27044        696.9107      -0.1715119E-02
   18 s    8    40.84900        8.673869        115.2888        4.867134        246.3854      -0.6571516E-04
   18 s    9    36.98650        8.777672        113.9254        22.18095        99.82629      -0.7668218E-03
   18 s   10    35.86420        9.407258        106.3009        24.75420        96.15963      -0.1035348E-02
   18 s   11    33.89633        9.737849        102.6921        8.997600        410.3776       0.3960697E-03
   18 s   12    31.76536        9.919193        100.8147        5.964639        270.2599      -0.1764664E-03
   18 s   13    29.85408        10.06816        99.32303        6.331931        263.8400      -0.5743803E-03
   18 s   14    28.31303        10.25574        97.50639        8.969506        328.2611      -0.1002039E-02
   18 s   15    27.20833        10.53528        94.91916        21.73366        91.50199      -0.4613615E-02
   18 s   16    26.86923        11.07520        90.29180        21.55835        91.09815      -0.4571153E-02
   18 s   17    26.02371        11.37679        87.89826        7.417466        313.2322      -0.9015002E-05
   18 s   18    25.10560        11.60259        86.18767        10.83374        401.7155      -0.7550945E-05
   18 s   19    24.43769        11.90439        84.00260        12.91641        483.4471       0.1844286E-03
   18 s   20    23.88554        12.23211        81.75202        12.96455        473.3492       0.3887953E-03
   18 s   21    23.33259        12.53181        79.79690        10.52655        376.0596       0.5429464E-03
   18 s   22    22.69091        12.75402        78.40668        7.539007        302.8041       0.5417906E-03
   18 s   23    22.02387        12.92927        77.34388        6.728904        288.2135       0.5075096E-03
   18 s   24    21.40621        13.10142        76.32761        7.141364        300.6011       0.5251260E-03
   18 s   25    20.86783        13.29321        75.22635        8.241215        337.4643       0.5842534E-03
   18 s   26    20.41747        13.51638        73.98431        9.532107        397.7208       0.6285476E-03
   19 s    1    176.8080        6.625301        150.9365        31.17625        86.09524      -0.8372670E-05
   19 s    2    117.0751        7.311677        136.7675        17.21610        242.7370       0.7348998E-03
   19 s    3    85.30111        7.458221        134.0802        1.856485        240.0074      -0.2588404E-03
   19 s    4    66.84687        7.514604        133.0742        3.339307        241.7576       0.2081811E-03
   19 s    5    57.33076        7.877037        126.9513        25.88424        90.86606      -0.2226874E-04
   19 s    6    52.45763        8.517939        117.3993        25.15320        90.92231      -0.5503315E-04
   19 s    7    46.32201        8.678830        115.2229        2.861010        219.9563      -0.1142424E-03
   19 s    8    41.65212        8.844404        113.0658        12.02441        531.6246      -0.7108422E-03
   19 s    9    38.64789        9.171954        109.0280        13.03799        714.9330       0.3524410E-03
   19 s   10    36.14974        9.482155        105.4613        12.03362        477.8021       0.7199615E-03
   19 s   11    34.66096        9.957513        100.4267        5.868095        273.6763       0.8439379E-04
   19 s   12    32.52404        10.15610        98.46297        9.460086        455.8560       0.4067325E-04
   19 s   13    30.87149        10.41127        96.04973        10.75101        589.2407      -0.3465319E-03
   19 s   14    29.50224        10.68650        93.57602        11.26158        639.9893      -0.7114694E-03
   19 s   15    28.32044        10.96590        91.19181        10.86184        573.9649      -0.7580480E-03
   19 s   16    27.17202        11.20001        89.28563        7.602837        348.0283      -0.1499863E-03
   19 s   17    26.55946        11.61101        86.12518        21.40218        90.74283      -0.4516295E-02
   19 s   18    26.05120        12.03960        83.05925        13.59738        788.0804      -0.1141974E-02
   19 s   19    25.38265        12.36472        80.87528        12.07707        595.5119      -0.4478888E-03
   19 s   20    24.65485        12.62608        79.20112        9.123378        382.2923       0.4786815E-04
   19 s   21    23.94463        12.86054        77.75723        10.43687        387.2834       0.1437087E-04
   19 s   22    23.41524        13.16114        75.98125        13.31743        483.3784       0.1140810E-04
   19 s   23    23.00481        13.50514        74.04588        13.77550        501.5593       0.1534432E-04
   19 s   24    22.55628        13.80531        72.43590        8.727975        308.5698       0.1373501E-03
   19 s   25    21.94841        13.98156        71.52276        6.385370        263.9903       0.3316000E-03
   19 s   26    21.36249        14.14198        70.71146        6.538163        269.0896       0.3557881E-03
   20 s    1    185.5695        6.953612        143.8102        16.63642        821.4469       0.1867495E-02
   20 s    2    118.9338        7.427757        134.6301        19.37571        120.3488      -0.1856087E-03
   20 s    3    88.94059        7.776436        128.5936        15.11797        613.4260      -0.2415800E-02
   20 s    4    72.59334        8.160595        122.5401        15.67493        845.4017      -0.2779754E-02
   20 s    5    62.14054        8.537884        117.1250        12.25077        477.3345       0.3684931E-03
   20 s    6    53.11664        8.624949        115.9427        1.939481        207.2523       0.3271211E-04
   20 s    7    48.74926        9.133596        109.4859        22.29471        112.5540       0.1294243E-03
   20 s    8    44.81661        9.516351        105.0823        12.97339        720.0665      -0.9476597E-03
   20 s    9    41.16829        9.770099        102.3531        2.654301        212.2660      -0.6627918E-05
   20 s   10    37.53652        9.845909        101.5650        3.516749        223.9104       0.4863103E-05
   20 s   11    34.95150        10.04098        99.59185        24.98418        92.26330      -0.1228376E-02
   20 s   12    34.15186        10.66441        93.76982        24.80041        92.25506      -0.1367234E-02
   20 s   13    32.54094        10.97429        91.12207        4.311677        262.1883       0.9030087E-04
   20 s   14    30.58816        11.07985        90.25394        4.342645        256.7588      -0.1120872E-03
   20 s   15    28.92966        11.20179        89.27141        5.808336        281.0374      -0.5027145E-03
   20 s   16    27.65813        11.40038        87.71638        10.55030        458.4893      -0.1365762E-02
   20 s   17    26.77023        11.70315        85.44711        13.20684        723.4090      -0.1523174E-02
   20 s   18    26.27543        12.14323        82.35044        21.26572        90.40670      -0.4454420E-02
   20 s   19    26.00111        12.66599        78.95160        7.502148        306.6478      -0.5654264E-03
   20 s   20    25.19557        12.90300        77.50138        11.33355        443.8074      -0.4863168E-03
   20 s   21    24.57571        13.19949        75.76052        11.78609        475.7486       0.1343762E-03
   20 s   22    23.96410        13.46965        74.24100        9.598753        366.5052       0.6004152E-03
   20 s   23    23.30753        13.68285        73.08417        7.745090        304.3474       0.6972337E-03
   20 s   24    22.71688        13.90360        71.92382        11.42342        422.9169       0.5153283E-03
   20 s   25    22.31754        14.21671        70.33976        12.57899        497.0858       0.2708054E-03
   20 s   26    21.92922        14.51716        68.88400        11.34901        449.5306       0.2423195E-03
