    0 s    2    4.956422       0.3095428        3230.571        6.575688        507.9959      -0.1727957E-01
    0 s    3    5.369993       0.4695202        2129.834        6.779374        416.7193      -0.1269924E-01
    0 s    4    5.759967       0.6475079        1544.383        7.511068        373.3852      -0.8868019E-02
    0 s    5    6.109956       0.8394856        1191.206        7.842927        355.9941      -0.5725152E-02
    0 s    6    6.377053        1.035490        965.7264        7.814260        347.7140      -0.3313518E-02
    0 s    7    6.548578        1.226933        815.0405        7.459614        342.1343      -0.1556040E-02
    0 s    8    6.621194        1.405943        711.2664        6.825010        336.9403      -0.4662011E-03
    0 s    9    6.605416        1.567604        637.9163        6.114000        331.7838      -0.4947162E-05
    0 s   10    6.531576        1.713246        583.6872        5.569875        326.7044       0.8479139E-04
    0 s   11    6.432672        1.847999        541.1258        5.235423        321.3473       0.6247105E-04
    0 s   12    6.328656        1.976214        506.0180        5.033645        315.3721       0.3300547E-04
    0 s   13    6.227784        2.100293        476.1241        4.896351        308.6575       0.1524680E-04
    0 s   14    6.132448        2.221337        450.1793        4.786900        301.2342       0.6545267E-05
    0 s   15    6.042770        2.339808        427.3854        4.688694        293.2165       0.2677121E-05
    0 s   16    5.958167        2.455891        407.1842        4.594945        284.7630       0.1056023E-05
    0 s   17    5.877942        2.569661        389.1564        4.503259        276.0501       0.4045076E-06
    0 s   18    5.801480        2.681162        372.9726        4.413112        267.2515       0.1511614E-06
    0 s   19    5.728283        2.790433        358.3673        4.324728        258.5243       0.5534540E-07
    0 s   20    5.657973        2.897525        345.1221        4.238591        250.0000       0.1996833E-07
    0 s   21    5.590263        3.002502        333.0556        4.155244        241.7814       0.7177243E-08
    0 s   22    5.524943        3.105438        322.0158        4.075205        233.9421       0.2578162E-08
    0 s   23    5.461858        3.206423        311.8740        3.998932        226.5303       0.9078808E-09
    0 s   24    5.400896        3.305555        302.5210        3.926810        219.5715       0.3152119E-09
    0 s   25    5.341977        3.402943        293.8633        3.859151        213.0740       0.1732838E-09
    0 s   26    5.285042        3.498701        285.8204        3.796187        207.0325       0.1444224E-09
    1 s    2    10.79178       0.6739776        1483.729        10.83691        306.9858      -0.1796001E-02
    1 s    3    10.63988       0.9302875        1074.936        9.697027        284.3327      -0.7116431E-03
    1 s    4    10.28380        1.156055        865.0104        8.299510        280.1501      -0.9564641E-03
    1 s    5    9.752270        1.339926        746.3097        6.397718        307.5295      -0.1933925E-02
    1 s    6    9.128257        1.482224        674.6620        5.277252        345.6391      -0.2737019E-02
    1 s    7    8.614335        1.613970        619.5901        5.444468        362.9203      -0.2671568E-02
    1 s    8    8.283711        1.758962        568.5172        6.224052        369.5696      -0.1946268E-02
    1 s    9    8.116274        1.926162        519.1671        7.127402        372.7306      -0.7398013E-03
    1 s   10    8.059783        2.114098        473.0149        7.825951        374.1346       0.6560970E-03
    1 s   11    8.062875        2.316329        431.7175        8.256332        374.2741       0.1982280E-02
    1 s   12    8.092446        2.526983        395.7288        8.494831        372.7733       0.3139080E-02
    1 s   13    8.131022        2.742151        364.6772        8.608419        367.4723       0.4093246E-02
    1 s   14    8.168629        2.958896        337.9639        8.600253        350.4412       0.4737646E-02
    1 s   15    8.192179        3.172077        315.2509        8.227857        289.9746       0.4385149E-02
    1 s   16    8.156815        3.362150        297.4287        6.804455        188.2492       0.1467831E-02
    1 s   17    8.055951        3.521822        283.9440        6.106502        164.0144       0.2625002E-03
    1 s   18    7.945065        3.671823        272.3443        5.904684        159.3628       0.6628726E-04
    1 s   19    7.838171        3.818228        261.9016        5.799381        157.5214       0.2085507E-04
    1 s   20    7.737421        3.962439        252.3698        5.725198        156.4839       0.7338196E-05
    1 s   21    7.642975        4.105002        243.6052        5.666349        155.8281       0.2742222E-05
    1 s   22    7.554534        4.246222        235.5035        5.617228        155.4136       0.1059936E-05
    1 s   23    7.471684        4.386306        227.9823        5.575234        155.1731       0.4176230E-06
    1 s   24    7.394000        4.525412        220.9744        5.538916        155.0636       0.1663015E-06
    1 s   25    7.321078        4.663669        214.4234        5.507350        155.0525       0.6657082E-07
    1 s   26    7.252546        4.801190        208.2817        5.479883        155.1127       0.2669177E-07
    2 s    1    10.68900       0.4005354        2496.658        13.00696        386.3369      -0.2730846E-03
    2 s    2    14.98212       0.9356765        1068.745        20.14440        96.92530      -0.3615909E-01
    2 s    3    14.13006        1.235448        809.4228        6.180829        400.3751      -0.3148494E-02
    2 s    4    12.22645        1.374439        727.5695        5.457432        355.9316      -0.2306641E-02
    2 s    5    11.06307        1.520025        657.8838        6.430389        283.0283      -0.1665742E-02
    2 s    6    10.43303        1.694090        590.2875        7.357107        236.0243      -0.8027122E-03
    2 s    7    10.03900        1.880893        531.6624        7.501744        214.1567      -0.3894606E-03
    2 s    8    9.734575        2.067038        483.7841        7.358520        201.1741      -0.1985001E-03
    2 s    9    9.474786        2.248566        444.7280        7.146407        191.8955      -0.8619527E-04
    2 s   10    9.243865        2.424685        412.4246        6.929058        184.8074      -0.2074146E-05
    2 s   11    9.034885        2.595571        385.2716        6.728085        179.3575       0.7635219E-04
    2 s   12    8.844349        2.761776        362.0859        6.554315        175.3724       0.1678452E-03
    2 s   13    8.670618        2.924128        341.9823        6.420713        173.1040       0.3087978E-03
    2 s   14    8.514182        3.084064        324.2474        6.370606        174.3081       0.6271714E-03
    2 s   15    8.383308        3.246083        308.0636        6.669776        191.6922       0.1826801E-02
    2 s   16    8.320230        3.429508        291.5870        8.017409        293.1294       0.5502487E-02
    2 s   17    8.329962        3.641611        274.6037        8.642714        374.4762       0.7391069E-02
    2 s   18    8.355976        3.861726        258.9516        8.775135        395.8658       0.8189455E-02
    2 s   19    8.383489        4.083870        244.8658        8.815316        403.6536       0.8767854E-02
    2 s   20    8.409732        4.306739        232.1943        8.828455        407.7230       0.9250210E-02
    2 s   21    8.434009        4.529863        220.7573        8.829172        410.0706       0.9658241E-02
    2 s   22    8.456076        4.752958        210.3953        8.819245        410.5043       0.9978504E-02
    2 s   23    8.475467        4.975583        200.9815        8.779858        404.7547       0.1008552E-01
    2 s   24    8.486856        5.194281        192.5194        8.298718        332.2601       0.7785744E-02
    2 s   25    8.440471        5.376745        185.9861        6.701490        214.2664       0.4064294E-03
    2 s   26    8.372727        5.542750        180.4158        6.601327        209.2266       0.5200118E-04
    3 s    1    25.05198       0.9387412        1065.256        6.037687        792.8193      -0.2500222E-02
    3 s    2    17.62602        1.100796        908.4334        6.949781        356.8853      -0.1325644E-02
    3 s    3    16.08126        1.406050        711.2123        17.19443        90.46445      -0.1799362E-01
    3 s    4    16.16272        1.816935        550.3774        16.81075        88.76693      -0.1119790E-01
    3 s    5    16.15305        2.219370        450.5784        16.56475        88.32841      -0.6580011E-02
    3 s    6    15.63889        2.539404        393.7931        5.374594        273.5031      -0.5666335E-03
    3 s    7    14.25340        2.670497        374.4621        5.149823        265.5933      -0.5142450E-03
    3 s    8    13.17419        2.797406        357.4741        5.037032        259.1047      -0.4066776E-03
    3 s    9    12.31841        2.923416        342.0655        5.067094        254.0613      -0.2625428E-03
    3 s   10    11.63436        3.051717        327.6844        5.205514        249.8402      -0.1197498E-03
    3 s   11    11.08436        3.184351        314.0357        5.401692        245.9743      -0.6719244E-06
    3 s   12    10.63905        3.322196        301.0057        5.614241        242.2281       0.8654773E-04
    3 s   13    10.27524        3.465281        288.5769        5.816177        238.5430       0.1427842E-03
    3 s   14    9.974767        3.613128        276.7685        5.993083        234.9589       0.1734844E-03
    3 s   15    9.723519        3.765023        265.6026        6.139628        231.5486       0.1856244E-03
    3 s   16    9.510689        3.920202        255.0889        6.256197        228.3783       0.1859377E-03
    3 s   17    9.328065        4.077952        245.2211        6.346217        225.4907       0.1801360E-03
    3 s   18    9.169434        4.237667        235.9789        6.414311        222.9054       0.1728399E-03
    3 s   19    9.030104        4.398858        227.3318        6.465227        220.6268       0.1680510E-03
    3 s   20    8.906525        4.561153        219.2428        6.503374        218.6604       0.1703381E-03
    3 s   21    8.796008        4.724290        211.6720        6.533037        217.0451       0.1880726E-03
    3 s   22    8.696565        4.888130        204.5772        6.560283        215.9767       0.2462301E-03
    3 s   23    8.607060        5.052836        197.9087        6.608065        216.6812       0.4755659E-03
    3 s   24    8.531606        5.221670        191.5096        7.090713        244.1786       0.3057216E-02
    3 s   25    8.519037        5.426792        184.2709        8.685657        407.2058       0.1073139E-01
    3 s   26    8.532188        5.648314        177.0440        8.779351        423.4389       0.1133479E-01
    4 s    1    37.25447        1.395990        716.3377        11.92745        376.4491      -0.6872750E-03
    4 s    2    27.41377        1.712069        584.0885        13.11297        465.8164      -0.4849435E-03
    4 s    3    23.39626        2.045629        488.8471        13.51618        515.0826      -0.2253539E-03
    4 s    4    20.20838        2.271729        440.1934        5.076622        291.3814      -0.5168893E-03
    4 s    5    17.49863        2.404248        415.9305        5.458541        282.7640      -0.4808304E-03
    4 s    6    16.12642        2.618568        381.8881        16.44449        88.09282      -0.3671366E-02
    4 s    7    16.09718        3.015946        331.5709        16.39109        87.98122      -0.1915008E-02
    4 s    8    16.06927        3.412146        293.0707        16.32644        87.98670      -0.7967424E-03
    4 s    9    15.49645        3.677632        271.9141        6.305984        318.6023      -0.2268195E-03
    4 s   10    14.59629        3.828638        261.1895        5.842272        291.4785      -0.1764642E-03
    4 s   11    13.82547        3.971825        251.7734        5.640650        276.7405      -0.1007794E-03
    4 s   12    13.16814        4.111941        243.1942        5.580514        267.6653      -0.2245347E-04
    4 s   13    12.60746        4.251812        235.1938        5.611287        261.7107       0.4528585E-04
    4 s   14    12.12843        4.393241        227.6224        5.698137        257.6384       0.9642839E-04
    4 s   15    11.71789        4.537258        220.3974        5.813448        254.7304       0.1296723E-03
    4 s   16    11.36442        4.684288        213.4796        5.935872        252.5284       0.1464382E-03
    4 s   17    11.05816        4.834297        206.8553        6.049900        250.7265       0.1495573E-03
    4 s   18    10.79069        4.986933        200.5241        6.145248        249.1195       0.1424399E-03
    4 s   19    10.55492        5.141647        194.4902        6.216217        247.5759       0.1285332E-03
    4 s   20    10.34497        5.297800        188.7576        6.261089        246.0229       0.1109568E-03
    4 s   21    10.15604        5.454755        183.3263        6.281495        244.4354       0.9227066E-04
    4 s   22    9.984323        5.611949        178.1912        6.281664        242.8251       0.7435784E-04
    4 s   23    9.826893        5.768948        173.3418        6.267483        241.2283       0.5841247E-04
    4 s   24    9.681544        5.925476        168.7628        6.245408        239.6920       0.4501682E-04
    4 s   25    9.546667        6.081413        164.4355        6.221427        238.2610       0.3428031E-04
    4 s   26    9.421102        6.236775        160.3393        6.200281        236.9693       0.2600379E-04
    5 s    1    45.34351        1.699100        588.5469        31.65117        90.34782      -0.1325205E-03
    5 s    2    33.22260        2.074848        481.9631        2.939212        333.4303      -0.1540700E-02
    5 s    3    24.68092        2.157953        463.4022        3.972808        305.0143      -0.8061196E-03
    5 s    4    21.20583        2.383858        419.4881        13.46711        558.1938      -0.9536022E-04
    5 s    5    19.75816        2.714700        368.3649        12.92520        570.9460      -0.6542884E-04
    5 s    6    18.62917        3.024958        330.5831        11.78545        566.2273      -0.7391943E-04
    5 s    7    17.59053        3.295738        303.4222        9.716962        494.5926      -0.1360524E-03
    5 s    8    16.52142        3.508156        285.0500        7.435135        378.8490      -0.2172142E-03
    5 s    9    16.04150        3.806985        262.6751        16.25791        88.02456      -0.8475554E-04
    5 s   10    16.01324        4.200307        238.0778        16.18692        88.07715       0.3710569E-03
    5 s   11    15.85891        4.555999        219.4908        10.03441        430.6986      -0.3741567E-04
    5 s   12    15.35988        4.796345        208.4921        9.077294        425.2707      -0.3619633E-04
    5 s   13    14.83920        5.004457        199.8219        7.532336        369.8342      -0.2261079E-04
    5 s   14    14.29047        5.176392        193.1848        6.342176        315.2255       0.1695347E-04
    5 s   15    13.75781        5.327132        187.7183        5.785089        286.7863       0.6133117E-04
    5 s   16    13.26697        5.468502        182.8654        5.548470        272.1853       0.9596496E-04
    5 s   17    12.82364        5.606115        178.3767        5.467614        264.0575       0.1182776E-03
    5 s   18    12.42653        5.742940        174.1268        5.478586        259.4476       0.1296032E-03
    5 s   19    12.07239        5.880856        170.0433        5.551365        257.0306       0.1322115E-03
    5 s   20    11.75747        6.021159        166.0810        5.667461        256.0991       0.1283494E-03
    5 s   21    11.47795        6.164749        162.2126        5.812742        256.2047       0.1199506E-03
    5 s   22    11.23015        6.312199        158.4234        5.974981        257.0187       0.1086032E-03
    5 s   23    11.01050        6.463793        154.7079        6.143164        258.2742       0.9560010E-04
    5 s   24    10.81559        6.619557        151.0675        6.307587        259.7437       0.8199277E-04
    5 s   25    10.64221        6.779292        147.5080        6.460259        261.2335       0.6861852E-04
    5 s   26    10.48734        6.942627        144.0377        6.595240        262.5847       0.5610586E-04
    6 s    1    52.24567        1.957736        510.7941        9.130005        672.9468      -0.2977283E-02
    6 s    2    39.19251        2.447685        408.5492        24.45226        110.4169      -0.7690982E-03
    6 s    3    32.11517        2.807959        356.1305        12.27485        448.0022      -0.3681726E-02
    6 s    4    27.30619        3.069631        325.7720        8.385335        329.1956      -0.2467816E-02
    6 s    5    23.55727        3.236683        308.9583        5.779754        262.0942      -0.1016015E-02
    6 s    6    20.82889        3.382144        295.6705        6.194594        253.1391      -0.4952076E-03
    6 s    7    18.98095        3.556246        281.1954        7.936477        268.0052      -0.2787170E-03
    6 s    8    17.80245        3.780169        264.5385        9.828886        317.1371      -0.1366963E-03
    6 s    9    17.00823        4.036410        247.7449        10.49463        370.1855      -0.7000944E-04
    6 s   10    16.38995        4.299118        232.6059        10.45287        407.5599      -0.4518002E-04
    6 s   11    15.98438        4.592044        217.7679        16.11641        88.13157       0.6650720E-03
    6 s   12    15.95511        4.982212        200.7141        16.04913        88.18147       0.8554801E-03
    6 s   13    15.48204        5.221250        191.5250        8.467602        276.0154      -0.3015909E-04
    6 s   14    15.03501        5.446082        183.6182        9.385300        313.1555      -0.2081852E-05
    6 s   15    14.68242        5.685150        175.8969        9.654682        342.4926       0.8504614E-05
    6 s   16    14.37704        5.926058        168.7463        9.569226        359.9889       0.1687105E-04
    6 s   17    14.09456        6.161722        162.2923        9.239416        366.3315       0.2985884E-04
    6 s   18    13.81817        6.386087        156.5904        8.664111        359.4376       0.5317042E-04
    6 s   19    13.53569        6.593676        151.6605        7.927783        339.5844       0.8797989E-04
    6 s   20    13.24626        6.783589        147.4146        7.293268        316.6068       0.1229831E-03
    6 s   21    12.96005        6.960776        143.6621        6.910274        299.0443       0.1454860E-03
    6 s   22    12.68690        7.131003        140.2327        6.718635        287.1176       0.1533942E-03
    6 s   23    12.43121        7.297833        137.0270        6.625865        278.6010       0.1499631E-03
    6 s   24    12.19358        7.462941        133.9954        6.574445        271.8607       0.1388731E-03
    6 s   25    11.97285        7.626941        131.1142        6.534566        265.9964       0.1231694E-03
    6 s   26    11.76724        7.789920        128.3710        6.491867        260.5603       0.1052634E-03
    7 s    1    59.03465        2.212131        452.0528        6.974112        256.6341      -0.9451980E-03
    7 s    2    40.17482        2.509033        398.5599        18.07480        233.8028      -0.2690006E-02
    7 s    3    36.27163        3.171376        315.3206        25.84814        95.48775      -0.5114144E-03
    7 s    4    30.06310        3.379549        295.8974        8.506002        343.9892      -0.1154979E-02
    7 s    5    26.51925        3.643649        274.4501        11.94308        496.1701      -0.1969012E-02
    7 s    6    24.28097        3.942684        253.6343        11.60706        490.1203      -0.1793378E-02
    7 s    7    22.42174        4.200906        238.0439        8.929216        372.9690      -0.1229070E-02
    7 s    8    20.68423        4.392087        227.6822        6.746512        298.5157      -0.6983239E-03
    7 s    9    19.17286        4.550122        219.7743        6.113152        271.4101      -0.4228655E-03
    7 s   10    17.92559        4.701921        212.6790        6.114796        259.1725      -0.2808224E-03
    7 s   11    16.90909        4.857698        205.8588        6.411159        252.1604      -0.1816659E-03
    7 s   12    16.09570        5.026116        198.9608        7.170855        253.4485      -0.9491177E-04
    7 s   13    15.92576        5.370893        186.1888        15.98687        88.22371       0.9791180E-03
    7 s   14    15.89670        5.758209        173.6651        15.93060        88.25693       0.1059454E-02
    7 s   15    15.86823        6.144306        162.7523        15.88065        88.28079       0.1111603E-02
    7 s   16    15.35407        6.328781        158.0083        6.170572        254.0104       0.4070642E-04
    7 s   17    14.84134        6.488194        154.1261        6.596331        256.2795       0.8278286E-04
    7 s   18    14.41191        6.660486        150.1392        7.204871        262.7977       0.1026010E-03
    7 s   19    14.06158        6.849855        145.9885        7.932092        275.7873       0.9884532E-04
    7 s   20    13.77858        7.056202        141.7193        8.518831        292.4500       0.8352774E-04
    7 s   21    13.54238        7.273544        137.4846        8.809819        306.3354       0.7093357E-04
    7 s   22    13.33427        7.494874        133.4245        8.853989        314.2696       0.6539577E-04
    7 s   23    13.14194        7.715072        129.6164        8.730279        316.1525       0.6620746E-04
    7 s   24    12.95769        7.930604        126.0938        8.486941        312.6384       0.7205638E-04
    7 s   25    12.77660        8.138946        122.8660        8.161576        304.7277       0.8132715E-04
    7 s   26    12.59614        8.338654        119.9234        7.805940        294.2127       0.9140357E-04
    8 s    1    76.51014        2.866967        348.8006        14.76700        931.1491      -0.5628726E-02
    8 s    2    50.74989        3.169477        315.5095        2.237733        219.2006      -0.2852572E-03
    8 s    3    37.02085        3.236883        308.9392        4.782216        233.9470      -0.2157795E-03
    8 s    4    33.86594        3.807046        262.6708        20.84068        148.0448      -0.1431680E-02
    8 s    5    30.21955        4.152056        240.8445        11.27886        632.5935      -0.2187149E-02
    8 s    6    27.04914        4.392171        227.6778        8.331095        357.1890      -0.5119407E-03
    8 s    7    24.63736        4.616024        216.6367        10.22746        360.7048      -0.1920227E-06
    8 s    8    23.09989        4.905027        203.8725        12.57873        456.3765      -0.5705089E-04
    8 s    9    22.02804        5.227716        191.2881        12.83997        546.9002      -0.2110189E-05
    8 s   10    20.87957        5.476755        182.5899        6.717884        336.8040      -0.7064033E-03
    8 s   11    19.58195        5.625566        177.7599        5.571553        280.3019      -0.4883802E-03
    8 s   12    18.44997        5.761270        173.5728        5.383787        264.1950      -0.2986011E-03
    8 s   13    17.48362        5.896273        169.5987        5.457472        257.6249      -0.1780777E-03
    8 s   14    16.66003        6.034707        165.7081        5.633478        254.8024      -0.8973377E-04
    8 s   15    15.95625        6.178386        161.8546        5.867141        253.7605      -0.1784383E-04
    8 s   16    15.84062        6.529332        153.1550        15.83686        88.29566       0.1145345E-02
    8 s   17    15.81405        6.913433        144.6459        15.79883        88.30225       0.1167039E-02
    8 s   18    15.78864        7.296743        137.0475        15.76597        88.30145       0.1180836E-02
    8 s   19    15.56324        7.581361        131.9024        5.991509        257.4057       0.8890926E-04
    8 s   20    15.09805        7.731920        129.3340        6.045438        252.1948       0.1219416E-03
    8 s   21    14.67959        7.884330        126.8339        6.138526        248.3394       0.1440626E-03
    8 s   22    14.30350        8.039652        124.3835        6.279583        245.8793       0.1555701E-03
    8 s   23    13.96667        8.199235        121.9626        6.481530        245.1099       0.1569292E-03
    8 s   24    13.66700        8.364726        119.5496        6.753261        246.4680       0.1490048E-03
    8 s   25    13.40275        8.537811        117.1260        7.086431        250.2992       0.1335638E-03
    8 s   26    13.17161        8.719611        114.6840        7.442808        256.4225       0.1137675E-03
    9 s    1    83.95694        3.146012        317.8627       0.6812330        212.2305      -0.5660051E-06
    9 s    2    51.67110        3.227009        309.8844        13.21749        1019.529      -0.2665789E-02
    9 s    3    40.69820        3.558408        281.0245        13.09037        771.4116      -0.1890957E-02
    9 s    4    34.68947        3.899624        256.4350        17.15856        190.7615      -0.1454305E-02
    9 s    5    31.75825        4.363468        229.1755        5.874287        243.0084      -0.7765946E-03
    9 s    6    28.06366        4.556907        219.4471        10.05967        424.5712      -0.2781814E-02
    9 s    7    25.76803        4.827864        207.1309        11.19857        560.2614      -0.3397855E-02
    9 s    8    23.99138        5.094325        196.2968        10.07118        479.2347      -0.2924842E-02
    9 s    9    22.41967        5.320657        187.9467        8.342799        350.8243      -0.1982291E-02
    9 s   10    21.25848        5.576144        179.3354        12.67194        450.3571      -0.3995082E-03
    9 s   11    20.52307        5.895934        169.6084        12.69604        520.3635      -0.1338239E-03
    9 s   12    19.87667        6.206777        161.1142        12.14016        536.5491      -0.8556830E-04
    9 s   13    19.27215        6.499449        153.8592        11.17806        516.1671      -0.9085614E-04
    9 s   14    18.65454        6.757175        147.9908        9.267419        427.5776      -0.1323668E-03
    9 s   15    17.97699        6.960832        143.6610        7.202773        333.3998      -0.1347410E-03
    9 s   16    17.29227        7.127686        140.2980        6.315291        292.4224      -0.7609537E-04
    9 s   17    16.65602        7.281517        137.3340        6.045464        274.5347      -0.1085107E-04
    9 s   18    16.08063        7.431684        134.5590        5.980054        264.3755       0.4470927E-04
    9 s   19    15.76446        7.679383        130.2188        15.73764        88.29422       0.1189441E-02
    9 s   20    15.74154        8.061458        124.0470        15.71322        88.28151       0.1194622E-02
    9 s   21    15.71987        8.443061        118.4405        15.69209        88.26417       0.1197523E-02
    9 s   22    15.62934        8.784875        113.8320        5.865619        256.4201       0.1245373E-03
    9 s   23    15.21332        8.931088        111.9684        5.837173        250.4257       0.1525471E-03
    9 s   24    14.83220        9.077875        110.1579        5.898631        247.6886       0.1726343E-03
    9 s   25    14.48437        9.226824        108.3797        6.004629        246.6469       0.1858171E-03
    9 s   26    14.16730        9.378765        106.6238        6.135594        246.5929       0.1927899E-03
   10 s    1    87.59399        3.282299        304.6645        26.15303        84.10009      -0.2090702E-03
   10 s    2    62.52770        3.905036        256.0796        24.96458        83.13536      -0.9254195E-04
   10 s    3    47.98712        4.195708        238.3388        3.340882        249.2270      -0.1068330E-02
   10 s    4    37.97514        4.268983        234.2478        3.162792        231.3919      -0.2649806E-03
   10 s    5    32.63329        4.483696        223.0303        23.93683        95.29652      -0.8441504E-03
   10 s    6    31.32378        5.086278        196.6074        23.80750        93.64137      -0.9383546E-03
   10 s    7    29.32786        5.494828        181.9893        6.251594        278.9009      -0.1144596E-02
   10 s    8    26.63358        5.655370        176.8231        7.173069        288.1373      -0.1652481E-02
   10 s    9    24.70369        5.862703        170.5698        9.563941        350.9238      -0.2579019E-02
   10 s   10    23.33524        6.120883        163.3751        10.94985        421.9771      -0.3120212E-02
   10 s   11    22.23036        6.386411        156.5825        10.12926        406.4415      -0.2750559E-02
   10 s   12    21.17521        6.612266        151.2341        8.137342        334.9701      -0.1686363E-02
   10 s   13    20.16771        6.801471        147.0270        7.409423        301.0886      -0.8377187E-03
   10 s   14    19.31744        6.997293        142.9124        8.590185        319.1467      -0.3652963E-03
   10 s   15    18.68542        7.235143        138.2143        10.32431        386.0158      -0.1375637E-03
   10 s   16    18.20374        7.503384        133.2732        10.97884        442.8600      -0.6180289E-04
   10 s   17    17.79196        7.778117        128.5658        10.91476        467.2929      -0.3641844E-04
   10 s   18    17.40574        8.044086        124.3149        10.24060        451.6262      -0.2386877E-04
   10 s   19    17.00158        8.282022        120.7435        8.639172        377.9966      -0.3408464E-05
   10 s   20    16.54854        8.474733        117.9978        6.902343        303.1175       0.4011959E-04
   10 s   21    16.07860        8.635731        115.7980        6.106878        269.8235       0.8710136E-04
   10 s   22    15.69942        8.824269        113.3238        15.67372        88.24298       0.1198882E-02
   10 s   23    15.68015        9.205147        108.6349        15.65760        88.21859       0.1199161E-02
   10 s   24    15.66201        9.585751        104.3215        15.64333        88.19156       0.1198642E-02
   10 s   25    15.64493        9.966126        100.3399        15.63055        88.16233       0.1197484E-02
   10 s   26    15.35947        10.16798        98.34797        6.419965        267.7025       0.1263038E-03
   11 s    1    97.96404        3.670882        272.4141        14.32890        726.5759      -0.6101752E-02
   11 s    2    64.14839        4.006252        249.6099        12.30394        629.5703      -0.6787171E-02
   11 s    3    50.45898        4.411833        226.6632        12.66689        460.0052      -0.5160908E-02
   11 s    4    42.17274        4.740857        210.9323        13.30419        719.4209      -0.4036612E-02
   11 s    5    36.82888        5.060154        197.6225        12.18093        645.6500      -0.2428903E-02
   11 s    6    32.79604        5.325340        187.7814        8.739476        371.1614      -0.1338689E-02
   11 s    7    30.30931        5.678711        176.0963        23.02520        92.45271      -0.8251525E-03
   11 s    8    28.98778        6.155260        162.4627        12.42955        658.6479      -0.8637772E-03
   11 s    9    27.14490        6.442055        155.2300        9.849401        497.6781      -0.2623581E-03
   11 s   10    25.30678        6.638023        150.6473        6.796283        317.0205      -0.9815835E-04
   11 s   11    23.74182        6.820629        146.6141        8.262034        326.7557      -0.8819313E-03
   11 s   12    22.60247        7.057949        141.6842        10.70905        399.0825      -0.2024940E-02
   11 s   13    21.75840        7.337923        136.2783        11.49068        448.0492      -0.2567774E-02
   11 s   14    21.01297        7.611461        131.3808        10.30505        403.1255      -0.2228356E-02
   11 s   15    20.25150        7.841539        127.5260        8.234472        325.0056      -0.1395807E-02
   11 s   16    19.47167        8.026011        124.5949        6.772465        277.4544      -0.7090369E-03
   11 s   17    18.72715        8.186951        122.1456        6.287823        256.9824      -0.3288955E-03
   11 s   18    18.06114        8.346979        119.8038        6.687167        254.8979      -0.1313322E-03
   11 s   19    17.51130        8.530322        117.2289        8.152200        281.1144      -0.3254217E-04
   11 s   20    17.09859        8.756420        114.2019        9.807969        339.4565      -0.3697609E-06
   11 s   21    16.77985        9.012371        110.9586        10.52216        389.0803       0.5672597E-05
   11 s   22    16.50581        9.277518        107.7874        10.61417        414.1620       0.8774588E-05
   11 s   23    16.24987        9.539601        104.8262        10.26855        414.2702       0.1637356E-04
   11 s   24    15.98782        9.785161        102.1956        9.217796        374.9096       0.3954534E-04
   11 s   25    15.68928        9.994377        100.0563        7.507008        307.1676       0.8617202E-04
   11 s   26    15.62889        10.34634        96.65257        15.61888        88.13055       0.1196188E-02
   12 s    1    111.5453        4.179797        239.2461       0.8051142        217.8867      -0.7830519E-04
   12 s    2    67.53259        4.217606        237.1014        2.864577        234.9410      -0.7395219E-03
   12 s    3    51.87631        4.535756        220.4704        24.78984        85.50941      -0.2609692E-03
   12 s    4    45.85540        5.154844        193.9923        24.51288        84.05811      -0.1610403E-03
   12 s    5    39.74369        5.460638        183.1288        3.813720        238.2936      -0.2682318E-03
   12 s    6    34.49362        5.600988        178.5399        7.982113        332.4089      -0.6255784E-03
   12 s    7    31.24846        5.854670        170.8038        11.73212        545.2897      -0.8776738E-03
   12 s    8    29.44995        6.253397        159.9131        22.50360        91.72258      -0.7259216E-03
   12 s    9    27.87613        6.615591        151.1581        8.229860        323.6797      -0.1280962E-02
   12 s   10    26.24031        6.882890        145.2878        12.46668        535.9118      -0.1645113E-02
   12 s   11    25.08279        7.205866        138.7758        13.24587        636.9013      -0.1551441E-02
   12 s   12    24.13367        7.536086        132.6949        13.20524        658.9859      -0.1443496E-02
   12 s   13    23.30417        7.859229        127.2389        12.61777        648.0327      -0.1502737E-02
   12 s   14    22.49114        8.146894        122.7462        10.12881        466.2589      -0.2394039E-02
   12 s   15    21.66433        8.388600        119.2094        9.981909        407.7383      -0.3056175E-02
   12 s   16    20.96348        8.640918        115.7284        10.18785        419.8842      -0.3031741E-02
   12 s   17    20.31272        8.880114        112.6112        8.970359        368.4286      -0.2222091E-02
   12 s   18    19.65213        9.082261        110.1047        7.381629        307.8418      -0.1250204E-02
   12 s   19    18.99194        9.251594        108.0895        6.345249        272.9637      -0.6120208E-03
   12 s   20    18.36110        9.402973        106.3493        5.869698        255.7952      -0.2732000E-03
   12 s   21    17.77592        9.547357        104.7410        5.734998        247.3351      -0.9455100E-04
   12 s   22    17.24236        9.691517        103.1830        5.835168        243.8239       0.4596793E-05
   12 s   23    16.76443        9.841680        101.6087        6.239755        245.9108       0.5917535E-04
   12 s   24    16.35667        10.01091        99.89102        7.330685        263.6292       0.7616676E-04
   12 s   25    16.03633        10.21545        97.89089        9.012829        311.7179       0.5635864E-04
   12 s   26    15.79318        10.45510        95.64714        9.987002        361.5500       0.3648567E-04
   13 s    1    119.7329        4.486598        222.8860        15.44885        715.8896      -0.5109836E-02
   13 s    2    77.72634        4.854234        206.0057        14.19452        941.8254      -0.3424349E-02
   13 s    3    59.48579        5.201083        192.2676        13.63874        925.6108      -0.4689541E-02
   13 s    4    47.93821        5.388983        185.5638        2.293808        220.9256      -0.1927154E-03
   13 s    5    41.89808        5.756643        173.7123        22.15818        105.0811      -0.1326203E-02
   13 s    6    37.67332        6.117301        163.4708        10.20108        546.8312      -0.3510087E-02
   13 s    7    33.73120        6.319833        158.2320        6.416735        350.3534      -0.1562218E-02
   13 s    8    30.42100        6.459589        154.8086        5.364252        283.4067      -0.8282513E-03
   13 s    9    28.71183        6.813920        146.7584        22.18816        90.37200      -0.6580732E-03
   13 s   10    28.07426        7.363939        135.7969        21.83970        89.78770      -0.5946719E-03
   13 s   11    27.04683        7.770103        128.6984        4.996087        244.8703      -0.4567769E-03
   13 s   12    25.27230        7.891641        126.7164        5.026390        237.0722      -0.3959517E-03
   13 s   13    23.81395        8.031150        124.5152        6.405755        246.6320      -0.4911795E-03
   13 s   14    22.73230        8.234247        121.4440        10.36424        325.4276      -0.9307927E-04
   13 s   15    22.01130        8.522951        117.3303        12.04361        442.5534      -0.1376524E-06
   13 s   16    21.40979        8.824881        113.3160        12.07583        469.1462      -0.4192880E-04
   13 s   17    20.87635        9.126520        109.5708        12.06639        482.3313      -0.2131198E-03
   13 s   18    20.39795        9.426942        106.0789        11.96082        491.8272      -0.3566679E-03
   13 s   19    19.95775        9.722067        102.8588        11.63873        488.6898      -0.3973106E-03
   13 s   20    19.54450        10.00900        99.91004        10.85348        456.1628      -0.4556807E-03
   13 s   21    19.09933        10.25815        97.48343        8.897616        363.7682      -0.5513953E-03
   13 s   22    18.59660        10.45270        95.66906        6.901991        290.4277      -0.3846389E-03
   13 s   23    18.07712        10.61230        94.23027        6.021408        262.5670      -0.1665304E-03
   13 s   24    17.57715        10.75789        92.95505        5.684583        250.8482      -0.2953290E-04
   13 s   25    17.10848        10.89844        91.75629        5.580543        245.1183       0.5001996E-04
   13 s   26    16.67390        11.03813        90.59504        5.601778        242.2876       0.9690823E-04
   14 s    1    128.0460        4.798104        208.4157        26.80019        84.25109      -0.1843468E-03
   14 s    2    85.16350        5.318707        188.0156       0.8835415        216.3800      -0.1728513E-05
   14 s    3    61.16015        5.347479        187.0040        1.494003        221.2730      -0.5044428E-05
   14 s    4    49.27172        5.538890        180.5416        13.16516        845.3967      -0.5283347E-02
   14 s    5    42.72458        5.870201        170.3519        14.63674        275.4082      -0.3844405E-02
   14 s    6    39.40806        6.398983        156.2748        23.43826        87.57923      -0.3012609E-03
   14 s    7    36.07352        6.758688        147.9577        10.85158        373.4570      -0.3495249E-02
   14 s    8    33.20486        7.050714        141.8296        12.35853        507.6166      -0.3490790E-02
   14 s    9    30.99605        7.356013        135.9432        11.92576        502.1275      -0.2697383E-02
   14 s   10    29.03439        7.615782        131.3063        8.252374        325.7290      -0.1338024E-02
   14 s   11    27.51919        7.905805        126.4893        21.53245        89.26830      -0.5293333E-03
   14 s   12    26.85264        8.385126        119.2588        12.00704        584.1502      -0.1259898E-02
   14 s   13    25.71170        8.671156        115.3249        10.65326        461.1960      -0.1181433E-02
   14 s   14    24.57344        8.901157        112.3449        7.830652        318.7214      -0.1122565E-02
   14 s   15    23.43796        9.075362        110.1884        6.582139        272.7088      -0.1257099E-02
   14 s   16    22.42428        9.243042        108.1895        7.154458        278.5073      -0.1725439E-02
   14 s   17    21.58768        9.437490        105.9604        8.618655        316.4029      -0.2406454E-02
   14 s   18    20.92022        9.668307        103.4307        9.914963        368.7911      -0.2849324E-02
   14 s   19    20.36232        9.919151        100.8151        10.16338        386.7460      -0.2598301E-02
   14 s   20    19.85755        10.16932        98.33495        9.609472        360.6744      -0.1615715E-02
   14 s   21    19.38319        10.41061        96.05584        10.05318        372.9847      -0.5718534E-03
   14 s   22    18.99322        10.67563        93.67126        11.07356        431.9309      -0.1405100E-03
   14 s   23    18.66630        10.95819        91.25597        11.46041        469.4451      -0.4862020E-04
   14 s   24    18.37466        11.24600        88.92051        11.53302        486.9252      -0.2681598E-04
   14 s   25    18.10402        11.53261        86.71064        11.33177        485.2492      -0.2341305E-04
   14 s   26    17.83038        11.80373        84.71901        9.953262        412.7569      -0.3202649E-04
   15 s    1    141.2891        5.294346        188.8807        10.91107        446.4983      -0.5498181E-02
   15 s    2    86.83756        5.423256        184.3911        24.63155        86.11692      -0.3919253E-03
   15 s    3    68.79911        6.015384        166.2404        16.24898        333.5752      -0.4007438E-02
   15 s    4    55.87954        6.281710        159.1923        7.041532        356.4080      -0.2682551E-02
   15 s    5    46.67302        6.412703        155.9405        4.617730        256.9208      -0.1596866E-02
   15 s    6    40.34773        6.551564        152.6353        7.543778        251.4126      -0.2242455E-02
   15 s    7    37.46498        7.019389        142.4625        24.13637        85.67842      -0.2950794E-03
   15 s    8    35.85431        7.613297        131.3491        3.159822        239.9804      -0.2799886E-04
   15 s    9    32.42285        7.694622        129.9609        3.916213        258.8141      -0.2034878E-03
   15 s   10    29.86538        7.833754        127.6527        7.964064        363.2766      -0.9073821E-03
   15 s   11    28.15259        8.087768        123.6435        11.61996        569.4900      -0.1349786E-02
   15 s   12    27.03125        8.440897        118.4708        21.28055        88.83529      -0.4726228E-03
   15 s   13    26.59894        8.970375        111.4781        21.09482        88.32097      -0.4291461E-03
   15 s   14    25.64075        9.287767        107.6685        10.96065        361.6682      -0.2890911E-03
   15 s   15    24.78368        9.596438        104.2053        13.39276        482.3666      -0.5463787E-03
   15 s   16    24.10347        9.935187        100.6524        12.78200        450.8947      -0.9302389E-03
   15 s   17    23.20109        10.14282        98.59187        5.870688        263.1198      -0.9322029E-03
   15 s   18    22.26344        10.28908        97.19042        6.117660        267.2115      -0.1205659E-02
   15 s   19    21.45913        10.45344        95.66229        7.258465        293.2546      -0.1848443E-02
   15 s   20    20.80221        10.65310        93.86943        8.908250        348.2290      -0.2688052E-02
   15 s   21    20.27690        10.89062        91.82215        10.15667        414.3064      -0.3177382E-02
   15 s   22    19.82787        11.14477        89.72820        10.18808        427.6939      -0.2908820E-02
   15 s   23    19.39288        11.38473        87.83696        9.056794        374.1184      -0.2027020E-02
   15 s   24    18.93818        11.59089        86.27462        7.591504        315.2160      -0.1071935E-02
   15 s   25    18.47244        11.76730        84.98124        6.731600        284.0166      -0.4508097E-03
   15 s   26    18.03506        11.93922        83.75755        7.510489        296.2066      -0.1255796E-03
   16 s    1    141.6002        5.306004        188.4658        5.650956        269.5739      -0.2668565E-02
   16 s    2    90.98616        5.682349        175.9836        14.73479        598.9208      -0.6149653E-02
   16 s    3    69.36665        6.065007        164.8803        21.83367        95.36594      -0.8468117E-03
   16 s    4    58.54765        6.581645        151.9377        9.202905        320.9997      -0.2806861E-02
   16 s    5    49.88436        6.853929        145.9017        11.82252        525.7178      -0.3641876E-02
   16 s    6    44.04008        7.151118        139.8383        12.01318        647.7785      -0.3249270E-02
   16 s    7    39.76037        7.449450        134.2381        11.91427        730.2758      -0.2792027E-02
   16 s    8    35.90412        7.623874        131.1669        23.57443        89.32660      -0.4188589E-03
   16 s    9    34.00400        8.069863        123.9178        13.08719        722.6200      -0.3358329E-02
   16 s   10    32.00329        8.394531        119.1252        13.10281        805.4633      -0.3341968E-02
   16 s   11    30.31625        8.709351        114.8191        11.55217        566.6068      -0.2356374E-02
   16 s   12    28.53605        8.910795        112.2234        5.641560        248.2681      -0.7904814E-04
   16 s   13    26.87169        9.062359        110.3465        7.139320        262.7659      -0.4719179E-04
   16 s   14    26.21422        9.495493        105.3131        20.93454        87.90377      -0.3903948E-03
   16 s   15    25.48438        9.867752        101.3402        6.853368        312.2002      -0.5900357E-03
   16 s   16    24.34244        10.03369        99.66423        7.389402        310.1205      -0.1227726E-03
   16 s   17    23.63849        10.33405        96.76752        14.38275        595.0824      -0.2997990E-03
   16 s   18    23.14466        10.69633        93.48997        14.44904        613.6491      -0.4146761E-03
   16 s   19    22.68169        11.04899        90.50601        13.64149        578.7181      -0.5154492E-03
   16 s   20    22.17372        11.35546        88.06334        10.05279        400.8888      -0.9630893E-03
   16 s   21    21.50595        11.55073        86.57458        6.746280        296.2245      -0.1419703E-02
   16 s   22    20.85167        11.72022        85.32262        7.186909        306.1067      -0.1957285E-02
   16 s   23    20.29425        11.91388        83.93569        8.548815        352.0860      -0.2671607E-02
   16 s   24    19.83831        12.14181        82.36005        9.791463        414.9973      -0.3103141E-02
   16 s   25    19.44817        12.38886        80.71766        9.992790        434.1398      -0.2844356E-02
   16 s   26    19.07253        12.62603        79.20149        9.003914        382.3434      -0.1991670E-02
   17 s    1    163.6028        6.130482        163.1193        15.15947        520.7794      -0.6353706E-02
   17 s    2    101.8325        6.359736        157.2392        3.039489        238.9136      -0.1442997E-02
   17 s    3    73.52675        6.428742        155.5514        3.574284        223.5317      -0.9589280E-03
   17 s    4    59.44466        6.682484        149.6450        24.86347        82.66688      -0.2386835E-04
   17 s    5    53.12732        7.299500        136.9957        24.21520        83.92355      -0.9427476E-04
   17 s    6    46.22449        7.505818        133.2300        2.021320        241.9226      -0.2794371E-03
   17 s    7    40.34432        7.558858        132.2951        2.457484        231.7406      -0.3331958E-03
   17 s    8    36.56010        7.763166        128.8134        12.65806        527.1517      -0.3057576E-02
   17 s    9    34.69830        8.234635        121.4383        23.82053        85.94619      -0.2977836E-03
   17 s   10    33.42218        8.766709        114.0679        3.517961        213.3859      -0.4375837E-03
   17 s   11    30.86910        8.868177        112.7627        5.481081        245.6310      -0.1232165E-02
   17 s   12    29.13782        9.098707        109.9057        12.10637        590.8366      -0.3069307E-02
   17 s   13    27.87983        9.402351        106.3564        11.81822        606.9279      -0.2399379E-02
   17 s   14    26.69237        9.668692        103.4266        9.367271        423.8407      -0.1352381E-02
   17 s   15    25.86997        10.01706        99.82972        20.80359        87.51169      -0.3567242E-03
   17 s   16    25.56033        10.53569        94.91550        20.69600        87.14882      -0.3280739E-03
   17 s   17    24.98782        10.92393        91.54215        10.06769        418.8494      -0.1423794E-02
   17 s   18    24.10933        11.14216        89.74921        7.538923        321.0427      -0.8704477E-03
   17 s   19    23.22238        11.31238        88.39877        6.515623        286.3293      -0.5599210E-03
   17 s   20    22.45007        11.49699        86.97930        9.289327        346.1752      -0.1708519E-03
   17 s   21    21.93412        11.78070        84.88459        12.42535        508.6433      -0.3470136E-06
   17 s   22    21.51554        12.09337        82.68994        12.45376        546.2068      -0.1026017E-04
   17 s   23    21.12386        12.40091        80.63923        12.14433        550.5783      -0.1003471E-04
   17 s   24    20.75094        12.70037        78.73785        11.80944        544.3046      -0.2107450E-05
   17 s   25    20.35090        12.96392        77.13717        7.084631        297.1229      -0.1461877E-02
   17 s   26    19.85779        13.14587        76.06951        7.967882        324.3884      -0.2305311E-02
   18 s    1    168.1580        6.301171        158.7007        26.93250        87.64043      -0.4302725E-03
   18 s    2    104.9442        6.554069        152.5770        12.22765        481.5870      -0.4755656E-02
   18 s    3    78.64332        6.876104        145.4312        13.18865        780.2680      -0.3962897E-02
   18 s    4    64.10337        7.206193        138.7695        12.94565        890.2897      -0.3893095E-02
   18 s    5    54.17801        7.443861        134.3389        4.365295        304.2930      -0.1314843E-02
   18 s    6    48.55231        7.883804        126.8423        19.44571        133.3790      -0.2472122E-02
   18 s    7    44.02977        8.249359        121.2215        13.09345        620.3038      -0.5278590E-02
   18 s    8    40.21361        8.538951        117.1104        9.179556        387.2027      -0.3075466E-02
   18 s    9    36.58794        8.683085        115.1664        3.718534        225.5947      -0.6228729E-03
   18 s   10    33.67563        8.833190        113.2094        23.71213        85.66882      -0.2780808E-03
   18 s   11    32.81862        9.428241        106.0643        23.67638        85.85264      -0.2884957E-03
   18 s   12    31.26178        9.761943        102.4386        6.841219        298.1582      -0.1553299E-02
   18 s   13    29.42335        9.922894        100.7771        6.604417        277.8756      -0.1536611E-02
   18 s   14    27.92255        10.11429        98.86997        8.818073        332.4998      -0.1972997E-02
   18 s   15    26.76838        10.36493        96.47922        11.11742        443.2237      -0.2179908E-02
   18 s   16    25.84003        10.65098        93.88809        11.57171        494.6910      -0.1932710E-02
   18 s   17    25.28057        11.05191        90.48208        20.60597        86.81282      -0.3031645E-03
   18 s   18    25.02667        11.56611        86.45950        20.52792        86.51213      -0.2816702E-03
   18 s   19    24.33091        11.85238        84.37125        11.69850        490.7959      -0.1575879E-02
   18 s   20    23.69377        12.13391        82.41369        10.55191        433.1090      -0.1502553E-02
   18 s   21    23.01738        12.36252        80.88969        7.816911        328.9785      -0.1188764E-02
   18 s   22    22.29520        12.53160        79.79830        6.066180        280.5002      -0.9891331E-03
   18 s   23    21.58976        12.67443        78.89904        5.590721        266.4506      -0.1034702E-02
   18 s   24    20.93837        12.81509        78.03304        5.857879        269.1061      -0.1296841E-02
   18 s   25    20.40346        12.99740        76.93844        11.13679        504.0603      -0.3175541E-03
   18 s   26    20.06362        13.28213        75.28914        11.36760        535.1830      -0.1087601E-03
   19 s    1    170.5091        6.389270        156.5124        2.113988        205.0172      -0.3912593E-03
   19 s    2    111.0740        6.936890        144.1568        24.14695        85.54092      -0.2085148E-03
   19 s    3    85.09170        7.439912        134.4102        2.029605        226.7948      -0.6517715E-03
   19 s    4    66.52320        7.478219        133.7217        2.032915        222.3274      -0.4131461E-03
   19 s    5    55.45481        7.619289        131.2458        11.15743        400.6768      -0.4063016E-02
   19 s    6    49.05072        7.964734        125.5535        18.20156        166.2882      -0.3321400E-02
   19 s    7    45.55355        8.534853        117.1666        23.73144        85.89045      -0.1542561E-03
   19 s    8    41.18373        8.744946        114.3518        6.520178        281.0524      -0.2013016E-02
   19 s    9    37.88075        8.989897        111.2360        11.92373        589.9890      -0.3518651E-02
   19 s   10    35.41697        9.289947        107.6432        11.86864        613.2516      -0.2942237E-02
   19 s   11    33.28138        9.561184        104.5896        9.695346        422.8595      -0.2156414E-02
   19 s   12    32.09152        10.02104        99.79002        23.55536        85.81251      -0.2592091E-03
   19 s   13    30.90190        10.42153        95.95519        11.97592        600.7965      -0.1641030E-02
   19 s   14    29.61560        10.72756        93.21783        12.54411        685.3639      -0.1781559E-02
   19 s   15    28.51070        11.03957        90.58324        11.64658        544.6308      -0.2057096E-02
   19 s   16    27.14942        11.19070        89.35995        5.331811        269.0878      -0.6108509E-03
   19 s   17    25.95662        11.34746        88.12544        7.511124        314.5481      -0.9130672E-03
   19 s   19    24.79522        12.07856        82.79133        20.46152        86.22238      -0.2625461E-03
   19 s   20    24.55418        12.57453        79.52583        8.946472        339.3321      -0.1130254E-03
   19 s   21    23.87610        12.82373        77.98045        11.21558        408.1732      -0.7893637E-03
   19 s   22    23.34513        13.12174        76.20943        12.23045        473.4080      -0.1396213E-02
   19 s   23    22.82715        13.40084        74.62219        9.629665        377.2146      -0.1543243E-02
   19 s   24    22.21790        13.59821        73.53912        6.687752        290.5842      -0.1138485E-02
   19 s   25    21.58559        13.75044        72.72495        5.798522        267.6392      -0.9786316E-03
   19 s   26    20.98698        13.89340        71.97665        5.814906        266.0470      -0.1047066E-02
   20 s    1    185.1988        6.939721        144.0980        15.04756        874.5571      -0.4856767E-02
   20 s    2    117.1310        7.315167        136.7023        13.25648        583.6011      -0.6583391E-02
   20 s    3    86.24082        7.540384        132.6192        22.99794        90.84392      -0.5508457E-03
   20 s    4    71.64315        8.053779        124.1653        15.42032        540.4098      -0.5191736E-02
   20 s    5    61.16691        8.404111        118.9894        12.63893        608.4760      -0.3739238E-02
   20 s    6    52.87638        8.585935        116.4696        2.784853        214.9278      -0.6274135E-03
   20 s    7    46.15807        8.648114        115.6321        2.996116        207.6895      -0.5733319E-03
   20 s    8    43.05225        9.141707        109.3888        23.97762        86.17903      -0.2035614E-03
   20 s    9    40.74509        9.669665        103.4162        8.299877        246.2082      -0.2379564E-02
   20 s   10    37.30478        9.785124        102.1959        4.335828        234.3622      -0.6648430E-03
   20 s   11    34.52910        9.919634        100.8102        6.846218        287.9025      -0.8711508E-03
   20 s   12    32.47387        10.14043        98.61510        10.38792        440.8722      -0.1368618E-02
   20 s   13    31.46134        10.61020        94.24896        23.44339        85.93309      -0.2433871E-03
   20 s   14    30.29266        10.97281        91.13435        4.059399        262.9506      -0.2182548E-03
   20 s   15    28.61594        11.08032        90.25013        5.529497        296.3433      -0.1151079E-07
   20 s   16    27.58578        11.37056        87.94644        13.05962        789.2198      -0.1585690E-02
   20 s   17    26.75913        11.69829        85.48255        13.21297        790.5785      -0.1526034E-02
   20 s   18    26.02218        12.02619        83.15189        13.00893        730.9147      -0.1228387E-02
   20 s   19    25.32094        12.33466        81.07239        11.19658        497.7735      -0.4110670E-03
   20 s   20    24.58332        12.58945        79.43157        20.40058        85.96590      -0.2458881E-03
   20 s   21    24.29443        13.04841        76.63767        11.98339        561.7390      -0.1224817E-02
   20 s   22    23.72178        13.33344        74.99939        10.88040        442.0915      -0.4330070E-03
   20 s   23    23.18052        13.60829        73.48463        11.67234        428.4531      -0.7026347E-05
   20 s   24    22.74737        13.92226        71.82740        13.13676        501.9096      -0.3683934E-03
   20 s   25    22.36665        14.24799        70.18532        12.70445        493.1654      -0.6699202E-03
   20 s   26    21.96863        14.54325        68.76043        10.74360        406.8748      -0.8882208E-03
