    0 s    2    5.011273       0.3129685        3195.210        6.475572        504.4849      -0.3480461E-02
    0 s    3    5.435898       0.4752825        2104.012        6.823151        414.8914      -0.6113538E-02
    0 s    4    5.848690       0.6574817        1520.955        7.633610        372.9803      -0.3318586E-02
    0 s    5    6.219286       0.8545072        1170.265        7.990077        356.3208      -0.9585223E-03
    0 s    6    6.499080        1.055304        947.5938        7.943605        347.9869       0.5020689E-03
    0 s    7    6.673619        1.250360        799.7694        7.541799        341.7007       0.1154480E-02
    0 s    8    6.741486        1.431486        698.5747        6.870689        335.6573       0.1116100E-02
    0 s    9    6.719551        1.594691        627.0809        6.175810        330.1941       0.7260769E-03
    0 s   10    6.643304        1.742553        573.8707        5.675529        325.5606       0.3696530E-03
    0 s   11    6.545587        1.880438        531.7910        5.372883        321.1919       0.1650127E-03
    0 s   12    6.444160        2.012282        496.9483        5.181662        316.4398       0.6873179E-04
    0 s   13    6.345544        2.140007        467.2882        5.036808        310.8821       0.2740573E-04
    0 s   14    6.251115        2.264321        441.6335        4.905786        304.3005       0.1055537E-04
    0 s   15    6.160477        2.385385        419.2195        4.775702        296.6487       0.3937903E-05
    0 s   16    6.072872        2.503172        399.4932        4.643361        288.0321       0.1424209E-05
    0 s   17    5.987675        2.617633        382.0245        4.509891        278.6745       0.4995772E-06
    0 s   18    5.904504        2.728774        366.4649        4.378022        268.8693       0.1701372E-06
    0 s   19    5.823207        2.836674        352.5256        4.250715        258.9249       0.5637601E-07
    0 s   20    5.743798        2.941478        339.9652        4.130511        249.1196       0.1830094E-07
    0 s   21    5.666391        3.043389        328.5810        4.019270        239.6746       0.5926258E-08
    0 s   22    5.591144        3.142648        318.2030        3.918143        230.7442       0.1924221E-08
    0 s   23    5.518227        3.239514        308.6882        3.827654        222.4197       0.6495078E-09
    0 s   24    5.447790        3.334256        299.9170        3.747836        214.7413       0.2430078E-09
    0 s   25    5.379954        3.427136        291.7889        3.678370        207.7110       0.4487688E-10
    0 s   26    5.314807        3.518406        284.2196        3.618699        201.3055      -0.2695763E-10
    1 s    2    10.92736       0.6824453        1465.319        11.04323        308.1535       0.1164217E-02
    1 s    3    10.80662       0.9448668        1058.350        9.926490        284.2932      -0.1184870E-03
    1 s    4    10.47149        1.177155        849.5057        8.564326        276.8359      -0.2125165E-03
    1 s    5    9.954581        1.367723        731.1421        6.570727        304.9527      -0.2185311E-03
    1 s    6    9.322184        1.513713        660.6272        5.346867        349.9001       0.3674044E-03
    1 s    7    8.804829        1.649661        606.1852        5.587169        368.8343       0.1672054E-02
    1 s    8    8.482149        1.801098        555.2169        6.428712        375.8174       0.3507654E-02
    1 s    9    8.324627        1.975609        506.1731        7.317508        378.7031       0.5529351E-02
    1 s   10    8.272370        2.169860        460.8592        7.948712        378.5819       0.7351754E-02
    1 s   11    8.272431        2.376531        420.7814        8.296128        374.9088       0.8834296E-02
    1 s   12    8.292110        2.589331        386.2001        8.431606        363.9178       0.9912130E-02
    1 s   13    8.311406        2.802985        356.7625        8.336607        329.3284       0.1009115E-01
    1 s   14    8.299343        3.006244        332.6410        7.465899        227.9090       0.6402344E-02
    1 s   15    8.201499        3.175685        314.8927        6.190444        163.6216       0.1214868E-02
    1 s   16    8.067864        3.325485        300.7080        5.837262        153.3393       0.2508285E-03
    1 s   17    7.937108        3.469867        288.1955        5.710338        150.2216       0.7066392E-04
    1 s   18    7.815508        3.611948        276.8589        5.645299        148.6980       0.2332367E-04
    1 s   19    7.703804        3.752774        266.4696        5.607475        147.8691       0.8343393E-05
    1 s   20    7.601535        3.892850        256.8812        5.584008        147.4613       0.3113087E-05
    1 s   21    7.507880        4.032444        247.9886        5.568096        147.3389       0.1186939E-05
    1 s   22    7.421929        4.171688        239.7111        5.555600        147.4120       0.4569977E-06
    1 s   23    7.342785        4.310634        231.9844        5.543957        147.6125       0.1763766E-06
    1 s   24    7.269614        4.449282        224.7554        5.531653        147.8871       0.6790857E-07
    1 s   25    7.201671        4.587605        217.9787        5.517890        148.1932       0.2598601E-07
    1 s   26    7.138301        4.725560        211.6151        5.502337        148.4977       0.9846343E-08
    2 s    1    10.77136       0.4036214        2477.569        13.15721        385.2523      -0.2251597E-03
    2 s    2    14.94197       0.9331690        1071.617        19.02495        97.62314       0.1013418    
    2 s    3    14.12636        1.235125        809.6345        6.172016        404.3516       0.3232160E-02
    2 s    4    12.23349        1.375231        727.1508        5.375579        367.9427      -0.2823351E-03
    2 s    5    11.06206        1.519887        657.9439        6.379967        288.0152      -0.1293953E-03
    2 s    6    10.43778        1.694860        590.0191        7.384714        234.6344       0.1088374E-03
    2 s    7    10.04493        1.882005        531.3484        7.465268        211.4322       0.1930201E-03
    2 s    8    9.732599        2.066618        483.8823        7.255647        197.6125       0.2510528E-03
    2 s    9    9.460100        2.245080        445.4184        6.990850        187.5117       0.3202967E-03
    2 s   10    9.214366        2.416948        413.7449        6.732328        179.7161       0.4211167E-03
    2 s   11    8.990175        2.582727        387.1876        6.504335        173.9302       0.5926137E-03
    2 s   12    8.785883        2.743519        364.4954        6.334090        170.7721       0.9567723E-03
    2 s   13    8.604426        2.901805        344.6131        6.321461        174.5642       0.2066580E-02
    2 s   14    8.468889        3.067658        325.9816        7.059392        221.5754       0.6922578E-02
    2 s   15    8.430164        3.264226        306.3513        8.204881        345.2817       0.1325091E-01
    2 s   16    8.436681        3.477508        287.5623        8.440389        389.1740       0.1525578E-01
    2 s   17    8.448984        3.693644        270.7353        8.465968        400.7396       0.1638759E-01
    2 s   18    8.460269        3.909925        255.7594        8.446026        405.0820       0.1730868E-01
    2 s   19    8.469299        4.125671        242.3848        8.412920        407.2136       0.1812323E-01
    2 s   20    8.476004        4.340678        230.3788        8.376437        408.4331       0.1885690E-01
    2 s   21    8.480622        4.554898        219.5439        8.340378        409.1717       0.1951947E-01
    2 s   22    8.483465        4.768352        209.7161        8.306344        409.5985       0.2011657E-01
    2 s   23    8.484840        4.981086        200.7594        8.274923        409.7749       0.2065184E-01
    2 s   24    8.485012        5.193153        192.5613        8.246086        409.6709       0.2112528E-01
    2 s   25    8.484190        5.404594        185.0278        8.218873        408.9922       0.2152170E-01
    2 s   26    8.482403        5.615356        178.0831        8.184354        404.9937       0.2167820E-01
    3 s    1    25.01543       0.9373714        1066.813        6.044025        835.5306      -0.2079635E-02
    3 s    2    17.62353        1.100641        908.5618        6.979894        357.2721       0.4109312E-02
    3 s    3    16.01499        1.400255        714.1555        15.69221        91.18851       0.1024982    
    3 s    4    15.98564        1.797029        556.4741        14.96574        89.12363       0.1107880    
    3 s    5    15.85880        2.178941        458.9385        14.47183        88.44342       0.1142874    
    3 s    6    15.62528        2.537194        394.1361        6.086995        270.2442       0.3202981E-02
    3 s    7    14.32439        2.683798        372.6063        5.798806        279.3523       0.3519870E-03
    3 s    8    13.31910        2.828174        353.5850        5.709907        273.6711       0.4542272E-03
    3 s    9    12.51819        2.970828        336.6065        5.666635        268.5671       0.5594492E-03
    3 s   10    11.86888        3.113234        321.2094        5.690537        263.7644       0.6379198E-03
    3 s   11    11.33696        3.256919        307.0387        5.768588        259.0503       0.6727855E-03
    3 s   12    10.89762        3.402940        293.8636        5.878016        254.3320       0.6621374E-03
    3 s   13    10.53182        3.551810        281.5466        5.998431        249.6234       0.6147805E-03
    3 s   14    10.22458        3.703615        270.0065        6.115682        245.0018       0.5442245E-03
    3 s   15    9.964082        3.858172        259.1901        6.221799        240.5634       0.4638533E-03
    3 s   16    9.741065        4.015160        249.0561        6.313496        236.3914       0.3841659E-03
    3 s   17    9.548275        4.174221        239.5656        6.390438        232.5391       0.3119067E-03
    3 s   18    9.380058        4.335007        230.6801        6.453806        229.0272       0.2504443E-03
    3 s   19    9.231995        4.497205        222.3603        6.505313        225.8480       0.2007141E-03
    3 s   20    9.100611        4.660548        214.5671        6.546658        222.9740       0.1622375E-03
    3 s   21    8.983149        4.824803        207.2623        6.579277        220.3656       0.1339933E-03
    3 s   22    8.877397        4.989772        200.4100        6.604291        217.9797       0.1151570E-03
    3 s   23    8.781560        5.155277        193.9760        6.622561        215.7761       0.1060163E-03
    3 s   24    8.694169        5.321164        187.9288        6.634846        213.7317       0.1103195E-03
    3 s   25    8.614025        5.487302        182.2389        6.642429        211.8920       0.1467154E-03
    3 s   26    8.540265        5.653661        176.8766        6.654323        210.9601       0.3781364E-03
    4 s    1    37.83546        1.417760        705.3378        11.60998        362.3711      -0.5139168E-03
    4 s    2    27.67104        1.728137        578.6580        12.93585        448.6884      -0.2795445E-03
    4 s    3    23.52907        2.057242        486.0877        13.20776        528.6478      -0.4322611E-04
    4 s    4    20.09946        2.259485        442.5788        4.983045        308.8107       0.2303203E-04
    4 s    5    17.41843        2.393229        417.8456        5.632949        293.2255       0.2290484E-03
    4 s    6    15.72290        2.553045        391.6892        13.94859        89.49313       0.1129138    
    4 s    7    15.59276        2.921439        342.2970        14.03010        87.55760       0.1169008    
    4 s    8    15.48141        3.287320        304.1992        13.92642        87.29095       0.1168138    
    4 s    9    15.38567        3.651342        273.8719        13.86011        87.09370       0.1162118    
    4 s   10    14.51317        3.806835        262.6854        5.492856        284.7433       0.4062418E-03
    4 s   11    13.73639        3.946235        253.4061        5.635997        277.9039       0.5037393E-03
    4 s   12    13.09825        4.090119        244.4917        5.840156        274.2180       0.5899362E-03
    4 s   13    12.57097        4.239504        235.8767        6.071157        272.0782       0.6517261E-03
    4 s   14    12.13260        4.394753        227.5441        6.306974        270.7441       0.6802509E-03
    4 s   15    11.76558        4.555724        219.5041        6.528482        269.7614       0.6728800E-03
    4 s   16    11.45551        4.721836        211.7820        6.719351        268.8053       0.6326998E-03
    4 s   17    11.19049        4.892149        204.4091        6.866849        267.6317       0.5668568E-03
    4 s   18    10.96061        5.065461        197.4154        6.962394        266.0621       0.4845967E-03
    4 s   19    10.75768        5.240415        190.8246        7.002099        263.9868       0.3955108E-03
    4 s   20    10.57505        5.415627        184.6508        6.987565        261.3794       0.3082102E-03
    4 s   21    10.40754        5.589834        178.8962        6.926635        258.3112       0.2294169E-03
    4 s   22    10.25136        5.762045        173.5495        6.833124        254.9489       0.1633997E-03
    4 s   23    10.10407        5.931669        168.5866        6.724513        251.5161       0.1117934E-03
    4 s   24    9.964331        6.098552        163.9733        6.617871        248.2317       0.7392577E-04
    4 s   25    9.831603        6.262923        159.6699        6.525913        245.2518       0.4761209E-04
    4 s   26    9.705800        6.425246        155.6361        6.455217        242.6481       0.3010434E-04
    5 s    1    43.27229        1.621488        616.7176        24.57077        80.74156       0.4515649E-04
    5 s    2    33.34364        2.082407        480.2135        2.676807        323.5992      -0.1213610E-02
    5 s    3    24.67322        2.157279        463.5469        3.772197        287.3304      -0.4399251E-03
    5 s    4    21.33939        2.398872        416.8626        13.39310        469.5639      -0.2209180E-04
    5 s    5    19.87841        2.731221        366.1366        13.07730        505.0456       0.7246572E-05
    5 s    6    18.76933        3.047717        328.1145        12.12263        518.1005       0.1821100E-04
    5 s    7    17.75290        3.326160        300.6470        9.761107        481.6102       0.6336025E-04
    5 s    8    16.59475        3.523726        283.7905        6.376482        348.0380       0.1973077E-03
    5 s    9    15.46159        3.669359        272.5271        5.524919        299.7902       0.3222448E-03
    5 s   10    15.30368        4.014187        249.1164        13.82066        86.92626       0.1153514    
    5 s   11    15.23333        4.376280        228.5046        13.79599        86.80356       0.1143259    
    5 s   12    15.12544        4.723137        211.7237        8.940592        391.6293       0.1156413E-03
    5 s   13    14.63365        4.935133        202.6288        7.969010        366.3416       0.1771013E-03
    5 s   14    14.13885        5.121469        195.2565        6.947313        328.2951       0.2490449E-03
    5 s   15    13.65059        5.285616        189.1927        6.228180        296.8137       0.3038576E-03
    5 s   16    13.18917        5.436431        183.9442        5.864387        277.2261       0.3338518E-03
    5 s   17    12.76717        5.581426        179.1657        5.743399        265.9954       0.3452990E-03
    5 s   18    12.38864        5.725429        174.6594        5.774438        259.8425       0.3443474E-03
    5 s   19    12.05324        5.871524        170.3135        5.905309        256.8952       0.3344917E-03
    5 s   20    11.75866        6.021773        166.0641        6.103588        256.1056       0.3173931E-03
    5 s   21    11.50176        6.177535        161.8769        6.343766        256.8051       0.2938472E-03
    5 s   22    11.27882        6.339553        157.7398        6.601365        258.4698       0.2646118E-03
    5 s   23    11.08573        6.507954        153.6581        6.852089        260.6187       0.2309978E-03
    5 s   24    10.91809        6.682287        149.6494        7.074163        262.8003       0.1950182E-03
    5 s   25    10.77144        6.861619        145.7382        7.251287        264.6231       0.1590532E-03
    5 s   26    10.64152        7.044695        141.9508        7.373919        265.7850       0.1252984E-03
    6 s    1    52.55878        1.969469        507.7511        8.965043        716.5155      -0.2838217E-02
    6 s    2    36.23144        2.262758        441.9385        24.98084        78.82044       0.2616886E-03
    6 s    3    32.19156        2.814638        355.2854        14.57709        230.0553      -0.1463871E-02
    6 s    4    27.47577        3.088694        323.7614        8.428762        326.8818      -0.1315093E-02
    6 s    5    23.66291        3.251198        307.5790        5.186371        261.6593      -0.3632739E-03
    6 s    6    20.77875        3.374002        296.3839        4.971279        246.9626       0.1293730E-04
    6 s    7    18.76769        3.516290        284.3906        6.830342        253.0774       0.1252295E-03
    6 s    8    17.56192        3.729095        268.1616        9.848646        314.2601       0.8372750E-04
    6 s    9    16.79372        3.985501        250.9095        10.38743        364.8148       0.5946965E-04
    6 s   10    16.17458        4.242626        235.7031        10.12441        387.5149       0.6143618E-04
    6 s   11    15.62981        4.490184        222.7080        9.643059        396.5871       0.7876301E-04
    6 s   12    15.17268        4.737889        211.0645        13.78083        86.70874       0.1132455    
    6 s   13    15.12006        5.099172        196.1103        13.77119        86.63473       0.1121697    
    6 s   14    14.99450        5.431411        184.1142        8.078562        265.1634       0.1421175E-03
    6 s   15    14.56846        5.641022        177.2728        8.615542        285.5734       0.1008025E-03
    6 s   16    14.21624        5.859777        170.6549        8.826978        302.4482       0.7850052E-04
    6 s   17    13.90945        6.080797        164.4521        8.815291        313.5912       0.7049636E-04
    6 s   18    13.63086        6.299523        158.7422        8.651864        319.0817       0.7260004E-04
    6 s   19    13.36920        6.512571        153.5492        8.363447        318.8918       0.8294349E-04
    6 s   20    13.11619        6.716982        148.8764        7.963753        312.6748       0.9981490E-04
    6 s   21    12.86622        6.910379        144.7099        7.491563        301.0069       0.1188359E-03
    6 s   22    12.61729        7.091876        141.0064        7.025920        286.5461       0.1327837E-03
    6 s   23    12.37133        7.262678        137.6903        6.645068        272.7160       0.1364344E-03
    6 s   24    12.13225        7.425400        134.6729        6.380658        261.4680       0.1301667E-03
    6 s   25    11.90373        7.582906        131.8756        6.224980        253.1051       0.1177129E-03
    6 s   26    11.68831        7.737669        129.2379        6.158423        247.2387       0.1027694E-03
    7 s    1    59.79779        2.240727        446.2838        6.540870        250.7458      -0.8388204E-03
    7 s    2    40.35586        2.520340        396.7718        13.35116        405.9996      -0.2843321E-02
    7 s    3    33.17807        2.900893        344.7214        21.12691        92.88106       0.2313003E-03
    7 s    4    30.44771        3.422785        292.1597        9.269421        245.7548      -0.1649672E-03
    7 s    5    26.69541        3.667852        272.6392        11.14153        483.3798      -0.8653077E-03
    7 s    6    24.36686        3.956630        252.7403        11.57171        499.3390      -0.6463352E-03
    7 s    7    22.56794        4.228300        236.5017        9.844334        406.6386      -0.2992847E-03
    7 s    8    20.91821        4.441769        225.1355        7.350980        312.8350      -0.5208278E-05
    7 s    9    19.41749        4.608179        217.0055        6.179767        271.4414       0.1472675E-03
    7 s   10    18.14247        4.758808        210.1367        5.945362        253.9007       0.2114306E-03
    7 s   11    17.08787        4.909059        203.7050        6.099572        245.0014       0.2350896E-03
    7 s   12    16.22564        5.066690        197.3675        6.536691        242.2813       0.2297939E-03
    7 s   13    15.53479        5.239039        190.8747        7.269731        248.5440       0.1941469E-03
    7 s   14    15.07404        5.460221        183.1428        13.76461        86.57603       0.1111331    
    7 s   15    15.03349        5.821086        171.7893        13.75968        86.52833       0.1101544    
    7 s   16    14.99748        6.181796        161.7653        13.75561        86.48848       0.1092415    
    7 s   17    14.96527        6.542371        152.8498        13.75203        86.45423       0.1083962    
    7 s   18    14.51791        6.709474        149.0430        6.400821        240.5739       0.3977218E-03
    7 s   19    14.10856        6.872739        145.5024        6.637136        239.5945       0.3619231E-03
    7 s   20    13.75187        7.042521        141.9946        6.926723        240.3831       0.3100061E-03
    7 s   21    13.44278        7.220046        138.5033        7.253510        243.6146       0.2493901E-03
    7 s   22    13.17534        7.405542        135.0340        7.555737        248.8501       0.1909539E-03
    7 s   23    12.94172        7.597532        131.6217        7.768565        254.5008       0.1432493E-03
    7 s   24    12.73355        7.793418        128.3134        7.870324        258.9935       0.1083394E-03
    7 s   25    12.54369        7.990572        125.1475        7.875698        261.5947       0.8388335E-04
    7 s   26    12.36690        8.186895        122.1464        7.808944        262.2750       0.6665859E-04
    8 s    1    76.57874        2.869538        348.4881        13.56120        883.0218      -0.3821141E-02
    8 s    2    51.19549        3.197306        312.7633        11.15899        477.6304      -0.2493750E-02
    8 s    3    37.73486        3.299312        303.0935        3.437306        260.4231      -0.1897500E-03
    8 s    4    30.90396        3.474075        287.8464        20.77780        86.79165       0.1839021E-02
    8 s    5    29.30829        4.026852        248.3329        21.78297        80.71378       0.3180990E-02
    8 s    6    27.34432        4.440103        225.2200        9.362441        425.0157      -0.8676322E-03
    8 s    7    24.80377        4.647201        215.1833        8.637372        326.8930      -0.4798780E-04
    8 s    8    23.07235        4.899179        204.1158        11.46344        397.2591      -0.1389512E-05
    8 s    9    21.94351        5.207654        192.0250        12.93291        479.7818      -0.2826003E-05
    8 s   10    21.07817        5.528849        180.8695        11.66830        506.7104      -0.9544371E-05
    8 s   11    19.86857        5.707909        175.1955        5.401295        274.2313       0.1117931E-03
    8 s   12    18.69990        5.839314        171.2530        5.205289        256.6088       0.2399141E-03
    8 s   13    17.70597        5.971260        167.4688        5.350458        250.7873       0.3113321E-03
    8 s   14    16.86265        6.108102        163.7170        5.571828        248.0674       0.3594898E-03
    8 s   15    16.14287        6.250645        159.9835        5.796371        246.1916       0.3931870E-03
    8 s   16    15.52351        6.398621        156.2837        6.003742        244.3506       0.4123278E-03
    8 s   17    14.98638        6.551600        152.6345        6.198686        242.3839       0.4144847E-03
    8 s   18    14.93628        6.902825        144.8682        13.74875        86.42402       0.1076165    
    8 s   19    14.91005        7.263168        137.6810        13.74568        86.39680       0.1068983    
    8 s   20    14.88618        7.623415        131.1748        13.74279        86.37182       0.1062369    
    8 s   21    14.61617        7.850272        127.3841        6.200960        248.3503       0.4562382E-03
    8 s   22    14.24848        8.008727        124.8638        6.439763        250.4125       0.4631559E-03
    8 s   23    13.92200        8.173007        122.3540        6.666063        252.5039       0.4574364E-03
    8 s   24    13.63093        8.342652        119.8660        6.869048        254.3798       0.4390557E-03
    8 s   25    13.37002        8.516963        117.4127        7.040501        255.8690       0.4091990E-03
    8 s   26    13.13454        8.695074        115.0076        7.174960        256.8764       0.3700354E-03
    9 s    1    85.89245        3.218539        310.7000       0.7021858        229.9831      -0.1149698E-06
    9 s    2    52.08795        3.253043        307.4045        3.533688        305.6214      -0.2935320E-03
    9 s    3    40.38869        3.531346        283.1781        12.68470        825.3853      -0.1643791E-02
    9 s    4    34.23549        3.848590        259.8354        12.75003        763.9282      -0.1433956E-02
    9 s    5    30.32237        4.166183        240.0279        12.60806        573.5771      -0.1548117E-02
    9 s    6    28.13174        4.567963        218.9160        16.51496        111.4364       0.2181830E-02
    9 s    7    25.97455        4.866557        205.4841        12.20529        602.1914      -0.2185316E-02
    9 s    8    24.30832        5.161625        193.7374        11.06036        538.2907      -0.1835728E-02
    9 s    9    22.77024        5.403856        185.0531        8.239691        366.5777      -0.9126248E-03
    9 s   10    21.30044        5.587151        178.9821        7.689022        290.4792      -0.1891105E-03
    9 s   11    20.46616        5.879587        170.0800        13.07016        482.6971       0.6036806E-06
    9 s   12    19.86621        6.203512        161.1990        12.75252        510.6489       0.8432194E-05
    9 s   13    19.31290        6.513191        153.5346        11.91007        499.6958       0.1991270E-04
    9 s   14    18.73807        6.787429        147.3312        9.643339        407.6348       0.7520835E-04
    9 s   15    18.04154        6.985827        143.1470        6.522391        292.0438       0.2000641E-03
    9 s   16    17.30809        7.134205        140.1698        5.578135        258.6606       0.2817053E-03
    9 s   17    16.63367        7.271744        137.5186        5.458341        249.1490       0.3337849E-03
    9 s   18    16.03281        7.409583        134.9604        5.558334        246.0924       0.3752821E-03
    9 s   19    15.50118        7.551128        132.4305        5.741210        245.6753       0.4102219E-03
    9 s   20    15.03144        7.697805        129.9072        5.962812        246.6342       0.4379070E-03
    9 s   21    14.86437        7.983574        125.2572        13.74004        86.34857       0.1056271    
    9 s   22    14.84436        8.343659        119.8515        13.73741        86.32667       0.1050641    
    9 s   23    14.82595        8.703679        114.8939        13.73485        86.30584       0.1045430    
    9 s   24    14.80895        9.063644        110.3309        13.73232        86.28581       0.1040598    
    9 s   25    14.53146        9.256825        108.0284        5.708729        240.6459       0.3086651E-03
    9 s   26    14.20113        9.401160        106.3699        5.822808        240.2069       0.3069644E-03
   10 s    1    90.89705        3.406070        293.5935        22.95858        89.12124      -0.1693739E-03
   10 s    2    63.78863        3.983784        251.0176        23.29195        85.35942      -0.4161698E-04
   10 s    3    49.05121        4.288746        233.1684        3.067664        246.8714      -0.9935658E-03
   10 s    4    38.70756        4.351318        229.8154        2.635876        230.5736      -0.1104471E-03
   10 s    5    32.26328        4.432858        225.5881        4.139222        240.8953      -0.1471372E-03
   10 s    6    28.31841        4.598272        217.4730        13.96332        147.5155       0.6549482E-03
   10 s    7    27.31007        5.116778        195.4355        21.17364        77.23307       0.4724160E-02
   10 s    8    26.59212        5.646566        177.0988        20.81344        77.87609       0.5090323E-02
   10 s    9    24.82155        5.890675        169.7598        9.612192        344.5775      -0.1463041E-02
   10 s   10    23.48562        6.160328        162.3290        11.54601        440.9959      -0.1807903E-02
   10 s   11    22.41536        6.439557        155.2902        10.26431        399.0421      -0.1336699E-02
   10 s   12    21.31591        6.656199        150.2359        7.228624        295.2493      -0.4454530E-03
   10 s   13    20.22076        6.819361        146.6413        6.222932        259.9092      -0.1066880E-05
   10 s   14    19.29125        6.987808        143.1064        7.723617        276.7635       0.1148402E-03
   10 s   15    18.64231        7.218449        138.5339        10.44521        363.2951       0.7262413E-04
   10 s   16    18.17379        7.491037        133.4929        11.11373        419.9044       0.4717160E-04
   10 s   17    17.76839        7.767812        128.7364        10.95320        434.3448       0.4615312E-04
   10 s   18    17.38756        8.035685        124.4449        10.40485        422.1534       0.6272383E-04
   10 s   19    17.00501        8.283693        120.7191        9.317881        379.8406       0.1084503E-03
   10 s   20    16.59220        8.497094        117.6873        7.713408        318.3684       0.1877096E-03
   10 s   21    16.14835        8.673193        115.2978        6.479951        276.3135       0.2551130E-03
   10 s   22    15.70492        8.827357        113.2842        5.914158        256.6838       0.2887441E-03
   10 s   23    15.28374        8.972427        111.4526        5.704131        247.4096       0.3028062E-03
   10 s   24    14.89213        9.114556        109.7146        5.659855        242.7661       0.3079045E-03
   10 s   25    14.79321        9.423563        106.1170        13.72978        86.26639       0.1036106    
   10 s   26    14.77860        9.783445        102.2135        13.72716        86.24737       0.1031919    
   11 s    1    98.22715        3.680742        271.6844        15.56389        714.5360      -0.4645233E-02
   11 s    2    64.89426        4.052834        246.7409        14.21550        778.2102      -0.6302999E-02
   11 s    3    50.81020        4.442541        225.0964        12.84403        490.7793      -0.5298969E-02
   11 s    4    42.49150        4.776691        209.3500        13.33421        733.0211      -0.3993093E-02
   11 s    5    37.11676        5.099707        196.0897        12.44474        699.3983      -0.1634083E-02
   11 s    6    33.14482        5.381974        185.8054        9.439592        441.4199      -0.2989397E-03
   11 s    7    29.63736        5.552815        180.0888        5.236948        262.7302      -0.1905372E-03
   11 s    8    26.80702        5.692197        175.6791        6.577972        260.9461      -0.6295004E-03
   11 s    9    26.00825        6.172304        162.0141        20.76968        77.32838       0.5414125E-02
   11 s   10    25.09239        6.581786        151.9344        7.935212        352.3103      -0.1393893E-05
   11 s   11    23.60946        6.782604        147.4360        8.864973        342.1051      -0.4137303E-03
   11 s   12    22.55866        7.044268        141.9594        11.95753        462.9204      -0.1158043E-02
   11 s   13    21.82043        7.358844        135.8909        12.82429        548.4752      -0.1325153E-02
   11 s   14    21.15898        7.664348        130.4743        11.31563        470.3638      -0.9465540E-03
   11 s   15    20.43279        7.911737        126.3945        8.495284        343.5165      -0.3065521E-03
   11 s   16    19.64637        8.098020        123.4870        6.666255        283.0698       0.9141381E-04
   11 s   17    18.88455        8.255764        121.1275        6.088676        261.9448       0.2360551E-03
   11 s   18    18.19495        8.408820        118.9227        6.236074        257.4575       0.2717632E-03
   11 s   19    17.60042        8.573736        116.6353        7.056603        268.5904       0.2474433E-03
   11 s   20    17.11975        8.767259        114.0607        8.434118        302.1421       0.1792294E-03
   11 s   21    16.74263        8.992381        111.2053        9.430311        341.2457       0.1204781E-03
   11 s   22    16.42650        9.232939        108.3079        9.706158        361.2461       0.9797293E-04
   11 s   23    16.13838        9.474151        105.5504        9.520115        360.9041       0.1028128E-03
   11 s   24    15.85920        9.706435        103.0244        9.001178        344.4358       0.1308754E-03
   11 s   25    15.57632        9.922422        100.7818        8.237719        317.6758       0.1791881E-03
   11 s   26    15.28786        10.12057        98.80864        7.441339        290.6909       0.2328813E-03
   12 s    1    113.6733        4.259534        234.7675       0.6568504        220.0767      -0.3674391E-04
   12 s    2    68.62030        4.285536        233.3430        1.678936        226.9969      -0.1684884E-03
   12 s    3    52.29652        4.572497        218.6989        23.13301        86.30110      -0.2757735E-03
   12 s    4    45.76697        5.144903        194.3671        22.41218        83.95680       0.4787992E-04
   12 s    5    39.89738        5.481754        182.4234        2.646181        227.8182      -0.5351272E-07
   12 s    6    34.35260        5.578090        179.2728        5.867843        279.7802      -0.7253806E-04
   12 s    7    30.94754        5.798290        172.4646        10.86682        519.2743      -0.3518122E-04
   12 s    8    28.63925        6.081254        164.4398        11.41766        607.1852      -0.1041452E-03
   12 s    9    26.78214        6.355964        157.3326        10.26020        513.1397      -0.1235941E-03
   12 s   10    25.51599        6.692898        149.4121        20.59784        77.52514       0.5580328E-02
   12 s   11    24.77598        7.117726        140.4943        11.98596        485.0301      -0.7678622E-03
   12 s   12    23.78241        7.426401        134.6547        12.61602        534.5943      -0.7140723E-03
   12 s   13    22.96243        7.743979        129.1326        12.75702        524.0447      -0.4746060E-03
   12 s   14    22.25460        8.061212        124.0508        12.60428        465.9525      -0.9624319E-04
   12 s   15    21.63219        8.376154        119.3865        12.73123        430.2528      -0.1539830E-03
   12 s   16    21.07812        8.688169        115.0990        11.08281        462.4639      -0.1419084E-02
   12 s   17    20.43546        8.933775        111.9348        8.778145        363.1585      -0.5606658E-03
   12 s   18    19.75286        9.128811        109.5433        6.960715        293.6721      -0.4125497E-04
   12 s   19    19.06945        9.289351        107.6501        6.010863        263.6063       0.1875281E-03
   12 s   20    18.42374        9.435050        105.9878        5.699034        251.9082       0.2768705E-03
   12 s   21    17.83226        9.577616        104.4101        5.719762        248.1352       0.3120338E-03
   12 s   22    17.29892        9.723307        102.8457        5.935013        248.7004       0.3227769E-03
   12 s   23    16.82363        9.876432        101.2511        6.315142        253.0747       0.3157556E-03
   12 s   24    16.40861        10.04270        99.57485        6.895209        262.9449       0.2866835E-03
   12 s   25    16.05009        10.22422        97.80698        7.612941        279.1931       0.2387633E-03
   12 s   26    15.74497        10.42318        95.94000        8.245157        298.2072       0.1862346E-03
   13 s    1    120.0325        4.497826        222.3296        14.24140        715.0689      -0.6040085E-02
   13 s    2    77.36269        4.831524        206.9740        12.82121        801.3039      -0.1614208E-02
   13 s    3    58.88955        5.148951        194.2143        12.63620        829.6320      -0.2911777E-02
   13 s    4    48.19792        5.418178        184.5639        4.193881        274.6403      -0.1026464E-02
   13 s    5    41.41562        5.690355        175.7360        20.61825        95.50068      -0.5355205E-03
   13 s    6    37.55937        6.098797        163.9668        12.24066        462.8457      -0.3827331E-02
   13 s    7    33.83925        6.340078        157.7268        7.260380        334.7855      -0.1067662E-02
   13 s    8    30.56067        6.489248        154.1011        5.319139        261.9592      -0.1818180E-04
   13 s    9    27.94491        6.631914        150.7860        6.567691        269.5985      -0.1024888E-03
   13 s   10    26.07097        6.838470        146.2315        10.02229        366.2366      -0.5622436E-03
   13 s   11    25.09507        7.209393        138.7079        20.43700        77.74022       0.5678541E-02
   13 s   12    24.72887        7.721947        129.5010        20.28786        77.96257       0.5732270E-02
   13 s   13    23.75725        8.012027        124.8124        5.914266        267.7915      -0.5716893E-03
   13 s   14    22.59865        8.185836        122.1622        8.245999        331.6189      -0.1210728E-02
   13 s   15    21.75941        8.425416        118.6885        10.71728        469.2876      -0.1440375E-02
   13 s   16    21.13563        8.711877        114.7858        12.98888        486.8656      -0.3491542E-06
   13 s   17    20.70227        9.050415        110.4922        13.69016        527.3722      -0.2814071E-03
   13 s   18    20.31446        9.388357        106.5149        13.27333        524.9000      -0.2401054E-03
   13 s   19    19.93271        9.709871        102.9880        12.39464        489.2984      -0.1188120E-03
   13 s   20    19.54394        10.00872        99.91287        11.04301        433.7817      -0.1418239E-05
   13 s   21    19.10733        10.26245        97.44262        9.172566        365.0415       0.1094692E-03
   13 s   22    18.62282        10.46744        95.53436        7.300542        306.8461       0.2125315E-03
   13 s   23    18.11504        10.63456        94.03300        6.182510        275.3186       0.2695785E-03
   13 s   24    17.61719        10.78240        92.74376        5.695515        260.4608       0.2903995E-03
   13 s   25    17.14656        10.92269        91.55250        5.541749        253.4065       0.2957488E-03
   13 s   26    16.70937        11.06162        90.40270        5.569350        250.4065       0.2954020E-03
   14 s    1    132.2596        4.955998        201.7757        25.94663        93.07635      -0.3278731E-03
   14 s    2    86.20419        5.383701        185.7458       0.8748883        215.4926      -0.1847682E-03
   14 s    3    61.84526        5.407381        184.9324        1.199820        213.3991      -0.5744097E-04
   14 s    4    48.86905        5.493624        182.0292        10.55475        425.7135      -0.4281264E-02
   14 s    5    42.34464        5.818000        171.8804        14.19669        329.7791      -0.5127812E-02
   14 s    6    38.53915        6.257891        159.7982        20.21558        85.09852       0.2533856E-03
   14 s    7    35.90977        6.728007        148.6324        13.44859        201.4938      -0.2204512E-02
   14 s    8    33.21154        7.052132        141.8011        13.33428        532.7707      -0.2364211E-02
   14 s    9    31.07985        7.375900        135.5767        12.05034        497.3401      -0.8540785E-03
   14 s   10    29.05572        7.621376        131.2099        7.220602        306.3612       0.2838080E-04
   14 s   11    27.02079        7.762622        128.8224        4.767387        252.5824       0.6518739E-05
   14 s   12    25.23506        7.880011        126.9034        4.824268        250.1614      -0.2032398E-03
   14 s   13    24.40604        8.230830        121.4944        20.14595        78.18460       0.5752897E-02
   14 s   14    24.11817        8.736246        114.4656        20.01316        78.39530       0.5749463E-02
   14 s   15    23.47504        9.089721        110.0144        6.139866        268.7365      -0.4845288E-03
   14 s   16    22.44542        9.251756        108.0876        7.088795        287.1597      -0.8327879E-03
   14 s   17    21.62237        9.452655        105.7904        9.138477        351.1349      -0.1243297E-02
   14 s   18    21.00049        9.705406        103.0354        10.99966        451.4255      -0.1423333E-02
   14 s   19    20.50678        9.989521        100.1049        11.56220        502.7933      -0.1180990E-02
   14 s   20    20.06414        10.27512        97.32245        10.69361        438.7429      -0.5734855E-03
   14 s   21    19.60415        10.52929        94.97317        9.819293        375.4433      -0.8360517E-04
   14 s   22    19.16924        10.77457        92.81115        9.888064        369.7764       0.6417961E-04
   14 s   23    18.77805        11.02379        90.71292        9.998337        378.8504       0.8293331E-04
   14 s   24    18.41788        11.27245        88.71185        9.850664        381.4870       0.8861881E-04
   14 s   25    18.07640        11.51502        86.84312        9.519006        375.8891       0.1034770E-03
   14 s   26    17.74487        11.74712        85.12727        9.002832        360.7807       0.1343694E-03
   15 s    1    139.6609        5.233336        191.0827        16.98227        537.7737      -0.9332621E-02
   15 s    2    89.09277        5.564101        179.7236        22.31487        128.8151      -0.3284613E-02
   15 s    3    69.03765        6.036241        165.6660        14.88177        741.9127      -0.5299458E-02
   15 s    4    56.07579        6.303771        158.6352        6.293214        309.9584      -0.1272671E-02
   15 s    5    46.69881        6.416246        155.8544        3.928946        236.4289      -0.9091884E-03
   15 s    6    40.24509        6.534897        153.0246        6.225797        251.2412      -0.2053501E-02
   15 s    7    36.25657        6.792982        147.2107        18.10466        99.30377      -0.3287002E-03
   15 s    8    34.33965        7.291675        137.1427        20.16544        80.14041       0.1032896E-02
   15 s    9    32.55084        7.724996        129.4499        4.915013        263.8519      -0.3371435E-03
   15 s   10    30.12263        7.901231        126.5626        9.545862        405.9668      -0.3031392E-03
   15 s   11    28.46070        8.176282        122.3050        11.72532        536.4232       0.2794701E-04
   15 s   12    27.11545        8.467193        118.1029        11.28006        497.3325       0.9426289E-04
   15 s   13    25.88301        8.728932        114.5616        9.393359        383.8831      -0.3486791E-04
   15 s   14    24.65589        8.931023        111.9693        6.903866        292.8253      -0.2414579E-03
   15 s   15    23.85910        9.238433        108.2435        19.89030        78.59171       0.5727039E-02
   15 s   16    23.62422        9.737647        102.6942        19.77806        78.77381       0.5688980E-02
   15 s   17    23.08409        10.09168        99.09155        8.875067        353.6283      -0.1593798E-04
   15 s   18    22.24813        10.28200        97.25733        6.808418        290.5038      -0.2316339E-03
   15 s   19    21.45842        10.45309        95.66546        7.208596        296.0693      -0.5933573E-03
   15 s   20    20.80431        10.65417        93.85994        9.106619        356.0730      -0.1043717E-02
   15 s   21    20.30930        10.90802        91.67567        11.10531        470.3028      -0.1227620E-02
   15 s   22    19.91507        11.19378        89.33533        11.51863        519.9044      -0.9035647E-03
   15 s   23    19.53509        11.46821        87.19754        10.24234        435.2526      -0.3056042E-03
   15 s   24    19.11580        11.69960        85.47299        8.303575        339.3442       0.1653307E-03
   15 s   25    18.66574        11.89044        84.10117        7.115300        294.7562       0.3234579E-03
   15 s   26    18.22315        12.06374        82.89307        6.850179        282.3491       0.3121483E-03
   16 s    1    143.5826        5.380289        185.8636       0.8155449        211.7126      -0.1939592E-03
   16 s    2    90.97983        5.681954        175.9958        17.76947        204.5620      -0.6153794E-02
   16 s    3    70.69858        6.181463        161.7740        22.02474        86.14196      -0.5322226E-04
   16 s    4    58.49372        6.575584        152.0778        10.37425        353.2288      -0.2497266E-02
   16 s    5    50.01454        6.871815        145.5220        12.35458        571.2211      -0.2066909E-02
   16 s    6    44.19160        7.175722        139.3588        11.99541        643.8981      -0.2129557E-02
   16 s    7    39.87594        7.471103        133.8490        11.69544        612.7427      -0.2610062E-02
   16 s    8    35.94311        7.632154        131.0246        3.046330        237.5040      -0.2896374E-03
   16 s    9    32.85703        7.797662        128.2436        19.98050        79.46686       0.1354014E-02
   16 s   10    31.64475        8.300485        120.4749        19.97829        79.02041       0.1623302E-02
   16 s   11    30.35317        8.719959        114.6794        12.22123        648.1577      -0.1089986E-02
   16 s   12    28.63635        8.942113        111.8304        5.753673        279.7563      -0.3068794E-04
   16 s   13    26.95389        9.090082        110.0100        6.797006        289.1688       0.1443027E-06
   16 s   14    25.66314        9.295876        107.5746        9.592339        370.8476      -0.1238546E-05
   16 s   15    24.68160        9.556910        104.6363        11.00675        435.8189      -0.1771462E-04
   16 s   16    23.85914        9.834477        101.6831        10.96870        437.0910      -0.1265940E-04
   16 s   17    23.41002        10.23416        97.71194        19.67667        78.94270       0.5637805E-02
   16 s   18    22.76922        10.52282        95.03152        11.18387        417.7119      -0.2887675E-03
   16 s   19    22.19934        10.81402        92.47253        11.96893        461.2491      -0.2465391E-03
   16 s   20    21.70711        11.11651        89.95630        12.19038        478.1001      -0.2396577E-03
   16 s   21    21.26152        11.41946        87.56985        11.93620        472.1920      -0.3088597E-03
   16 s   22    20.81379        11.69893        85.47788        10.08355        401.0920      -0.6518897E-03
   16 s   23    20.32613        11.93260        83.80403        9.335871        386.6273      -0.1071321E-02
   16 s   24    19.90361        12.18177        82.08984        10.66775        471.9496      -0.1092347E-02
   16 s   25    19.55067        12.45416        80.29448        10.87282        497.3144      -0.6553409E-03
   16 s   26    19.19737        12.70867        78.68644        9.266662        396.0725      -0.3758897E-04
   17 s    1    163.7793        6.137095        162.9435        16.31195        641.2811      -0.5483139E-02
   17 s    2    101.6744        6.349857        157.4839        2.157556        216.3864      -0.7736725E-03
   17 s    3    73.30905        6.409707        156.0134        3.444323        217.0974      -0.1148817E-02
   17 s    4    59.92829        6.736851        148.4373        21.94838        84.46501      -0.3030542E-04
   17 s    5    52.99572        7.281419        137.3359        21.53696        83.88617      -0.1117102E-03
   17 s    6    46.31197        7.520022        132.9783        1.884977        236.2781      -0.4016404E-04
   17 s    7    40.41411        7.571933        132.0667        2.417672        243.7986      -0.1314600E-05
   17 s    8    36.60715        7.773155        128.6479        12.04917        731.4134      -0.2655638E-02
   17 s    9    34.04932        8.080619        123.7529        12.60589        739.7388      -0.2591485E-02
   17 s   10    32.02753        8.400889        119.0350        13.02758        714.9689      -0.2013237E-02
   17 s   11    30.64683        8.804321        113.5806        19.92688        78.12579       0.1885272E-02
   17 s   12    29.16028        9.105717        109.8211        11.86416        510.6972      -0.7614159E-03
   17 s   13    27.91177        9.413123        106.2347        12.04301        570.7591      -0.2719608E-03
   17 s   14    26.75611        9.691778        103.1802        9.965508        430.8750      -0.1346529E-04
   17 s   15    25.59075        9.908940        100.9190        7.518485        323.4118      -0.1654679E-04
   17 s   16    24.46694        10.08500        99.15712        6.703558        289.2875      -0.1557833E-03
   17 s   17    23.49319        10.27052        97.36602        8.658599        327.3066      -0.3045064E-03
   17 s   18    23.21369        10.72824        93.21196        19.58610        79.10058       0.5575513E-02
   17 s   19    23.03304        11.22014        89.12544        19.50585        79.24940       0.5504070E-02
   17 s   20    22.46244        11.50332        86.93141        5.358364        264.4733      -0.2406179E-03
   17 s   21    21.68492        11.64686        85.86006        6.332363        276.9420      -0.3079267E-03
   17 s   22    21.06027        11.83747        84.47751        9.403548        342.8174      -0.1973118E-03
   17 s   23    20.63273        12.11259        82.55870        12.03581        444.4836      -0.4599023E-04
   17 s   24    20.29363        12.42048        80.51219        12.42062        470.4668      -0.4299761E-04
   17 s   25    19.98039        12.72790        78.56756        12.10579        461.2418      -0.1236149E-03
   17 s   26    19.67515        13.02496        76.77568        11.74978        464.0796      -0.3120310E-03
   18 s    1    169.7209        6.359736        157.2392        1.926208        197.1584      -0.2889120E-03
   18 s    2    105.2740        6.574665        152.0990        14.05474        559.3309      -0.4012442E-02
   18 s    3    79.10793        6.916726        144.5771        13.22287        758.2173      -0.4817732E-02
   18 s    4    64.42645        7.242513        138.0736        12.80003        842.3173      -0.5575075E-02
   18 s    5    54.36780        7.469938        133.8699        2.956060        264.8919      -0.5811203E-03
   18 s    6    48.14890        7.818299        127.9051        20.81201        93.42842      -0.5457456E-03
   18 s    7    44.04723        8.252631        121.1735        14.10956        473.6897      -0.2888353E-02
   18 s    8    40.37001        8.572162        116.6567        10.91738        513.9565      -0.2423592E-02
   18 s    9    36.79921        8.733224        114.5052        3.404416        235.4719      -0.4683610E-03
   18 s   10    33.58283        8.808847        113.5222        3.032122        222.3474      -0.2404059E-03
   18 s   11    30.97302        8.898032        112.3844        4.620957        237.8713      -0.4040450E-03
   18 s   12    29.80504        9.307056        107.4454        20.02208        77.52557       0.2094647E-02
   18 s   13    29.09112        9.810854        101.9279        20.06939        77.31772       0.2246382E-02
   18 s   14    28.13931        10.19281        98.10836        8.614506        336.9485      -0.3824315E-03
   18 s   15    26.96575        10.44135        95.77303        11.10560        446.1969      -0.2634097E-03
   18 s   16    26.04687        10.73623        93.14253        12.10000        525.3037      -0.1976480E-03
   18 s   17    25.21864        11.02484        90.70428        10.31534        433.9710      -0.1785324E-03
   18 s   18    24.30148        11.23096        89.03956        6.434396        300.2938      -0.1485695E-03
   18 s   19    23.34575        11.37247        87.93162        5.247808        268.3312      -0.1738106E-03
   18 s   20    22.86626        11.71012        85.39620        19.43518        79.39106       0.5425312E-02
   18 s   21    22.71184        12.19841        81.97788        19.37319        79.52718       0.5340976E-02
   18 s   22    22.37822        12.57826        79.50224        5.983810        278.5261      -0.3130096E-03
   18 s   23    21.66447        12.71828        78.62699        5.461250        265.7837      -0.3712776E-03
   18 s   24    21.01052        12.85925        77.76506        5.997814        274.7135      -0.4918621E-03
   18 s   25    20.44883        13.02631        76.76774        7.605231        312.8106      -0.6456365E-03
   18 s   26    20.01009        13.24670        75.49053        10.10109        402.8894      -0.6821251E-03
   19 s    1    171.6411        6.431691        155.4801        28.08068        89.61412      -0.2459132E-03
   19 s    2    113.6311        7.096590        140.9128        24.05462        98.39991      -0.1107901E-02
   19 s    3    85.06574        7.437641        134.4512        1.126908        223.2639      -0.1569146E-03
   19 s    4    66.42990        7.467730        133.9095        1.592215        221.1512      -0.3293726E-03
   19 s    5    55.38362        7.609507        131.4146        12.22716        493.9613      -0.4729015E-02
   19 s    6    48.95885        7.949816        125.7891        14.65607        353.3724      -0.3502121E-02
   19 s    7    44.85039        8.403109        119.0036        21.20754        87.68815      -0.2360388E-03
   19 s    8    41.20254        8.748940        114.2996        4.588449        246.7638      -0.6385800E-03
   19 s    9    37.81160        8.973487        111.4394        12.10176        594.3593      -0.2597307E-02
   19 s   10    35.39741        9.284816        107.7027        12.50410        654.7169      -0.2597493E-02
   19 s   11    33.35743        9.583033        104.3511        11.13307        509.8668      -0.1980941E-02
   19 s   12    31.45759        9.823085        101.8010        7.997021        336.8683      -0.1064245E-02
   19 s   13    29.66302        10.00372        99.96278        6.825292        292.3341      -0.5491916E-03
   19 s   14    28.47928        10.31596        96.93719        20.12000        77.21270       0.2356163E-02
   19 s   15    27.94964        10.82232        92.40163        20.17236        77.18756       0.2432017E-02
   19 s   16    26.94032        11.10451        90.05352        6.712490        324.8284      -0.2815960E-05
   19 s   17    25.79998        11.27898        88.66049        8.021193        337.5066      -0.3449479E-04
   19 s   18    24.94944        11.53042        86.72714        11.81889        478.7064      -0.1486946E-03
   19 s   19    24.31107        11.84271        84.44011        12.73786        536.3656      -0.2322304E-03
   19 s   20    23.72673        12.15078        82.29924        11.58495        465.4155      -0.2845504E-03
   19 s   21    23.09353        12.40342        80.62295        8.411399        339.8255      -0.3055736E-03
   19 s   22    22.56850        12.68521        78.83194        19.31884        79.65897       0.5252674E-02
   19 s   23    22.43513        13.17071        75.92608        19.27112        79.78730       0.5161848E-02
   19 s   24    22.10219        13.52739        73.92411        9.659939        370.2161      -0.2770117E-04
   19 s   25    21.56999        13.74050        72.77755        7.511909        303.7020      -0.1278767E-03
   19 s   26    21.01811        13.91400        71.87006        6.591742        281.4339      -0.2377031E-03
   20 s    1    185.4400        6.948758        143.9106        14.82638        789.5242      -0.7031126E-02
   20 s    2    117.6174        7.345545        136.1369        15.38417        370.0012      -0.6017260E-02
   20 s    3    87.64263        7.662950        130.4981        20.20262        180.5250      -0.3023953E-02
   20 s    4    71.92863        8.085871        123.6725        14.42106        733.7927      -0.4202828E-02
   20 s    5    61.31943        8.425066        118.6934        12.96846        769.1860      -0.5296035E-02
   20 s    6    53.17767        8.634858        115.8097        2.047981        218.3791      -0.4542303E-03
   20 s    7    46.33102        8.680518        115.2005        1.999065        214.8678      -0.1562826E-03
   20 s    8    42.14159        8.948338        111.7526        21.75618        82.46076       0.9549948E-04
   20 s    9    39.99659        9.492029        105.3515        21.49639        82.29638       0.2248693E-03
   20 s   10    37.47997        9.831075        101.7183        3.574115        239.8869      -0.1482311E-03
   20 s   11    34.59799        9.939425        100.6094        5.386105        274.0782      -0.2956010E-03
   20 s   12    32.41327        10.12151        98.79946        9.087218        397.7518      -0.6128587E-03
   20 s   13    30.77709        10.37944        96.34432        11.08350        542.8091      -0.5709738E-03
   20 s   14    29.42338        10.65793        93.82681        10.93755        558.0072      -0.3298135E-03
   20 s   15    28.18093        10.91188        91.64326        9.032484        437.8618      -0.1112604E-03
   20 s   16    27.48721        11.32993        88.26181        20.21928        77.22905       0.2481327E-02
   20 s   17    26.69806        11.67160        85.67806        11.48249        541.4461      -0.3731122E-03
   20 s   18    25.88442        11.96252        83.59441        11.61478        568.2354      -0.3697887E-03
   20 s   19    25.13525        12.24420        81.67133        10.63896        492.6823      -0.2959393E-03
   20 s   20    24.37778        12.48419        80.10128        8.689863        370.2040      -0.9686313E-04
   20 s   21    23.66093        12.70816        78.68958        9.793109        384.9566      -0.2663226E-05
   20 s   22    23.08692        12.97660        77.06176        11.38716        446.2881      -0.2607449E-05
   20 s   23    22.59199        13.26279        75.39893        11.26172        439.7509      -0.4146673E-08
   20 s   24    22.31076        13.65504        73.23302        19.22903        79.91271       0.5069748E-02
   20 s   25    21.98458        14.00460        71.40509        10.87350        436.2474      -0.2662409E-03
   20 s   26    21.58169        14.28709        69.99324        11.60792        476.0341      -0.1864736E-03
