    0 s    2    4.958814       0.3096923        3229.012        6.352442        525.2228       0.5440955E-02
    0 s    3    5.373239       0.4698040        2128.547        6.665962        434.1215       0.9026692E-02
    0 s    4    5.770476       0.6486892        1541.570        7.468969        386.8904       0.7224056E-02
    0 s    5    6.130114       0.8422553        1187.288        7.848802        367.5319       0.5211556E-02
    0 s    6    6.407247        1.040393        961.1755        7.865666        358.3854       0.3627597E-02
    0 s    7    6.590556        1.234798        809.8492        7.571937        352.4327       0.2364779E-02
    0 s    8    6.678024        1.418011        705.2134        7.001284        346.9890       0.1345045E-02
    0 s    9    6.677396        1.584686        631.0398        6.306873        341.5720       0.6279612E-03
    0 s   10    6.613979        1.734861        576.4151        5.726459        336.4311       0.2452717E-03
    0 s   11    6.519556        1.872960        533.9143        5.344821        331.3138       0.8665539E-04
    0 s   12    6.415731        2.003405        499.1503        5.103430        325.7304       0.2942069E-04
    0 s   13    6.312316        2.128801        469.7480        4.932541        319.3801       0.9842847E-05
    0 s   14    6.212546        2.250351        444.3752        4.791265        312.1701       0.3262443E-05
    0 s   15    6.116934        2.368525        422.2036        4.660510        304.1474       0.1069280E-05
    0 s   16    6.025096        2.483479        402.6610        4.532713        295.4526       0.3452577E-06
    0 s   17    5.936479        2.595252        385.3190        4.405865        286.2857       0.1094624E-06
    0 s   18    5.850623        2.703873        369.8398        4.280531        276.8751       0.3405252E-07
    0 s   19    5.767219        2.809400        355.9479        4.158379        267.4489       0.1046969E-07
    0 s   20    5.686113        2.911936        343.4141        4.041395        258.2113       0.3312399E-08
    0 s   21    5.607269        3.011636        332.0455        3.931451        249.3272       0.1205892E-08
    0 s   22    5.530735        3.108693        321.6786        3.830065        240.9158       0.6333070E-09
    0 s   23    5.456603        3.203338        312.1744        3.738290        233.0512       0.2733194E-09
    0 s   24    5.384985        3.295817        303.4149        3.656700        225.7681       0.4843518E-10
    0 s   25    5.315989        3.386388        295.2999        3.585438        219.0705      -0.3847318E-10
    0 s   26    5.249705        3.475308        287.7443        3.524291        212.9403      -0.3515539E-10
    1 s    2    10.93059       0.6826470        1464.886        10.96421        314.1424      -0.3353005E-03
    1 s    3    10.79502       0.9438520        1059.488        9.872597        290.8713       0.5038906E-03
    1 s    4    10.44704        1.174406        851.4944        8.441914        285.5539       0.9390266E-03
    1 s    5    9.900844        1.360340        735.1104        6.319790        315.9052       0.2144389E-02
    1 s    6    9.240623        1.500469        666.4581        5.099501        355.1032       0.3290337E-02
    1 s    7    8.695195        1.629120        613.8283        5.230806        370.6213       0.3867090E-02
    1 s    8    8.333835        1.769605        565.0978        5.943216        376.9788       0.4242457E-02
    1 s    9    8.135746        1.930783        517.9246        6.812689        380.9632       0.4450453E-02
    1 s   10    8.052991        2.112317        473.4138        7.525822        383.6199       0.4456610E-02
    1 s   11    8.035524        2.308472        433.1870        7.981635        385.2332       0.4347245E-02
    1 s   12    8.048943        2.513399        397.8676        8.242012        385.9804       0.4218055E-02
    1 s   13    8.074892        2.723222        367.2121        8.384588        385.4122       0.4105217E-02
    1 s   14    8.104362        2.935617        340.6439        8.452957        381.4712       0.3997609E-02
    1 s   15    8.131869        3.148724        317.5889        8.432263        364.5515       0.3804800E-02
    1 s   16    8.143429        3.356632        297.9176        7.829146        269.3664       0.2689119E-02
    1 s   17    8.069290        3.527653        283.4746        6.084920        164.7139       0.2712781E-03
    1 s   18    7.952674        3.675339        272.0837        5.789348        156.9081       0.3460212E-04
    1 s   19    7.839796        3.819020        261.8473        5.701053        155.5255       0.7486419E-05
    1 s   20    7.734867        3.961131        252.4531        5.657298        155.2256       0.2026544E-05
    1 s   21    7.638200        4.102438        243.7575        5.635006        155.3920       0.6127511E-06
    1 s   22    7.549452        4.243366        235.6620        5.626144        155.8354       0.1966672E-06
    1 s   23    7.468076        4.384188        228.0924        5.625979        156.4488       0.6520142E-07
    1 s   24    7.393453        4.525076        220.9908        5.631083        157.1539       0.2194648E-07
    1 s   25    7.324940        4.666129        214.3104        5.638861        157.8883       0.7395162E-08
    1 s   26    7.261909        4.807388        208.0132        5.647380        158.6028       0.2451424E-08
    2 s    1    10.77566       0.4037827        2476.580        13.16040        388.1925       0.1905988E-03
    2 s    2    15.23911       0.9517267        1050.722        19.04800        96.82182      -0.5367665E-01
    2 s    3    14.09650        1.232514        811.3496        5.809570        402.8792       0.3286290E-03
    2 s    4    12.19397        1.370788        729.5076        5.438791        356.1429       0.2072082E-02
    2 s    5    11.06416        1.520175        657.8190        6.621139        283.4532       0.1524543E-02
    2 s    6    10.47241        1.700484        588.0678        7.557483        237.5240       0.7037121E-03
    2 s    7    10.09573        1.891523        528.6744        7.617563        216.3997       0.3812623E-03
    2 s    8    9.795641        2.080005        480.7681        7.420315        203.0553       0.2579003E-03
    2 s    9    9.534358        2.262703        441.9493        7.171993        192.9535       0.2016630E-03
    2 s   10    9.298997        2.439147        409.9794        6.924889        184.8385       0.1733833E-03
    2 s   11    9.083733        2.609605        383.1998        6.694818        178.2292       0.1599641E-03
    2 s   12    8.885399        2.774594        360.4131        6.488095        172.9019       0.1577369E-03
    2 s   13    8.702134        2.934757        340.7438        6.309107        168.7987       0.1696825E-03
    2 s   14    8.532999        3.090881        323.5324        6.166545        166.1745       0.2124382E-03
    2 s   15    8.378648        3.244279        308.2349        6.103691        166.8775       0.3701773E-03
    2 s   16    8.250687        3.400843        294.0448        6.628062        196.2061       0.1470170E-02
    2 s   17    8.217643        3.592509        278.3570        8.308542        358.9816       0.3896746E-02
    2 s   18    8.235609        3.806098        262.7363        8.556122        398.2815       0.4149560E-02
    2 s   19    8.257899        4.022691        248.5898        8.612337        406.0029       0.4197941E-02
    2 s   20    8.279885        4.240243        235.8356        8.638662        409.1679       0.4228142E-02
    2 s   21    8.300814        4.458324        224.2995        8.655620        411.1590       0.4255929E-02
    2 s   22    8.320541        4.676776        213.8225        8.668243        412.6911       0.4283020E-02
    2 s   23    8.339077        4.895515        204.2686        8.678289        413.9678       0.4309173E-02
    2 s   24    8.356481        5.114486        195.5231        8.686481        415.0432       0.4333766E-02
    2 s   25    8.372815        5.333646        187.4890        8.692933        415.8610       0.4355500E-02
    2 s   26    8.388108        5.552933        180.0850        8.695272        415.7662       0.4366838E-02
    3 s    1    25.47490       0.9545887        1047.572        5.254433        790.5535       0.1574758E-02
    3 s    2    17.65195        1.102415        907.0990        6.633442        346.7790      -0.2173720E-02
    3 s    3    16.36115        1.430522        699.0456        16.26488        90.28325      -0.5241893E-01
    3 s    4    16.43054        1.847043        541.4059        15.52780        89.42935      -0.5358398E-01
    3 s    5    16.37518        2.249890        444.4661        15.13733        89.32062      -0.5361259E-01
    3 s    6    15.44610        2.508099        398.7083        5.159406        282.6452       0.6917187E-03
    3 s    7    14.07784        2.637606        379.1317        5.154076        277.1024       0.7326044E-03
    3 s    8    13.03202        2.767217        361.3738        5.188323        272.6999       0.6761929E-03
    3 s    9    12.21434        2.898719        344.9800        5.311990        269.1384       0.5803724E-03
    3 s   10    11.56768        3.034227        329.5732        5.508566        265.9431       0.4768435E-03
    3 s   11    11.05220        3.175111        314.9496        5.740016        262.7594       0.3808460E-03
    3 s   12    10.63775        3.321791        301.0425        5.970933        259.3941       0.2978596E-03
    3 s   13    10.30089        3.473929        287.8585        6.176678        255.7768       0.2287982E-03
    3 s   14    10.02333        3.630719        275.4276        6.344030        251.9077       0.1727727E-03
    3 s   15    9.790969        3.791141        263.7729        6.469036        247.8201       0.1283048E-03
    3 s   16    9.593081        3.954163        252.8980        6.554187        243.5647       0.9378469E-04
    3 s   17    9.421657        4.118868        242.7852        6.605772        239.2061       0.6761759E-04
    3 s   18    9.270809        4.284517        233.3985        6.631681        234.8204       0.4827490E-04
    3 s   19    9.136265        4.450572        224.6902        6.639729        230.4878       0.3433710E-04
    3 s   20    9.014939        4.616674        216.6062        6.636558        226.2817       0.2454575E-04
    3 s   21    8.904590        4.782610        209.0909        6.627135        222.2604       0.1785079E-04
    3 s   22    8.803559        4.948269        202.0909        6.614753        218.4628       0.1344180E-04
    3 s   23    8.710575        5.113606        195.5567        6.601332        214.9097       0.1077431E-04
    3 s   24    8.624635        5.278607        189.4439        6.587857        211.6103       0.9660983E-05
    3 s   25    8.544920        5.443281        183.7127        6.574940        208.5787       0.1080880E-04
    3 s   26    8.470780        5.607662        178.3274        6.565176        205.9623       0.2134287E-04
    4 s    1    38.23917        1.432888        697.8912        12.14203        377.8040       0.5327713E-03
    4 s    2    28.07752        1.753522        570.2808        13.21651        462.6007       0.3146916E-03
    4 s    3    23.87714        2.087675        479.0019        13.42671        510.9892       0.1261153E-03
    4 s    4    20.10446        2.260047        442.4687        4.445696        296.6991       0.3456348E-03
    4 s    5    17.32215        2.380000        420.1681        5.018618        288.5602       0.4995013E-03
    4 s    6    16.29652        2.646188        377.9021        14.94861        89.24293      -0.5331362E-01
    4 s    7    16.21851        3.038679        329.0904        14.84415        89.32624      -0.5273415E-01
    4 s    8    16.14798        3.428859        291.6422        14.77004        89.45126      -0.5202715E-01
    4 s    9    15.49687        3.677733        271.9067        5.848970        321.0215       0.3694014E-03
    4 s   10    14.55410        3.817572        261.9466        5.389178        295.1654       0.3633985E-03
    4 s   11    13.75012        3.950179        253.1531        5.228559        282.3268       0.3257560E-03
    4 s   12    13.06839        4.080795        245.0503        5.220718        275.1646       0.2799860E-03
    4 s   13    12.49107        4.212558        237.3855        5.317095        271.1477       0.2357528E-03
    4 s   14    12.00264        4.347676        230.0080        5.486453        269.1385       0.1962494E-03
    4 s   15    11.58972        4.487631        222.8347        5.701648        268.4952       0.1618910E-03
    4 s   16    11.24063        4.633266        215.8305        5.938644        268.7919       0.1321754E-03
    4 s   17    10.94509        4.784866        208.9923        6.177113        269.7113       0.1064967E-03
    4 s   18    10.69403        4.942261        202.3365        6.400980        270.9994       0.8440627E-04
    4 s   19    10.47956        5.104934        195.8889        6.598722        272.4461       0.6561957E-04
    4 s   20    10.29486        5.272137        189.6764        6.763309        273.8790       0.4993347E-04
    4 s   21    10.13415        5.442997        183.7223        6.891735        275.1620       0.3714187E-04
    4 s   22    9.992616        5.616610        178.0434        6.984236        276.1937       0.2698736E-04
    4 s   23    9.866340        5.792106        172.6488        7.043368        276.9037       0.1915288E-04
    4 s   24    9.752167        5.968700        167.5407        7.073132        277.2481       0.1328113E-04
    4 s   25    9.647614        6.145718        162.7149        7.078248        277.2048       0.9004979E-05
    4 s   26    9.550754        6.322605        158.1627        7.063600        276.7680       0.5976665E-05
    5 s    1    45.96250        1.722295        580.6207        29.17167        89.13048       0.2021591E-04
    5 s    2    33.53063        2.094085        477.5356        2.303240        326.1947       0.7951312E-03
    5 s    3    24.72619        2.161911        462.5537        3.306842        300.2013       0.3421341E-03
    5 s    4    21.54091        2.421526        412.9628        13.18909        513.7961       0.8977411E-04
    5 s    5    19.96980        2.743778        364.4610        12.51886        517.3169       0.7298371E-04
    5 s    6    18.74705        3.044099        328.5044        11.42208        511.3332       0.8267043E-04
    5 s    7    17.66118        3.308976        302.2083        9.591303        475.9227       0.1521907E-03
    5 s    8    16.56630        3.517686        284.2778        7.149729        382.2383       0.2951616E-03
    5 s    9    16.08485        3.817272        261.9672        14.71224        89.57592      -0.5128930E-01
    5 s   10    16.00256        4.197507        238.2367        9.397555        352.8049       0.8263438E-04
    5 s   11    15.41604        4.428772        225.7962        9.067820        363.3801       0.8262539E-04
    5 s   12    14.89118        4.649985        215.0545        8.603053        365.6618       0.9426899E-04
    5 s   13    14.40607        4.858385        205.8297        8.051265        360.2628       0.1134547E-03
    5 s   14    13.94901        5.052703        197.9139        7.492708        348.5258       0.1323425E-03
    5 s   15    13.51749        5.234080        191.0556        7.029550        334.2314       0.1426416E-03
    5 s   16    13.11459        5.405690        184.9903        6.713231        321.0343       0.1414702E-03
    5 s   17    12.74363        5.571137        179.4966        6.531200        310.3764       0.1314086E-03
    5 s   18    12.40573        5.733325        174.4189        6.446656        302.1452       0.1164577E-03
    5 s   19    12.09989        5.894249        169.6569        6.425872        295.7688       0.9971763E-04
    5 s   20    11.82389        6.055178        165.1479        6.444503        290.7012       0.8309340E-04
    5 s   21    11.57501        6.216880        160.8524        6.486038        286.5306       0.6763209E-04
    5 s   22    11.35038        6.379778        156.7453        6.539244        282.9679       0.5385560E-04
    5 s   23    11.14723        6.544063        152.8103        6.596264        279.8158       0.4197485E-04
    5 s   24    10.96297        6.709755        149.0367        6.651420        276.9412       0.3201363E-04
    5 s   25    10.79520        6.876756        145.4174        6.700537        274.2566       0.2387985E-04
    5 s   26    10.64179        7.044874        141.9472        6.740617        271.7073       0.1740969E-04
    6 s    1    53.18129        1.992795        501.8077        8.685208        673.0144       0.2029248E-02
    6 s    2    39.01640        2.436687        410.3933        25.80030        94.93120       0.1741020E-03
    6 s    3    32.43603        2.836014        352.6076        12.16340        443.4848       0.1996625E-02
    6 s    4    27.52717        3.094473        323.1568        8.082062        335.0659       0.1031654E-02
    6 s    5    23.68554        3.254307        307.2851        5.347874        269.2971       0.4692033E-03
    6 s    6    20.85653        3.386632        295.2786        5.450400        256.4555       0.3654151E-03
    6 s    7    18.87944        3.537227        282.7073        6.749697        259.1565       0.3168873E-03
    6 s    8    17.57195        3.731225        268.0085        8.680627        290.9148       0.1931640E-03
    6 s    9    16.68981        3.960841        252.4716        9.454026        330.3244       0.1102616E-03
    6 s   10    16.02815        4.204217        237.8564        14.66387        89.68968      -0.5056570E-01
    6 s   11    15.97692        4.589901        217.8696        14.62276        89.78016      -0.4988597E-01
    6 s   12    15.93037        4.974490        201.0256        14.58722        89.85256      -0.4925628E-01
    6 s   13    15.47946        5.220380        191.5569        7.124686        276.6610       0.3209218E-03
    6 s   14    14.92078        5.404706        185.0239        7.587816        281.2105       0.2515751E-03
    6 s   15    14.46097        5.599403        178.5905        7.944790        288.0009       0.1941331E-03
    6 s   16    14.07382        5.801076        172.3818        8.146918        294.7655       0.1529939E-03
    6 s   17    13.73815        6.005909        166.5027        8.204858        299.8378       0.1261258E-03
    6 s   18    13.43870        6.210712        161.0121        8.151965        302.5084       0.1093423E-03
    6 s   19    13.16508        6.413140        155.9299        8.021002        302.6828       0.9884528E-04
    6 s   20    12.91045        6.611616        151.2489        7.841320        300.6109       0.9168953E-04
    6 s   21    12.67054        6.805282        146.9447        7.641230        296.7958       0.8566428E-04
    6 s   22    12.44309        6.993965        142.9804        7.447047        291.9145       0.7927707E-04
    6 s   23    12.22723        7.178081        139.3130        7.278803        286.6620       0.7182157E-04
    6 s   24    12.02283        7.358432        135.8985        7.147097        281.5869       0.6330559E-04
    6 s   25    11.83005        7.535971        132.6969        7.053921        277.0221       0.5418807E-04
    6 s   26    11.64897        7.711627        129.6743        6.996038        273.1132       0.4507110E-04
    7 s    1    59.47201        2.228519        448.7285        7.325245        265.1526       0.5895306E-03
    7 s    2    40.54966        2.532443        394.8755        15.36019        327.9741       0.2440854E-02
    7 s    3    35.75054        3.125814        319.9166        25.51450        90.34591      -0.8490508E-04
    7 s    4    30.23954        3.399384        294.1710        8.462443        361.0673       0.5591497E-03
    7 s    5    26.66246        3.663325        272.9761        11.88615        509.6222       0.8257241E-03
    7 s    6    24.41951        3.965180        252.1954        11.75985        522.1012       0.8294890E-03
    7 s    7    22.59063        4.232550        236.2642        9.263608        422.1141       0.7628293E-03
    7 s    8    20.86302        4.430049        225.7311        6.747273        335.4385       0.6427010E-03
    7 s    9    19.32547        4.586339        218.0388        5.923862        300.3700       0.5591405E-03
    7 s   10    18.04884        4.734250        211.2267        5.939696        285.9027       0.5059958E-03
    7 s   11    17.00969        4.886599        204.6413        6.236629        278.8185       0.4538269E-03
    7 s   12    16.16552        5.047916        198.1016        6.649899        275.8239       0.3915234E-03
    7 s   13    15.88791        5.358128        186.6324        14.55672        89.90659      -0.4868069E-01
    7 s   14    15.84904        5.740947        174.1873        14.53074        89.94489      -0.4815752E-01
    7 s   15    15.81338        6.123068        163.3168        14.50877        89.97025      -0.4768306E-01
    7 s   16    15.57223        6.418705        155.7947        6.114631        263.6462       0.2982904E-03
    7 s   17    15.03751        6.573952        152.1155        6.287260        260.6204       0.2598890E-03
    7 s   18    14.57072        6.733878        148.5028        6.490382        258.7437       0.2232450E-03
    7 s   19    14.16282        6.899169        144.9450        6.716913        257.8780       0.1888141E-03
    7 s   20    13.80605        7.070267        141.4374        6.954234        257.9039       0.1572415E-03
    7 s   21    13.49337        7.247221        137.9839        7.183514        258.6217       0.1292811E-03
    7 s   22    13.21808        7.429567        134.5973        7.383689        259.7149       0.1055337E-03
    7 s   23    12.97379        7.616356        131.2964        7.538104        260.8026       0.8616526E-04
    7 s   24    12.75465        7.806332        128.1011        7.639176        261.5473       0.7082789E-04
    7 s   25    12.55560        7.998165        125.0287        7.688363        261.7393       0.5881946E-04
    7 s   26    12.37256        8.190643        122.0905        7.692985        261.3139       0.4932650E-04
    8 s    1    76.71412        2.874611        347.8731        14.37764        930.0840       0.1377916E-02
    8 s    2    51.02370        3.186578        313.8163        2.680392        238.5443       0.1988216E-03
    8 s    3    37.22948        3.255124        307.2079        3.986630        260.4624       0.1661067E-03
    8 s    4    33.43052        3.758099        266.0920        23.98191        98.08763      -0.2614604E-03
    8 s    5    30.40956        4.178163        239.3396        11.65620        647.1223       0.1276855E-02
    8 s    6    27.31543        4.435411        225.4582        8.933478        447.0412       0.5098247E-03
    8 s    7    24.85333        4.656487        214.7542        9.545955        387.4878       0.3668321E-04
    8 s    8    23.19503        4.925229        203.0362        11.70608        457.9138       0.1649439E-08
    8 s    9    22.00166        5.221455        191.5175        11.50897        508.8756       0.2392672E-04
    8 s   10    20.87425        5.475360        182.6364        8.572935        421.2074       0.2959383E-03
    8 s   11    19.71129        5.662725        176.5934        6.706160        337.4092       0.4568834E-03
    8 s   12    18.64324        5.821621        171.7735        6.079346        302.4134       0.4548310E-03
    8 s   13    17.70575        5.971187        167.4709        5.894293        284.9007       0.4195308E-03
    8 s   14    16.89185        6.118678        163.4340        5.892788        274.6917       0.3788951E-03
    8 s   15    16.18588        6.267301        159.5583        5.978605        268.1141       0.3381022E-03
    8 s   16    15.78061        6.504595        153.7375        14.49032        89.98529      -0.4725284E-01
    8 s   17    15.75044        6.885623        145.2301        14.47487        89.99223      -0.4686226E-01
    8 s   18    15.72262        7.266233        137.6229        14.46195        89.99292      -0.4650701E-01
    8 s   19    15.65204        7.624618        131.1541        5.747346        262.8860       0.2549641E-03
    8 s   20    15.16928        7.768395        128.7267        5.746693        257.4815       0.2274375E-03
    8 s   21    14.73290        7.912966        126.3749        5.808393        254.1834       0.2024046E-03
    8 s   22    14.33906        8.059639        124.0750        5.914016        252.2821       0.1797209E-03
    8 s   23    13.98393        8.209365        121.8121        6.052266        251.3855       0.1590503E-03
    8 s   24    13.66392        8.362844        119.5765        6.213931        251.2414       0.1400784E-03
    8 s   25    13.37565        8.520552        117.3633        6.390077        251.6607       0.1225823E-03
    8 s   26    13.11591        8.682739        115.1710        6.571621        252.4822       0.1064440E-03
    9 s    1    84.37976        3.161856        316.2700       0.7752578        229.8439       0.9708706E-07
    9 s    2    51.82854        3.236842        308.9431        12.96700        895.5711       0.1160806E-02
    9 s    3    40.84209        3.570989        280.0345        13.11577        767.9299       0.1662520E-02
    9 s    4    34.65582        3.895841        256.6840        13.29239        434.8186       0.1536725E-02
    9 s    5    31.92875        4.386894        227.9517        23.01424        91.89054      -0.6439340E-03
    9 s    6    28.46428        4.621959        216.3585        8.195531        357.3202       0.1037605E-02
    9 s    7    25.94866        4.861707        205.6891        10.28238        481.1713       0.1408179E-02
    9 s    8    24.10769        5.119022        195.3498        10.02634        465.8214       0.1370512E-02
    9 s    9    22.60617        5.364918        186.3961        9.713743        400.3044       0.1183170E-02
    9 s   10    21.44500        5.625070        177.7756        11.20217        407.2159       0.6916652E-03
    9 s   11    20.59444        5.916438        169.0206        11.80544        454.4787       0.3459483E-03
    9 s   12    19.88445        6.209206        161.0512        11.52677        476.2101       0.2273448E-03
    9 s   13    19.24612        6.490670        154.0673        10.92171        475.8054       0.1992147E-03
    9 s   14    18.64014        6.751957        148.1052        9.869531        444.1723       0.2280813E-03
    9 s   15    18.02576        6.979716        143.2723        8.276672        378.0306       0.2898317E-03
    9 s   16    17.39019        7.168046        139.5080        6.874014        319.3815       0.3222555E-03
    9 s   17    16.76678        7.329937        136.4268        6.149918        287.9213       0.3113503E-03
    9 s   18    16.18442        7.479653        133.6960        5.849610        271.8746       0.2842504E-03
    9 s   19    15.69695        7.646494        130.7789        14.45112        89.98882      -0.4618317E-01
    9 s   20    15.67321        8.026464        124.5879        14.44198        89.98105      -0.4588726E-01
    9 s   21    15.65123        8.406194        118.9599        14.43416        89.97048      -0.4561626E-01
    9 s   22    15.63084        8.785722        113.8210        14.42738        89.95772      -0.4536753E-01
    9 s   23    15.29162        8.977057        111.3951        6.060350        266.5631       0.1673496E-03
    9 s   24    14.91250        9.127024        109.5647        5.944348        259.6790       0.1567085E-03
    9 s   25    14.56074        9.275476        107.8112        5.928499        255.7984       0.1433153E-03
    9 s   26    14.23603        9.424258        106.1092        5.966578        253.5850       0.1294700E-03
   10 s    1    91.11550        3.414256        292.8896        24.55239        88.87851       0.2624007E-03
   10 s    2    64.49383        4.027826        248.2729        17.93265        296.7491       0.2456185E-02
   10 s    3    49.18827        4.300729        232.5187        5.724055        340.7466       0.8265331E-03
   10 s    4    39.01804        4.386220        227.9867        2.807781        260.4182       0.1865763E-03
   10 s    5    32.55792        4.473339        223.5466        5.018565        251.5313       0.3783990E-03
   10 s    6    30.69391        4.984001        200.6420        23.29256        88.65326      -0.1005522E-02
   10 s    7    29.66939        5.558817        179.8944        20.46114        103.3630      -0.8912079E-03
   10 s    8    27.25821        5.788003        172.7712        7.792148        323.6455       0.1086091E-02
   10 s    9    25.25862        5.994401        166.8223        8.794759        339.8860       0.1218047E-02
   10 s   10    23.74921        6.229470        160.5273        9.754914        373.8899       0.1382628E-02
   10 s   11    22.53551        6.474076        154.4622        9.442677        371.8631       0.1358023E-02
   10 s   12    21.44308        6.695911        149.3449        8.138973        329.0740       0.1070082E-02
   10 s   13    20.42225        6.887316        145.1945        7.251196        294.5765       0.7242929E-03
   10 s   14    19.51632        7.069334        141.4560        7.443186        285.7594       0.4530876E-03
   10 s   15    18.77162        7.268518        137.5796        8.554641        305.5629       0.2462346E-03
   10 s   16    18.18872        7.497193        133.3833        9.625227        343.6396       0.1224918E-03
   10 s   17    17.71478        7.744375        129.1260        10.03648        373.6572       0.7279889E-04
   10 s   18    17.29957        7.995019        125.0779        9.937097        385.7039       0.6087642E-04
   10 s   19    16.91072        8.237763        121.3922        9.396060        377.1202       0.7302964E-04
   10 s   20    16.52096        8.460609        118.1948        8.343888        344.8485       0.1093049E-03
   10 s   21    16.11219        8.653774        115.5565        7.137129        305.0539       0.1512123E-03
   10 s   22    15.69519        8.821890        113.3544        6.386990        279.5770       0.1694104E-03
   10 s   23    15.61191        9.165085        109.1097        14.42137        89.94322      -0.4513883E-01
   10 s   24    15.59430        9.544308        104.7745        14.41591        89.92730      -0.4492820E-01
   10 s   25    15.38746        9.802114        102.0188        8.520613        332.7740       0.8413036E-04
   10 s   26    15.12382        10.01198        99.88035        8.034688        316.6926       0.9116882E-04
   11 s    1    97.96831        3.671042        272.4022        14.92709        658.4515       0.4628274E-02
   11 s    2    64.73123        4.042652        247.3624        20.68715        103.0131       0.6980139E-03
   11 s    3    51.04197        4.462806        224.0743        9.041495        393.0521       0.1254697E-02
   11 s    4    42.21290        4.745371        210.7317        12.07969        667.2105       0.1001024E-02
   11 s    5    36.73620        5.047420        198.1210        12.01657        686.9228       0.7833736E-03
   11 s    6    32.88025        5.339014        187.3005        11.11043        560.3637       0.9640277E-03
   11 s    7    29.85468        5.593534        178.7779        11.04627        232.3423       0.6819832E-03
   11 s    8    28.87790        6.131929        163.0808        21.95482        90.36681      -0.1467571E-02
   11 s    9    27.25083        6.467193        154.6266        12.17424        606.1379       0.4390563E-03
   11 s   10    25.70188        6.741657        148.3315        9.200383        395.4322       0.5790392E-05
   11 s   11    24.18865        6.948994        143.9057        8.191215        326.1996       0.3205473E-03
   11 s   12    22.96369        7.170743        139.4556        9.530204        360.6913       0.8577756E-03
   11 s   13    22.00263        7.420289        134.7656        10.09508        396.3463       0.1222082E-02
   11 s   14    21.16420        7.666239        130.4421        9.273067        380.5249       0.1242842E-02
   11 s   15    20.35416        7.881292        126.8828        7.819485        334.1695       0.1012814E-02
   11 s   16    19.56013        8.062473        124.0314        6.700658        297.8433       0.7494359E-03
   11 s   17    18.80981        8.223087        121.6088        6.185654        277.9468       0.5575981E-03
   11 s   18    18.12590        8.376909        119.3758        6.149825        269.1755       0.4280299E-03
   11 s   19    17.52115        8.535124        117.1629        6.554912        270.0779       0.3285069E-03
   11 s   20    17.00733        8.709687        114.8147        7.461721        284.9767       0.2343075E-03
   11 s   21    16.58923        8.909992        112.2335        8.499310        313.1046       0.1516894E-03
   11 s   22    16.24449        9.130638        109.5214        9.042158        336.6774       0.1039474E-03
   11 s   23    15.94119        9.358390        106.8560        9.108339        346.1210       0.8464570E-04
   11 s   24    15.65916        9.584008        104.3405        8.897773        343.6375       0.8047502E-04
   11 s   25    15.57788        9.923416        100.7718        14.41082        89.91016      -0.4473397E-01
   11 s   26    15.56260        10.30245        97.06426        14.40593        89.89128      -0.4455507E-01
   12 s    1    115.5272        4.329003        231.0000       0.7560541        246.8369       0.1872661E-03
   12 s    2    69.72620        4.354603        229.6421        1.640137        249.2256       0.1987004E-03
   12 s    3    53.22179        4.653396        214.8968        24.11753        84.96508       0.5795974E-04
   12 s    4    46.72435        5.252527        190.3846        23.68084        86.17577       0.2192645E-03
   12 s    5    40.76674        5.601201        178.5331        3.334780        241.9117       0.1487265E-04
   12 s    6    35.15210        5.707911        175.1955        5.464639        273.3333       0.3425777E-04
   12 s    7    31.43916        5.890400        169.7678        9.301870        384.2082       0.2283132E-03
   12 s    8    29.02114        6.162343        162.2759        12.28168        462.0811       0.4377085E-03
   12 s    9    28.18628        6.689195        149.4948        20.55956        93.08039      -0.1508355E-02
   12 s   10    26.30412        6.899628        144.9354        10.17803        398.1157       0.1304044E-02
   12 s   11    25.05068        7.196643        138.9537        12.76728        585.7702       0.1180978E-02
   12 s   12    24.08900        7.522138        132.9409        13.04723        635.4648       0.9531342E-03
   12 s   13    23.26591        7.846325        127.4482        12.73758        629.8221       0.8337499E-03
   12 s   14    22.51444        8.155332        122.6192        11.75914        580.9700       0.9599407E-03
   12 s   15    21.77613        8.431889        118.5974        10.35873        495.5206       0.1363184E-02
   12 s   16    21.06745        8.683772        115.1573        9.709299        453.8571       0.1525709E-02
   12 s   17    20.40001        8.918278        112.1293        8.852866        404.2082       0.1371108E-02
   12 s   18    19.74956        9.127286        109.5616        7.769885        348.9681       0.1072345E-02
   12 s   19    19.11397        9.311036        107.3994        6.916633        309.7003       0.7937367E-03
   12 s   20    18.50765        9.478019        105.5073        6.446026        286.9018       0.5941428E-03
   12 s   21    17.94298        9.637082        103.7659        6.276812        274.5658       0.4612299E-03
   12 s   22    17.42554        9.794475        102.0984        6.307152        268.5295       0.3704068E-03
   12 s   23    16.95641        9.954380        100.4583        6.476531        266.8528       0.3037778E-03
   12 s   24    16.53702        10.12129        98.80164        6.759684        269.0625       0.2487159E-03
   12 s   25    16.16126        10.29504        97.13420        7.130699        275.0717       0.2038416E-03
   12 s   26    15.82880        10.47868        95.43189        7.544316        284.5751       0.1649989E-03
   13 s    1    119.4393        4.475599        223.4338        12.81040        724.8659       0.3552252E-02
   13 s    2    77.00558        4.809221        207.9339        14.04934        856.8366       0.2898558E-02
   13 s    3    59.18040        5.174382        193.2598        14.76999        878.6651       0.3789852E-02
   13 s    4    49.21286        5.532273        180.7575        4.052682        274.0918       0.3644810E-03
   13 s    5    42.33167        5.816217        171.9331        18.38388        163.2175       0.1197204E-02
   13 s    6    37.89285        6.152947        162.5237        11.18261        613.8953       0.6960241E-03
   13 s    7    34.11134        6.391055        156.4687        7.862818        407.4856       0.2594288E-03
   13 s    8    30.88030        6.557117        152.5060        5.834090        306.0919       0.3790035E-03
   13 s    9    28.24773        6.703778        149.1696        7.596597        237.8528       0.5122444E-03
   13 s   10    27.60042        7.239650        138.1282        21.65773        86.73616      -0.1852598E-02
   13 s   11    27.08840        7.782044        128.5009        21.41515        86.53087      -0.1946728E-02
   13 s   12    25.61684        7.999229        125.0120        5.145428        256.7780       0.4370267E-03
   13 s   13    24.13948        8.140935        122.8360        6.327122        268.2848       0.4692919E-03
   13 s   14    22.98586        8.326094        120.1043        8.635900        306.2096       0.4648191E-03
   13 s   15    22.15213        8.577481        116.5843        11.24450        387.1094       0.2863971E-03
   13 s   16    21.52772        8.873491        112.6952        12.17452        451.8001       0.2361361E-03
   13 s   17    20.99905        9.180158        108.9306        12.26763        481.7951       0.2970154E-03
   13 s   18    20.52362        9.485020        105.4294        12.05208        492.1237       0.3824655E-03
   13 s   19    20.07905        9.781160        102.2374        11.54727        481.4896       0.4710049E-03
   13 s   20    19.65120        10.06365        99.36756        10.53332        438.8504       0.5735503E-03
   13 s   21    19.19242        10.30815        97.01064        8.898729        367.6330       0.6504781E-03
   13 s   22    18.69874        10.51011        95.14646        7.292214        308.1434       0.5959420E-03
   13 s   23    18.19158        10.67950        93.63738        6.321122        276.0655       0.4771257E-03
   13 s   24    17.69725        10.83140        92.32420        5.858365        260.1513       0.3758003E-03
   13 s   25    17.22953        10.97555        91.11162        5.678291        251.9813       0.3038744E-03
   13 s   26    16.79343        11.11726        89.95024        5.652732        247.7400       0.2531717E-03
   14 s    1    132.8832        4.979362        200.8289        26.05236        88.79196       0.2050718E-03
   14 s    2    87.35758        5.455733        183.2934        1.082485        228.1163       0.3779373E-04
   14 s    3    62.75567        5.486982        182.2495        1.505556        227.9232       0.1048226E-04
   14 s    4    49.25894        5.537453        180.5884        12.28032        472.7605       0.2879953E-02
   14 s    5    42.98964        5.906620        169.3016        18.31046        143.7177       0.8310709E-03
   14 s    6    39.82092        6.466022        154.6546        23.22851        86.79158       0.1489271E-03
   14 s    7    36.39671        6.819240        146.6439        9.468180        347.7205       0.4398312E-03
   14 s    8    33.38539        7.089048        141.0627        11.85865        491.8886       0.2492321E-03
   14 s    9    31.16209        7.395418        135.2189        12.38460        557.6428       0.4399032E-03
   14 s   10    29.29960        7.685347        130.1177        10.01571        417.9848       0.7314354E-03
   14 s   11    27.39820        7.871045        127.0479        5.482354        271.9800       0.5360319E-03
   14 s   12    26.64057        8.318904        120.2081        21.21590        86.34171      -0.2010614E-02
   14 s   13    25.99056        8.765203        114.0875        11.09508        473.5660       0.1248092E-02
   14 s   14    24.87374        9.009933        110.9886        8.386353        349.4495       0.1116179E-02
   14 s   15    23.75610        9.198548        108.7128        6.944986        300.5242       0.9733350E-03
   14 s   16    22.73978        9.373090        106.6884        7.124419        299.2049       0.1005508E-02
   14 s   17    21.87671        9.563844        104.5605        8.107593        324.2748       0.1170042E-02
   14 s   18    21.16619        9.781984        102.2288        9.187611        363.5651       0.1330355E-02
   14 s   19    20.58405        10.02716        99.72914        9.825651        393.9192       0.1310600E-02
   14 s   20    20.06768        10.27693        97.30531        10.02739        398.5836       0.1007864E-02
   14 s   21    19.60872        10.53174        94.95104        10.34015        404.9160       0.5665653E-03
   14 s   22    19.20694        10.79576        92.62896        10.71327        424.3360       0.2778554E-03
   14 s   23    18.84834        11.06505        90.37464        10.74807        435.5777       0.1693463E-03
   14 s   24    18.51224        11.33020        88.25968        10.38182        427.9126       0.1504274E-03
   14 s   25    18.17875        11.58022        86.35417        9.507046        395.4139       0.1847202E-03
   14 s   26    17.82650        11.80115        84.73747        8.092389        342.6642       0.2455804E-03
   15 s    1    141.1001        5.287264        189.1337        14.92865        636.3752       0.6476433E-02
   15 s    2    89.50342        5.589747        178.8990        19.53718        183.6422       0.2376130E-02
   15 s    3    68.39868        5.980373        167.2136        14.32253        812.3526       0.2199158E-02
   15 s    4    56.09263        6.305664        158.5876        10.73602        503.1276       0.2379026E-02
   15 s    5    47.29388        6.498006        153.8934        5.521423        284.3367       0.1370011E-02
   15 s    6    40.86986        6.636346        150.6853        6.432949        261.6790       0.7707227E-03
   15 s    7    37.71463        7.066162        141.5195        23.44888        85.68946       0.7169093E-04
   15 s    8    36.04442        7.653667        130.6563        23.17475        87.20775       0.2360401E-04
   15 s    9    32.85279        7.796657        128.2601        3.536272        254.6211       0.2235695E-05
   15 s   10    30.17304        7.914452        126.3511        6.654035        309.1715       0.1009710E-03
   15 s   11    28.38335        8.154062        122.6383        11.80883        523.2343       0.6971207E-03
   15 s   12    27.10787        8.464823        118.1360        12.53718        578.6298       0.1115789E-02
   15 s   13    26.24521        8.851080        112.9806        21.04620        86.19442      -0.2050566E-02
   15 s   14    25.89336        9.379266        106.6181        20.90237        86.07366      -0.2073014E-02
   15 s   15    25.30693        9.799042        102.0508        13.30936        476.2371       0.3845950E-03
   15 s   16    24.61761        10.14711        98.55024        13.44831        515.4421       0.1599873E-03
   15 s   17    23.55944        10.29949        97.09222        5.288507        260.2220       0.6144650E-03
   15 s   18    22.57763        10.43428        95.83792        5.526134        260.3863       0.6488863E-03
   15 s   19    21.72221        10.58159        94.50373        6.267671        274.3979       0.8102372E-03
   15 s   20    20.99765        10.75319        92.99570        7.420549        306.0752       0.1101554E-02
   15 s   21    20.39758        10.95544        91.27887        8.597529        353.5293       0.1419802E-02
   15 s   22    19.89242        11.18105        89.43702        9.192254        390.3450       0.1566658E-02
   15 s   23    19.43862        11.41158        87.63029        9.016528        387.3716       0.1444509E-02
   15 s   24    19.00451        11.63149        85.97353        8.469989        358.5709       0.1122268E-02
   15 s   25    18.58693        11.84023        84.45778        8.272037        339.9107       0.7480713E-03
   15 s   26    18.20694        12.05301        82.96684        8.802669        349.6818       0.4339683E-03
   16 s    1    145.1890        5.440484        183.8072       0.6401912        222.6060       0.4632806E-04
   16 s    2    90.98849        5.682494        175.9791        19.76712        134.9124       0.1315997E-02
   16 s    3    71.72951        6.271602        159.4489        24.28983        85.95755       0.2390757E-04
   16 s    4    58.71716        6.600701        151.4991        6.423067        282.7271       0.7375948E-03
   16 s    5    49.78014        6.839610        146.2072        11.85865        521.1835       0.2193306E-02
   16 s    6    44.05200        7.153054        139.8004        12.81268        726.0780       0.2370180E-02
   16 s    7    39.88091        7.472034        133.8324        12.56428        800.9662       0.1668831E-02
   16 s    8    36.32104        7.712403        129.6613        4.239404        281.3657       0.5240512E-04
   16 s    9    34.28103        8.135607        122.9165        13.46086        724.6406       0.5019506E-03
   16 s   10    32.29309        8.470548        118.0561        13.49901        911.0589       0.1847012E-03
   16 s   11    30.65711        8.807275        113.5425        13.36606        881.6462       0.2061261E-03
   16 s   12    29.12546        9.094844        109.9524        7.257859        318.1023       0.8188715E-04
   16 s   13    27.45792        9.260063        107.9906        7.470785        287.5034       0.2946278E-04
   16 s   14    26.20108        9.490731        105.3660        10.99986        372.7582       0.2251452E-03
   16 s   15    25.57807        9.904032        100.9690        20.77763        85.97730      -0.2082319E-02
   16 s   16    24.65890        10.16413        98.38521        6.274897        280.8629       0.1010215E-02
   16 s   17    24.01147        10.49710        95.26440        13.76889        536.8452       0.3645848E-03
   16 s   18    23.44166        10.83360        92.30546        13.06403        521.4581       0.2752845E-03
   16 s   19    22.88422        11.14765        89.70502        11.95087        486.3696       0.2535339E-03
   16 s   20    22.30513        11.42276        87.54450        9.745934        404.5105       0.3846153E-03
   16 s   21    21.65539        11.63100        85.97713        7.188543        323.6107       0.6305497E-03
   16 s   22    21.00047        11.80386        84.71806        6.845580        312.5954       0.8346036E-03
   16 s   23    20.41225        11.98316        83.45047        7.497508        332.5746       0.1092554E-02
   16 s   24    19.90523        12.18276        82.08320        8.348456        367.5138       0.1361539E-02
   16 s   25    19.46592        12.40017        80.64404        8.829629        394.0318       0.1497769E-02
   16 s   26    19.06593        12.62166        79.22890        8.670176        387.4190       0.1411762E-02
   17 s    1    162.7127        6.097129        164.0116        15.34947        765.0160       0.4581194E-02
   17 s    2    102.6134        6.408502        156.0427        6.868517        340.1483       0.3155723E-02
   17 s    3    74.29191        6.495642        153.9494        2.849265        234.9967       0.4355343E-03
   17 s    4    61.13510        6.872514        145.5072        23.54071        84.90255       0.1323196E-04
   17 s    5    54.19095        7.445639        134.3068        21.06188        97.21875       0.4216398E-03
   17 s    6    46.96184        7.625547        131.1381        2.378762        248.6739       0.2695897E-03
   17 s    7    41.00286        7.682241        130.1703        2.499135        237.0384       0.2665327E-03
   17 s    8    36.84885        7.824477        127.8041        11.52818        482.7587       0.1064586E-02
   17 s    9    34.73502        8.243348        121.3099        22.86206        86.38888      -0.9457115E-04
   17 s   10    33.62535        8.820002        113.3787        22.90867        85.11040      -0.1933694E-03
   17 s   11    31.40820        9.023051        110.8273        3.827542        235.6653       0.1757713E-04
   17 s   12    29.38922        9.177210        108.9656        10.96343        474.6338       0.4395669E-03
   17 s   13    28.12950        9.486551        105.4124        12.36040        661.2261       0.9664590E-03
   17 s   14    26.98423        9.774412        102.3079        10.33556        481.0194       0.1207837E-02
   17 s   15    25.82896        10.00118        99.98823        7.408574        332.5670       0.1039559E-02
   17 s   16    25.29380        10.42583        95.91565        20.66840        85.89919      -0.2082628E-02
   17 s   17    25.03594        10.94497        91.36618        20.57143        85.83791      -0.2075882E-02
   17 s   18    24.38455        11.26935        88.73625        7.390070        332.9441       0.1220175E-02
   17 s   19    23.48098        11.43835        87.42521        6.433105        299.3802       0.7266232E-03
   17 s   20    22.67520        11.61228        86.11573        7.857807        323.2525       0.4029890E-03
   17 s   21    22.04928        11.84255        84.44124        10.30131        403.0348       0.1562207E-03
   17 s   22    21.54750        12.11133        82.56731        10.97994        443.3363       0.9581957E-04
   17 s   23    21.09869        12.38614        80.73543        10.92976        446.3766       0.1108853E-03
   17 s   24    20.67672        12.65494        79.02051        10.49128        425.2346       0.1907456E-03
   17 s   25    20.26189        12.90722        77.47602        9.604350        385.4269       0.3976527E-03
   17 s   26    19.84393        13.13670        76.12264        8.804801        358.4470       0.7430168E-03
   18 s    1    172.1670        6.451396        155.0052        1.232884        218.6360       0.5080676E-04
   18 s    2    104.5880        6.531824        153.0966        8.410955        355.6152       0.2727738E-02
   18 s    3    78.21862        6.838970        146.2208        13.75289        820.8009       0.4064283E-02
   18 s    4    63.98913        7.193351        139.0173        14.31668        962.8485       0.3144640E-02
   18 s    5    54.77533        7.525931        132.8739        10.88118        279.6843       0.1283490E-02
   18 s    6    49.00912        7.957979        125.6600        16.09413        271.2441       0.2025794E-02
   18 s    7    44.52268        8.341710        119.8795        14.96711        763.0473       0.2467165E-02
   18 s    8    40.96204        8.697872        114.9707        12.52116        619.6206       0.2088677E-02
   18 s    9    37.36972        8.868620        112.7571        3.146164        238.8356       0.2370817E-03
   18 s   10    34.08534        8.940658        111.8486        2.946474        229.0925       0.4826246E-04
   18 s   11    32.69852        9.393739        106.4539        22.75010        85.12252      -0.2835970E-03
   18 s   12    31.84915        9.945357        100.5494        8.014736        298.1293       0.1922131E-03
   18 s   13    29.98157        10.11115        98.90070        6.120090        274.2136       0.9990592E-04
   18 s   14    28.37535        10.27831        97.29223        7.597837        300.4974       0.3954338E-03
   18 s   15    27.12021        10.50116        95.22757        10.13069        389.2894       0.1065122E-02
   18 s   16    26.14014        10.77468        92.81018        11.30475        470.9287       0.1678810E-02
   18 s   17    25.27560        11.04974        90.49988        10.12038        430.9874       0.1782559E-02
   18 s   18    24.80085        11.46175        87.24673        20.48405        85.79030      -0.2064614E-02
   18 s   19    24.54488        11.95661        83.63576        12.78227        518.6925       0.1715715E-02
   18 s   20    23.94446        12.26228        81.55087        11.02537        446.9721       0.1775486E-02
   18 s   21    23.26873        12.49751        80.01591        7.757933        337.9646       0.1286236E-02
   18 s   22    22.53924        12.66877        78.93427        6.170904        295.8915       0.8632142E-03
   18 s   23    21.83768        12.81996        78.00334        6.020806        289.0273       0.6759124E-03
   18 s   24    21.20539        12.97851        77.05043        6.736717        303.5644       0.6000760E-03
   18 s   25    20.66631        13.16484        75.95991        8.224833        345.8145       0.5237875E-03
   18 s   26    20.22971        13.39208        74.67100        9.832505        408.9810       0.4115593E-03
   19 s    1    173.5419        6.502916        153.7772        27.01469        87.08576       0.1263481E-03
   19 s    2    114.3663        7.142508        140.0068        23.93905        99.37584       0.6624252E-03
   19 s    3    86.45327        7.558959        132.2934        3.340368        258.7206       0.8802506E-03
   19 s    4    67.63164        7.602824        131.5301        1.627681        229.0195       0.3049766E-03
   19 s    5    55.93963        7.685901        130.1084        7.509987        294.3606       0.1365338E-02
   19 s    6    49.68542        8.067795        123.9496        21.43286        104.9111       0.5935929E-03
   19 s    7    46.09218        8.635770        115.7974        23.11981        86.12157       0.1734617E-03
   19 s    8    41.76767        8.868940        112.7530        4.106922        252.3130       0.3604552E-03
   19 s    9    38.38199        9.108851        109.7833        13.03794        704.7351       0.1884126E-02
   19 s   10    35.95862        9.432023        106.0218        12.49622        696.5134       0.1458640E-02
   19 s   11    33.84076        9.721884        102.8607        10.53585        506.7771       0.7652397E-03
   19 s   12    31.90945        9.964188        100.3594        21.99528        87.43883      -0.3478503E-03
   19 s   13    31.11331        10.49283        95.30321        10.55680        506.9587       0.1155479E-03
   19 s   14    29.71494        10.76355        92.90618        10.89771        558.9791       0.8648250E-04
   19 s   15    28.46036        11.02008        90.74347        9.133827        437.5388       0.6982207E-04
   19 s   16    27.20466        11.21346        89.17851        6.847622        323.1760       0.2675779E-05
   19 s   17    26.06596        11.39526        87.75578        8.266238        337.6282       0.2931922E-03
   19 s   18    25.19690        11.64478        85.87539        11.56534        443.4334       0.1110451E-02
   19 s   19    24.58546        11.97638        83.49769        20.40415        85.75428      -0.2050353E-02
   19 s   20    24.38723        12.48903        80.07025        20.33014        85.72769      -0.2034218E-02
   19 s   21    24.16671        12.97982        77.04269        13.26117        471.6789       0.4641323E-03
   19 s   22    23.70520        13.32412        75.05185        12.21520        482.9363       0.1855292E-02
   19 s   23    23.04292        13.52751        73.92343        6.651522        304.4917       0.1062160E-02
   19 s   24    22.35557        13.68247        73.08624        5.799413        279.6437       0.7263022E-03
   19 s   25    21.70182        13.82448        72.33545        5.581384        272.0549       0.5922844E-03
   19 s   26    21.09730        13.96642        71.60030        5.778802        274.5222       0.5621808E-03
   20 s    1    184.9470        6.930284        144.2942        17.20167        858.8280       0.3454011E-02
   20 s    2    117.7491        7.353770        135.9847        16.48937        367.9859       0.4380775E-02
   20 s    3    88.11910        7.704610        129.7924        16.08359        239.9522       0.2671215E-02
   20 s    4    72.18049        8.114184        123.2410        16.26156        824.3935       0.3636031E-02
   20 s    5    61.95016        8.511726        117.4850        15.21861        887.2405       0.4148000E-02
   20 s    6    54.00268        8.768821        114.0404        1.757286        223.7356       0.2599691E-03
   20 s    7    47.01343        8.808374        113.5283        1.780578        221.7292       0.6087020E-04
   20 s    8    43.42499        9.220855        108.4498        23.32577        85.79536       0.1766336E-03
   20 s    9    41.26808        9.793781        102.1056        20.52188        114.8103       0.5225585E-03
   20 s   10    38.06949        9.985710        100.1431        3.214402        227.6607       0.5645122E-04
   20 s   11    35.11024        10.08659        99.14158        5.021822        259.6843       0.1261658E-03
   20 s   12    32.83233        10.25237        97.53842        8.366242        366.7641       0.1907761E-03
   20 s   13    31.22216        10.52954        94.97094        22.41700        85.40659      -0.4454937E-03
   20 s   14    30.54244        11.06329        90.38904        5.853622        302.0624       0.1373976E-03
   20 s   15    29.00036        11.22917        89.05380        8.055231        352.2040       0.2300273E-03
   20 s   16    27.84868        11.47892        87.11619        11.53697        524.5224       0.5928124E-03
   20 s   17    26.95891        11.78563        84.84909        12.66998        627.0945       0.8912400E-03
   20 s   18    26.19139        12.10439        82.61467        12.59241        609.9628       0.9554071E-03
   20 s   19    25.47020        12.40736        80.59730        11.39620        483.5998       0.5156813E-03
   20 s   20    24.75869        12.67926        78.86894        10.88770        398.2078      -0.1017948E-08
   20 s   21    24.20400        12.99984        76.92400        20.26081        85.70887      -0.2016987E-02
   20 s   22    23.76544        13.35798        74.86161        10.66212        391.7804       0.1498890E-03
   20 s   23    23.35500        13.71072        72.93563        14.71732        590.4334       0.7407159E-03
   20 s   24    22.98847        14.06982        71.07410        13.75915        568.7238       0.8913836E-03
   20 s   25    22.59077        14.39076        69.48902        11.63554        478.4240       0.8997038E-03
   20 s   26    22.12431        14.64631        68.27659        8.736641        374.3492       0.8159869E-03
