    0 s    2    4.968624       0.3103049        3222.637        6.477452        482.2659      -0.1362182E-01
    0 s    3    5.396524       0.4718399        2119.363        6.845297        394.6916      -0.4443942E-02
    0 s    4    5.824337       0.6547440        1527.315        7.687936        358.9882      -0.2823386E-02
    0 s    5    6.209423       0.8531521        1172.124        8.060233        346.7780      -0.1960310E-02
    0 s    6    6.501022        1.055620        947.3108        8.018896        341.5721      -0.1222478E-02
    0 s    7    6.683830        1.252274        798.5476        7.601789        337.6578      -0.6257183E-03
    0 s    8    6.754357        1.434219        697.2436        6.880409        333.4692      -0.2329679E-03
    0 s    9    6.728044        1.596706        626.2894        6.115015        329.1825      -0.5321262E-04
    0 s   10    6.641843        1.742170        573.9970        5.550025        324.6343      -0.2048897E-05
    0 s   11    6.530679        1.876155        533.0050        5.188951        319.0137       0.5143414E-05
    0 s   12    6.413387        2.002673        499.3327        4.940716        311.7184       0.3536236E-05
    0 s   13    6.297117        2.123675        470.8819        4.741085        302.5883       0.1699269E-05
    0 s   14    6.183871        2.239963        446.4359        4.560956        291.8287       0.7007632E-06
    0 s   15    6.073954        2.351883        425.1912        4.390779        279.8980       0.2629509E-06
    0 s   16    5.967314        2.459662        406.5600        4.229573        267.3737       0.9202625E-07
    0 s   17    5.863953        2.563546        390.0847        4.079327        254.8214       0.3057849E-07
    0 s   18    5.763999        2.663840        375.3979        3.942420        242.7016       0.9891005E-08
    0 s   19    5.667662        2.760902        362.2004        3.820585        231.3307       0.3340692E-08
    0 s   20    5.575170        2.855121        350.2479        3.714633        220.8859       0.1375139E-08
    0 s   21    5.486729        2.946894        339.3404        3.624514        211.4332       0.7608300E-09
    0 s   22    5.402489        3.036609        329.3147        3.549528        202.9620       0.3725752E-09
    0 s   23    5.322534        3.124632        320.0377        3.488542        195.4148       0.1424818E-09
    0 s   24    5.246885        3.211295        311.4009        3.440187        188.7109      -0.3364118E-10
    0 s   25    5.175502        3.296896        303.3156        3.403003        182.7606      -0.2206745E-10
    0 s   26    5.108296        3.381695        295.7097        3.375546        177.4749      -0.2560797E-11
    1 s    2    10.90347       0.6809532        1468.530        10.84050        298.5014      -0.2628743E-02
    1 s    3    10.72583       0.9378025        1066.323        9.721265        272.2021      -0.1940075E-03
    1 s    4    10.37153        1.165917        857.6937        8.465690        262.1899      -0.6793517E-04
    1 s    5    9.875307        1.356831        737.0114        6.695168        285.4472      -0.1251103E-03
    1 s    6    9.271395        1.505466        664.2461        5.422979        334.9394      -0.2534901E-03
    1 s    7    8.765903        1.642368        608.8770        5.632597        358.1274      -0.2667731E-03
    1 s    8    8.452433        1.794788        557.1689        6.506058        364.5959      -0.7904408E-04
    1 s    9    8.305820        1.971145        507.3193        7.434477        363.3956       0.2925320E-03
    1 s   10    8.264141        2.167702        461.3180        8.069298        353.9736       0.7350800E-03
    1 s   11    8.269463        2.375678        420.9324        8.333629        328.2508       0.1106792E-02
    1 s   12    8.275907        2.584272        386.9562        8.062248        263.6289       0.1153492E-02
    1 s   13    8.224870        2.773801        360.5161        6.901754        180.7626       0.5283030E-03
    1 s   14    8.104424        2.935639        340.6413        6.139252        153.9065       0.1311461E-03
    1 s   15    7.969288        3.085772        324.0681        5.889288        147.5908       0.3711762E-04
    1 s   16    7.840585        3.231803        309.4248        5.787068        145.4165       0.1224569E-04
    1 s   17    7.722412        3.376009        296.2078        5.736752        144.6057       0.4389063E-05
    1 s   18    7.614976        3.519272        284.1497        5.709175        144.4677       0.1638055E-05
    1 s   19    7.517438        3.661989        273.0757        5.691887        144.7267       0.6217496E-06
    1 s   20    7.428679        3.804328        262.8585        5.678320        145.2246       0.2366924E-06
    1 s   21    7.347550        3.946331        253.3999        5.664661        145.8512       0.8955862E-07
    1 s   22    7.272975        4.087964        244.6205        5.648653        146.5235       0.3346384E-07
    1 s   23    7.203986        4.229151        236.4541        5.628996        147.1781       0.1226341E-07
    1 s   24    7.139735        4.369791        228.8439        5.605006        147.7667       0.4367833E-08
    1 s   25    7.079488        4.509772        221.7407        5.576403        148.2536       0.1480160E-08
    1 s   26    7.022616        4.648976        215.1011        5.543172        148.6140       0.4435448E-09
    2 s    1    10.88544       0.4078964        2451.603        12.88647        383.6121      -0.1368162E-03
    2 s    2    14.70563       0.9184093        1088.839        20.45753        93.62990      -0.1243083    
    2 s    3    14.12600        1.235094        809.6552        6.082918        385.3270      -0.5122670E-02
    2 s    4    12.17184        1.368300        730.8337        5.027060        351.9587      -0.8609577E-04
    2 s    5    10.92884        1.501583        665.9639        5.849219        276.0673       0.1563957E-04
    2 s    6    10.24824        1.664083        600.9315        6.950161        220.0806       0.7865293E-05
    2 s    7    9.828627        1.841478        543.0419        7.104493        196.6993       0.2691022E-04
    2 s    8    9.501161        2.017475        495.6691        6.923258        184.0510       0.5103837E-04
    2 s    9    9.219820        2.188057        457.0266        6.692481        175.7733       0.8563914E-04
    2 s   10    8.971601        2.353270        424.9406        6.500354        170.9193       0.1467073E-03
    2 s   11    8.754553        2.515037        397.6085        6.427650        171.4970       0.2865444E-03
    2 s   12    8.579770        2.679157        373.2517        6.746341        190.4729       0.7232333E-03
    2 s   13    8.488722        2.862784        349.3103        7.891466        274.8279       0.1797976E-02
    2 s   14    8.485117        3.073536        325.3581        8.618519        361.8803       0.2612085E-02
    2 s   15    8.510019        3.295147        303.4766        8.829385        393.1963       0.3089933E-02
    2 s   16    8.539820        3.520021        284.0892        8.895554        404.6420       0.3467763E-02
    2 s   17    8.568688        3.745975        266.9532        8.913871        410.1042       0.3799330E-02
    2 s   18    8.595032        3.972206        251.7493        8.912186        413.3422       0.4097642E-02
    2 s   19    8.618498        4.198351        238.1888        8.900969        415.4881       0.4366659E-02
    2 s   20    8.639147        4.424225        226.0283        8.884651        416.8224       0.4606873E-02
    2 s   21    8.657144        4.649707        215.0673        8.864001        416.9989       0.4813576E-02
    2 s   22    8.672484        4.874595        205.1452        8.829753        413.2776       0.4953963E-02
    2 s   23    8.682211        5.096954        196.1956        8.518568        355.0257       0.4328535E-02
    2 s   24    8.627543        5.280387        189.3801        6.620118        195.3168       0.1192163E-03
    2 s   25    8.546838        5.444502        183.6715        6.519970        190.1313       0.1165466E-04
    2 s   26    8.469892        5.607074        178.3461        6.474249        187.2658       0.2357601E-05
    3 s    1    25.12609       0.9415183        1062.114        5.919052        764.2709      -0.8847454E-03
    3 s    2    17.65062        1.102332        907.1677        6.788885        363.1393      -0.3753684E-02
    3 s    3    15.92860        1.392702        718.0287        17.44195        90.93232      -0.1013718    
    3 s    4    16.05451        1.804771        554.0870        17.03898        90.21296      -0.9782733E-01
    3 s    5    16.03964        2.203788        453.7642        16.61903        90.49588      -0.9324301E-01
    3 s    6    15.69036        2.547761        392.5015        5.541050        261.3606      -0.5534990E-04
    3 s    7    14.31958        2.682897        372.7314        5.280037        256.0480       0.2850495E-03
    3 s    8    13.25018        2.813540        355.4241        5.167511        250.7448       0.2824417E-03
    3 s    9    12.40224        2.943312        339.7533        5.207413        246.4270       0.2633701E-03
    3 s   10    11.72536        3.075586        325.1412        5.359667        242.5713       0.2398434E-03
    3 s   11    11.18220        3.212459        311.2881        5.568549        238.8076       0.2152245E-03
    3 s   12    10.74330        3.354751        298.0847        5.789559        234.9786       0.1905119E-03
    3 s   13    10.38527        3.502385        285.5197        5.994643        231.0708       0.1663361E-03
    3 s   14    10.08971        3.654763        273.6155        6.169649        227.1347       0.1434260E-03
    3 s   15    9.842424        3.811064        262.3939        6.309999        223.2325       0.1225487E-03
    3 s   16    9.632549        3.970432        251.8618        6.416749        219.4137       0.1043750E-03
    3 s   17    9.451863        4.132073        242.0093        6.493694        215.7107       0.8942892E-04
    3 s   18    9.294154        4.295306        232.8123        6.545562        212.1440       0.7817425E-04
    3 s   19    9.154731        4.459567        224.2370        6.577078        208.7323       0.7130842E-04
    3 s   20    9.030042        4.624408        216.2439        6.592718        205.5116       0.7061813E-04
    3 s   21    8.917416        4.789498        208.7901        6.597547        202.5989       0.8234788E-04
    3 s   22    8.815015        4.954708        201.8282        6.604839        200.6370       0.1404553E-03
    3 s   23    8.724410        5.121728        195.2466        6.880383        214.6875       0.9419357E-03
    3 s   24    8.703326        5.326769        187.7311        8.737911        412.4656       0.5319517E-02
    3 s   25    8.712584        5.550085        180.1774        8.792253        424.6995       0.5575936E-02
    3 s   26    8.721743        5.773800        173.1962        8.788737        426.7532       0.5719120E-02
    4 s    1    37.66710        1.411452        708.4904        11.82389        353.7819      -0.1156119E-03
    4 s    2    27.60474        1.723996        580.0478        12.93023        425.4570      -0.1615135E-03
    4 s    3    23.47336        2.052371        487.2414        13.24287        443.7213      -0.8978301E-04
    4 s    4    20.19979        2.270763        440.3805        5.269219        270.9481      -0.8593254E-04
    4 s    5    17.52762        2.408231        415.2425        5.616827        268.8358       0.1113622E-03
    4 s    6    15.98024        2.594831        385.3815        16.32883        90.73835      -0.8952612E-01
    4 s    7    15.90802        2.980506        335.5135        16.20613        90.68937      -0.8704091E-01
    4 s    8    15.83790        3.363017        297.3520        16.09088        90.75373      -0.8475536E-01
    4 s    9    15.59914        3.702003        270.1240        6.589960        336.4407       0.2526764E-03
    4 s   10    14.71445        3.859632        259.0920        6.075290        301.5883       0.3160095E-03
    4 s   11    13.95442        4.008872        249.4467        5.866506        282.9981       0.3300067E-03
    4 s   12    13.30546        4.154821        240.6842        5.798224        271.3646       0.3161718E-03
    4 s   13    12.75090        4.300185        232.5481        5.814499        263.4721       0.2871548E-03
    4 s   14    12.27580        4.446623        224.8898        5.881630        257.8803       0.2508738E-03
    4 s   15    11.86719        4.595071        217.6245        5.974396        253.8014       0.2122515E-03
    4 s   16    11.51396        4.745930        210.7068        6.074691        250.7573       0.1744396E-03
    4 s   17    11.20670        4.899234        204.1136        6.170993        248.4433       0.1394962E-03
    4 s   18    10.93754        5.054800        197.8318        6.257257        246.6604       0.1086932E-03
    4 s   19    10.70007        5.212351        191.8520        6.331442        245.2739       0.8265639E-04
    4 s   20    10.48906        5.371591        186.1646        6.393993        244.1874       0.6147354E-04
    4 s   21    10.30032        5.532251        180.7583        6.446533        243.3248       0.4482579E-04
    4 s   22    10.13050        5.694109        175.6201        6.490919        242.6199       0.3213840E-04
    4 s   23    9.976854        5.856984        170.7363        6.528694        242.0108       0.2272434E-04
    4 s   24    9.837172        6.020726        166.0929        6.560852        241.4374       0.1589630E-04
    4 s   25    9.709600        6.185204        161.6761        6.587846        240.8410       0.1103722E-04
    4 s   26    9.592576        6.350291        157.4731        6.609690        240.1644       0.7633141E-05
    5 s    1    46.55192        1.744381        573.2692        29.49340        98.50166      -0.1447575E-03
    5 s    2    33.14423        2.069953        483.1028        2.798197        308.0475      -0.3404008E-03
    5 s    3    24.63836        2.154231        464.2027        4.130845        297.5725      -0.3046673E-03
    5 s    4    21.22768        2.386314        419.0564        13.19330        524.6525      -0.1098083E-04
    5 s    5    19.73229        2.711145        368.8479        12.70945        519.4554      -0.1740999E-05
    5 s    6    18.58719        3.018142        331.3296        11.78043        523.2007       0.5435001E-05
    5 s    7    17.58669        3.295019        303.4884        10.22474        505.4461       0.3351666E-04
    5 s    8    16.58913        3.522533        283.8866        7.964831        413.2421       0.1360723E-03
    5 s    9    15.77266        3.743184        267.1522        16.00290        90.79707      -0.8282206E-01
    5 s   10    15.71309        4.121578        242.6255        15.93389        90.82174      -0.8117179E-01
    5 s   11    15.54438        4.465640        223.9321        9.911878        390.6598       0.7915201E-04
    5 s   12    15.07926        4.708718        212.3720        9.480583        398.6873       0.9699010E-04
    5 s   13    14.63864        4.936817        202.5596        8.686352        386.3971       0.1453038E-03
    5 s   14    14.19144        5.140520        194.5328        7.585439        348.2907       0.2201399E-03
    5 s   15    13.73706        5.319098        188.0018        6.770546        311.3042       0.2726078E-03
    5 s   16    13.30408        5.483798        182.3554        6.447359        290.6766       0.2829298E-03
    5 s   17    12.91090        5.644262        177.1711        6.394958        280.3423       0.2677585E-03
    5 s   18    12.56082        5.804999        172.2653        6.452511        274.8391       0.2403257E-03
    5 s   19    12.25061        5.967670        167.5696        6.542739        271.4955       0.2073566E-03
    5 s   20    11.97495        6.132538        163.0646        6.625460        268.9626       0.1725951E-03
    5 s   21    11.72809        6.299095        158.7530        6.676759        266.4696       0.1385062E-03
    5 s   22    11.50441        6.466356        154.6466        6.681964        263.5419       0.1068903E-03
    5 s   23    11.29885        6.633070        150.7598        6.634247        259.9185       0.7907133E-04
    5 s   24    11.10702        6.797923        147.1037        6.535638        255.5526       0.5591356E-04
    5 s   25    10.92553        6.959777        143.6828        6.398129        250.6231       0.3776905E-04
    5 s   26    10.75211        7.117905        140.4908        6.242237        245.4926       0.2444085E-04
    6 s    1    52.51429        1.967801        508.1814        8.019235        558.7887      -0.1495070E-03
    6 s    2    39.27618        2.452911        407.6789        23.63617        112.6183      -0.2788529E-03
    6 s    3    32.18964        2.814470        355.3067        11.82456        406.8273      -0.8599973E-03
    6 s    4    27.25575        3.063961        326.3749        7.914979        318.6735      -0.7740447E-03
    6 s    5    23.47008        3.224704        310.1060        5.567829        269.8626      -0.3421338E-03
    6 s    6    20.71545        3.363723        297.2897        5.782767        260.5712      -0.6571210E-04
    6 s    7    18.79951        3.522251        283.9094        7.042553        262.1831       0.1007643E-03
    6 s    8    17.53237        3.722821        268.6135        8.980098        291.3511       0.1356490E-03
    6 s    9    16.69774        3.962724        252.3517        9.979363        338.1392       0.1012449E-03
    6 s   10    16.06882        4.214885        237.2544        10.10447        370.9450       0.8116752E-04
    6 s   11    15.65907        4.498590        222.2919        15.87748        90.83670      -0.7974206E-01
    6 s   12    15.61016        4.874498        205.1493        15.83076        90.84297      -0.7849454E-01
    6 s   13    15.34218        5.174084        193.2709        6.852307        251.0980       0.2637585E-03
    6 s   14    14.79328        5.358522        186.6186        7.888809        270.1053       0.1843540E-03
    6 s   15    14.37560        5.566347        179.6510        8.628046        296.5276       0.1152436E-03
    6 s   16    14.03684        5.785834        172.8359        8.848289        315.6358       0.8095355E-04
    6 s   17    13.73920        6.006370        166.4899        8.746680        324.0745       0.6851199E-04
    6 s   18    13.46282        6.221859        160.7237        8.460058        323.6581       0.6747703E-04
    6 s   19    13.19680        6.428589        155.5551        8.054911        316.3137       0.7289202E-04
    6 s   20    12.93528        6.624335        150.9585        7.592614        304.2562       0.8123635E-04
    6 s   21    12.67684        6.808663        146.8717        7.155383        290.5283       0.8872869E-04
    6 s   22    12.42403        6.983252        143.1998        6.823746        278.1589       0.9219085E-04
    6 s   23    12.18171        7.151359        139.8336        6.639146        268.9021       0.9046188E-04
    6 s   24    11.95462        7.316683        136.6740        6.597237        263.0860       0.8422092E-04
    6 s   25    11.74598        7.482419        133.6466        6.665743        260.2235       0.7486703E-04
    6 s   26    11.55709        7.650800        130.7053        6.801816        259.5157       0.6380539E-04
    7 s    1    58.86906        2.205926        453.3244        8.072147        250.4864      -0.2866605E-03
    7 s    2    40.37330        2.521429        396.6005        17.54937        242.6094      -0.1886385E-03
    7 s    3    35.99690        3.147354        317.7272        25.51697        96.58249      -0.1141020E-02
    7 s    4    30.31411        3.407767        293.4473        8.611531        373.5464      -0.2635655E-03
    7 s    5    26.73613        3.673447        272.2238        12.01602        504.1370      -0.4968120E-03
    7 s    6    24.51316        3.980386        251.2319        12.07307        499.3175      -0.4822061E-03
    7 s    7    22.68822        4.250834        235.2479        9.148087        374.6207      -0.3206551E-03
    7 s    8    20.90733        4.439458        225.2527        6.344580        290.6256      -0.8041420E-04
    7 s    9    19.32360        4.585896        218.0599        5.569652        263.8405       0.9637488E-04
    7 s   10    18.01036        4.724155        211.6781        5.528847        253.2506       0.2120378E-03
    7 s   11    16.93366        4.864758        205.5601        5.721719        247.7394       0.2794289E-03
    7 s   12    16.05220        5.012532        199.5000        6.114476        245.8202       0.2987934E-03
    7 s   13    15.56583        5.249509        190.4940        15.79156        90.84266      -0.7739751E-01
    7 s   14    15.52559        5.623784        177.8162        15.75835        90.83724      -0.7642612E-01
    7 s   15    15.48897        5.997450        166.7375        15.72997        90.82785      -0.7556053E-01
    7 s   16    15.45555        6.370611        156.9708        15.70554        90.81533      -0.7478473E-01
    7 s   17    15.00143        6.558178        152.4814        6.136531        245.0512       0.3347513E-03
    7 s   18    14.52763        6.713965        148.9433        6.310129        243.1142       0.3015648E-03
    7 s   19    14.11315        6.874976        145.4551        6.556355        243.2133       0.2604653E-03
    7 s   20    13.75246        7.042821        141.9886        6.852621        245.5485       0.2164688E-03
    7 s   21    13.43912        7.218084        138.5409        7.141232        249.5254       0.1747481E-03
    7 s   22    13.16503        7.399750        135.1397        7.358913        253.7911       0.1392621E-03
    7 s   23    12.92137        7.585580        131.8291        7.475045        257.0061       0.1113288E-03
    7 s   24    12.70030        7.773068        128.6493        7.496628        258.5227       0.9002363E-04
    7 s   25    12.49593        7.960152        125.6257        7.448629        258.3914       0.7361851E-04
    7 s   26    12.30427        8.145433        122.7682        7.357563        257.0273       0.6057727E-04
    8 s    1    76.23220        2.856553        350.0723        14.45345        916.4014      -0.3276964E-02
    8 s    2    51.14319        3.194040        313.0831        2.554065        234.6909      -0.1577052E-03
    8 s    3    37.28191        3.259708        306.7759        4.139287        268.0439      -0.2236087E-04
    8 s    4    33.58701        3.775691        264.8522        23.34770        113.1714      -0.2088532E-02
    8 s    5    30.29232        4.162054        240.2660        10.73095        534.5551      -0.6897619E-03
    8 s    6    27.02279        4.387894        227.8998        7.928070        357.2240      -0.2258481E-03
    8 s    7    24.57184        4.603747        217.2144        10.07531        368.7899      -0.9398218E-05
    8 s    8    23.05497        4.895488        204.2697        12.84239        472.9778      -0.3573432E-05
    8 s    9    22.00471        5.222180        191.4909        12.77486        531.2382      -0.5849915E-06
    8 s   10    20.92352        5.488285        182.2063        7.974462        366.6982      -0.4926589E-04
    8 s   11    19.69867        5.659099        176.7066        6.229648        294.5492       0.7108073E-04
    8 s   12    18.60774        5.810537        172.1011        5.942145        274.9459       0.1968039E-03
    8 s   13    17.66865        5.958674        167.8226        5.901447        265.1211       0.2839189E-03
    8 s   14    16.85897        6.106768        163.7527        5.921537        258.4136       0.3355637E-03
    8 s   15    16.15584        6.255667        159.8550        5.962258        253.0112       0.3573261E-03
    8 s   16    15.54108        6.405863        156.1070        6.027504        248.5019       0.3551158E-03
    8 s   17    15.42500        6.743349        148.2943        15.68434        90.80034      -0.7408568E-01
    8 s   18    15.39697        7.115732        140.5337        15.66579        90.78338      -0.7345269E-01
    8 s   19    15.37121        7.487816        133.5503        15.64941        90.76480      -0.7287694E-01
    8 s   20    15.10414        7.735036        129.2819        6.079516        257.3933       0.3808781E-03
    8 s   21    14.69021        7.890037        126.7421        6.294858        258.4329       0.3705374E-03
    8 s   22    14.32315        8.050696        124.2129        6.530147        260.2603       0.3530440E-03
    8 s   23    13.99742        8.217284        121.6947        6.768190        262.4393       0.3302380E-03
    8 s   24    13.70779        8.389693        119.1939        6.995658        264.6498       0.3037435E-03
    8 s   25    13.44939        8.567525        116.7198        7.202564        266.6511       0.2749700E-03
    8 s   26    13.21777        8.750172        114.2835        7.381834        268.2633       0.2450800E-03
    9 s    1    84.66336        3.172483        315.2105       0.5260872        224.7409      -0.3245681E-05
    9 s    2    51.58335        3.221529        310.4116        13.36729        950.8787      -0.1067553E-02
    9 s    3    40.80154        3.567444        280.3128        13.48642        720.6506      -0.3400926E-03
    9 s    4    34.69784        3.900565        256.3731        14.03444        324.0729      -0.5467536E-03
    9 s    5    32.07225        4.406610        226.9318        19.64754        112.6039      -0.2461557E-02
    9 s    6    28.59002        4.642377        215.4069        9.650786        388.9546      -0.7793333E-03
    9 s    7    26.14941        4.899319        204.1100        10.46038        462.5367      -0.9524518E-03
    9 s    8    24.24715        5.148635        194.2262        9.361263        405.1302      -0.8110679E-03
    9 s    9    22.61572        5.367184        186.3174        8.446325        333.1329      -0.4894373E-03
    9 s   10    21.40150        5.613658        178.1370        11.84988        394.4037      -0.1238968E-03
    9 s   11    20.62080        5.924011        168.8045        12.47491        469.4567      -0.1704767E-04
    9 s   12    19.94621        6.228494        160.5525        11.82033        481.4612       0.1243144E-04
    9 s   13    19.31090        6.512516        153.5505        10.83817        465.9926       0.3934479E-04
    9 s   14    18.67818        6.765737        147.8036        9.291342        411.3844       0.9680699E-04
    9 s   15    18.00982        6.973545        143.3991        7.364024        332.7955       0.1993918E-03
    9 s   16    17.32641        7.141759        140.0215        6.239254        287.2468       0.2892870E-03
    9 s   17    16.68087        7.292380        137.1294        5.862923        268.4966       0.3426070E-03
    9 s   18    16.09488        7.438269        134.4399        5.811621        260.7094       0.3706636E-03
    9 s   19    15.57057        7.584931        131.8404        5.906877        257.7850       0.3818880E-03
    9 s   20    15.34747        7.859648        127.2322        15.63481        90.74487      -0.7235106E-01
    9 s   21    15.32553        8.231264        121.4880        15.62168        90.72379      -0.7186891E-01
    9 s   22    15.30522        8.602697        116.2426        15.60975        90.70166      -0.7142530E-01
    9 s   23    15.27817        8.969157        111.4932        6.599020        262.1922       0.1923111E-03
    9 s   24    14.91901        9.131008        109.5169        6.362915        251.9452       0.2016869E-03
    9 s   25    14.58208        9.289070        107.6534        6.281715        246.2907       0.1999222E-03
    9 s   26    14.26937        9.446330        105.8612        6.291182        243.3152       0.1923029E-03
   10 s    1    89.89301        3.368447        296.8727        26.07258        90.46099       0.2094847E-05
   10 s    2    63.97782        3.995600        250.2753        20.56125        177.6898      -0.1433884E-02
   10 s    3    48.64872        4.253555        235.0975        4.972739        290.1965      -0.6466286E-03
   10 s    4    38.63900        4.343611        230.2232        3.431347        243.6846      -0.1529589E-03
   10 s    5    32.49024        4.464041        224.0123        10.10483        187.5111      -0.7315029E-03
   10 s    6    30.90994        5.019079        199.2397        23.60923        94.46659      -0.3666788E-02
   10 s    7    29.58516        5.543036        180.4065        8.119394        263.7165      -0.8112422E-03
   10 s    8    26.99560        5.732241        174.4518        8.182384        301.0703      -0.6227164E-03
   10 s    9    25.11370        5.960007        167.7850        10.00331        353.8912      -0.8472694E-03
   10 s   10    23.71470        6.220418        160.7609        10.55886        388.2117      -0.9127506E-03
   10 s   11    22.51998        6.469613        154.5688        9.133359        348.2910      -0.6542057E-03
   10 s   12    21.36950        6.672936        149.8591        7.288669        291.9160      -0.2577904E-03
   10 s   13    20.29691        6.845043        146.0911        6.701721        266.9108      -0.6601837E-05
   10 s   14    19.37776        7.019141        142.4676        7.415891        270.5747       0.9195727E-04
   10 s   15    18.65365        7.222839        138.4497        8.859194        305.5819       0.8371517E-04
   10 s   16    18.08983        7.456432        134.1124        9.668572        344.4949       0.5476941E-04
   10 s   17    17.61532        7.700894        129.8551        9.809419        364.3096       0.4186865E-04
   10 s   18    17.19034        7.944539        125.8726        9.640065        368.0019       0.4150781E-04
   10 s   19    16.79483        8.181309        122.2298        9.260921        359.0164       0.5261605E-04
   10 s   20    16.41390        8.405783        118.9657        8.648649        337.6273       0.7912013E-04
   10 s   21    16.03485        8.612233        116.1139        7.839041        307.5896       0.1217905E-03
   10 s   22    15.65360        8.798511        113.6556        7.083515        280.1643       0.1653637E-03
   10 s   23    15.28637        8.973974        111.4334        15.59879        90.67859      -0.7101585E-01
   10 s   24    15.26884        9.345116        107.0078        15.58863        90.65458      -0.7063683E-01
   10 s   25    15.25250        9.716142        102.9215        15.57909        90.62966      -0.7028506E-01
   10 s   26    15.02740        9.948151        100.5212        8.549321        318.2927       0.1080902E-03
   11 s    1    98.02856        3.673300        272.2348        14.51040        635.8205      -0.1725013E-02
   11 s    2    64.57776        4.033068        247.9502        18.29297        139.0127      -0.1176740E-02
   11 s    3    51.04479        4.463053        224.0619        10.95165        442.7363      -0.1250272E-02
   11 s    4    42.46872        4.774130        209.4623        12.89540        652.7959      -0.1129463E-02
   11 s    5    37.02285        5.086805        196.5870        11.93143        599.3444      -0.9220354E-03
   11 s    6    32.97502        5.354402        186.7622        9.156886        385.4672      -0.6675861E-03
   11 s    7    29.93103        5.607838        178.3218        22.02268        96.41299      -0.3880712E-02
   11 s    8    28.86503        6.129196        163.1535        11.69503        525.0883      -0.4183645E-03
   11 s    9    26.98521        6.404157        156.1486        10.30721        499.2179      -0.1153569E-03
   11 s   10    25.31324        6.639717        150.6088        8.786221        367.7020      -0.4979284E-05
   11 s   11    23.90419        6.867274        145.6182        9.831098        361.7687      -0.2487966E-03
   11 s   12    22.85104        7.135569        140.1430        11.45190        419.4446      -0.5656509E-03
   11 s   13    22.01062        7.422983        134.7167        11.22505        431.3347      -0.6030913E-03
   11 s   14    21.20779        7.682029        130.1739        9.353101        368.2478      -0.3570843E-03
   11 s   15    20.37762        7.890374        126.7367        7.444012        306.9998      -0.5669597E-04
   11 s   16    19.56063        8.062679        124.0282        6.471783        276.2652       0.1319079E-03
   11 s   17    18.80267        8.219967        121.6550        6.163154        262.5450       0.2292992E-03
   11 s   18    18.12011        8.374233        119.4139        6.192464        256.8939       0.2757196E-03
   11 s   19    17.51506        8.532157        117.2037        6.450355        256.9543       0.2882924E-03
   11 s   20    16.98734        8.699449        114.9498        6.947661        264.0247       0.2708161E-03
   11 s   21    16.53697        8.881921        112.5883        7.644155        279.9091       0.2272783E-03
   11 s   22    16.15750        9.081744        110.1110        8.287503        300.3640       0.1765555E-03
   11 s   23    15.83214        9.294372        107.5920        8.658478        316.3608       0.1391363E-03
   11 s   24    15.54293        9.512870        105.1207        8.774128        323.9862       0.1183287E-03
   11 s   25    15.27733        9.731959        102.7542        8.719334        324.0800       0.1094176E-03
   11 s   26    15.23729        10.08710        99.13655        15.56999        90.60303      -0.6995684E-01
   12 s    1    114.0043        4.271939        234.0857       0.9196569        227.9526      -0.2071214E-04
   12 s    2    68.98384        4.308240        232.1133        2.477394        236.8505      -0.2137719E-03
   12 s    3    53.28707        4.659104        214.6335        25.50862        88.10063      -0.1071367E-04
   12 s    4    47.03466        5.287411        189.1285        24.53091        90.33358      -0.1446788E-03
   12 s    5    39.89715        5.481723        182.4244        3.849928        230.3067      -0.3246237E-04
   12 s    6    34.59310        5.617141        178.0265        7.397802        308.7399      -0.1595288E-03
   12 s    7    31.22757        5.850756        170.9181        10.77307        493.9702      -0.3045578E-03
   12 s    8    29.08454        6.175805        161.9222        22.22587        94.45811      -0.4403474E-02
   12 s    9    28.09678        6.667955        149.9710        7.675285        292.7806      -0.6199627E-03
   12 s   10    26.28292        6.894066        145.0523        10.51167        396.0091      -0.7083130E-03
   12 s   11    24.98909        7.178947        139.2962        12.04492        493.8560      -0.6695350E-03
   12 s   12    23.97394        7.486209        133.5790        12.47359        525.6206      -0.5208269E-03
   12 s   13    23.12374        7.798380        128.2318        12.48625        518.6157      -0.3334839E-03
   12 s   14    22.38250        8.107541        123.3420        12.18106        507.1864      -0.2170232E-03
   12 s   15    21.69063        8.398783        119.0649        10.97586        477.9666      -0.2881475E-03
   12 s   16    21.00154        8.656604        115.5187        9.727928        422.0267      -0.2539640E-03
   12 s   17    20.32575        8.885812        112.5390        8.612813        365.8632      -0.6967554E-04
   12 s   18    19.66567        9.088517        110.0290        7.635075        321.2088       0.1084301E-03
   12 s   19    19.03133        9.270779        107.8658        6.980914        292.7583       0.2322625E-03
   12 s   20    18.43494        9.440785        105.9234        6.633651        276.3260       0.3070135E-03
   12 s   21    17.88307        9.604906        104.1135        6.489941        267.1294       0.3480461E-03
   12 s   22    17.37678        9.767070        102.3849        6.464983        262.2026       0.3661715E-03
   12 s   23    16.91412        9.929555        100.7094        6.510210        260.0195       0.3675650E-03
   12 s   24    16.49393        10.09491        99.05978        6.602935        259.9533       0.3546954E-03
   12 s   25    16.10937        10.26198        97.44708        6.738754        261.8016       0.3329978E-03
   12 s   26    15.75964        10.43289        95.85072        6.912381        265.5746       0.3037700E-03
   13 s    1    119.2555        4.468709        223.7783        14.46202        711.0499      -0.3574963E-03
   13 s    2    77.29678        4.827407        207.1505        14.45660        880.6475      -0.2010205E-02
   13 s    3    59.37419        5.191325        192.6290        14.64676        918.1654      -0.2189256E-02
   13 s    4    48.10342        5.407556        184.9264        2.314168        211.9583      -0.6640088E-05
   13 s    5    42.51361        5.841216        171.1972        15.84903        255.3842      -0.9835410E-03
   13 s    6    37.84598        6.145337        162.7250        10.04302        506.6352      -0.9861780E-03
   13 s    7    33.90552        6.352492        157.4185        6.797279        336.3400      -0.6815798E-03
   13 s    8    30.64009        6.506112        153.7016        5.933211        282.0450      -0.4841435E-03
   13 s    9    28.36988        6.732767        148.5273        21.95401        92.59583      -0.4726487E-02
   13 s   10    27.74934        7.278711        137.3870        21.72520        91.60402      -0.4947193E-02
   13 s   11    27.05546        7.772581        128.6574        4.341794        238.4864      -0.2228318E-03
   13 s   12    25.26058        7.887981        126.7752        5.084249        245.1532      -0.2382780E-03
   13 s   13    23.82158        8.033725        124.4753        6.733843        268.0602      -0.3885208E-03
   13 s   14    22.72231        8.230630        121.4974        9.129411        315.7319      -0.5633329E-03
   13 s   15    21.92859        8.490925        117.7728        11.62678        385.0525      -0.4783164E-03
   13 s   16    21.34258        8.797180        113.6728        12.58857        442.6115      -0.3015072E-03
   13 s   17    20.83998        9.110618        109.7620        12.39721        459.2491      -0.1657830E-03
   13 s   18    20.37077        9.414381        106.2205        11.89501        453.9846      -0.5455635E-04
   13 s   19    19.92433        9.705789        103.0313        11.43696        446.2549       0.9799177E-05
   13 s   20    19.50198        9.987231        100.1279        11.08710        440.5927       0.3910649E-04
   13 s   21    19.11039        10.26409        97.42702        10.68481        428.7464       0.6268189E-04
   13 s   22    18.71807        10.52098        95.04818        9.632888        379.4607       0.1302126E-03
   13 s   23    18.27996        10.73138        93.18465        7.153237        286.9673       0.2808804E-03
   13 s   24    17.79894        10.89363        91.79672        6.050536        254.8200       0.3347228E-03
   13 s   25    17.33248        11.04113        90.57044        5.777116        245.2149       0.3382770E-03
   13 s   26    16.89571        11.18497        89.40569        5.719998        240.9758       0.3285869E-03
   14 s    1    130.0411        4.872865        205.2181        27.14669        88.45890      -0.1595745E-03
   14 s    2    85.37472        5.331898        187.5505       0.9200392        202.4124      -0.2361749E-05
   14 s    3    61.31833        5.361309        186.5216        1.466539        205.7356      -0.2998499E-05
   14 s    4    49.37235        5.550203        180.1736        14.14000        709.9459      -0.1297019E-02
   14 s    5    43.25228        5.942705        168.2735        21.04929        115.6747      -0.2778670E-03
   14 s    6    40.14446        6.518557        153.4082        20.72308        104.7514      -0.5106584E-03
   14 s    7    36.29012        6.799268        147.0746        10.68919        382.8530      -0.8501106E-03
   14 s    8    33.38396        7.088745        141.0687        12.17225        503.2635      -0.1091705E-02
   14 s    9    31.15879        7.394635        135.2332        12.03395        516.2162      -0.1069605E-02
   14 s   10    29.16391        7.649757        130.7231        6.838485        291.5726      -0.5896936E-03
   14 s   11    27.20723        7.816183        127.9397        21.36968        91.23803      -0.5033274E-02
   14 s   12    26.72646        8.345724        119.8218        21.05794        91.27168      -0.5062693E-02
   14 s   13    25.68550        8.662321        115.4425        11.46923        500.5358      -0.6450878E-03
   14 s   14    24.64116        8.925689        112.0362        9.460617        375.6254      -0.6235600E-03
   14 s   15    23.60101        9.138497        109.4272        7.914437        309.3473      -0.5946218E-03
   14 s   16    22.64997        9.336069        107.1115        8.148707        308.9713      -0.6308906E-03
   14 s   17    21.84816        9.551367        104.6971        9.144332        341.2590      -0.6698010E-03
   14 s   18    21.18397        9.790202        102.1429        9.875870        379.1138      -0.5908580E-03
   14 s   19    20.61328        10.04140        99.58772        9.630145        380.2926      -0.3390910E-03
   14 s   20    20.05238        10.26910        97.37953        8.498964        338.3865      -0.3616648E-04
   14 s   21    19.48846        10.46715        95.53698        7.427700        300.4116       0.1611347E-03
   14 s   22    18.94858        10.65054        93.89191        7.532027        298.5352       0.1912405E-03
   14 s   23    18.50302        10.86233        92.06130        9.468167        368.2714       0.7431730E-04
   14 s   24    18.15451        11.11126        89.99882        10.20062        408.7398       0.2951193E-04
   14 s   25    17.84239        11.36595        87.98211        10.09987        403.5566       0.2848148E-04
   14 s   26    17.54285        11.61338        86.10760        9.635707        376.0662       0.4574107E-04
   15 s    1    141.5813        5.305298        188.4908        9.274074        355.5662      -0.1791429E-03
   15 s    2    88.37415        5.519221        181.1850        24.99576        97.37260      -0.1575178E-05
   15 s    3    68.66210        6.003405        166.5721        13.53872        678.4771      -0.2192711E-02
   15 s    4    55.89017        6.282904        159.1621        8.198200        367.4148      -0.1603363E-02
   15 s    5    46.82454        6.433521        155.4359        5.177835        257.2897      -0.4009964E-03
   15 s    6    40.60702        6.593667        151.6607        10.61899        196.8217      -0.2952099E-03
   15 s    7    38.11699        7.141548        140.0257        23.98144        91.73811      -0.6373310E-03
   15 s    8    35.59850        7.558980        132.2930        3.701423        268.9124      -0.6099201E-04
   15 s    9    32.20214        7.642243        130.8516        3.524344        250.1339      -0.2617691E-06
   15 s   10    29.65874        7.779551        128.5421        9.047385        398.5131      -0.3583889E-03
   15 s   11    28.05543        8.059857        124.0717        12.12311        584.1802      -0.6539777E-03
   15 s   12    26.78811        8.364976        119.5461        12.24083        557.8989      -0.6727088E-03
   15 s   13    26.29813        8.868928        112.7532        20.86024        90.45313      -0.5090620E-02
   15 s   14    25.59818        9.272345        107.8476        9.516059        321.6136      -0.3234807E-04
   15 s   15    24.66798        9.551636        104.6941        12.55727        434.9955      -0.1125976E-03
   15 s   16    23.98377        9.885850        101.1547        13.96747        516.3084      -0.1597077E-03
   15 s   17    23.42367        10.24013        97.65500        12.58743        449.1573      -0.3218129E-03
   15 s   18    22.54773        10.42047        95.96499        6.104611        264.5931      -0.4071647E-03
   15 s   19    21.72964        10.58522        94.47139        7.211299        288.1574      -0.4802431E-03
   15 s   20    21.05667        10.78341        92.73506        8.652868        333.5350      -0.5088511E-03
   15 s   21    20.50360        11.01238        90.80692        9.509075        376.6679      -0.3678235E-03
   15 s   22    20.01314        11.24890        88.89755        9.232705        374.4929      -0.8872301E-04
   15 s   23    19.53484        11.46807        87.19866        8.233354        337.4908       0.1788441E-03
   15 s   24    19.05482        11.66228        85.74654        7.343890        306.2587       0.3356366E-03
   15 s   25    18.58746        11.84058        84.45535        6.975552        293.2180       0.3972589E-03
   15 s   26    18.15152        12.01632        83.22015        7.127426        296.7108       0.4049702E-03
   16 s    1    142.0392        5.322456        187.8832        7.329345        276.4623      -0.1484327E-03
   16 s    2    91.07747        5.688051        175.8071        14.52294        403.3714      -0.5034221E-03
   16 s    3    70.74308        6.185354        161.6722        25.27098        87.93575      -0.5213077E-04
   16 s    4    58.16325        6.538434        152.9418        8.678270        334.3700      -0.1256005E-02
   16 s    5    49.59573        6.814273        146.7508        12.31036        578.7275      -0.1485999E-02
   16 s    6    43.86014        7.121901        140.4120        12.15518        677.8075      -0.7635544E-03
   16 s    7    39.52806        7.405925        135.0270        9.822858        525.2529      -0.3501372E-03
   16 s    8    36.43118        7.735790        129.2693        21.85379        106.8725      -0.9200525E-03
   16 s    9    34.12414        8.098375        123.4816        12.90551        673.0186      -0.9796273E-03
   16 s   10    32.12237        8.425767        118.6836        13.23501        774.0311      -0.1197608E-02
   16 s   11    30.44684        8.746868        114.3266        11.58201        560.4969      -0.1061916E-02
   16 s   12    28.62419        8.938315        111.8779        5.260734        250.2401      -0.9080257E-04
   16 s   13    26.91613        9.077348        110.1643        6.325709        256.8527      -0.8505775E-06
   16 s   14    25.91300        9.386382        106.5373        20.65011        90.13338      -0.5070783E-02
   16 s   15    25.56508        9.899002        101.0203        20.46836        89.83884      -0.5031246E-02
   16 s   16    24.63086        10.15257        98.49720        5.424756        260.3005      -0.3134095E-03
   16 s   17    23.54761        10.29432        97.14099        7.341304        284.6801      -0.1122208E-03
   16 s   18    22.97911        10.61983        94.16347        14.46832        549.3499      -0.6677664E-04
   16 s   19    22.53361        10.97686        91.10076        13.94429        524.8057      -0.8551837E-04
   16 s   20    22.07725        11.30606        88.44813        12.08248        434.8606      -0.1425003E-03
   16 s   21    21.53839        11.56816        86.44419        9.048452        334.8423      -0.2845868E-03
   16 s   22    20.96258        11.78256        84.87119        8.554623        329.6105      -0.3796831E-03
   16 s   23    20.45208        12.00654        83.28796        9.424612        369.6675      -0.3475062E-03
   16 s   24    20.01579        12.25043        81.62977        9.956559        403.0486      -0.1634528E-03
   16 s   25    19.61694        12.49637        80.02323        9.546972        386.7525       0.9507449E-04
   16 s   26    19.21769        12.72212        78.60325        8.421957        336.0322       0.2974385E-03
   17 s    1    163.3388        6.120588        163.3830        14.92575        659.2433      -0.3262106E-02
   17 s    2    101.5218        6.340327        157.7206        2.456521        234.6482      -0.1157945E-04
   17 s    3    73.22057        6.401971        156.2019        3.204392        231.0305      -0.1441504E-03
   17 s    4    60.73841        6.827921        146.4575        25.54056        87.25728      -0.4932382E-06
   17 s    5    53.90363        7.406163        135.0227        9.007780        253.1082      -0.1124056E-02
   17 s    6    46.22266        7.505521        133.2353        2.588197        230.1673      -0.2742110E-03
   17 s    7    40.48073        7.584417        131.8493        4.745765        244.2308      -0.2348752E-03
   17 s    8    36.76575        7.806834        128.0929        13.48620        268.8937      -0.5392779E-03
   17 s    9    35.17918        8.348757        119.7783        23.69342        91.01467      -0.9937775E-03
   17 s   10    33.53800        8.797090        113.6740        3.065826        219.3227      -0.4644429E-04
   17 s   11    30.96461        8.895614        112.4150        5.702736        257.0804      -0.3553044E-03
   17 s   12    29.29727        9.148495        109.3076        13.03513        660.7666      -0.1400628E-02
   17 s   13    28.11074        9.480225        105.4827        13.11622        708.4986      -0.1437116E-02
   17 s   14    27.00926        9.783477        102.2131        10.73778        481.9048      -0.1122919E-02
   17 s   15    25.83744        10.00446        99.95539        6.833449        303.0628      -0.5652539E-03
   17 s   16    25.24925        10.40746        96.08489        20.31041        89.56548      -0.4977711E-02
   17 s   17    24.96116        10.91228        91.63990        20.17240        89.31408      -0.4914930E-02
   17 s   18    24.34583        11.25146        88.87735        6.758004        303.5586      -0.5267833E-03
   17 s   19    23.41483        11.40612        87.67219        6.108545        278.3653      -0.2959717E-03
   17 s   20    22.60212        11.57485        86.39417        7.794002        308.8585      -0.2111026E-03
   17 s   21    21.99072        11.81110        84.66612        11.01337        411.6245      -0.1110799E-03
   17 s   22    21.53342        12.10342        82.62130        11.97060        469.3319      -0.6721287E-04
   17 s   23    21.11796        12.39745        80.66177        11.42066        450.2538      -0.7063124E-04
   17 s   24    20.70103        12.66982        78.92771        10.32660        400.2403      -0.1002048E-03
   17 s   25    20.27365        12.91471        77.43108        9.368207        361.9862      -0.1262265E-03
   17 s   26    19.85595        13.14465        76.07656        9.122034        358.9794      -0.6385814E-04
   18 s    1    169.2370        6.341605        157.6888        2.816417        200.6386      -0.8481291E-04
   18 s    2    104.3950        6.519769        153.3797        12.73446        582.6319      -0.5223778E-03
   18 s    3    78.19781        6.837151        146.2597        12.60914        761.1436      -0.1380317E-03
   18 s    4    63.62990        7.152968        139.8021        12.63231        778.2493      -0.1358083E-02
   18 s    5    54.34964        7.467443        133.9147        21.71006        97.43620      -0.6307856E-04
   18 s    6    48.77221        7.919509        126.2704        14.88735        465.3791      -0.2441123E-02
   18 s    7    44.26396        8.293237        120.5802        15.07183        755.3834      -0.2146980E-02
   18 s    8    40.72017        8.646513        115.6536        9.358113        366.1187      -0.8767426E-03
   18 s    9    36.78464        8.729767        114.5506        2.437583        215.8470      -0.2268135E-04
   18 s   10    34.08584        8.940789        111.8469        23.55247        90.87985      -0.1191432E-02
   18 s   11    33.16404        9.527473        104.9596        23.32418        91.10216      -0.1364252E-02
   18 s   12    31.76528        9.919169        100.8149        3.846750        231.6503      -0.1486955E-03
   18 s   13    29.71816        10.02232        99.77730        4.651300        239.0953      -0.2143105E-03
   18 s   14    28.07477        10.16943        98.33389        7.559835        292.5982      -0.5482116E-03
   18 s   15    26.88991        10.41198        96.04317        11.63834        455.6624      -0.1063672E-02
   18 s   16    26.02022        10.72525        93.23792        13.00394        588.8221      -0.1252903E-02
   18 s   17    25.24040        11.03435        90.62608        11.07357        475.5500      -0.1087797E-02
   18 s   18    24.69735        11.41392        87.61235        20.05091        89.08178      -0.4845978E-02
   18 s   19    24.35771        11.86543        84.27841        13.44597        525.3597      -0.7316529E-03
   18 s   20    23.80116        12.18890        82.04185        12.09043        440.1423      -0.6710946E-03
   18 s   21    23.17963        12.44966        80.32348        8.668509        319.2901      -0.4892180E-03
   18 s   22    22.47962        12.63525        79.14365        6.627548        275.6620      -0.3268114E-03
   18 s   23    21.79861        12.79703        78.14313        6.550303        277.3452      -0.2605298E-03
   18 s   24    21.19318        12.97104        77.09485        7.503312        307.3672      -0.2271557E-03
   18 s   25    20.68215        13.17493        75.90173        8.789629        362.6566      -0.1882238E-03
   18 s   26    20.25115        13.40627        74.59195        9.631487        416.5059      -0.1465864E-03
   19 s    1    169.8580        6.364874        157.1123        27.02040        90.41660      -0.5094196E-04
   19 s    2    112.5578        7.029561        142.2564        25.17911        90.35212      -0.1383694E-03
   19 s    3    85.25976        7.454606        134.1453        2.105350        224.0741      -0.1510225E-03
   19 s    4    66.69044        7.497019        133.3863        2.102986        215.6467      -0.8918595E-04
   19 s    5    55.45624        7.619485        131.2425        10.17485        323.7817      -0.1462767E-02
   19 s    6    49.86203        8.096472        123.5106        23.96608        94.02113      -0.1541418E-03
   19 s    7    46.11922        8.640836        115.7295        1.603389        214.7888      -0.2072625E-05
   19 s    8    40.99850        8.705615        114.8684        7.474939        327.8675      -0.5498895E-03
   19 s    9    38.10339        9.042735        110.5860        14.41339        920.0508      -0.8359431E-03
   19 s   10    35.82529        9.397051        106.4164        13.91341        881.8502      -0.5590898E-03
   19 s   11    33.88207        9.733752        102.7353        12.66213        679.5950      -0.5144517E-03
   19 s   12    32.29712        10.08524        99.15477        13.20485        505.7654      -0.5851157E-03
   19 s   13    30.82821        10.39668        96.18458        12.12855        687.4954      -0.6022137E-03
   19 s   14    29.50268        10.68666        93.57461        10.90699        555.9448      -0.5496970E-03
   19 s   15    28.22549        10.92913        91.49858        8.276199        376.6134      -0.2554852E-03
   19 s   16    26.94305        11.10563        90.04441        6.293767        289.1875      -0.1516772E-04
   19 s   17    25.78977        11.27452        88.69556        8.032774        307.7083      -0.1137900E-03
   19 s   18    24.96108        11.53580        86.68669        12.51009        465.2824      -0.5956379E-03
   19 s   19    24.45486        11.91276        83.94362        19.94324        88.86727      -0.4773322E-02
   19 s   20    24.23118        12.40912        80.58590        19.84713        88.66904      -0.4698781E-02
   19 s   21    23.80212        12.78400        78.22280        11.15903        431.9330      -0.6988699E-07
   19 s   22    23.27376        13.08162        76.44312        12.11184        449.0716      -0.2176909E-07
   19 s   23    22.76357        13.36352        74.83061        10.12164        356.6674      -0.5594514E-04
   19 s   24    22.20398        13.58969        73.58521        8.220984        301.3450      -0.1465472E-03
   19 s   25    21.64074        13.78557        72.53961        7.616916        287.9199      -0.1827668E-03
   19 s   26    21.11226        13.97633        71.54953        7.732487        293.8665      -0.1972545E-03
   20 s    1    184.2310        6.903456        144.8550        14.44056        796.1471      -0.2097112E-02
   20 s    2    116.6661        7.286132        137.2470        14.89084        505.7493      -0.2267776E-02
   20 s    3    87.35188        7.637528        130.9324        20.56393        137.5254      -0.6754708E-03
   20 s    4    71.59114        8.047932        124.2555        14.73637        773.5468      -0.1001014E-02
   20 s    5    61.20996        8.410025        118.9057        14.36336        887.8472      -0.1068976E-02
   20 s    6    52.99517        8.605225        116.2085        1.361054        217.1161      -0.9744280E-05
   20 s    7    46.42740        8.698575        114.9614        23.93166        90.71981      -0.1108709E-03
   20 s    8    43.76660        9.293391        107.6033        23.37856        95.22775      -0.3681941E-03
   20 s    9    40.87299        9.700019        103.0926        4.983053        269.3591      -0.3588390E-03
   20 s   10    37.29465        9.782466        102.2237        2.795729        225.4022      -0.1497453E-04
   20 s   11    34.31487        9.858090        101.4395        3.692771        235.7066      -0.3185991E-05
   20 s   12    32.37790        10.11047        98.90741        22.37209        95.99552      -0.1414273E-02
   20 s   13    31.67866        10.68349        93.60239        22.84442        91.01408      -0.1651263E-02
   20 s   14    30.50654        11.05029        90.49540        5.857604        282.8918      -0.3913907E-03
   20 s   15    28.97995        11.22127        89.11650        8.183019        347.4711      -0.7581201E-03
   20 s   16    27.80283        11.46002        87.25986        10.65840        482.8519      -0.1028970E-02
   20 s   17    26.85174        11.73878        85.18771        11.48881        566.1547      -0.1052533E-02
   20 s   18    26.02087        12.02558        83.15607        11.37587        567.5263      -0.9230448E-03
   20 s   19    25.24495        12.29764        81.31645        10.23527        478.2421      -0.5795467E-03
   20 s   20    24.47652        12.53476        79.77813        9.127537        387.2503      -0.1237175E-03
   20 s   21    24.02417        12.90326        77.49979        19.76075        88.48577      -0.4623673E-02
   20 s   22    23.63269        13.28337        75.28212        10.89740        420.5255      -0.9264534E-03
   20 s   23    23.11572        13.57025        73.69063        12.27140        482.6309      -0.6713221E-03
   20 s   24    22.69648        13.89111        71.98847        13.18438        542.7150      -0.4081510E-03
   20 s   25    22.31949        14.21795        70.33363        12.81361        529.4811      -0.2659318E-03
   20 s   26    21.93861        14.52338        68.85452        11.47548        459.8389      -0.2044938E-03
