    0 s    2    5.051373       0.3154728        3169.845        6.789542        505.2685      -0.1613554E-01
    0 s    3    5.511341       0.4818788        2075.210        7.083474        419.6953      -0.4440406E-02
    0 s    4    5.927504       0.6663415        1500.732        7.800279        375.6468      -0.2274833E-02
    0 s    5    6.286905       0.8637979        1157.678        8.090427        356.9752      -0.1722352E-02
    0 s    6    6.553663        1.064168        939.7017        8.020144        347.7018      -0.1390052E-02
    0 s    7    6.721219        1.259279        794.1054        7.647262        341.7196      -0.1028943E-02
    0 s    8    6.792431        1.442304        693.3353        7.038982        336.8017      -0.6417550E-03
    0 s    9    6.780934        1.609258        621.4044        6.366528        332.1390      -0.3247668E-03
    0 s   10    6.713500        1.760965        567.8703        5.818365        327.1044      -0.1380663E-03
    0 s   11    6.618344        1.901340        525.9450        5.443959        321.1379      -0.5295746E-04
    0 s   12    6.514100        2.034122        491.6126        5.195187        314.0612      -0.1935495E-04
    0 s   13    6.409894        2.161709        462.5970        5.018782        306.0168      -0.6929608E-05
    0 s   14    6.309445        2.285450        437.5506        4.882739        297.2860      -0.2458822E-05
    0 s   15    6.214040        2.406125        415.6059        4.771206        288.1792      -0.8685666E-06
    0 s   16    6.123988        2.524241        396.1587        4.676700        278.9816      -0.3059718E-06
    0 s   17    6.039225        2.640170        378.7636        4.595410        269.9267      -0.1075635E-06
    0 s   18    5.959540        2.754210        363.0806        4.524971        261.1871      -0.3764841E-07
    0 s   19    5.884659        2.866609        348.8442        4.463560        252.8768      -0.1303174E-07
    0 s   20    5.814282        2.977573        335.8439        4.409591        245.0609      -0.4354284E-08
    0 s   21    5.748092        3.087271        323.9107        4.361652        237.7669      -0.1287879E-08
    0 s   22    5.685771        3.195835        312.9072        4.318514        230.9955      -0.1789531E-09
    0 s   23    5.627007        3.303375        302.7207        4.279146        224.7302       0.2169673E-09
    0 s   24    5.571500        3.409972        293.2576        4.242719        218.9438       0.3585410E-09
    0 s   25    5.518970        3.515691        284.4391        4.208592        213.6035       0.6060672E-10
    0 s   26    5.469156        3.620585        276.1985        4.176292        208.6743       0.2882354E-10
    1 s    2    10.98349       0.6859506        1457.831        11.06278        315.2461      -0.3287446E-02
    1 s    3    10.86511       0.9499809        1052.653        10.08408        289.0110      -0.5819382E-03
    1 s    4    10.56327        1.187472        842.1253        8.865064        280.3288      -0.5749866E-03
    1 s    5    10.08827        1.386092        721.4528        6.979579        307.6376      -0.1355179E-02
    1 s    6    9.479850        1.539314        649.6398        5.700545        357.8127      -0.2392316E-02
    1 s    7    8.961529        1.679020        595.5854        5.831852        379.6864      -0.3021740E-02
    1 s    8    8.618148        1.829976        546.4552        6.537254        385.4919      -0.3468632E-02
    1 s    9    8.427810        2.000096        499.9760        7.341142        385.8544      -0.3781948E-02
    1 s   10    8.342402        2.188230        456.9904        7.976843        384.2333      -0.3950924E-02
    1 s   11    8.316288        2.389131        418.5623        8.381245        381.9039      -0.4020324E-02
    1 s   12    8.318853        2.597682        384.9586        8.608804        378.9490      -0.4041036E-02
    1 s   13    8.333245        2.810350        355.8276        8.722858        374.4708      -0.4032827E-02
    1 s   14    8.350727        3.024857        330.5942        8.758502        366.0425      -0.3979513E-02
    1 s   15    8.365873        3.239332        308.7056        8.703725        346.6005      -0.3795115E-02
    1 s   16    8.370607        3.450273        289.8322        8.381908        293.7926      -0.3105015E-02
    1 s   17    8.338927        3.645531        274.3085        7.307076        205.5141      -0.1211212E-02
    1 s   18    8.258825        3.816827        261.9977        6.576680        175.1577      -0.2279862E-03
    1 s   19    8.166022        3.977935        251.3867        6.341278        169.2580      -0.5249141E-04
    1 s   20    8.074203        4.134910        241.8432        6.212070        167.1718      -0.1498654E-04
    1 s   21    7.985652        4.289053        233.1517        6.107575        165.9535      -0.4830722E-05
    1 s   22    7.900513        4.440689        225.1903        6.009717        165.0290      -0.1667834E-05
    1 s   23    7.818506        4.589910        217.8692        5.914093        164.2476      -0.5994904E-06
    1 s   24    7.739322        4.736762        211.1147        5.820310        163.5632      -0.2207743E-06
    1 s   25    7.662717        4.881300        204.8635        5.729360        162.9606      -0.8252845E-07
    1 s   26    7.588532        5.023613        199.0599        5.642664        162.4328      -0.3115145E-07
    2 s    1    10.91925       0.4091633        2444.012        13.04096        404.8802       0.5114454E-04
    2 s    2    14.99113       0.9362391        1068.103        19.56926        96.27599      -0.1182322    
    2 s    3    14.23072        1.244250        803.6972        6.458521        415.4209      -0.7390772E-02
    2 s    4    12.34633        1.387916        720.5049        5.638432        391.4481      -0.2530851E-02
    2 s    5    11.18580        1.536888        650.6655        6.666572        309.1931      -0.1661262E-02
    2 s    6    10.58469        1.718715        581.8301        7.766925        249.3695      -0.8307198E-03
    2 s    7    10.22342        1.915447        522.0713        7.911653        224.3893      -0.4956689E-03
    2 s    8    9.942790        2.111250        473.6530        7.750266        210.4605      -0.3758987E-03
    2 s    9    9.700459        2.302122        434.3818        7.528934        200.7556      -0.3297602E-03
    2 s   10    9.483158        2.487453        402.0177        7.309796        193.5034      -0.3154319E-03
    2 s   11    9.285470        2.667560        374.8744        7.112921        188.0767      -0.3195168E-03
    2 s   12    9.104809        2.843108        351.7277        6.947280        184.1975      -0.3395994E-03
    2 s   13    8.939859        3.014928        331.6828        6.818371        181.7973      -0.3825203E-03
    2 s   14    8.790044        3.183989        314.0714        6.734407        181.2065      -0.4735337E-03
    2 s   15    8.655915        3.351639        298.3615        6.729033        184.2683      -0.7000545E-03
    2 s   16    8.542739        3.521224        283.9922        6.987464        201.7097      -0.1435786E-02
    2 s   17    8.474645        3.704862        269.9156        7.998681        282.7977      -0.3375341E-02
    2 s   18    8.462221        3.910827        255.7004        8.665828        366.6951      -0.4403083E-02
    2 s   19    8.468586        4.125324        242.4052        8.835943        390.6063      -0.4623228E-02
    2 s   20    8.479084        4.342255        230.2951        8.897569        397.3188      -0.4703861E-02
    2 s   21    8.490625        4.560271        219.2852        8.932302        399.6602      -0.4754984E-02
    2 s   22    8.502414        4.779003        209.2487        8.958788        400.6085      -0.4796718E-02
    2 s   23    8.514221        4.998335        200.0666        8.982431        401.0202      -0.4833874E-02
    2 s   24    8.525977        5.218225        191.6361        9.004889        401.1850      -0.4867783E-02
    2 s   25    8.537656        5.438653        183.8690        9.026470        401.1926      -0.4898599E-02
    2 s   26    8.549234        5.659598        176.6910        9.046720        400.9955      -0.4925281E-02
    3 s    1    25.07826       0.9397258        1064.140        6.140730        821.8487      -0.7434353E-04
    3 s    2    17.70836        1.105939        904.2094        7.101435        367.7589      -0.4270257E-02
    3 s    3    15.98407        1.397552        715.5370        16.28880        89.99315      -0.9196959E-01
    3 s    4    15.95163        1.793206        557.6605        15.90270        87.63318      -0.8691351E-01
    3 s    5    15.85973        2.179070        458.9115        15.65657        87.21993      -0.8140454E-01
    3 s    6    15.76968        2.560641        390.5272        15.51119        87.56977      -0.7703092E-01
    3 s    7    14.56590        2.729047        366.4282        5.559239        288.6622      -0.9785983E-03
    3 s    8    13.49613        2.865765        348.9470        5.458613        280.9185      -0.9389944E-03
    3 s    9    12.64754        3.001526        333.1639        5.477385        273.8513      -0.8377005E-03
    3 s   10    11.96819        3.139283        318.5441        5.603728        267.0721      -0.7096122E-03
    3 s   11    11.42162        3.281241        304.7628        5.796993        260.3541      -0.5795937E-03
    3 s   12    10.97958        3.428531        291.6701        6.015664        253.6514      -0.4609628E-03
    3 s   13    10.61944        3.581360        279.2235        6.228382        247.0590      -0.3593850E-03
    3 s   14    10.32311        3.739305        267.4294        6.416183        240.7405      -0.2760805E-03
    3 s   15    10.07626        3.901607        256.3047        6.570772        234.8574      -0.2098810E-03
    3 s   16    9.867800        4.067399        245.8573        6.691294        229.5237      -0.1585091E-03
    3 s   17    9.689262        4.235857        236.0798        6.781083        224.7922      -0.1193620E-03
    3 s   18    9.534240        4.406262        226.9497        6.845191        220.6628      -0.8995115E-04
    3 s   19    9.397919        4.578032        218.4345        6.888849        217.0982      -0.6811002E-04
    3 s   20    9.276667        4.750708        210.4949        6.916695        214.0379      -0.5206099E-04
    3 s   21    9.167727        4.923939        203.0894        6.932472        211.4100      -0.4040841E-04
    3 s   22    9.068980        5.097456        196.1763        6.939014        209.1380      -0.3210309E-04
    3 s   23    8.978772        5.271052        189.7154        6.938346        207.1464      -0.2640906E-04
    3 s   24    8.895788        5.444563        183.6695        6.931855        205.3646      -0.2290670E-04
    3 s   25    8.818966        5.617853        178.0039        6.920495        203.7325      -0.2161671E-04
    3 s   26    8.747437        5.790809        172.6874        6.905150        202.2151      -0.2361475E-04
    4 s    1    37.67109        1.411601        708.4155        11.86990        375.6668      -0.1565848E-03
    4 s    2    27.60612        1.724082        580.0188        12.86657        461.2824      -0.3499298E-04
    4 s    3    23.42435        2.048086        488.2608        12.93187        526.0736      -0.2847082E-04
    4 s    4    20.50465        2.305034        433.8330        5.840362        353.2504      -0.3545498E-03
    4 s    5    17.80490        2.446329        408.7758        5.733669        309.4118      -0.7085230E-03
    4 s    6    15.94530        2.589159        386.2258        5.758112        293.2160      -0.1301470E-02
    4 s    7    15.69455        2.940510        340.0771        15.49830        87.34679      -0.7438459E-01
    4 s    8    15.62943        3.318751        301.3181        15.44525        87.56327      -0.7205466E-01
    4 s    9    15.57228        3.695629        270.5899        15.37816        87.88577      -0.7008681E-01
    4 s   10    14.74809        3.868456        258.5011        6.529840        310.9565      -0.6627452E-03
    4 s   11    14.02286        4.028533        248.2293        6.359838        294.0157      -0.6913089E-03
    4 s   12    13.40795        4.186826        238.8444        6.360818        284.8321      -0.6628902E-03
    4 s   13    12.88746        4.346238        230.0840        6.435421        279.2923      -0.6023773E-03
    4 s   14    12.44526        4.508007        221.8275        6.539060        275.5834      -0.5262397E-03
    4 s   15    12.06719        4.672511        214.0177        6.645492        272.7876      -0.4450584E-03
    4 s   16    11.74117        4.839583        206.6294        6.736832        270.3815      -0.3654981E-03
    4 s   17    11.45704        5.008679        199.6535        6.800644        268.0452      -0.2916713E-03
    4 s   18    11.20628        5.178998        193.0875        6.829284        265.5878      -0.2260245E-03
    4 s   19    10.98184        5.349611        186.9295        6.820166        262.9194      -0.1698744E-03
    4 s   20    10.77806        5.519593        181.1728        6.776326        260.0413      -0.1237020E-03
    4 s   21    10.59062        5.688165        175.8036        6.706449        257.0329      -0.8729364E-04
    4 s   22    10.41643        5.854825        170.7993        6.623484        254.0214      -0.5982741E-04
    4 s   23    10.25354        6.019417        166.1291        6.541602        251.1385      -0.4000348E-04
    4 s   24    10.10087        6.182118        161.7569        6.472620        248.4797      -0.2626481E-04
    4 s   25    9.957853        6.343346        157.6455        6.423600        246.0861      -0.1705798E-04
    4 s   26    9.824208        6.503632        153.7602        6.396541        243.9525      -0.1103799E-04
    5 s    1    44.11781        1.653171        604.8981        28.22234        82.91236      -0.7947030E-04
    5 s    2    33.77676        2.109456        474.0558        3.099256        331.9547      -0.2959360E-03
    5 s    3    25.13775        2.197895        454.9808        4.295493        299.3079      -0.2693806E-03
    5 s    4    21.21412        2.384790        419.3242        12.34200        411.6174      -0.1786118E-03
    5 s    5    19.63945        2.698388        370.5916        12.38629        479.0035      -0.8566690E-04
    5 s    6    18.46468        2.998248        333.5281        11.54676        486.1923      -0.8895932E-04
    5 s    7    17.46260        3.271770        305.6450        10.25832        468.2219      -0.1573466E-03
    5 s    8    16.51373        3.506521        285.1829        8.504634        408.9570      -0.3342835E-03
    5 s    9    15.58919        3.699642        270.2964        7.132068        343.6999      -0.6636315E-03
    5 s   10    15.52101        4.071194        245.6282        15.33892        87.95657      -0.6868738E-01
    5 s   11    15.47422        4.445484        224.9474        15.28845        88.10362      -0.6743571E-01
    5 s   12    15.11048        4.718466        211.9333        9.371466        373.9305      -0.1168713E-03
    5 s   13    14.66466        4.945592        202.2003        8.752660        377.9458      -0.1325810E-03
    5 s   14    14.22674        5.153306        194.0502        7.830167        364.3062      -0.1690684E-03
    5 s   15    13.78163        5.336356        187.3938        6.852540        335.1113      -0.2064485E-03
    5 s   16    13.33986        5.498546        181.8663        6.202005        308.5111      -0.2208809E-03
    5 s   17    12.92241        5.649294        177.0133        5.918079        292.1254      -0.2140396E-03
    5 s   18    12.54167        5.796151        172.5283        5.868300        283.4424      -0.1969582E-03
    5 s   19    12.20125        5.943624        168.2475        5.953738        279.4231      -0.1762988E-03
    5 s   20    11.90035        6.094332        164.0869        6.118443        278.1972      -0.1548207E-03
    5 s   21    11.63628        6.249784        160.0055        6.326747        278.6296      -0.1335429E-03
    5 s   22    11.40542        6.410714        155.9889        6.551210        279.9483      -0.1129441E-03
    5 s   23    11.20374        6.577236        152.0396        6.769378        281.5810      -0.9345727E-04
    5 s   24    11.02703        6.748966        148.1708        6.964445        283.1077      -0.7556216E-04
    5 s   25    10.87123        6.925186        144.4005        7.126220        284.2483      -0.5968989E-04
    5 s   26    10.73262        7.104998        140.7460        7.250722        284.8437      -0.4610749E-04
    6 s    1    53.18105        1.992786        501.8100        8.949757        683.3737      -0.2270329E-02
    6 s    2    37.72069        2.355766        424.4904        26.85058        83.85387      -0.2041411E-03
    6 s    3    32.83411        2.870819        348.3326        13.67420        410.9461      -0.1031064E-02
    6 s    4    28.09059        3.157809        316.6753        8.863043        345.2384      -0.8545141E-03
    6 s    5    24.16129        3.319674        301.2344        5.173662        261.0035      -0.4581822E-03
    6 s    6    21.22796        3.446944        290.1121        5.328978        249.5725      -0.3951216E-03
    6 s    7    19.17565        3.592724        278.3404        6.480547        251.7724      -0.4184564E-03
    6 s    8    17.77593        3.774538        264.9331        8.125357        270.7615      -0.3622000E-03
    6 s    9    16.83304        3.994834        250.3233        9.366622        306.0682      -0.2419267E-03
    6 s   10    16.14680        4.235340        236.1085        9.773320        337.8573      -0.1613985E-03
    6 s   11    15.59256        4.479481        223.2401        9.710253        359.8890      -0.1249071E-03
    6 s   12    15.43114        4.818598        207.5292        15.24166        88.21612      -0.6638137E-01
    6 s   13    15.39130        5.190647        192.6542        15.19938        88.29810      -0.6548005E-01
    6 s   14    14.99397        5.431216        184.1208        6.964039        238.1078      -0.2562129E-03
    6 s   15    14.50165        5.615155        178.0895        7.732118        251.6412      -0.1729488E-03
    6 s   16    14.10804        5.815182        171.9637        8.207989        268.7436      -0.1173778E-03
    6 s   17    13.77678        6.022799        166.0358        8.356769        282.8361      -0.8838745E-04
    6 s   18    13.48361        6.231470        160.4758        8.313223        292.2342      -0.7451490E-04
    6 s   19    13.21558        6.437739        155.3340        8.176510        297.5230      -0.6802278E-04
    6 s   20    12.96590        6.640013        150.6021        8.000040        299.5179      -0.6479216E-04
    6 s   21    12.73090        6.837699        146.2480        7.813317        298.8861      -0.6252745E-04
    6 s   22    12.50859        7.030780        142.2317        7.633821        296.2169      -0.5989932E-04
    6 s   23    12.29791        7.219577        138.5123        7.471523        292.0860      -0.5624930E-04
    6 s   24    12.09824        7.404587        135.0514        7.330809        287.0430      -0.5144964E-04
    6 s   25    11.90915        7.586362        131.8155        7.212124        281.5675      -0.4574395E-04
    6 s   26    11.73026        7.765436        128.7758        7.113805        276.0389      -0.3956013E-04
    7 s    1    59.82897        2.241895        446.0512        7.673052        275.3904      -0.9198479E-03
    7 s    2    40.76836        2.546102        392.7573        14.31721        443.5108      -0.1232597E-02
    7 s    3    34.67091        3.031418        329.8787        24.86344        88.00663      -0.7693666E-03
    7 s    4    30.41327        3.418914        292.4906        8.109512        341.0462      -0.3125283E-03
    7 s    5    26.83727        3.687343        271.1980        12.40507        511.9240      -0.7198408E-03
    7 s    6    24.63885        4.000795        249.9503        12.33916        510.6242      -0.7378206E-03
    7 s    7    22.86848        4.284609        233.3936        10.16617        405.7968      -0.6415425E-03
    7 s    8    21.20758        4.503213        222.0637        7.555637        312.4518      -0.5386693E-03
    7 s    9    19.69179        4.673275        213.9827        6.308528        272.0459      -0.4892902E-03
    7 s   10    18.39220        4.824313        207.2834        5.891550        253.9784      -0.4711626E-03
    7 s   11    17.29842        4.969546        201.2256        5.794199        243.4279      -0.4486918E-03
    7 s   12    16.38040        5.115017        195.5028        5.904330        236.5669      -0.4069019E-03
    7 s   13    15.61595        5.266410        189.8827        6.277153        233.7363      -0.3416166E-03
    7 s   14    15.35435        5.561755        179.7994        15.16198        88.35466      -0.6469926E-01
    7 s   15    15.32007        5.932051        168.5758        15.12945        88.39093      -0.6401484E-01
    7 s   16    15.28826        6.301656        158.6885        15.10151        88.41157      -0.6340862E-01
    7 s   17    15.25828        6.670465        149.9146        6.293336        257.5238      -0.4179348E-03
    7 s   18    14.77826        6.829792        146.4174        6.475686        256.2128      -0.3619514E-03
    7 s   19    14.35748        6.993994        142.9798        6.677318        255.6030      -0.3081935E-03
    7 s   20    13.98792        7.163404        139.5984        6.886422        255.6756      -0.2583006E-03
    7 s   21    13.66248        7.338046        136.2761        7.090500        256.4061      -0.2134182E-03
    7 s   22    13.37478        7.517640        133.0205        7.278008        257.7195      -0.1742129E-03
    7 s   23    13.11908        7.701650        129.8423        7.440191        259.4760      -0.1408823E-03
    7 s   24    12.89032        7.889367        126.7529        7.572163        261.4914      -0.1131870E-03
    7 s   25    12.68408        8.080009        123.7622        7.672717        263.5728      -0.9056159E-04
    7 s   26    12.49666        8.272799        120.8781        7.743185        265.5507      -0.7227440E-04
    8 s    1    77.76487        2.913985        343.1727        14.34117        952.6161      -0.1044607E-02
    8 s    2    51.87344        3.239646        308.6757        1.775937        252.1283      -0.1602801E-04
    8 s    3    37.64886        3.291792        303.7859        3.062493        254.5597      -0.2010482E-04
    8 s    4    32.46160        3.649177        274.0344        24.04905        87.79557      -0.1611172E-02
    8 s    5    30.62284        4.207467        237.6727        15.71461        230.3476      -0.1737339E-02
    8 s    6    27.54357        4.472456        223.5908        8.195942        350.6221      -0.4256270E-03
    8 s    7    24.95429        4.675403        213.8853        8.839636        321.5621      -0.2922920E-04
    8 s    8    23.19891        4.926052        203.0023        11.04836        389.4497      -0.3640865E-06
    8 s    9    21.97108        5.214198        191.7840        11.75168        456.4787      -0.3830007E-06
    8 s   10    20.98101        5.503363        181.7071        11.14815        493.0164      -0.2110319E-04
    8 s   11    20.00205        5.746253        174.0264        7.802298        372.2731      -0.3706797E-03
    8 s   12    18.94147        5.914749        169.0689        6.219975        294.5307      -0.5760319E-03
    8 s   13    17.98651        6.065872        164.8567        5.980721        275.9021      -0.5901579E-03
    8 s   14    17.15622        6.214442        160.9155        5.962953        267.5898      -0.5661259E-03
    8 s   15    16.43500        6.363764        157.1397        6.026458        262.7619      -0.5245374E-03
    8 s   16    15.80684        6.515405        153.4824        6.140510        259.6229      -0.4733117E-03
    8 s   17    15.25877        6.670682        149.9097        15.07766        88.42055      -0.6286677E-01
    8 s   18    15.23144        7.039230        142.0610        15.05742        88.42078      -0.6237895E-01
    8 s   19    15.20610        7.407384        135.0004        15.04018        88.41489      -0.6193673E-01
    8 s   20    15.18260        7.775218        128.6138        15.02542        88.40462      -0.6153374E-01
    8 s   21    15.00192        8.057452        124.1087        6.311083        258.0104      -0.3097017E-03
    8 s   22    14.61476        8.214608        121.7343        6.286661        252.5515      -0.2753738E-03
    8 s   23    14.26102        8.372031        119.4453        6.325036        249.2494      -0.2410861E-03
    8 s   24    13.93866        8.530994        117.2196        6.404583        247.3452      -0.2088178E-03
    8 s   25    13.64532        8.692337        115.0439        6.511283        246.4182      -0.1792326E-03
    8 s   26    13.37854        8.856601        112.9101        6.634722        246.2065      -0.1524347E-03
    9 s    1    85.90910        3.219163        310.6398       0.5090194        222.8163      -0.2318285E-05
    9 s    2    52.31872        3.267455        306.0486        13.29742        680.5496      -0.1100906E-02
    9 s    3    41.18710        3.601155        277.6887        13.16070        744.1775      -0.3868213E-03
    9 s    4    34.90930        3.924336        254.8202        12.84341        637.3289      -0.5827539E-03
    9 s    5    31.05056        4.266233        234.3988        19.13787        113.1191      -0.1675252E-02
    9 s    6    28.54747        4.635468        215.7280        10.54676        397.2115      -0.1344755E-02
    9 s    7    26.26438        4.920859        203.2165        11.79279        552.7130      -0.1768067E-02
    9 s    8    24.49663        5.201609        192.2482        10.58964        481.2302      -0.1569637E-02
    9 s    9    22.91715        5.438721        183.8667        8.532965        363.3177      -0.1169350E-02
    9 s   10    21.47765        5.633634        177.5053        7.499244        300.5671      -0.8576506E-03
    9 s   11    20.33609        5.842220        171.1678        9.843906        343.0882      -0.3811503E-03
    9 s   12    19.55497        6.106322        163.7647        10.85392        428.8390      -0.1244616E-03
    9 s   13    18.90779        6.376571        156.8241        10.73171        459.4210      -0.8067982E-04
    9 s   14    18.33558        6.641637        150.5653        10.46547        469.2938      -0.7954026E-04
    9 s   15    17.81612        6.898542        144.9582        10.06252        460.6760      -0.1044754E-03
    9 s   16    17.32735        7.142143        140.0140        9.374662        424.7455      -0.1634862E-03
    9 s   17    16.84461        7.363961        135.7965        8.346131        365.3225      -0.2546384E-03
    9 s   18    16.35695        7.559387        132.2859        7.355211        313.4987      -0.3294862E-03
    9 s   19    15.87770        7.734545        129.2901        6.740725        283.3229      -0.3526139E-03
    9 s   20    15.42345        7.898559        126.6054        6.437020        267.1538      -0.3391505E-03
    9 s   21    15.16081        8.142791        122.8080        15.01265        88.39126      -0.6116482E-01
    9 s   22    15.14057        8.510152        117.5067        15.00146        88.37573      -0.6082578E-01
    9 s   23    15.12177        8.877341        112.6463        14.99149        88.35866      -0.6051320E-01
    9 s   24    15.09150        9.236579        108.2652        7.145528        291.1608      -0.2790285E-03
    9 s   25    14.76902        9.408152        106.2908        6.640706        271.3499      -0.2641507E-03
    9 s   26    14.45673        9.570365        104.4892        6.378277        260.2939      -0.2382424E-03
   10 s    1    89.89731        3.368608        296.8585        21.49131        86.98329      -0.6009572E-04
   10 s    2    62.72258        3.917206        255.2840        22.00186        80.32406      -0.1072848E-05
   10 s    3    48.68798        4.256987        234.9079        3.158444        236.5402      -0.1715369E-03
   10 s    4    38.56400        4.335179        230.6710        3.481143        231.4512       0.4694317E-05
   10 s    5    32.33852        4.443195        225.0632        5.607488        249.0288      -0.2019721E-03
   10 s    6    29.72243        4.826255        207.2000        22.42953        85.88136      -0.2905572E-02
   10 s    7    28.73256        5.383295        185.7598        22.02612        85.19465      -0.3420827E-02
   10 s    8    27.04999        5.743790        174.1011        7.917508        295.0352      -0.8481155E-03
   10 s    9    25.16258        5.971609        167.4590        10.34274        367.2596      -0.1328580E-02
   10 s   10    23.80705        6.244639        160.1374        11.25464        432.0298      -0.1625619E-02
   10 s   11    22.66080        6.510069        153.6082        9.833225        397.4599      -0.1527204E-02
   10 s   12    21.54760        6.728550        148.6204        7.923260        330.1729      -0.1181565E-02
   10 s   13    20.49694        6.912503        144.6654        7.054906        295.2870      -0.9391926E-03
   10 s   14    19.55852        7.084621        141.1508        6.867270        280.0753      -0.8038920E-03
   10 s   15    18.74240        7.257205        137.7941        7.055700        276.0519      -0.6980236E-03
   10 s   16    18.04808        7.439222        134.4227        7.621746        284.9632      -0.5741909E-03
   10 s   17    17.47734        7.640573        130.8802        8.559825        313.6819      -0.4221901E-03
   10 s   18    17.02077        7.866174        127.1266        9.457010        357.4879      -0.2898816E-03
   10 s   19    16.64706        8.109326        123.3148        9.934400        394.9499      -0.2167215E-03
   10 s   20    16.32262        8.359039        119.6310        9.990089        411.6810      -0.1933065E-03
   10 s   21    16.02184        8.605246        116.2082        9.650944        402.1424      -0.2045079E-03
   10 s   22    15.72363        8.837873        113.1494        8.911154        367.5660      -0.2380109E-03
   10 s   23    15.41347        9.048590        110.5145        7.954546        324.2761      -0.2705775E-03
   10 s   24    15.10427        9.244392        108.1737        14.98243        88.34046      -0.6022421E-01
   10 s   25    15.08797        9.611328        104.0439        14.97404        88.32137      -0.5995640E-01
   10 s   26    15.07275        9.978173        100.2187        14.96610        88.30153      -0.5970774E-01
   11 s    1    99.62234        3.733022        267.8795        14.34957        712.2558       0.3767287E-03
   11 s    2    65.27987        4.076917        245.2834        13.07335        713.1320      -0.2035910E-02
   11 s    3    50.78247        4.440117        225.2193        17.25853        132.2534      -0.8626626E-03
   11 s    4    42.84536        4.816470        207.6210        14.16889        595.5932      -0.6898409E-03
   11 s    5    37.48903        5.150857        194.1425        12.50548        636.3684       0.1143891E-03
   11 s    6    33.32755        5.411645        184.7867        7.878653        342.5504      -0.9626557E-04
   11 s    7    29.74649        5.573263        179.4281        6.160869        268.6933      -0.4295160E-03
   11 s    8    27.92896        5.930429        168.6219        21.62013        84.76126      -0.3724784E-02
   11 s    9    26.93205        6.391540        156.4568        9.815562        491.9069      -0.1426906E-03
   11 s   10    25.25992        6.625730        150.9268        9.197479        396.0289      -0.2482717E-05
   11 s   11    23.90990        6.868914        145.5834        10.55301        398.8179      -0.2990639E-03
   11 s   12    22.90991        7.153950        139.7829        12.09102        460.4577      -0.8669820E-03
   11 s   13    22.10959        7.456363        134.1136        11.91792        475.3204      -0.1282154E-02
   11 s   14    21.35270        7.734520        129.2905        10.31731        411.2966      -0.1417717E-02
   11 s   15    20.57569        7.967071        125.5166        8.499075        339.2739      -0.1303453E-02
   11 s   16    19.80353        8.162798        122.5070        7.399122        297.8582      -0.1121386E-02
   11 s   17    19.07669        8.339759        119.9075        6.918611        276.8424      -0.9693176E-03
   11 s   18    18.41262        8.509418        117.5168        6.760079        265.5340      -0.8446841E-03
   11 s   19    17.81383        8.677696        115.2380        6.783645        259.6354      -0.7291266E-03
   11 s   20    17.27900        8.848810        113.0095        6.982681        258.6220      -0.6108730E-03
   11 s   21    16.80897        9.028009        110.7664        7.437057        264.7660      -0.4846389E-03
   11 s   22    16.40842        9.222778        108.4272        8.219057        282.6211      -0.3543011E-03
   11 s   23    16.08025        9.440023        105.9319        9.173243        314.1226      -0.2410925E-03
   11 s   24    15.81510        9.679448        103.3117        9.932089        350.7843      -0.1690096E-03
   11 s   25    15.59300        9.933043        100.6741        10.29000        379.0207      -0.1408675E-03
   11 s   26    15.39732        10.19304        98.10619        10.13507        386.8158      -0.1557533E-03
   12 s    1    112.1270        4.201592        238.0050        1.008294        219.5852       0.1859828E-04
   12 s    2    67.95490        4.243980        235.6279        3.036582        236.7284      -0.1537990E-03
   12 s    3    51.58418        4.510214        221.7190        18.84854        151.5266      -0.1140652E-02
   12 s    4    44.92195        5.049911        198.0233        22.57814        81.26054      -0.2936213E-04
   12 s    5    39.57024        5.436806        183.9315        4.062559        250.4896      -0.1027055E-04
   12 s    6    34.42423        5.589721        178.8998        8.859846        392.4735       0.1250402E-04
   12 s    7    31.23667        5.852461        170.8683        11.30548        617.1169      -0.2193068E-03
   12 s    8    28.87811        6.131973        163.0796        10.93593        609.9547      -0.3234814E-03
   12 s    9    27.25194        6.467457        154.6203        21.28375        84.48571      -0.3940241E-02
   12 s   10    26.54682        6.963287        143.6103        10.36149        376.8720      -0.9408305E-03
   12 s   11    25.19105        7.236967        138.1794        11.51870        462.2995      -0.9147351E-03
   12 s   12    24.11678        7.530812        132.7878        11.98037        502.8619      -0.7622023E-03
   12 s   13    23.22054        7.831025        127.6972        12.07112        501.6744      -0.5035330E-03
   12 s   14    22.45403        8.133450        122.9491        12.19811        491.1910      -0.2118976E-03
   12 s   15    21.80057        8.441354        118.4644        12.40920        507.7087      -0.7600264E-04
   12 s   16    21.21261        8.743605        114.3693        11.28236        487.2134      -0.2794730E-03
   12 s   17    20.54738        8.982701        111.3251        8.208582        347.3628      -0.9427827E-03
   12 s   18    19.84022        9.169184        109.0610        6.977047        298.5941      -0.9856167E-03
   12 s   19    19.16366        9.335242        107.1210        6.463097        278.1413      -0.9162695E-03
   12 s   20    18.53744        9.493275        105.3377        6.284615        268.2648      -0.8519061E-03
   12 s   21    17.96551        9.649181        103.6357        6.263453        263.1239      -0.7964242E-03
   12 s   22    17.44535        9.805613        101.9824        6.309734        260.1919      -0.7413531E-03
   12 s   23    16.97229        9.963702        100.3643        6.386636        258.3629      -0.6804454E-03
   12 s   24    16.54321        10.12508        98.76465        6.494441        257.2664      -0.6069140E-03
   12 s   25    16.15214        10.28923        97.18902        6.691995        257.8330      -0.5242071E-03
   12 s   26    15.80204        10.46096        95.59353        7.136109        263.0463      -0.4193243E-03
   13 s    1    122.1193        4.576020        218.5305        15.49112        730.6341       0.4842705E-03
   13 s    2    78.85752        4.924880        203.0506        13.02772        849.1974       0.2047373E-02
   13 s    3    59.96603        5.243073        190.7279        12.31456        832.0886      -0.4899001E-03
   13 s    4    47.65927        5.357626        186.6498        2.542343        234.8582      -0.1130467E-07
   13 s    5    40.93328        5.624084        177.8067        23.00318        81.84765      -0.2396405E-03
   13 s    6    37.83188        6.143047        162.7857        13.27870        272.4870      -0.7531187E-03
   13 s    7    34.04225        6.378110        156.7862        7.494148        337.3032      -0.8806731E-04
   13 s    8    30.84199        6.548982        152.6955        6.763890        289.4059      -0.2637425E-03
   13 s    9    28.36764        6.732235        148.5391        8.238713        310.6325      -0.6481726E-03
   13 s   10    26.67421        6.996703        142.9245        20.93286        84.61059      -0.4045929E-02
   13 s   11    26.17179        7.518717        133.0014        20.74806        84.13785      -0.4144220E-02
   13 s   12    25.50545        7.964446        125.5580        5.880930        254.4996      -0.3807127E-03
   13 s   13    24.10099        8.127953        123.0322        7.335361        278.1167      -0.6426820E-03
   13 s   14    23.00134        8.331701        120.0235        8.993857        321.1885      -0.1071049E-02
   13 s   15    22.12764        8.567997        116.7134        9.843532        354.6678      -0.1444345E-02
   13 s   16    21.39212        8.817596        113.4096        10.54246        364.6187      -0.1353963E-02
   13 s   17    20.83196        9.107111        109.8043        12.36154        454.5791      -0.6194175E-03
   13 s   18    20.37767        9.417569        106.1845        12.38675        489.3325      -0.4602523E-03
   13 s   19    19.95629        9.721360        102.8663        11.90069        485.6041      -0.4730640E-03
   13 s   20    19.55164        10.01266        99.87355        11.00232        455.8338      -0.5673398E-03
   13 s   21    19.12361        10.27119        97.35969        9.669342        403.3098      -0.7233356E-03
   13 s   22    18.66957        10.49372        95.29514        8.235645        349.0404      -0.8505431E-03
   13 s   23    18.20147        10.68530        93.58651        7.247953        313.3369      -0.8826533E-03
   13 s   24    17.74135        10.85839        92.09470        6.719761        293.3827      -0.8540244E-03
   13 s   25    17.30232        11.02192        90.72833        6.447557        281.6833      -0.8027836E-03
   13 s   26    16.88890        11.18046        89.44174        6.300499        274.1393      -0.7434435E-03
   14 s    1    133.3795        4.997960        200.0817        24.47816        91.35129      -0.6855291E-04
   14 s    2    84.41456        5.271933        189.6837        1.129789        224.4971       0.1050578E-04
   14 s    3    60.71896        5.308904        188.3628        2.118576        227.7364      -0.6226865E-05
   14 s    4    49.49510        5.564002        179.7268        12.69999        736.4252      -0.2200834E-02
   14 s    5    42.79675        5.880118        170.0646        12.59071        565.7108      -0.1785715E-02
   14 s    6    38.38192        6.232360        160.4529        20.33364        92.90737      -0.2398634E-03
   14 s    7    36.19141        6.780774        147.4758        19.64158        106.8444      -0.7193774E-03
   14 s    8    33.60936        7.136606        140.1226        13.62056        552.6159      -0.5351976E-03
   14 s    9    31.46670        7.467709        133.9099        12.42594        504.4598      -0.5008672E-03
   14 s   10    29.34622        7.697576        129.9110        6.132875        271.4963      -0.3175418E-03
   14 s   11    27.25317        7.829381        127.7240        5.092122        247.3140      -0.2717364E-03
   14 s   12    25.73158        8.035058        124.4546        20.53226        84.02566      -0.4168085E-02
   14 s   13    25.34192        8.546450        117.0076        20.35236        83.93003      -0.4156801E-02
   14 s   14    24.92851        9.029772        110.7448        6.849298        287.6691      -0.5843826E-03
   14 s   15    23.76357        9.201442        108.6786        7.199819        284.8152      -0.7081173E-03
   14 s   16    22.79527        9.395962        106.4287        8.514401        313.3899      -0.1019479E-02
   14 s   17    22.01436        9.624023        103.9067        9.745040        355.8703      -0.1404381E-02
   14 s   18    21.36170        9.872338        101.2931        10.09146        378.0434      -0.1625894E-02
   14 s   19    20.77863        10.12195        98.79522        9.561952        361.9150      -0.1511046E-02
   14 s   20    20.21403        10.35188        96.60082        9.029161        337.9130      -0.1132561E-02
   14 s   21    19.69291        10.57696        94.54510        9.177470        334.4625      -0.6930163E-03
   14 s   22    19.23739        10.81287        92.48236        9.737412        351.0379      -0.3609096E-03
   14 s   23    18.84083        11.06064        90.41064        10.03133        368.4065      -0.1937187E-03
   14 s   24    18.48046        11.31075        88.41149        9.932087        375.5552      -0.1345645E-03
   14 s   25    18.13882        11.55478        86.54424        9.560514        373.0353      -0.1354967E-03
   14 s   26    17.80468        11.78671        84.84134        8.965565        361.8555      -0.1909369E-03
   15 s    1    140.1001        5.249794        190.4837       0.7774982        225.4393      -0.6501249E-04
   15 s    2    89.64950        5.598871        178.6075        23.32760        96.84425      -0.3913543E-03
   15 s    3    69.72702        6.096515        164.0281        13.07706        575.4617       0.1937911E-02
   15 s    4    56.21337        6.319238        158.2469        5.540049        291.0488       0.5806289E-03
   15 s    5    46.84451        6.436265        155.3696        4.701129        245.7580      -0.4256252E-03
   15 s    6    40.54067        6.582893        151.9089        7.565029        277.7307      -0.8284588E-03
   15 s    7    36.49653        6.837941        146.2428        14.88991        180.2626      -0.5178103E-03
   15 s    8    34.71210        7.370762        135.6712        22.55833        80.69792      -0.6301173E-03
   15 s    9    32.45685        7.702691        129.8248        5.394502        278.7131      -0.5586045E-04
   15 s   10    30.20501        7.922838        126.2174        12.22660        555.2479      -0.4157878E-03
   15 s   11    28.72257        8.251515        121.1899        13.52472        691.4889      -0.6467053E-03
   15 s   12    27.46413        8.576071        116.6035        12.23282        566.8580      -0.7111427E-03
   15 s   13    26.21487        8.840848        113.1113        8.850148        364.7470      -0.6443306E-03
   15 s   14    24.99465        9.053730        110.4517        20.20070        83.86246      -0.4117949E-02
   15 s   15    24.68337        9.557595        104.6288        20.07707        83.80805      -0.4061280E-02
   15 s   16    24.29281        10.01323        99.86788        9.686791        395.9263      -0.8231924E-05
   15 s   17    23.38823        10.22464        97.80297        7.650772        320.4644      -0.2329482E-03
   15 s   18    22.53581        10.41496        96.01575        7.850863        318.3370      -0.5808148E-03
   15 s   19    21.80533        10.62208        94.14348        8.824813        346.8953      -0.1042735E-02
   15 s   20    21.18883        10.85109        92.15662        9.485957        378.3156      -0.1485827E-02
   15 s   21    20.63894        11.08507        90.21143        9.219085        378.9165      -0.1667777E-02
   15 s   22    20.10898        11.30277        88.47387        8.288477        350.5063      -0.1553326E-02
   15 s   23    19.58328        11.49651        86.98294        7.381048        320.9271      -0.1319930E-02
   15 s   24    19.07139        11.67242        85.67204        6.860742        301.8641      -0.1110337E-02
   15 s   25    18.58769        11.84072        84.45430        6.745008        292.3996      -0.9479420E-03
   15 s   26    18.14335        12.01091        83.25763        6.991914        291.0965      -0.7979737E-03
   16 s    1    143.0032        5.358577        186.6167        17.48356        607.1293      -0.4998360E-02
   16 s    2    92.37576        5.769133        173.3363        15.27545        415.1038      -0.9401353E-03
   16 s    3    70.68346        6.180141        161.8086        20.45378        85.68379       0.6534689E-04
   16 s    4    58.66635        6.594989        151.6303        10.93402        405.8545       0.1386381E-02
   16 s    5    50.22526        6.900768        144.9114        12.92106        667.4460       0.5142676E-03
   16 s    6    44.51028        7.227468        138.3610        13.11561        835.5677      -0.7250186E-03
   16 s    7    40.08146        7.509608        133.1627        5.951845        353.3229      -0.3110513E-03
   16 s    8    35.79749        7.601232        131.5576        3.332396        249.9124      -0.6052345E-06
   16 s    9    33.43968        7.935937        126.0091        22.51449        80.70117      -0.7896815E-03
   16 s   10    32.40315        8.499414        117.6552        22.40241        81.79809      -0.9196880E-03
   16 s   11    30.70455        8.820903        113.3671        6.664759        288.6869      -0.1561992E-03
   16 s   12    28.71841        8.967738        111.5108        6.234363        256.1802      -0.4407695E-07
   16 s   13    27.17119        9.163365        109.1302        9.668069        332.2848      -0.5535355E-04
   16 s   14    26.05752        9.438732        105.9464        11.87236        443.9091      -0.1077179E-03
   16 s   15    25.14692        9.737085        102.7001        11.72548        471.4656      -0.5189027E-04
   16 s   16    24.40299        10.05865        99.41697        19.97280        83.77895      -0.3992020E-02
   16 s   17    23.81557        10.41146        96.04804        10.67886        415.8444      -0.4228979E-03
   16 s   18    23.11810        10.68406        93.59737        11.02946        453.4820      -0.3368292E-03
   16 s   19    22.49744        10.95924        91.24724        11.00943        468.3512      -0.3562993E-03
   16 s   20    21.93663        11.23405        89.01512        11.03998        481.4946      -0.4838035E-03
   16 s   21    21.43294        11.51152        86.86948        11.25013        501.7880      -0.7469151E-03
   16 s   22    20.98610        11.79578        84.77608        11.57813        528.1735      -0.1101742E-02
   16 s   23    20.58808        12.08638        82.73776        11.72875        541.3225      -0.1414169E-02
   16 s   24    20.21839        12.37443        80.81181        11.31544        511.7639      -0.1683369E-02
   16 s   25    19.83885        12.63773        79.12812        9.667864        411.8729      -0.1893361E-02
   16 s   26    19.41185        12.85066        77.81703        7.627662        324.3652      -0.1557147E-02
   17 s    1    165.5820        6.204644        161.1696        14.80702        638.9287       0.3767752E-03
   17 s    2    101.4618        6.336583        157.8138        1.902109        215.2681      -0.3100937E-03
   17 s    3    73.25563        6.405036        156.1271        4.265768        234.7854       0.8791182E-04
   17 s    4    59.57532        6.697171        149.3168        20.35031        82.91709       0.1029435E-04
   17 s    5    52.46240        7.208143        138.7320        20.55764        80.89434      -0.4900991E-04
   17 s    6    46.12576        7.489786        133.5152        2.369897        229.9524       0.8911031E-05
   17 s    7    40.56826        7.600814        131.5649        10.12923        379.5309      -0.1067012E-02
   17 s    8    37.29271        7.918728        126.2829        13.51438        731.9276      -0.1439485E-02
   17 s    9    34.77953        8.253912        121.1547        13.37275        746.1235      -0.1201306E-02
   17 s   10    32.69541        8.576076        116.6034        12.37128        579.6237      -0.8392023E-03
   17 s   11    31.19294        8.961212        111.5921        10.10178        406.6898      -0.7596389E-03
   17 s   12    29.59539        9.241588        108.2065        11.61493        558.0189      -0.8145314E-03
   17 s   13    28.22799        9.519765        105.0446        10.62737        485.1384      -0.7531071E-03
   17 s   14    26.95028        9.762113        102.4368        8.840316        377.6156      -0.6604581E-03
   17 s   15    25.73269        9.963900        100.3623        7.648656        319.0475      -0.5939859E-03
   17 s   16    24.66195        10.16539        98.37303        8.765053        336.0823      -0.5753021E-03
   17 s   17    24.14920        10.55731        94.72107        19.88452        83.76928      -0.3915712E-02
   17 s   18    23.91848        11.05396        90.46534        19.80818        83.77599      -0.3836268E-02
   17 s   19    23.45579        11.42608        87.51908        6.133949        282.9320      -0.3592051E-03
   17 s   20    22.62614        11.58716        86.30244        6.879105        292.4889      -0.4475109E-03
   17 s   21    21.91860        11.77237        84.94468        8.026940        315.6417      -0.6177654E-03
   17 s   22    21.32697        11.98738        83.42108        9.205298        349.0647      -0.8264176E-03
   17 s   23    20.82859        12.22757        81.78239        10.00473        380.1055      -0.9685003E-03
   17 s   24    20.39322        12.48143        80.11901        10.33519        395.2445      -0.8045168E-03
   17 s   25    20.00694        12.74481        78.46330        10.89271        420.3020      -0.2559453E-03
   17 s   26    19.67714        13.02628        76.76789        11.54578        460.2174      -0.3558134E-04
   18 s    1    169.0944        6.336262        157.8218        3.060466        224.0566       0.8049967E-04
   18 s    2    106.3945        6.644644        150.4971        15.32062        742.5480      -0.2603531E-02
   18 s    3    80.19597        7.011858        142.6156        14.09523        920.7987      -0.2490653E-02
   18 s    4    65.16223        7.325225        136.5146        9.168482        533.0473       0.3957649E-04
   18 s    5    54.12543        7.436637        134.4694        2.307809        244.6920       0.1529942E-03
   18 s    6    47.64545        7.736550        129.2566        21.45347        80.40781      -0.3026091E-04
   18 s    7    44.18789        8.278985        120.7878        21.03315        91.47664       0.6293296E-04
   18 s    8    40.54772        8.609896        116.1454        6.272003        280.5086      -0.2648762E-03
   18 s    9    36.69791        8.709184        114.8213        3.203411        220.6373      -0.1555218E-03
   18 s   10    33.53514        8.796340        113.6836        4.156794        229.9460      -0.2261771E-03
   18 s   11    31.55169        9.064274        110.3232        22.44371        81.27338      -0.9826473E-03
   18 s   12    30.83101        9.627429        103.8699        22.46757        81.57364      -0.1075060E-02
   18 s   13    29.87355        10.07472        99.25832        7.150944        288.2897      -0.4505953E-03
   18 s   14    28.38382        10.28138        97.26322        9.604944        356.2097      -0.5735513E-03
   18 s   15    27.24563        10.54972        94.78921        11.77102        456.6353      -0.7510556E-03
   18 s   16    26.32142        10.84940        92.17097        11.81711        478.8444      -0.8313814E-03
   18 s   17    25.39853        11.10348        90.06185        8.218000        346.9262      -0.6023716E-03
   18 s   18    24.39750        11.27534        88.68913        6.142517        290.1525      -0.3802876E-03
   18 s   19    23.70779        11.54883        86.58882        19.74058        83.79597      -0.3756466E-02
   18 s   20    23.51457        12.04213        83.04178        19.67929        83.82614      -0.3678195E-02
   18 s   21    23.29247        12.51027        79.93435        6.946584        311.7282      -0.5002070E-03
   18 s   22    22.53897        12.66861        78.93525        6.030007        285.7651      -0.5118859E-03
   18 s   23    21.83695        12.81954        78.00593        6.235752        286.3651      -0.6872641E-03
   18 s   24    21.21585        12.98492        77.01244        7.189089        307.2562      -0.1098085E-02
   18 s   25    20.69183        13.18110        75.86621        8.674197        353.8041      -0.1774896E-02
   18 s   26    20.26086        13.41270        74.55620        9.915454        411.3359      -0.2445128E-02
   19 s    1    174.3399        6.532818        153.0733        25.99148        87.11355      -0.2753007E-04
   19 s    2    114.5789        7.155780        139.7472        24.59998        89.28670      -0.5428753E-04
   19 s    3    84.83760        7.417695        134.8128        1.384935        216.1719      -0.1579010E-03
   19 s    4    66.59790        7.486616        133.5717        6.001840        262.1107      -0.2157520E-03
   19 s    5    56.40588        7.749962        129.0329        12.56301        585.8179       0.1093233E-02
   19 s    6    49.67357        8.065871        123.9792        12.60940        620.4218       0.1018371E-02
   19 s    7    44.74055        8.382529        119.2957        13.26491        302.5913       0.1375572E-03
   19 s    8    41.24732        8.758448        114.1755        9.775200        331.6102      -0.1793915E-03
   19 s    9    38.16617        9.057632        110.4041        13.14780        741.5548      -0.9905452E-03
   19 s   10    35.80267        9.391118        106.4836        13.46881        744.6914      -0.1416035E-02
   19 s   11    33.77876        9.704072        103.0495        10.92967        453.5602      -0.1307460E-02
   19 s   12    31.73376        9.909324        100.9151        6.507320        278.9075      -0.5924721E-03
   19 s   13    30.21531        10.18998        98.13560        22.40839        82.05261      -0.1155763E-02
   19 s   14    29.67836        10.75030        93.02068        22.29579        82.55469      -0.1240549E-02
   19 s   15    28.36774        10.98422        91.03973        6.491707        325.4884      -0.2963022E-04
   19 s   16    27.04288        11.14678        89.71202        7.093038        316.1871      -0.2410610E-04
   19 s   17    26.01248        11.37188        87.93619        11.28381        428.4776      -0.3219996E-03
   19 s   18    25.29226        11.68885        85.55160        13.49279        557.8978      -0.5922869E-03
   19 s   19    24.67637        12.02066        83.19007        12.75874        533.6513      -0.6556033E-03
   19 s   20    24.02898        12.30557        81.26403        9.813395        401.6386      -0.5999688E-03
   19 s   21    23.33662        12.53398        79.78313        19.62252        83.86371      -0.3602651E-02
   19 s   22    23.17208        13.02447        76.77854        19.56899        83.90619      -0.3530514E-02
   19 s   23    22.99026        13.49660        74.09275        11.46363        475.7621      -0.3283553E-05
   19 s   24    22.46544        13.74971        72.72880        7.643781        324.2181      -0.2099204E-03
   19 s   25    21.83947        13.91217        71.87951        6.150739        284.1845      -0.4830104E-03
   19 s   26    21.25182        14.06872        71.07967        6.542160        291.9353      -0.7318223E-03
   20 s    1    188.5017        7.063487        141.5731        16.27375        886.6768      -0.1867716E-02
   20 s    2    118.2227        7.383347        135.4399        3.179812        246.2123      -0.1227853E-05
   20 s    3    88.90694        7.773493        128.6423        23.01442        111.4572      -0.1947204E-03
   20 s    4    72.93548        8.199057        121.9652        14.01279        772.7908      -0.1822644E-02
   20 s    5    62.02546        8.522073        117.3423        8.202508        339.0765      -0.3073361E-03
   20 s    6    52.88074        8.586644        116.4599        1.732827        211.5107       0.3124764E-04
   20 s    7    46.10621        8.638398        115.7622        2.664807        223.5331       0.4643306E-04
   20 s    8    41.76940        8.869307        112.7484        21.89363        83.48912      -0.1719313E-03
   20 s    9    39.73217        9.429278        106.0527        22.33292        79.91513      -0.2020946E-03
   20 s   10    37.37595        9.803790        102.0014        3.853067        242.4567      -0.3150814E-04
   20 s   11    34.57961        9.934143        100.6629        7.408151        322.8723      -0.3329454E-03
   20 s   12    32.66816        10.20111        98.02858        12.67447        657.2732      -0.1010179E-02
   20 s   13    31.19499        10.52037        95.05365        12.45638        687.7513      -0.8714987E-03
   20 s   14    29.80112        10.79476        92.63753        9.218783        451.6773      -0.3329624E-03
   20 s   15    29.20156        11.30708        88.44019        22.12592        83.03496      -0.1329363E-02
   20 s   16    28.22028        11.63209        85.96907        11.79767        550.7443      -0.8152055E-03
   20 s   17    27.26957        11.92145        83.88244        11.39967        536.5205      -0.6420024E-03
   20 s   18    26.38449        12.19363        82.01003        10.28791        456.0520      -0.4309883E-03
   20 s   19    25.51130        12.42739        80.46745        8.585475        353.0898      -0.1272063E-03
   20 s   20    24.69588        12.64710        79.06952        9.534533        359.2747      -0.4329456E-06
   20 s   21    24.03950        12.91149        77.45040        11.39830        435.0768      -0.2426088E-04
   20 s   22    23.49146        13.20399        75.73470        11.82351        478.1842      -0.2647932E-04
   20 s   23    23.01936        13.51368        73.99909        19.51786        83.95150      -0.3462090E-02
   20 s   24    22.57493        13.81672        72.37608        9.963914        404.3580      -0.3148861E-03
   20 s   25    22.11802        14.08961        70.97430        11.21644        475.5308      -0.1179407E-03
   20 s   26    21.70474        14.36855        69.59645        11.06879        468.8010      -0.1056459E-03
