    0 s    2    5.037836       0.3146274        3178.363        6.415117        486.1476       0.5889606E-02
    0 s    3    5.473946       0.4786092        2089.387        6.870179        398.4041       0.2139220E-02
    0 s    4    5.898895       0.6631255        1508.010        7.720335        360.7787       0.1078380E-02
    0 s    5    6.278556       0.8626508        1159.218        8.103387        347.2519       0.2239321E-03
    0 s    6    6.567085        1.066347        937.7811        8.090112        342.0552      -0.4074353E-03
    0 s    7    6.751921        1.265031        790.4946        7.722180        339.8490      -0.7191956E-03
    0 s    8    6.830140        1.450311        689.5074        7.048475        338.9576      -0.6867590E-03
    0 s    9    6.812825        1.616826        618.4956        6.275261        338.4464      -0.4501450E-03
    0 s   10    6.730522        1.765430        566.4341        5.644345        336.7224      -0.2264483E-03
    0 s   11    6.616087        1.900691        526.1244        5.200714        332.2823      -0.9736598E-04
    0 s   12    6.489671        2.026494        493.4632        4.875131        324.5473      -0.3826755E-04
    0 s   13    6.360324        2.144991        466.2023        4.609345        313.7615      -0.1418300E-04
    0 s   14    6.231726        2.257298        443.0075        4.377250        300.7148      -0.5027089E-05
    0 s   15    6.105614        2.364142        422.9864        4.171740        286.4503      -0.1717451E-05
    0 s   16    5.983138        2.466184        405.4847        3.992944        271.9715      -0.5688850E-06
    0 s   17    5.865240        2.564108        389.9991        3.842111        258.0445      -0.1834694E-06
    0 s   18    5.752701        2.658619        376.1352        3.719324        245.1409      -0.5770791E-07
    0 s   19    5.646103        2.750401        363.5834        3.623152        233.4782      -0.1756859E-07
    0 s   20    5.545820        2.840090        352.1015        3.551052        223.0980      -0.5164198E-08
    0 s   21    5.452018        2.928251        341.5008        3.499912        213.9392      -0.1527920E-08
    0 s   22    5.364694        3.015366        331.6348        3.466491        205.8908      -0.3767582E-09
    0 s   23    5.283708        3.101838        322.3895        3.447696        198.8250      -0.1873028E-09
    0 s   24    5.208823        3.187999        313.6764        3.440732        192.6153      -0.1734092E-09
    0 s   25    5.139737        3.274113        305.4263        3.443160        187.1452      -0.1289870E-09
    0 s   26    5.076108        3.360386        297.5848        3.452902        182.3114      -0.1137862E-09
    1 s    2    10.92006       0.6819890        1466.299        10.86841        303.3742       0.1406430E-02
    1 s    3    10.76711       0.9414123        1062.234        9.831598        277.6606       0.2182586E-03
    1 s    4    10.43485        1.173035        852.4892        8.637147        266.0318       0.2069902E-03
    1 s    5    9.971896        1.370102        729.8725        7.014899        282.5271       0.3980852E-03
    1 s    6    9.400770        1.526474        655.1046        5.678322        329.5074       0.4138179E-03
    1 s    7    8.899310        1.667363        599.7495        5.739450        355.4835      -0.1800491E-03
    1 s    8    8.571949        1.820166        549.4004        6.513183        360.6851      -0.1163652E-02
    1 s    9    8.404852        1.994648        501.3417        7.404515        355.2555      -0.2240182E-02
    1 s   10    8.343772        2.188589        456.9153        8.042093        340.1120      -0.3103598E-02
    1 s   11    8.331432        2.393481        417.8015        8.274426        307.8474      -0.3492398E-02
    1 s   12    8.317408        2.597231        385.0255        7.903773        246.4475      -0.2904970E-02
    1 s   13    8.252151        2.783002        359.3243        6.938824        187.7222      -0.1312143E-02
    1 s   14    8.138497        2.947981        339.2152        6.344742        167.0378      -0.4150856E-03
    1 s   15    8.015652        3.103724        322.1936        6.138161        161.7119      -0.1402343E-03
    1 s   16    7.900143        3.256353        307.0921        6.070049        160.5435      -0.5246461E-04
    1 s   17    7.795584        3.407997        293.4275        6.050977        160.8555      -0.2092477E-04
    1 s   18    7.701847        3.559419        280.9447        6.048993        161.8347      -0.8648974E-05
    1 s   19    7.617752        3.710855        269.4797        6.050691        163.1365      -0.3642611E-05
    1 s   20    7.541897        3.862309        258.9125        6.050062        164.5757      -0.1547386E-05
    1 s   21    7.472958        4.013687        249.1475        6.044557        166.0402      -0.6588730E-06
    1 s   22    7.409770        4.164854        240.1045        6.033350        167.4581      -0.2800877E-06
    1 s   23    7.351356        4.315666        231.7139        6.016476        168.7831      -0.1185813E-06
    1 s   24    7.296908        4.465987        223.9147        5.994370        169.9857      -0.4994804E-07
    1 s   25    7.245765        4.615693        216.6522        5.967628        171.0472      -0.2095703E-07
    1 s   26    7.197390        4.764677        209.8778        5.936875        171.9568      -0.8805074E-08
    2 s    1    10.87893       0.4076523        2453.071        12.89636        383.4207      -0.2177028E-04
    2 s    2    14.94643       0.9334479        1071.297        18.75876        96.66555       0.8036231E-01
    2 s    3    14.23779        1.244868        803.2982        6.094984        395.4074       0.4037269E-02
    2 s    4    12.29372        1.382001        723.5882        5.118641        367.4383       0.1317295E-02
    2 s    5    11.03516        1.516190        659.5478        5.778248        296.8183       0.8762553E-03
    2 s    6    10.32496        1.676541        596.4661        6.888905        235.6181       0.3265917E-03
    2 s    7    9.891841        1.853322        539.5716        7.112696        208.7415       0.5958204E-04
    2 s    8    9.558906        2.029737        492.6748        6.956233        195.3142      -0.8616199E-04
    2 s    9    9.275184        2.201196        454.2985        6.746145        187.4843      -0.2355325E-03
    2 s   10    9.027571        2.367951        422.3060        6.596610        184.3202      -0.4766074E-03
    2 s   11    8.816362        2.532793        394.8210        6.623903        189.1529      -0.1001442E-02
    2 s   12    8.656646        2.703163        369.9370        7.114182        217.5282      -0.2350885E-02
    2 s   13    8.579682        2.893460        345.6070        8.136794        294.2729      -0.4598746E-02
    2 s   14    8.573353        3.105498        322.0096        8.765654        361.5570      -0.6074682E-02
    2 s   15    8.593215        3.327361        300.5385        8.997369        390.3988      -0.6871785E-02
    2 s   16    8.619228        3.552752        281.4720        9.083694        402.6850      -0.7434009E-02
    2 s   17    8.645068        3.779366        264.5946        9.112787        409.0191      -0.7897107E-02
    2 s   18    8.668646        4.006227        249.6114        9.114857        412.8073      -0.8300398E-02
    2 s   19    8.689302        4.232842        236.2479        9.102079        415.0695      -0.8654881E-02
    2 s   20    8.706892        4.458918        224.2696        9.078711        415.6713      -0.8954967E-02
    2 s   21    8.721289        4.684160        213.4855        9.037376        411.9810      -0.9146401E-02
    2 s   22    8.730381        4.907138        203.7848        8.814843        370.8032      -0.8472720E-02
    2 s   23    8.687549        5.100088        196.0751        6.763267        192.9947      -0.5260970E-03
    2 s   24    8.604423        5.266237        189.8889        6.583042        184.5993      -0.4418926E-04
    2 s   25    8.524587        5.430328        184.1509        6.534034        181.4680      -0.8927264E-05
    2 s   26    8.449097        5.593307        178.7851        6.490385        178.7491      -0.2435808E-05
    3 s    1    25.11147       0.9409703        1062.733        6.209209        785.7834      -0.1509793E-03
    3 s    2    17.75686        1.108967        901.7399        7.051403        355.5071       0.2707739E-02
    3 s    3    16.13137        1.410431        709.0031        15.88031        91.26099       0.7543783E-01
    3 s    4    16.21865        1.823223        548.4793        15.28028        89.65024       0.7945039E-01
    3 s    5    16.16645        2.221211        450.2048        14.76285        89.29954       0.8053419E-01
    3 s    6    15.69496        2.548509        392.3864        5.410729        258.5541       0.4938277E-03
    3 s    7    14.30957        2.681022        372.9922        5.180785        253.9835       0.3082567E-03
    3 s    8    13.22947        2.809143        355.9805        5.073886        248.8991       0.1940281E-03
    3 s    9    12.37322        2.936426        340.5501        5.118405        244.0799       0.7147211E-04
    3 s   10    11.69009        3.066336        326.1221        5.279240        239.3390      -0.3088619E-04
    3 s   11    11.14272        3.201117        312.3909        5.501370        234.5442      -0.1028643E-03
    3 s   12    10.70151        3.341701        299.2488        5.737922        229.6905      -0.1455235E-03
    3 s   13    10.34272        3.488036        286.6943        5.957952        224.8556      -0.1649535E-03
    3 s   14    10.04755        3.639490        274.7638        6.145525        220.1401      -0.1685117E-03
    3 s   15    9.801386        3.795174        263.4925        6.295663        215.6265      -0.1629029E-03
    3 s   16    9.593081        3.954163        252.8980        6.409913        211.3653      -0.1535132E-03
    3 s   17    9.414214        4.115614        242.9771        6.492896        207.3796      -0.1445511E-03
    3 s   18    9.258468        4.278814        233.7096        6.550183        203.6796      -0.1398138E-03
    3 s   19    9.121109        4.443189        225.0636        6.587408        200.2876      -0.1445649E-03
    3 s   20    8.998607        4.608310        216.9993        6.610875        197.3076      -0.1719096E-03
    3 s   21    8.888493        4.773964        209.4695        6.634789        195.3274      -0.2806096E-03
    3 s   22    8.790998        4.941209        202.3796        6.826682        203.0841      -0.1234692E-02
    3 s   23    8.751337        5.137535        194.6459        8.838328        397.8647      -0.9427823E-02
    3 s   24    8.756810        5.359503        186.5845        8.970992        425.0636      -0.1013582E-01
    3 s   25    8.762997        5.582200        179.1409        8.965816        428.2226      -0.1038079E-01
    3 s   26    8.768173        5.804536        172.2791        8.949711        429.4063      -0.1057909E-01
    4 s    1    37.66924        1.411532        708.4502        11.68355        353.6738       0.1633499E-05
    4 s    2    27.56164        1.721304        580.9549        12.81157        423.9288       0.3890401E-04
    4 s    3    23.39759        2.045746        488.8193        12.98585        430.0876       0.4187865E-04
    4 s    4    20.24174        2.275480        439.4678        5.319828        258.8075       0.2096599E-03
    4 s    5    17.55186        2.411561        414.6691        5.505382        262.5814       0.3487767E-03
    4 s    6    16.07050        2.609487        383.2171        14.42983        89.01037       0.8088788E-01
    4 s    7    15.96588        2.991346        334.2977        14.25634        88.68643       0.8096916E-01
    4 s    8    15.86815        3.369441        296.7851        14.13523        88.48413       0.8053910E-01
    4 s    9    15.53899        3.687728        271.1697        6.601066        332.8340       0.1618497E-03
    4 s   10    14.65725        3.844628        260.1032        6.030853        299.1344       0.1270430E-03
    4 s   11    13.89731        3.992464        250.4719        5.824022        282.2260       0.6102056E-04
    4 s   12    13.24966        4.137396        241.6979        5.783719        272.4165      -0.7152685E-05
    4 s   13    12.69868        4.282574        233.5044        5.837062        266.2618      -0.6258047E-04
    4 s   14    12.22934        4.429795        225.7441        5.942617        262.2272      -0.1000920E-03
    4 s   15    11.82825        4.579992        218.3410        6.071485        259.4850      -0.1199858E-03
    4 s   16    11.48377        4.733482        211.2609        6.203367        257.5361      -0.1252195E-03
    4 s   17    11.18595        4.890165        204.4921        6.324836        256.0609      -0.1197115E-03
    4 s   18    10.92644        5.049671        198.0327        6.427851        254.8494      -0.1073663E-03
    4 s   19    10.69829        5.211483        191.8840        6.508411        253.7629      -0.9154795E-04
    4 s   20    10.49576        5.375021        186.0458        6.565428        252.7117      -0.7484456E-04
    4 s   21    10.31420        5.539703        180.5151        6.599820        251.6407      -0.5902570E-04
    4 s   22    10.14985        5.704989        175.2852        6.613836        250.5199      -0.4512486E-04
    4 s   23    9.999719        5.870407        170.3459        6.610545        249.3377      -0.3358928E-04
    4 s   24    9.861418        6.035565        165.6846        6.593448        248.0947      -0.2445168E-04
    4 s   25    9.733085        6.200165        161.2860        6.566171        246.7989      -0.1749083E-04
    4 s   26    9.613275        6.363994        157.1340        6.532209        245.4608      -0.1236187E-04
    5 s    1    44.36364        1.662383        601.5463        26.56229        84.28920       0.5804623E-04
    5 s    2    33.28310        2.078626        481.0871        2.813819        293.7755       0.2052970E-03
    5 s    3    24.75334        2.164285        462.0464        4.215121        296.6375       0.1293451E-03
    5 s    4    21.17038        2.379873        420.1906        12.87535        563.3309       0.3007988E-05
    5 s    5    19.64766        2.699517        370.4366        12.54562        540.2345       0.7424161E-05
    5 s    6    18.49435        3.003066        332.9930        11.66953        534.5657       0.1476982E-04
    5 s    7    17.49677        3.278171        305.0482        10.20460        502.3298       0.4666496E-04
    5 s    8    16.51531        3.506858        285.1556        8.055127        407.6726       0.1225872E-03
    5 s    9    15.78048        3.745038        267.0200        14.05747        88.32047       0.7987729E-01
    5 s   10    15.70313        4.118964        242.7795        14.00723        88.18798       0.7909328E-01
    5 s   11    15.58989        4.478716        223.2783        10.01507        408.0267       0.3301513E-04
    5 s   12    15.12523        4.723072        211.7266        9.472221        406.1035       0.2494869E-04
    5 s   13    14.67590        4.949382        202.0454        8.579285        380.1589       0.1538361E-04
    5 s   14    14.22051        5.151050        194.1352        7.569684        340.5381      -0.4413992E-05
    5 s   15    13.76606        5.330328        187.6057        6.831183        308.1828      -0.3232414E-04
    5 s   16    13.33246        5.495494        181.9673        6.425009        287.9481      -0.5801770E-04
    5 s   17    12.93175        5.653376        176.8855        6.227775        275.6961      -0.7530622E-04
    5 s   18    12.56706        5.807883        172.1798        6.143244        267.9823      -0.8323244E-04
    5 s   19    12.23718        5.961128        167.7535        6.120580        262.9444      -0.8330187E-04
    5 s   20    11.93934        6.114301        163.5510        6.134043        259.5985      -0.7777839E-04
    5 s   21    11.67041        6.268118        159.5375        6.169928        257.3823      -0.6888712E-04
    5 s   22    11.42733        6.423030        155.6898        6.220138        255.9356      -0.5847033E-04
    5 s   23    11.20729        6.579322        151.9914        6.279006        254.9974      -0.4787951E-04
    5 s   24    11.00772        6.737147        148.4308        6.341686        254.3558      -0.3799484E-04
    5 s   25    10.82626        6.896541        145.0002        6.403395        253.8250      -0.2930608E-04
    5 s   26    10.66074        7.057418        141.6949        6.459144        253.2350      -0.2201278E-04
    6 s    1    52.86986        1.981125        504.7636        7.771629        562.6249      -0.4916812E-03
    6 s    2    37.36964        2.333842        428.4780        24.98286        84.50885       0.3929446E-03
    6 s    3    32.25191        2.819915        354.6206        12.88349        361.0392       0.1285348E-02
    6 s    4    27.40846        3.081127        324.5565        7.961720        334.5884       0.7813399E-03
    6 s    5    23.58973        3.241143        308.5332        5.455453        276.8637       0.3421578E-03
    6 s    6    20.80436        3.378160        296.0192        5.689897        266.2155       0.2466462E-03
    6 s    7    18.86616        3.534738        282.9064        6.942324        270.1883       0.2282074E-03
    6 s    8    17.57712        3.732322        267.9297        8.853817        302.7457       0.1577743E-03
    6 s    9    16.73182        3.970812        251.8377        10.00353        354.1371       0.8331844E-04
    6 s   10    16.10734        4.224990        236.6870        10.22468        390.3640       0.4793763E-04
    6 s   11    15.63526        4.491750        222.6304        13.97410        88.08257       0.7825772E-01
    6 s   12    15.57569        4.863734        205.6033        13.95198        87.99758       0.7742038E-01
    6 s   13    15.52322        5.235139        191.0169        13.93684        87.92925       0.7660932E-01
    6 s   14    15.04105        5.448269        183.5445        8.571904        297.5610       0.1659488E-04
    6 s   15    14.64265        5.669749        176.3747        9.069513        320.9171      -0.3796807E-05
    6 s   16    14.31024        5.898524        169.5339        9.171497        336.7295      -0.1583310E-04
    6 s   17    14.01301        6.126071        163.2368        8.991784        342.2048      -0.2612310E-04
    6 s   18    13.73289        6.346673        157.5629        8.631305        338.0680      -0.3749477E-04
    6 s   19    13.46027        6.556935        152.5103        8.180578        326.7654      -0.4992230E-04
    6 s   20    13.19199        6.755798        148.0210        7.734006        312.1383      -0.6105462E-04
    6 s   21    12.92935        6.944287        144.0033        7.356572        297.6831      -0.6788334E-04
    6 s   22    12.67509        7.124364        140.3634        7.058110        284.9892      -0.6885812E-04
    6 s   23    12.43102        7.297721        137.0291        6.813021        274.0937      -0.6440938E-04
    6 s   24    12.19745        7.465308        133.9529        6.591726        264.5328      -0.5616858E-04
    6 s   25    11.97369        7.627475        131.1050        6.377179        255.9566      -0.4609531E-04
    6 s   26    11.75881        7.784343        128.4630        6.168124        248.2890      -0.3591349E-04
    7 s    1    58.49589        2.191942        456.2164        8.719390        265.3360      -0.5412798E-03
    7 s    2    40.26106        2.514419        397.7061        14.41060        413.5321       0.2482381E-03
    7 s    3    34.03970        2.976228        335.9957        23.19283        86.68970       0.1078503E-02
    7 s    4    30.35663        3.412547        293.0363        8.785127        357.6722       0.4299576E-03
    7 s    5    26.77081        3.678212        271.8712        11.76280        488.2554       0.5962768E-03
    7 s    6    24.46937        3.973275        251.6816        11.32842        464.6993       0.5269831E-03
    7 s    7    22.56764        4.228243        236.5049        8.826345        367.3260       0.3929261E-03
    7 s    8    20.81835        4.420565        226.2154        6.779159        304.4104       0.2789303E-03
    7 s    9    19.30140        4.580627        218.3107        6.158320        280.0588       0.2225801E-03
    7 s   10    18.04991        4.734529        211.2142        6.185018        269.8454       0.1894310E-03
    7 s   11    17.03039        4.892545        204.3926        6.467790        265.2655       0.1515991E-03
    7 s   12    16.20489        5.060212        197.6202        6.972787        266.0946       0.1031352E-03
    7 s   13    15.54905        5.243848        190.6997        7.745788        276.3397       0.5337558E-04
    7 s   14    15.47680        5.606110        178.3768        13.92621        87.87343       0.7584112E-01
    7 s   15    15.43550        5.976747        167.3151        13.91847        87.82730       0.7512313E-01
    7 s   16    15.39856        6.347117        157.5518        13.91261        87.78846       0.7445769E-01
    7 s   17    15.04747        6.578307        152.0148        6.794847        247.6574      -0.2005236E-04
    7 s   18    14.61187        6.752894        148.0847        7.172836        252.1358      -0.4103071E-04
    7 s   19    14.24077        6.937144        144.1515        7.556088        258.8272      -0.5197759E-04
    7 s   20    13.92303        7.130173        140.2491        7.861359        266.5798      -0.5539688E-04
    7 s   21    13.64588        7.329130        136.4418        8.024016        273.4326      -0.5521325E-04
    7 s   22    13.39715        7.530215        132.7983        8.034733        277.7729      -0.5441583E-04
    7 s   23    13.16738        7.730005        129.3660        7.928698        279.0944      -0.5418719E-04
    7 s   24    12.95056        7.926242        126.1632        7.759903        277.8924      -0.5434421E-04
    7 s   25    12.74380        8.118050        123.1823        7.582662        275.2037      -0.5402172E-04
    7 s   26    12.54646        8.305761        120.3984        7.436765        272.0983      -0.5229177E-04
    8 s    1    77.34634        2.898302        345.0297        13.68486        941.6508      -0.5152141E-03
    8 s    2    51.25609        3.201091        312.3935        2.001901        239.3129      -0.1536531E-03
    8 s    3    37.34087        3.264863        306.2916        3.824472        273.4179       0.2864637E-04
    8 s    4    31.76008        3.570316        280.0873        23.28257        84.31432       0.2126605E-02
    8 s    5    30.16612        4.144714        241.2711        20.69939        107.3706       0.2711472E-02
    8 s    6    27.37756        4.445500        224.9466        8.825592        419.8716       0.5417880E-03
    8 s    7    24.93538        4.671859        214.0476        9.912793        401.9564       0.9085674E-04
    8 s    8    23.28399        4.944119        202.2605        11.54467        478.6909       0.4129533E-04
    8 s    9    22.03314        5.228927        191.2438        10.79614        492.2201       0.1014930E-03
    8 s   10    20.83963        5.466280        182.9398        8.096062        369.3821       0.2038749E-03
    8 s   11    19.65091        5.645378        177.1361        6.485458        292.2311       0.1996881E-03
    8 s   12    18.57621        5.800690        172.3933        6.020365        264.6021       0.1623383E-03
    8 s   13    17.64356        5.950215        168.0612        5.958335        253.0274       0.1250739E-03
    8 s   14    16.84113        6.100308        163.9261        6.050440        247.6760       0.8674082E-04
    8 s   15    16.15093        6.253769        159.9036        6.226733        245.4910       0.4743882E-04
    8 s   16    15.55718        6.412498        155.9455        6.474646        245.5160       0.1045659E-04
    8 s   17    15.36534        6.717270        148.8700        13.90799        87.75508       0.7384383E-01
    8 s   18    15.33533        7.087242        141.0986        13.90421        87.72582       0.7327883E-01
    8 s   19    15.30807        7.457061        134.1011        13.90101        87.69963       0.7275905E-01
    8 s   20    15.22856        7.798752        128.2256        6.088862        235.3698      -0.4228032E-04
    8 s   21    14.80489        7.951628        125.7604        6.145054        230.7132      -0.5658235E-04
    8 s   22    14.42263        8.106614        123.3561        6.259004        227.7307      -0.6387669E-04
    8 s   23    14.07904        8.265204        120.9892        6.431540        226.5294      -0.6519760E-04
    8 s   24    13.77149        8.428681        118.6425        6.644883        227.0303      -0.6213350E-04
    8 s   25    13.49671        8.597668        116.3106        6.865402        228.8853      -0.5646270E-04
    8 s   26    13.25056        8.771878        114.0007        7.056715        231.5321      -0.4979015E-04
    9 s    1    84.82743        3.178631        314.6009       0.5500410        232.2876       0.6598506E-06
    9 s    2    51.89139        3.240767        308.5689        12.90431        972.1253      -0.1591005E-02
    9 s    3    40.81846        3.568923        280.1966        12.95895        795.5558      -0.5585382E-03
    9 s    4    34.61177        3.890889        257.0107        12.71003        688.2987       0.6085840E-03
    9 s    5    30.62987        4.208433        237.6181        13.85112        228.8358       0.1358649E-02
    9 s    6    28.55355        4.636454        215.6821        10.29201        341.4682       0.1332439E-02
    9 s    7    26.22123        4.912775        203.5509        11.22671        448.8173       0.1661811E-02
    9 s    8    24.41526        5.184332        192.8889        10.18764        373.3808       0.1311968E-02
    9 s    9    22.87088        5.427740        184.2387        9.464047        305.9610       0.6937232E-03
    9 s   10    21.64713        5.678089        176.1156        10.67706        326.6406       0.2256674E-03
    9 s   11    20.73355        5.956402        167.8866        11.36792        384.7481       0.6249170E-04
    9 s   12    19.98443        6.240428        160.2454        11.28079        423.9379       0.2346434E-04
    9 s   13    19.32797        6.518272        153.4149        10.90051        445.8398       0.1618015E-04
    9 s   14    18.72188        6.781565        147.4586        10.01113        438.9776       0.2666426E-04
    9 s   15    18.09652        7.007117        142.7120        7.863565        349.3461       0.6162036E-04
    9 s   16    17.42695        7.183198        139.2138        6.501334        283.3621       0.6343150E-04
    9 s   17    16.79198        7.340954        136.2221        6.184026        261.0391       0.3682521E-04
    9 s   18    16.21639        7.494429        133.4324        6.101856        249.6054       0.6443253E-05
    9 s   19    15.69733        7.646681        130.7757        6.077851        241.5877      -0.2087544E-04
    9 s   20    15.28323        7.826751        127.7669        13.89821        87.67574       0.7228056E-01
    9 s   21    15.26049        8.196329        122.0058        13.89567        87.65355       0.7183941E-01
    9 s   22    15.23960        8.565812        116.7432        13.89330        87.63260       0.7143184E-01
    9 s   23    15.18779        8.916100        112.1567        6.912534        271.0091      -0.7429334E-04
    9 s   24    14.84979        9.088640        110.0275        6.904606        264.9146      -0.9256762E-04
    9 s   25    14.53921        9.261761        107.9708        6.946858        261.2957      -0.1038446E-03
    9 s   26    14.25378        9.436009        105.9770        6.989479        258.4696      -0.1079007E-03
   10 s    1    88.69906        3.323707        300.8688        21.67485        86.87521      -0.8021271E-04
   10 s    2    63.49928        3.965714        252.1614        26.17162        85.01162       0.1177164E-04
   10 s    3    48.98386        4.282857        233.4890        3.504799        265.3312      -0.2178789E-03
   10 s    4    38.73079        4.353930        229.6776        2.982334        241.0340      -0.7516978E-04
   10 s    5    32.40197        4.451913        224.6225        5.274683        258.9886       0.2124674E-03
   10 s    6    29.19319        4.740317        210.9564        22.12506        83.15334       0.3352013E-02
   10 s    7    28.29314        5.300966        188.6449        22.12729        81.42335       0.3870734E-02
   10 s    8    26.99057        5.731173        174.4843        8.713711        292.8579       0.1242996E-02
   10 s    9    25.17353        5.974207        167.3862        10.46828        349.3965       0.1733219E-02
   10 s   10    23.79258        6.240844        160.2347        10.20558        360.3639       0.1692887E-02
   10 s   11    22.51748        6.468896        154.5859        7.809775        303.2083       0.1050340E-02
   10 s   12    21.27481        6.643368        150.5261        6.327504        266.9842       0.5312291E-03
   10 s   13    20.15524        6.797265        147.1180        6.078877        252.8061       0.2947141E-03
   10 s   14    19.20201        6.955483        143.7715        6.729140        252.0120       0.1729934E-03
   10 s   15    18.45820        7.147161        139.9157        8.754871        291.7917       0.7468757E-04
   10 s   16    17.91744        7.385373        135.4028        9.997157        354.9034       0.2654252E-04
   10 s   17    17.47181        7.638153        130.9217        10.13042        384.8482       0.1347718E-04
   10 s   18    17.07051        7.889162        126.7562        9.904770        392.5470       0.8350715E-05
   10 s   19    16.69197        8.131199        122.9831        9.403611        381.6901       0.3850271E-05
   10 s   20    16.31762        8.356479        119.6676        8.563161        349.3715      -0.5472931E-05
   10 s   21    15.93490        8.558550        116.8422        7.632919        309.3639      -0.2483015E-04
   10 s   22    15.55237        8.741613        114.3954        7.087552        283.4643      -0.5040367E-04
   10 s   23    15.22035        8.935213        111.9167        13.89103        87.61254       0.7105439E-01
   10 s   24    15.20255        9.304546        107.4743        13.88878        87.59306       0.7070390E-01
   10 s   25    15.18607        9.673819        103.3718        13.88651        87.57391       0.7037751E-01
   10 s   26    14.96454        9.906536        100.9435        8.325115        325.9914      -0.3888458E-04
   11 s    1    99.08145        3.712754        269.3419        14.77861        736.1880       0.1342918E-02
   11 s    2    65.10415        4.065942        245.9454        13.14939        707.5390       0.1341444E-03
   11 s    3    51.04115        4.462734        224.0779        11.62900        475.0808      -0.3161727E-03
   11 s    4    42.44810        4.771811        209.5640        12.37271        661.9492      -0.4223307E-03
   11 s    5    36.91366        5.071802        197.1686        11.40434        577.6374      -0.3229935E-03
   11 s    6    32.83694        5.331980        187.5476        9.097602        378.6471       0.4721161E-04
   11 s    7    29.53583        5.533794        180.7079        7.462968        280.8652       0.6099081E-03
   11 s    8    27.57541        5.855358        170.7838        21.72892        81.31281       0.4122303E-02
   11 s    9    26.96481        6.399314        156.2667        18.21749        106.0347       0.3125362E-02
   11 s   10    25.26074        6.625947        150.9218        9.145061        372.0800       0.1546527E-03
   11 s   11    23.97077        6.886402        145.2137        11.74028        435.2178       0.9087019E-03
   11 s   12    23.05896        7.200493        138.8794        12.80039        495.5119       0.1456581E-02
   11 s   13    22.24676        7.502622        133.2867        10.67558        406.1818       0.1393600E-02
   11 s   14    21.32490        7.724451        129.4590        7.154662        290.2867       0.7780538E-03
   11 s   15    20.35240        7.880609        126.8937        5.579949        249.9464       0.3698562E-03
   11 s   16    19.44359        8.014435        124.7749        5.203921        237.3279       0.1970248E-03
   11 s   17    18.63199        8.145349        122.7694        5.297748        233.8073       0.1146933E-03
   11 s   18    17.92061        8.282033        120.7433        5.661766        235.3944       0.6545348E-04
   11 s   19    17.30766        8.431122        118.6082        6.307000        243.1789       0.2987656E-04
   11 s   20    16.79431        8.600596        116.2710        7.293768        262.3644       0.4363256E-05
   11 s   21    16.37834        8.796724        113.6787        8.351508        294.8996      -0.8541506E-05
   11 s   22    16.03787        9.014501        110.9324        8.977966        326.5508      -0.1267620E-04
   11 s   23    15.74283        9.241938        108.2024        9.155015        345.1200      -0.1512723E-04
   11 s   24    15.47288        9.469995        105.5967        9.050013        349.8088      -0.1928699E-04
   11 s   25    15.21599        9.692883        103.1685        8.751717        342.3996      -0.2684745E-04
   11 s   26    15.17078        10.04307        99.57119        13.88413        87.55433       0.7007179E-01
   12 s    1    114.0068        4.272033        234.0806       0.6766365        225.6577      -0.1490252E-04
   12 s    2    68.87696        4.301565        232.4735        2.100481        236.3173       0.1788753E-04
   12 s    3    52.54972        4.594635        217.6452        23.87545        86.53953      -0.3518278E-04
   12 s    4    46.06153        5.178016        193.1242        22.78233        85.51118       0.1015753E-03
   12 s    5    39.90787        5.483195        182.3754        4.236851        223.2271       0.1247232E-04
   12 s    6    34.64761        5.625993        177.7464        7.493979        297.1710      -0.2758564E-04
   12 s    7    31.26633        5.858018        170.7062        10.64742        471.7921       0.6296616E-04
   12 s    8    28.90162        6.136964        162.9470        11.24148        575.3341       0.2352920E-03
   12 s    9    26.97526        6.401796        156.2062        12.81934        196.8080       0.1253142E-02
   12 s   10    26.25230        6.886034        145.2215        11.59733        409.6401       0.1191251E-02
   12 s   11    25.01664        7.186862        139.1428        12.13161        458.7603       0.1087443E-02
   12 s   12    23.97636        7.486964        133.5655        11.70282        423.9276       0.6120704E-03
   12 s   13    23.05591        7.775503        128.6090        11.60247        389.7652       0.5289170E-04
   12 s   14    22.30390        8.079069        123.7766        12.62563        444.5438       0.4555356E-04
   12 s   15    21.68013        8.394717        119.1225        12.37957        483.8306       0.3064841E-04
   12 s   16    21.08116        8.689423        115.0824        11.04765        458.2104       0.1531583E-04
   12 s   17    20.44300        8.937072        111.8935        8.572181        358.1330       0.1866454E-03
   12 s   18    19.73869        9.122263        109.6219        6.475299        284.5400       0.2111221E-03
   12 s   19    19.03452        9.272332        107.8477        5.648573        257.8172       0.1331793E-03
   12 s   20    18.37439        9.409776        106.2725        5.387286        246.8703       0.7314897E-04
   12 s   21    17.76982        9.544079        104.7770        5.373952        242.0691       0.3358741E-04
   12 s   22    17.22175        9.679930        103.3065        5.505848        240.7044       0.6089491E-05
   12 s   23    16.72848        9.820571        101.8271        5.758941        242.2400      -0.1425852E-04
   12 s   24    16.28838        9.969115        100.3098        6.142273        247.2160      -0.2945241E-04
   12 s   25    15.90259        10.13026        98.71419        6.681699        257.2778      -0.3978650E-04
   12 s   26    15.56694        10.30532        97.03723        7.333239        273.2746      -0.4443301E-04
   13 s    1    120.4793        4.514570        221.5050        14.60456        694.3433      -0.1137872E-02
   13 s    2    77.94541        4.867916        205.4267        13.81380        868.2369      -0.7421123E-03
   13 s    3    59.59578        5.210700        191.9128        13.53635        856.5395      -0.1115122E-02
   13 s    4    48.03568        5.399940        185.1872        2.686769        204.0275       0.3364957E-05
   13 s    5    41.77784        5.740123        174.2123        21.59428        94.30650       0.4422059E-03
   13 s    6    37.71906        6.124727        163.2726        9.406471        413.1236       0.5784894E-03
   13 s    7    33.66571        6.307563        158.5398        5.856722        290.4728       0.1940535E-04
   13 s    8    30.36756        6.448242        155.0810        5.830166        260.0352       0.1119068E-03
   13 s    9    27.91829        6.625597        150.9298        8.725395        302.2835       0.7202289E-03
   13 s   10    26.45003        6.937899        144.1359        21.16808        81.38458       0.4397757E-02
   13 s   11    25.99946        7.469212        133.8829        20.97197        81.32339       0.4459410E-02
   13 s   12    25.06897        7.828147        127.7442        6.161611        276.0530       0.8383880E-03
   13 s   13    23.76559        8.014842        124.7685        8.771988        356.7852       0.1550521E-02
   13 s   14    22.81363        8.263709        121.0110        10.69096        457.1559       0.2015937E-02
   13 s   15    22.05620        8.540334        117.0914        11.01816        470.7938       0.2032714E-02
   13 s   16    21.37191        8.809268        113.5168        10.22716        407.0025       0.1506084E-02
   13 s   17    20.72772        9.061543        110.3565        10.12706        392.7724       0.6578913E-03
   13 s   18    20.17190        9.322470        107.2677        10.62793        432.3436       0.2151646E-03
   13 s   19    19.68575        9.589569        104.2800        10.67232        448.9499       0.9464421E-04
   13 s   20    19.24252        9.854359        101.4779        10.46546        443.6157       0.5921936E-04
   13 s   21    18.83172        10.11442        98.86877        9.937378        416.0015       0.4780550E-04
   13 s   22    18.41677        10.35163        96.60318        8.948533        366.3037       0.4324533E-04
   13 s   23    17.98719        10.55951        94.70136        7.683216        315.0002       0.3112545E-04
   13 s   24    17.54646        10.73911        93.11762        6.766046        283.8920       0.9484718E-05
   13 s   25    17.11413        10.90204        91.72599        6.325835        269.2176      -0.1269727E-04
   13 s   26    16.70371        11.05787        90.43336        6.168893        262.5432      -0.3092425E-04
   14 s    1    129.8928        4.867308        205.4524        19.20952        88.76942      -0.9753682E-04
   14 s    2    85.05949        5.312211        188.2455        1.118362        196.3104       0.3106296E-07
   14 s    3    61.16524        5.347925        186.9884        1.800178        201.7500      -0.1441015E-05
   14 s    4    49.37528        5.550531        180.1629        13.29527        800.0499      -0.1619581E-03
   14 s    5    42.78963        5.879139        170.0929        13.10117        377.7138       0.5739720E-03
   14 s    6    38.95510        6.325432        158.0920        21.62038        86.17464       0.4328669E-03
   14 s    7    36.12880        6.769043        147.7314        12.28808        345.3960       0.9290132E-03
   14 s    8    33.33982        7.079372        141.2555        12.35838        479.6219       0.4760570E-03
   14 s    9    31.05662        7.370388        135.6781        10.19532        382.9310       0.1827474E-03
   14 s   10    28.84385        7.565804        132.1737        5.689521        263.1683       0.1998518E-03
   14 s   11    26.77684        7.692540        129.9961        4.890223        250.4105       0.3999735E-03
   14 s   12    25.60428        7.995307        125.0734        20.77463        81.42874       0.4473890E-02
   14 s   13    25.25375        8.516715        117.4162        20.60157        81.53966       0.4464018E-02
   14 s   14    24.77043        8.972512        111.4515        5.337238        257.9166       0.5541544E-03
   14 s   15    23.55083        9.119068        109.6603        6.514342        277.2986       0.8554163E-03
   14 s   16    22.58398        9.308868        107.4244        8.675304        335.2527       0.1432798E-02
   14 s   17    21.85460        9.554179        104.6662        10.58220        427.6558       0.1929827E-02
   14 s   18    21.26269        9.826580        101.7648        10.68943        455.9221       0.1873403E-02
   14 s   19    20.69916        10.08323        99.17453        9.102599        381.8257       0.1257441E-02
   14 s   20    20.09687        10.29188        97.16394        7.653771        322.5539       0.6410019E-03
   14 s   21    19.50734        10.47729        95.44451        7.317284        306.7087       0.2943184E-03
   14 s   22    18.97791        10.66703        93.74683        7.976130        324.0612       0.1258009E-03
   14 s   23    18.53447        10.88080        91.90505        9.123322        367.5661       0.4802294E-04
   14 s   24    18.16988        11.12066        89.92268        9.970336        411.5756       0.1770550E-04
   14 s   25    17.85628        11.37480        87.91366        10.27351        433.0901       0.6611608E-05
   14 s   26    17.56836        11.63026        85.98257        10.07682        425.2574       0.1099183E-05
   15 s    1    141.1809        5.290293        189.0254       0.8095121        197.0610      -0.2687854E-04
   15 s    2    87.02927        5.435229        183.9849        24.92486        87.23347      -0.6417341E-04
   15 s    3    69.23409        6.053417        165.1960        15.42682        280.8192       0.1279914E-04
   15 s    4    55.66462        6.257549        159.8070        4.958984        263.5090      -0.9244026E-03
   15 s    5    46.35580        6.369118        157.0076        4.752591        231.0429      -0.1856990E-03
   15 s    6    40.20074        6.527695        153.1934        8.487168        266.3542       0.5700686E-03
   15 s    7    36.80566        6.895859        145.0146        21.62218        86.58421       0.6096756E-03
   15 s    8    35.07658        7.448155        134.2614        22.00441        83.13120       0.9285944E-03
   15 s    9    32.19271        7.640006        130.8900        6.015960        319.1454       0.8606808E-04
   15 s   10    29.95640        7.857627        127.2649        11.04500        535.5418       0.1719401E-03
   15 s   11    28.40766        8.161046        122.5333        12.74996        651.8443       0.3446222E-03
   15 s   12    27.18302        8.488292        117.8093        13.25612        657.4512       0.5440853E-03
   15 s   13    26.12914        8.811938        113.4824        10.78986        434.1797       0.8008279E-03
   15 s   14    24.94014        9.033985        110.6931        20.44741        81.65045       0.4436797E-02
   15 s   15    24.61393        9.530709        104.9240        13.49461        533.1069       0.2402810E-03
   15 s   16    23.88666        9.845821        101.5659        11.30236        397.8845       0.1949092E-04
   15 s   17    23.08088        10.09027        99.10533        8.356390        305.8463       0.1384083E-03
   15 s   18    22.27175        10.29292        97.15417        8.252814        308.2707       0.6382373E-03
   15 s   19    21.59343        10.51886        95.06733        9.846556        372.2548       0.1333109E-02
   15 s   20    21.05903        10.78462        92.72467        11.05419        459.3858       0.1780645E-02
   15 s   21    20.59700        11.06254        90.39514        10.76365        470.6562       0.1687683E-02
   15 s   22    20.13238        11.31593        88.37101        9.235388        397.5224       0.1183769E-02
   15 s   23    19.63323        11.52583        86.76165        7.546362        328.4727       0.6393944E-03
   15 s   24    19.11820        11.70107        85.46225        6.553323        293.1563       0.3040289E-03
   15 s   25    18.61790        11.85996        84.31728        6.223887        278.9279       0.1360714E-03
   15 s   26    18.15257        12.01701        83.21535        6.410402        278.2883       0.5230257E-04
   16 s    1    142.1986        5.328429        187.6726        16.86554        663.0006      -0.2398783E-02
   16 s    2    91.77922        5.731877        174.4629        14.90300        606.7319       0.1370669E-02
   16 s    3    69.60891        6.086188        164.3065        21.15329        99.21670      -0.9562893E-04
   16 s    4    58.25577        6.548834        152.6989        10.96953        407.4852      -0.1119349E-02
   16 s    5    49.86394        6.851123        145.9615        12.62341        623.5482      -0.1887451E-02
   16 s    6    44.15747        7.170181        139.4665        12.72934        727.7238      -0.8588117E-03
   16 s    7    39.77634        7.452442        134.1842        4.683999        334.9697       0.6022597E-04
   16 s    8    35.46650        7.530951        132.7854        3.342597        262.2006       0.2069635E-04
   16 s    9    33.70657        7.999276        125.0113        21.72417        83.92339       0.1180677E-02
   16 s   10    31.97579        8.387319        119.2276        10.25589        489.6924       0.6497925E-03
   16 s   11    29.94099        8.601546        116.2582        6.760923        321.8687       0.2294816E-03
   16 s   12    27.99867        8.742988        114.3774        4.952262        264.1375       0.1100188E-03
   16 s   13    26.32086        8.876593        112.6558        7.611932        310.6161       0.3496538E-06
   16 s   14    25.36020        9.186141        108.8596        13.81650        597.3564       0.3703163E-03
   16 s   15    24.65743        9.547553        104.7389        20.30961        81.75752       0.4397493E-02
   16 s   16    24.40094        10.05780        99.42530        20.18578        81.85632       0.4349492E-02
   16 s   17    23.83262        10.41891        95.97930        12.11661        480.8676       0.7691726E-03
   16 s   18    23.22809        10.73489        93.15416        12.76866        540.4198       0.5524985E-03
   16 s   19    22.67926        11.04780        90.51573        12.07111        529.1220       0.4455420E-03
   16 s   20    22.12860        11.33236        88.24288        10.51221        466.3135       0.5257569E-03
   16 s   21    21.54876        11.57373        86.40260        8.962977        395.2136       0.8807628E-03
   16 s   22    20.99390        11.80017        84.74456        9.324367        406.8820       0.1357320E-02
   16 s   23    20.52027        12.04657        83.01115        10.15508        455.1331       0.1612552E-02
   16 s   24    20.10092        12.30253        81.28406        9.986750        448.6054       0.1426256E-02
   16 s   25    19.68733        12.54121        79.73710        8.902570        385.0343       0.9647318E-03
   16 s   26    19.25775        12.74864        78.43972        7.651799        325.0376       0.5325168E-03
   17 s    1    163.9590        6.143828        162.7650        13.18143        562.4678      -0.3986586E-02
   17 s    2    100.5222        6.277903        159.2888        1.966134        201.3300      -0.1340826E-03
   17 s    3    72.62419        6.349826        157.4846        4.586221        223.8978       0.3141710E-03
   17 s    4    59.58221        6.697946        149.2995        24.04382        84.55790      -0.3832384E-04
   17 s    5    53.04347        7.287979        137.2122        22.83082        85.60541       0.6400549E-04
   17 s    6    45.64875        7.412331        134.9103        2.019260        240.2676      -0.8593767E-04
   17 s    7    40.04312        7.502425        133.2902        10.31760        397.4107       0.3285415E-03
   17 s    8    36.76184        7.806002        128.1066        12.30096        640.0161       0.1063197E-02
   17 s    9    34.17380        8.110160        123.3021        11.95023        549.1041       0.1007549E-02
   17 s   10    32.59088        8.548658        116.9774        21.55690        81.98658       0.1333636E-02
   17 s   11    31.12356        8.941280        111.8408        9.548795        390.0074       0.6973662E-03
   17 s   12    29.49400        9.209927        108.5785        11.34389        507.4008       0.7528819E-03
   17 s   13    28.14467        9.491665        105.3556        10.72340        468.6471       0.7894447E-03
   17 s   14    26.88305        9.737759        102.6930        8.740375        365.1469       0.7769429E-03
   17 s   15    25.66901        9.939244        100.6113        7.603142        318.1568       0.7804805E-03
   17 s   16    24.61913        10.14774        98.54414        9.239075        358.2426       0.8778866E-03
   17 s   17    24.16688        10.56504        94.65180        20.07401        81.95051       0.4295104E-02
   17 s   18    23.95225        11.06956        90.33779        19.97320        82.03868       0.4235952E-02
   17 s   19    23.38701        11.39257        87.77648        5.805075        267.1273       0.2447359E-03
   17 s   20    22.56372        11.55519        86.54121        7.383681        293.1773       0.2389708E-03
   17 s   21    21.91118        11.76838        84.97346        9.545757        361.5285       0.1801310E-03
   17 s   22    21.38689        12.02106        83.18734        10.44262        421.5380       0.1698203E-03
   17 s   23    20.92695        12.28531        81.39801        10.63786        451.5604       0.2448702E-03
   17 s   24    20.51004        12.55293        79.66269        10.74528        472.0962       0.3832385E-03
   17 s   25    20.12950        12.82288        77.98558        10.78544        486.5018       0.4822292E-03
   17 s   26    19.77509        13.09112        76.38764        10.59145        481.4184       0.4368190E-03
   18 s    1    167.5756        6.279349        159.2522        2.745345        205.3666      -0.3095040E-03
   18 s    2    105.2514        6.573253        152.1317        15.92921        618.3449      -0.3916440E-02
   18 s    3    79.59450        6.959269        143.6932        14.42826        838.5331       0.8185597E-03
   18 s    4    64.64368        7.266933        137.6096        8.385337        526.5432       0.1033837E-02
   18 s    5    53.60897        7.365678        135.7648        2.338695        245.6550      -0.1080616E-03
   18 s    6    48.38030        7.855873        127.2933        21.30888        96.59571       0.1048601E-03
   18 s    7    44.05094        8.253325        121.1633        12.12109        465.9446      -0.1260563E-02
   18 s    8    40.00791        8.495273        117.7125        6.771615        308.9011      -0.2323881E-03
   18 s    9    36.34391        8.625172        115.9397        4.480793        253.9294       0.2612997E-03
   18 s   10    33.35617        8.749394        114.2936        5.914046        276.5228       0.4785559E-03
   18 s   11    31.64200        9.090218        110.0084        21.41378        81.51769       0.1511729E-02
   18 s   12    30.82953        9.626965        103.8749        21.27531        81.19286       0.1666739E-02
   18 s   13    29.76128        10.03686        99.63273        7.009956        302.4489       0.4512957E-03
   18 s   14    28.28281        10.24479        97.61057        9.653142        393.1180       0.6927703E-03
   18 s   15    27.16436        10.51826        95.07279        11.88354        530.2033       0.1007463E-02
   18 s   16    26.27770        10.83138        92.32432        12.76086        613.5049       0.1252439E-02
   18 s   17    25.41855        11.11224        89.99090        7.228925        322.5979       0.7702010E-03
   18 s   18    24.35450        11.25547        88.84572        5.280317        265.7622       0.2781023E-03
   18 s   19    23.75460        11.57164        86.41819        19.88231        82.12126       0.4173260E-02
   18 s   20    23.57191        12.07150        82.83976        19.80044        82.19896       0.4107991E-02
   18 s   21    23.19883        12.45997        80.25699        7.636490        316.5058       0.7079824E-03
   18 s   22    22.46961        12.62963        79.17891        6.271087        281.2086       0.5986121E-03
   18 s   23    21.78178        12.78715        78.20350        6.409521        281.4942       0.6742239E-03
   18 s   24    21.17047        12.95714        77.17754        7.200232        300.1832       0.8754532E-03
   18 s   25    20.64677        13.15239        76.03180        8.358906        338.4349       0.1144842E-02
   18 s   26    20.20663        13.37680        74.75630        9.411702        388.3152       0.1330482E-02
   19 s    1    171.1620        6.413735        155.9154        20.96952        88.67345      -0.1863642E-03
   19 s    2    111.4080        6.957754        143.7245        22.34530        87.99665       0.1143066E-03
   19 s    3    83.96132        7.341078        136.2198        1.365368        225.7449      -0.1171039E-03
   19 s    4    65.88678        7.406676        135.0133        5.821616        270.9206       0.7273953E-03
   19 s    5    55.74690        7.659421        130.5582        11.96207        562.2520       0.6014027E-04
   19 s    6    49.12409        7.976648        125.3659        13.97228        322.0158      -0.1353427E-02
   19 s    7    45.13159        8.455794        118.2621        21.85107        87.01745       0.7765879E-04
   19 s    8    41.35699        8.781735        113.8727        10.36523        410.0850      -0.6241289E-03
   19 s    9    38.28665        9.086226        110.0567        13.05542        659.1174      -0.2047622E-04
   19 s   10    35.87113        9.409073        106.2804        12.37538        619.4917       0.6324069E-03
   19 s   11    33.72289        9.688022        103.2202        9.398433        402.7980       0.7240551E-03
   19 s   12    31.62437        9.875165        101.2641        6.175227        284.6097       0.4531382E-03
   19 s   13    30.12749        10.16036        98.42167        21.14217        81.01351       0.1786953E-02
   19 s   14    29.35748        10.63406        94.03743        9.375435        492.1804       0.3215787E-03
   19 s   15    28.01016        10.84576        92.20197        7.435343        366.7496       0.1971593E-03
   19 s   16    26.71397        11.01121        90.81657        6.062394        301.7013       0.4149997E-04
   19 s   17    25.62392        11.20202        89.26965        11.60280        487.0325       0.5597802E-03
   19 s   18    24.96323        11.53679        86.67922        14.01033        672.2826       0.1056456E-02
   19 s   19    24.40921        11.89052        84.10061        13.96221        633.8743       0.1073584E-02
   19 s   20    23.86176        12.21993        81.83351        11.71327        465.9080       0.9729249E-03
   19 s   21    23.40250        12.56936        79.55853        19.72675        82.27249       0.4040940E-02
   19 s   22    23.24494        13.06542        76.53789        19.66042        82.34252       0.3972783E-02
   19 s   23    23.00333        13.50427        74.05065        9.104242        342.2217       0.1279494E-03
   19 s   24    22.35619        13.68285        73.08420        6.266491        275.2654       0.3988147E-03
   19 s   25    21.72144        13.83698        72.27012        6.149864        269.7115       0.5239665E-03
   19 s   26    21.14260        13.99641        71.44687        6.618440        278.2518       0.7189407E-03
   20 s    1    187.2057        7.014923        142.5532        14.55546        835.4792       0.1710955E-02
   20 s    2    116.9925        7.306520        136.8641        3.342074        269.1853      -0.7485892E-03
   20 s    3    86.34122        7.549162        132.4650        24.35680        88.92257      -0.1735733E-03
   20 s    4    72.49810        8.149888        122.7011        19.53134        212.4621      -0.6774259E-03
   20 s    5    61.45539        8.443746        118.4308        5.413154        284.9910       0.4915100E-03
   20 s    6    52.50712        8.525975        117.2886        2.720283        235.2051       0.4579107E-04
   20 s    7    45.96091        8.611175        116.1282        4.826942        252.8362      -0.3104357E-03
   20 s    8    42.51472        9.027567        110.7718        22.50202        84.88736       0.2047744E-03
   20 s    9    40.42277        9.593172        104.2408        22.46369        85.36895       0.3318221E-03
   20 s   10    37.32917        9.791521        102.1292        3.602986        257.4885       0.1933332E-05
   20 s   11    34.49708        9.910435        100.9037        6.408087        335.2869       0.1031127E-03
   20 s   12    32.43079        10.12698        98.74608        9.967580        551.5663       0.3466985E-03
   20 s   13    30.79342        10.38495        96.29323        10.32719        589.1847       0.3721124E-03
   20 s   14    29.51421        10.69084        93.53804        21.04121        80.89431       0.1882655E-02
   20 s   15    28.97428        11.21907        89.13395        20.95580        80.88088       0.1955229E-02
   20 s   16    27.88845        11.49531        86.99197        11.01501        502.5586       0.9416921E-03
   20 s   17    26.96508        11.78833        84.82966        12.08874        596.3551       0.1189586E-02
   20 s   18    26.16282        12.09118        82.70490        11.61188        547.0358       0.1139776E-02
   20 s   19    25.34098        12.34442        81.00828        8.353928        344.5718       0.3555810E-03
   20 s   20    24.50632        12.55002        79.68114        9.171327        332.5834       0.3851776E-06
   20 s   21    23.89398        12.83334        77.92207        13.29323        466.1287       0.1087520E-03
   20 s   22    23.46160        13.18720        75.83110        14.44971        542.9783       0.9328686E-04
   20 s   23    23.09803        13.55986        73.74706        19.60069        82.40964       0.3904098E-02
   20 s   24    22.79604        13.95205        71.67407        14.01821        560.8886       0.3257662E-03
   20 s   25    22.43796        14.29342        69.96226        13.14547        537.2604       0.2190994E-03
   20 s   26    22.05880        14.60294        68.47937        11.37954        456.4211       0.2314722E-03
