    0 s    2    4.961324       0.3098490        3227.378        6.255996        514.1656       0.1346500E-01
    0 s    3    5.346018       0.4674240        2139.385        6.656715        416.9440      -0.5110065E-02
    0 s    4    5.728448       0.6439647        1552.880        7.471777        369.5663      -0.8002598E-02
    0 s    5    6.076772       0.8349264        1197.710        7.836818        349.9088      -0.7775426E-02
    0 s    6    6.344478        1.030200        970.6849        7.836674        340.2949      -0.6735643E-02
    0 s    7    6.521431        1.221847        818.4333        7.542888        334.2298      -0.5289239E-02
    0 s    8    6.608453        1.403238        712.6376        7.007727        329.4338      -0.3614086E-02
    0 s    9    6.614761        1.569822        637.0151        6.363072        325.2281      -0.2066494E-02
    0 s   10    6.561979        1.721221        580.9829        5.797493        321.1651      -0.1000039E-02
    0 s   11    6.476938        1.860716        537.4275        5.398699        316.6274      -0.4330580E-03
    0 s   12    6.379714        1.992158        501.9683        5.136491        311.2067      -0.1768652E-03
    0 s   13    6.280838        2.118185        472.1023        4.953957        304.8158      -0.7015450E-04
    0 s   14    6.184600        2.240228        446.3832        4.811467        297.5466      -0.2736814E-04
    0 s   15    6.092294        2.358984        423.9113        4.688102        289.5666      -0.1054949E-04
    0 s   16    6.004026        2.474794        404.0740        4.574309        281.0757      -0.4024513E-05
    0 s   17    5.919524        2.587840        386.4227        4.466333        272.2838      -0.1520400E-05
    0 s   18    5.838454        2.698250        370.6106        4.363095        263.3921      -0.5690547E-06
    0 s   19    5.760529        2.806141        356.3613        4.264617        254.5789      -0.2111045E-06
    0 s   20    5.685528        2.911637        343.4494        4.171267        245.9899      -0.7757374E-07
    0 s   21    5.613293        3.014871        331.6892        4.083424        237.7346      -0.2818034E-07
    0 s   22    5.543706        3.115984        320.9259        4.001351        229.8873      -0.1003237E-07
    0 s   23    5.476676        3.215122        311.0302        3.925163        222.4918      -0.3381047E-08
    0 s   24    5.412132        3.312432        301.8930        3.854839        215.5671      -0.1280043E-08
    0 s   25    5.350008        3.408059        293.4221        3.790255        209.1132      -0.4498692E-09
    0 s   26    5.290244        3.502145        285.5393        3.731208        203.1171      -0.1861719E-09
    1 s    2    10.80131       0.6745730        1482.419        10.92314        312.6301       0.3052947E-02
    1 s    3    10.70794       0.9362386        1068.104        9.977988        285.1483       0.5589103E-04
    1 s    4    10.43438        1.172982        852.5277        8.930048        271.1537      -0.3152423E-03
    1 s    5    10.02855        1.377887        725.7490        7.300456        288.0487      -0.1418846E-02
    1 s    6    9.443575        1.533424        652.1353        5.475796        352.8499      -0.4408311E-02
    1 s    7    8.884800        1.664644        600.7289        5.387604        380.0498      -0.7074040E-02
    1 s    8    8.496117        1.804064        554.3040        6.034204        384.6286      -0.9329620E-02
    1 s    9    8.267324        1.962009        509.6815        6.852803        383.7450      -0.1119240E-01
    1 s   10    8.154803        2.139022        467.5033        7.560129        380.9908      -0.1243719E-01
    1 s   11    8.112961        2.330718        429.0523        8.047394        377.2882      -0.1309106E-01
    1 s   12    8.108188        2.531899        394.9605        8.342071        372.0536      -0.1333372E-01
    1 s   13    8.120228        2.738511        365.1619        8.492694        361.8723      -0.1322568E-01
    1 s   14    8.135848        2.947022        339.3256        8.464995        333.0651      -0.1236278E-01
    1 s   15    8.132464        3.148954        317.5657        7.725269        239.7206      -0.7916169E-02
    1 s   16    8.057983        3.321413        301.0767        6.342259        166.5211      -0.1449301E-02
    1 s   17    7.947030        3.474205        287.8356        5.965400        155.3860      -0.2740428E-03
    1 s   18    7.836450        3.621626        276.1191        5.831183        152.2721      -0.7413643E-04
    1 s   19    7.732049        3.766533        265.4962        5.751229        150.6711      -0.2415998E-04
    1 s   20    7.634516        3.909740        255.7715        5.691873        149.6280      -0.8694402E-05
    1 s   21    7.543565        4.051610        246.8155        5.643011        148.8832      -0.3311804E-05
    1 s   22    7.458674        4.192342        238.5302        5.600248        148.3258      -0.1305340E-05
    1 s   23    7.379273        4.332055        230.8373        5.561211        147.8911      -0.5254247E-06
    1 s   24    7.304809        4.470823        223.6725        5.524492        147.5349      -0.2142490E-06
    1 s   25    7.234774        4.608692        216.9813        5.489233        147.2239      -0.8804514E-07
    1 s   26    7.168712        4.745692        210.7174        5.454926        146.9328      -0.3635291E-07
    2 s    1    10.63638       0.3985636        2509.010        12.88737        395.6715      -0.2618801E-03
    2 s    2    15.03076       0.9387147        1065.286        18.55880        96.80783       0.2096378    
    2 s    3    14.09322        1.232227        811.5386        5.999678        418.6972       0.5326277E-02
    2 s    4    12.16365        1.367379        731.3260        5.102010        386.8939      -0.1283721E-02
    2 s    5    10.90248        1.497961        667.5741        5.741828        311.8844      -0.2389484E-02
    2 s    6    10.23269        1.661559        601.8443        7.253196        238.2346      -0.1396542E-02
    2 s    7    9.860956        1.847536        541.2616        7.502873        212.0366      -0.7698295E-03
    2 s    8    9.574676        2.033085        491.8633        7.325351        198.6555      -0.5777112E-03
    2 s    9    9.325877        2.213226        451.8291        7.087231        189.0364      -0.5240463E-03
    2 s   10    9.102026        2.387481        418.8515        6.857582        181.4877      -0.5343468E-03
    2 s   11    8.898157        2.556292        391.1916        6.653525        175.5370      -0.5973615E-03
    2 s   12    8.711802        2.720386        367.5949        6.483916        171.1264      -0.7391836E-03
    2 s   13    8.542026        2.880761        347.1305        6.366437        168.7985      -0.1068522E-02
    2 s   14    8.390701        3.039336        329.0192        6.383677        171.9493      -0.2081388E-02
    2 s   15    8.274378        3.203905        312.1192        7.096517        210.3375      -0.6651000E-02
    2 s   16    8.241786        3.397174        294.3623        8.452674        332.8282      -0.1316802E-01
    2 s   17    8.256247        3.609385        277.0555        8.806443        378.7223      -0.1439185E-01
    2 s   18    8.279490        3.826378        261.3438        8.922690        390.5989      -0.1463588E-01
    2 s   19    8.304595        4.045438        247.1920        8.989594        395.4076      -0.1471874E-01
    2 s   20    8.329923        4.265867        234.4189        9.039391        398.1937      -0.1475506E-01
    2 s   21    8.354904        4.487376        222.8474        9.080326        400.1450      -0.1476784E-01
    2 s   22    8.379271        4.709787        212.3238        9.114526        401.4903      -0.1475810E-01
    2 s   23    8.402818        4.932934        202.7191        9.140052        401.8064      -0.1470501E-01
    2 s   24    8.425080        5.156472        193.9310        9.136419        397.7621      -0.1446599E-01
    2 s   25    8.439796        5.376315        186.0010        8.383772        311.7309      -0.9858795E-02
    2 s   26    8.385934        5.551494        180.1317        6.561740        210.6618      -0.2431448E-03
    3 s    1    24.97496       0.9358550        1068.542        5.942176        816.4843      -0.1921924E-02
    3 s    2    17.57211        1.097429        911.2205        7.012079        354.7445       0.6102392E-02
    3 s    3    16.19760        1.416222        706.1040        15.97163        90.14359       0.1664653    
    3 s    4    16.31292        1.833820        545.3097        15.42936        89.15403       0.1562293    
    3 s    5    16.30366        2.240063        446.4160        15.10668        89.15050       0.1467728    
    3 s    6    15.60736        2.534285        394.5886        5.408378        265.9221      -0.5903686E-03
    3 s    7    14.23871        2.667746        374.8483        5.311073        261.9678      -0.8694309E-03
    3 s    8    13.18188        2.799038        357.2656        5.252940        258.4559      -0.1012253E-02
    3 s    9    12.34611        2.929991        341.2980        5.284349        255.5034      -0.1069040E-02
    3 s   10    11.67671        3.062827        326.4958        5.394534        252.7805      -0.1051424E-02
    3 s   11    11.13586        3.199148        312.5833        5.551693        250.0159      -0.9800568E-03
    3 s   12    10.69522        3.339737        299.4248        5.725099        247.0787      -0.8760246E-03
    3 s   13    10.33282        3.484699        286.9688        5.892377        243.9541      -0.7573604E-03
    3 s   14    10.03154        3.633692        275.2022        6.040282        240.6965      -0.6378970E-03
    3 s   15    9.778050        3.786138        264.1213        6.163109        237.3889      -0.5270892E-03
    3 s   16    9.562086        3.941387        253.7178        6.260422        234.1153      -0.4304292E-03
    3 s   17    9.375798        4.098820        243.9727        6.334852        230.9449      -0.3502695E-03
    3 s   18    9.213220        4.257902        234.8574        6.390331        227.9269      -0.2868477E-03
    3 s   19    9.069821        4.418205        226.3363        6.430923        225.0912      -0.2393441E-03
    3 s   20    8.942143        4.579394        218.3695        6.460223        222.4533      -0.2069439E-03
    3 s   21    8.827528        4.741220        210.9162        6.481226        220.0247      -0.1902256E-03
    3 s   22    8.723913        4.903502        203.9359        6.496719        217.8358      -0.1943557E-03
    3 s   23    8.629721        5.066140        197.3890        6.511188        216.0241      -0.2422311E-03
    3 s   24    8.544002        5.229257        191.2318        6.546540        215.5369      -0.4787627E-03
    3 s   25    8.471872        5.396747        185.2968        7.322804        251.1581      -0.5119493E-02
    3 s   26    8.473415        5.609406        178.2720        9.163315        403.7778      -0.1468928E-01
    4 s    1    37.49447        1.404983        711.7525        11.72111        347.7667      -0.2911532E-03
    4 s    2    27.47480        1.715881        582.7910        12.85472        418.6650      -0.3652358E-03
    4 s    3    23.34446        2.041101        489.9317        13.04797        434.2886      -0.2320120E-03
    4 s    4    20.20176        2.270984        440.3377        4.936590        266.4215      -0.4664619E-03
    4 s    5    17.46728        2.399941        416.6770        5.349790        269.0634      -0.4311773E-03
    4 s    6    16.26110        2.640437        378.7252        14.94149        89.18453       0.1398624    
    4 s    7    16.21057        3.037191        329.2516        14.85117        89.30607       0.1346432    
    4 s    8    16.16104        3.431632        291.4066        14.77867        89.45800       0.1304143    
    4 s    9    15.61370        3.705458        269.8722        6.975224        356.7624      -0.3695592E-03
    4 s   10    14.73428        3.864832        258.7435        5.975388        303.1123      -0.5190053E-03
    4 s   11    13.95625        4.009398        249.4140        5.688190        280.7636      -0.5811962E-03
    4 s   12    13.29265        4.150821        240.9162        5.681965        270.3132      -0.5942690E-03
    4 s   13    12.73219        4.293875        232.8899        5.800639        264.8346      -0.5778373E-03
    4 s   14    12.25962        4.440764        225.1865        5.977440        261.7426      -0.5420172E-03
    4 s   15    11.86036        4.592426        217.7498        6.173860        259.8483      -0.4932891E-03
    4 s   16    11.52144        4.749010        210.5702        6.363900        258.5017      -0.4365759E-03
    4 s   17    11.23157        4.910109        203.6615        6.529181        257.3032      -0.3759945E-03
    4 s   18    10.98111        5.074934        197.0469        6.657073        255.9934      -0.3150717E-03
    4 s   19    10.76184        5.242442        190.7508        6.739910        254.4096      -0.2567481E-03
    4 s   20    10.56690        5.411454        184.7932        6.774814        252.4716      -0.2033256E-03
    4 s   21    10.39069        5.580784        179.1863        6.763826        250.1781      -0.1564253E-03
    4 s   22    10.22879        5.749356        173.9325        6.713933        247.6023      -0.1169651E-03
    4 s   23    10.07794        5.916327        169.0238        6.636332        244.8754      -0.8516579E-04
    4 s   24    9.935925        6.081167        164.4421        6.544542        242.1548      -0.6061216E-04
    4 s   25    9.801401        6.243683        160.1619        6.451657        239.5843      -0.4240002E-04
    4 s   26    9.673681        6.403983        156.1528        6.367854        237.2638      -0.2935771E-04
    5 s    1    44.68798        1.674536        597.1804        30.77746        85.19017       0.1643140E-03
    5 s    2    33.44032        2.088445        478.8252        2.569675        299.6329      -0.5246488E-03
    5 s    3    24.76897        2.165651        461.7549        3.777093        293.6735      -0.4781497E-03
    5 s    4    21.08481        2.370253        421.8959        12.83517        518.0174      -0.4305635E-04
    5 s    5    19.55326        2.686546        372.2251        12.36943        495.6698      -0.3641663E-04
    5 s    6    18.38983        2.986094        334.8856        11.56402        488.7980      -0.3465418E-04
    5 s    7    17.41486        3.262825        306.4829        10.52676        481.6331      -0.5963896E-04
    5 s    8    16.51918        3.507679        285.0888        8.937006        443.8637      -0.1616480E-03
    5 s    9    16.11380        3.824143        261.4965        14.71562        89.59776       0.1269722    
    5 s   10    15.75474        4.132502        241.9841        9.335352        318.0655      -0.1450961E-03
    5 s   11    15.20338        4.367678        228.9546        9.428416        343.8437      -0.9959978E-04
    5 s   12    14.73833        4.602256        217.2847        9.319878        360.5323      -0.8264291E-04
    5 s   13    14.33021        4.832801        206.9193        9.110068        372.3770      -0.8040340E-04
    5 s   14    13.96022        5.056764        197.7549        8.785899        379.8363      -0.9028146E-04
    5 s   15    13.61140        5.270443        189.7374        8.272104        378.0564      -0.1146838E-03
    5 s   16    13.26589        5.468054        182.8804        7.502527        357.0496      -0.1536421E-03
    5 s   17    12.91206        5.644768        177.1552        6.662897        320.0380      -0.1900826E-03
    5 s   18    12.55783        5.803617        172.3063        6.115246        288.7889      -0.2035435E-03
    5 s   19    12.22119        5.953341        167.9729        5.915009        270.6471      -0.1976772E-03
    5 s   20    11.91353        6.101081        163.9054        5.933895        261.4141      -0.1832674E-03
    5 s   21    11.63845        6.250951        159.9757        6.071435        257.1740      -0.1659311E-03
    5 s   22    11.39548        6.405128        156.1249        6.269885        255.7269      -0.1476542E-03
    5 s   23    11.18230        6.564650        152.3310        6.492791        255.8299      -0.1290883E-03
    5 s   24    10.99568        6.729779        148.5933        6.713427        256.6941      -0.1106029E-03
    5 s   25    10.83199        6.900187        144.9236        6.911259        257.7670      -0.9263227E-04
    5 s   26    10.68746        7.075108        141.3406        7.071601        258.6532      -0.7569188E-04
    6 s    1    53.08674        1.989252        502.7015        8.309029        594.6285       0.3554021E-03
    6 s    2    38.24138        2.388285        418.7106        26.16841        88.78268       0.4683034E-03
    6 s    3    32.12114        2.808481        356.0643        11.99569        422.2283      -0.8283869E-03
    6 s    4    27.33887        3.073304        325.3827        8.881392        341.4757      -0.1052894E-02
    6 s    5    23.70114        3.256450        307.0828        6.165781        268.9468      -0.7320562E-03
    6 s    6    20.94739        3.401385        293.9979        5.669533        249.4617      -0.5322264E-03
    6 s    7    18.92817        3.546356        281.9795        6.039307        242.5602      -0.4728432E-03
    6 s    8    17.46520        3.708557        269.6466        7.106221        246.7913      -0.4089040E-03
    6 s    9    16.45838        3.905919        256.0217        8.642851        278.9504      -0.2549386E-03
    6 s   10    16.06896        4.214923        237.2523        14.65787        89.71612       0.1241258    
    6 s   11    16.02642        4.604123        217.1966        14.60497        89.80997       0.1217379    
    6 s   12    15.98611        4.991894        200.3248        14.55750        89.88021       0.1197078    
    6 s   13    15.63349        5.272327        189.6696        5.742440        220.8679      -0.4851687E-03
    6 s   14    14.94883        5.414866        184.6768        5.720654        213.8184      -0.3911492E-03
    6 s   15    14.36040        5.560461        179.8412        5.995864        211.4699      -0.2951403E-03
    6 s   16    13.87106        5.717499        174.9016        6.625759        217.0139      -0.1976463E-03
    6 s   17    13.48002        5.893065        169.6910        7.407802        232.8283      -0.1141117E-03
    6 s   18    13.16873        6.085947        164.3130        7.963278        253.2108      -0.6267427E-04
    6 s   19    12.90991        6.288836        159.0119        8.221949        270.5808      -0.3742334E-04
    6 s   20    12.68406        6.495681        153.9485        8.298749        282.9416      -0.2561378E-04
    6 s   21    12.48034        6.703126        149.1841        8.280276        291.1247      -0.2005015E-04
    6 s   22    12.29260        6.909378        144.7308        8.207904        296.1865      -0.1760177E-04
    6 s   23    12.11694        7.113335        140.5810        8.098456        298.7874      -0.1694393E-04
    6 s   24    11.95048        7.314150        136.7213        7.956984        299.1766      -0.1749679E-04
    6 s   25    11.79090        7.511031        133.1375        7.783977        297.2917      -0.1895534E-04
    6 s   26    11.63626        7.703213        129.8160        7.582164        292.9650      -0.2101471E-04
    7 s    1    58.77118        2.202258        454.0794        7.976981        253.8205       0.2513345E-03
    7 s    2    40.16107        2.508175        398.6963        14.28227        369.6564      -0.4095158E-03
    7 s    3    35.05405        3.064918        326.2730        25.30848        87.15714       0.1622009E-02
    7 s    4    30.27070        3.402887        293.8681        7.704268        315.2106      -0.1283078E-03
    7 s    5    26.52343        3.644222        274.4070        11.11604        441.0425      -0.5623143E-03
    7 s    6    24.23015        3.934431        254.1664        11.68214        480.0388      -0.7966959E-03
    7 s    7    22.48163        4.212127        237.4097        10.29379        417.9585      -0.8777622E-03
    7 s    8    20.92952        4.444170        225.0139        8.375997        337.5206      -0.8476411E-03
    7 s    9    19.54147        4.637601        215.6287        7.276713        291.1809      -0.7809629E-03
    7 s   10    18.34323        4.811470        207.8367        6.720442        264.6947      -0.7214884E-03
    7 s   11    17.31299        4.973734        201.0562        6.311306        245.9741      -0.6560349E-03
    7 s   12    16.41756        5.126621        195.0603        5.967229        231.5876      -0.5757443E-03
    7 s   13    15.94802        5.378398        185.9290        14.51599        89.92997       0.1179597    
    7 s   14    15.91215        5.763806        173.4965        14.48056        89.96305       0.1164364    
    7 s   15    15.87850        6.148280        162.6471        14.45096        89.98312       0.1150948    
    7 s   16    15.72998        6.483727        154.2323        6.454692        253.4598      -0.7824006E-03
    7 s   17    15.19548        6.643010        150.5342        6.323869        248.0428      -0.6776626E-03
    7 s   18    14.71166        6.799012        147.0802        6.187982        242.6501      -0.5712138E-03
    7 s   19    14.27098        6.951858        143.8464        6.066361        237.5841      -0.4709969E-03
    7 s   20    13.86814        7.102062        140.8042        5.971774        233.0454      -0.3816911E-03
    7 s   21    13.49929        7.250401        137.9234        5.912730        229.1685      -0.3052011E-03
    7 s   22    13.16162        7.397831        135.1748        5.895542        226.0603      -0.2414820E-03
    7 s   23    12.85302        7.545459        132.5301        5.925734        223.8374      -0.1893320E-03
    7 s   24    12.57197        7.694525        129.9625        6.008606        222.6654      -0.1470176E-03
    7 s   25    12.31736        7.846395        127.4471        6.148211        222.7888      -0.1127272E-03
    7 s   26    12.08834        8.002486        124.9612        6.343391        224.5129      -0.8490686E-04
    8 s    1    76.56660        2.869083        348.5434        14.33132        885.6415      -0.2078474E-02
    8 s    2    50.98552        3.184193        314.0513        3.599090        228.3006      -0.1302402E-03
    8 s    3    37.31843        3.262901        306.4757        4.068322        244.5231      -0.4116519E-05
    8 s    4    32.85125        3.692980        270.7840        24.26859        90.25307       0.3291771E-02
    8 s    5    30.26427        4.158200        240.4887        11.26341        555.2565       0.1992926E-03
    8 s    6    27.12236        4.404061        227.0631        8.743225        389.5289      -0.2116532E-03
    8 s    7    24.68295        4.624564        216.2366        9.397553        342.5035      -0.5233101E-04
    8 s    8    23.00129        4.884090        204.7464        11.28129        386.0155      -0.5491562E-07
    8 s    9    21.82405        5.179304        193.0761        12.14264        435.5002      -0.2007576E-04
    8 s   10    20.90490        5.483401        182.3686        11.87194        413.2331      -0.1568458E-03
    8 s   11    19.74343        5.671959        176.3059        6.475836        275.4792      -0.1026486E-02
    8 s   12    18.67771        5.832385        171.4565        6.458078        269.3655      -0.1002784E-02
    8 s   13    17.77397        5.994193        166.8281        6.547189        265.9968      -0.9842028E-03
    8 s   14    16.99994        6.157834        162.3948        6.590145        262.6976      -0.9439163E-03
    8 s   15    16.32615        6.321613        158.1875        6.553553        258.4876      -0.8747642E-03
    8 s   16    15.84704        6.531976        153.0930        14.42665        89.99338       0.1139019    
    8 s   17    15.81771        6.915030        144.6125        14.40696        89.99643       0.1128326    
    8 s   18    15.79041        7.297561        137.0321        14.39114        89.99428       0.1118673    
    8 s   19    15.72203        7.658711        130.5703        6.551091        266.1742      -0.9101914E-03
    8 s   20    15.27275        7.821384        127.8546        6.523805        261.0858      -0.8573014E-03
    8 s   21    14.86543        7.984144        125.2482        6.545947        258.3108      -0.7890629E-03
    8 s   22    14.49596        8.147830        122.7321        6.588744        256.6206      -0.7125435E-03
    8 s   23    14.16002        8.312742        120.2973        6.636007        255.3679      -0.6321989E-03
    8 s   24    13.85346        8.478846        117.9406        6.677003        254.1713      -0.5512424E-03
    8 s   25    13.57240        8.645883        115.6620        6.704258        252.8039      -0.4721437E-03
    8 s   26    13.31334        8.813439        113.4631        6.712952        251.1473      -0.3968715E-03
    9 s    1    84.13415        3.152653        317.1932        1.074644        214.4059      -0.6558841E-07
    9 s    2    51.71634        3.229835        309.6134        12.34273        836.5133      -0.6993374E-03
    9 s    3    40.74652        3.562633        280.6913        13.02903        793.0143       0.3659272E-04
    9 s    4    34.53025        3.881725        257.6174        12.49609        545.1834       0.8791270E-04
    9 s    5    31.40690        4.315194        231.7393        22.96057        88.66898       0.4134895E-02
    9 s    6    28.33390        4.600789        217.3540        9.136786        340.0269      -0.1529655E-03
    9 s    7    25.88880        4.850491        206.1647        10.32325        440.4425      -0.7174160E-03
    9 s    8    24.02998        5.102521        195.9816        9.587192        424.8522      -0.1038457E-02
    9 s    9    22.43113        5.323377        187.8507        8.054982        356.1861      -0.1104213E-02
    9 s   10    21.00307        5.509150        181.5162        7.206883        334.9686      -0.9224325E-03
    9 s   11    20.14644        5.787737        172.7791        11.95191        512.9903      -0.1415985E-04
    9 s   12    19.48007        6.082933        164.3944        11.65809        516.8507      -0.3638468E-04
    9 s   13    18.88870        6.370132        156.9826        11.31268        517.6844      -0.7329225E-04
    9 s   14    18.35088        6.647178        150.4398        10.81752        504.1998      -0.1568481E-03
    9 s   15    17.83732        6.906752        144.7859        9.848064        450.6702      -0.3566653E-03
    9 s   16    17.30549        7.133133        140.1909        8.259136        357.7928      -0.6841268E-03
    9 s   17    16.75099        7.323036        136.5554        7.130112        299.7452      -0.8882007E-03
    9 s   18    16.21586        7.494184        133.4368        6.693067        276.3942      -0.9333556E-03
    9 s   19    15.76505        7.679668        130.2140        14.37850        89.98845       0.1109907    
    9 s   20    15.74149        8.061434        124.0474        14.36837        89.98000       0.1101907    
    9 s   21    15.71962        8.442927        118.4423        14.36020        89.96970       0.1094572    
    9 s   22    15.69930        8.824200        113.3247        14.35351        89.95804       0.1087821    
    9 s   23    15.40604        9.044229        110.5677        6.308727        259.9669      -0.5389398E-03
    9 s   24    15.02590        9.196429        108.7379        5.978513        246.3433      -0.5468444E-03
    9 s   25    14.66925        9.344597        107.0137        5.922081        241.8985      -0.5173785E-03
    9 s   26    14.33938        9.492679        105.3443        5.957452        240.3884      -0.4813164E-03
   10 s    1    87.98834        3.297076        303.2991        27.61475        83.88758       0.1572812E-04
   10 s    2    63.03143        3.936495        254.0331        24.86085        82.41916      -0.2207118E-05
   10 s    3    48.22990        4.216935        237.1390        3.436263        236.6667      -0.3836787E-03
   10 s    4    38.25486        4.300427        232.5350        3.700443        226.1374      -0.1616419E-04
   10 s    5    32.15205        4.417574        226.3686        6.235669        236.8939       0.6898325E-04
   10 s    6    30.24026        4.910338        203.6520        23.26265        85.86718       0.5295333E-02
   10 s    7    29.29819        5.489270        182.1736        22.20975        87.87531       0.5856827E-02
   10 s    8    26.74109        5.678198        176.1122        6.580086        241.2273      -0.1114610E-03
   10 s    9    24.73005        5.868960        170.3879        8.611842        282.7782      -0.4646941E-03
   10 s   10    23.26046        6.101268        163.9004        9.701125        328.9581      -0.8800252E-03
   10 s   11    22.07320        6.341262        157.6973        9.307689        339.7526      -0.1155679E-02
   10 s   12    21.00840        6.560177        152.4349        8.233789        316.5623      -0.1210031E-02
   10 s   13    20.02760        6.754220        148.0556        7.439954        291.2518      -0.1127594E-02
   10 s   14    19.14776        6.935833        144.1788        7.260500        277.9668      -0.9853825E-03
   10 s   15    18.39416        7.122364        140.4028        7.870117        284.9021      -0.7434772E-03
   10 s   16    17.79638        7.335474        136.3238        9.268183        329.7577      -0.3837872E-03
   10 s   17    17.34228        7.581528        131.8995        10.29244        391.1916      -0.1462547E-03
   10 s   18    16.97348        7.844317        127.4808        10.66373        431.4073      -0.6003297E-04
   10 s   19    16.65306        8.112247        123.2704        10.74215        452.0095      -0.3304662E-04
   10 s   20    16.36337        8.379904        119.3331        10.63940        458.1359      -0.3221455E-04
   10 s   21    16.08833        8.640960        115.7279        10.11854        435.4616      -0.7816628E-04
   10 s   22    15.78280        8.871132        112.7252        7.949490        324.2336      -0.3384572E-03
   10 s   23    15.68041        9.205296        108.6331        14.34790        89.94534       0.1081586    
   10 s   24    15.48264        9.475971        105.5301        10.29847        414.8864      -0.1014744E-03
   10 s   25    15.27700        9.731746        102.7565        10.13534        411.1843      -0.9588671E-04
   10 s   26    15.07706        9.981025        100.1901        9.779028        393.3159      -0.1117990E-03
   11 s    1    98.57877        3.693917        270.7153        14.36851        713.2526      -0.6993964E-03
   11 s    2    64.56708        4.032401        247.9912        12.29338        661.0313      -0.1884327E-02
   11 s    3    50.52095        4.417251        226.3852        12.45844        479.1557      -0.1941762E-02
   11 s    4    42.19458        4.743312        210.8232        13.20724        748.2105      -0.1434254E-02
   11 s    5    36.93783        5.075123        197.0395        13.03050        758.4196      -0.4002595E-03
   11 s    6    33.08486        5.372237        186.1422        9.263417        375.1043       0.1795176E-03
   11 s    7    29.54217        5.534981        180.6691        5.833387        213.7887       0.1994847E-03
   11 s    8    28.53516        6.059150        165.0396        22.26219        86.12833       0.6355470E-02
   11 s    9    27.03808        6.416704        155.8433        10.83570        530.5651      -0.1163535E-04
   11 s   10    25.38325        6.658081        150.1934        8.754657        351.1225      -0.4624214E-05
   11 s   11    23.93210        6.875293        145.4484        8.902401        320.4505      -0.1765961E-03
   11 s   12    22.76393        7.108366        140.6793        9.693700        338.6946      -0.5607488E-03
   11 s   13    21.80511        7.353677        135.9864        9.794229        355.8817      -0.9765537E-03
   11 s   14    20.95445        7.590262        131.7478        9.076624        346.0980      -0.1236066E-02
   11 s   15    20.15315        7.803461        128.1483        8.044109        318.2142      -0.1289381E-02
   11 s   16    19.39000        7.992346        125.1197        7.192696        292.1816      -0.1218858E-02
   11 s   17    18.67467        8.164011        122.4888        6.660364        274.1940      -0.1117147E-02
   11 s   18    18.01494        8.325628        120.1111        6.364993        262.3284      -0.1021742E-02
   11 s   19    17.41192        8.481911        117.8980        6.217756        254.2464      -0.9362047E-03
   11 s   20    16.86390        8.636232        115.7912        6.211329        249.3089      -0.8522414E-03
   11 s   21    16.37381        8.794287        113.7102        6.607372        252.6184      -0.7346996E-03
   11 s   22    15.97660        8.980062        111.3578        8.641437        308.8732      -0.4115206E-03
   11 s   23    15.70459        9.219492        108.4658        10.13719        392.8960      -0.1556813E-03
   11 s   24    15.66283        9.586250        104.3161        14.34306        89.93178       0.1075809    
   11 s   25    15.64644        9.967090        100.3302        14.33874        89.91746       0.1070440    
   11 s   26    15.63119        10.34786        96.63834        14.33471        89.90177       0.1065427    
   12 s    1    111.3805        4.173620        239.6002       0.9798218        209.8191      -0.1068218E-04
   12 s    2    67.51368        4.216424        237.1678        3.067368        227.4470      -0.1311395E-03
   12 s    3    52.11423        4.556558        219.4639        24.03967        85.09558      -0.9009110E-04
   12 s    4    45.84066        5.153187        194.0547        23.53336        83.16296       0.1651018E-03
   12 s    5    39.42569        5.416946        184.6059        2.906615        204.5110      -0.6243985E-05
   12 s    6    34.06491        5.531376        180.7869        7.561275        295.0445       0.6704204E-05
   12 s    7    30.98096        5.804552        172.2786        12.57091        679.0674       0.1827300E-03
   12 s    8    28.83204        6.122190        163.3402        12.53425        671.2682       0.1135470E-03
   12 s    9    27.88317        6.617261        151.1199        21.49215        87.54733       0.6450316E-02
   12 s   10    26.26411        6.889132        145.1562        11.21347        442.8188      -0.1672345E-03
   12 s   11    25.01974        7.187752        139.1256        12.38445        536.5904      -0.2603259E-03
   12 s   12    24.02572        7.502377        133.2911        12.70559        548.2099      -0.2102755E-03
   12 s   13    23.19099        7.821061        127.8599        12.75708        521.4184      -0.9787316E-04
   12 s   14    22.46510        8.137460        122.8885        12.39100        446.6313      -0.2578202E-07
   12 s   15    21.68304        8.395844        119.1065        8.729062        314.1415      -0.8540263E-03
   12 s   16    20.89920        8.614421        116.0844        8.797720        341.8959      -0.1250434E-02
   12 s   17    20.19897        8.830386        113.2453        8.476539        340.9788      -0.1431600E-02
   12 s   18    19.54720        9.033764        110.6958        7.859803        321.5180      -0.1446218E-02
   12 s   19    18.93008        9.221460        108.4427        7.266653        300.2339      -0.1363820E-02
   12 s   20    18.34852        9.396527        106.4223        6.853824        284.3784      -0.1252262E-02
   12 s   21    17.80631        9.563676        104.5623        6.618268        273.9686      -0.1143571E-02
   12 s   22    17.30492        9.726679        102.8100        6.505336        267.3106      -0.1043642E-02
   12 s   23    16.84331        9.887988        101.1328        6.469922        263.0992      -0.9490722E-03
   12 s   24    16.42106        10.05032        99.49935        6.486856        260.6581      -0.8504256E-03
   12 s   25    16.03230        10.21289        97.91552        6.577191        260.4898      -0.7537571E-03
   12 s   26    15.67822        10.37899        96.34851        6.771651        263.6062      -0.6489444E-03
   13 s    1    119.7518        4.487307        222.8508        14.55343        714.1141      -0.2205660E-02
   13 s    2    77.71412        4.853471        206.0381        14.77420        925.8612      -0.2320200E-03
   13 s    3    59.67708        5.217808        191.6513        13.75901        925.1040      -0.6823356E-03
   13 s    4    47.67321        5.359193        186.5952        1.899373        198.3618      -0.6554183E-05
   13 s    5    41.74385        5.735453        174.3541        22.33623        91.76762       0.3620405E-03
   13 s    6    37.56274        6.099344        163.9521        9.158590        465.6597      -0.6735958E-03
   13 s    7    33.60930        6.296994        158.8059        6.868698        344.4968      -0.5439628E-04
   13 s    8    30.42866        6.461217        154.7696        6.505006        294.6609       0.1426726E-03
   13 s    9    27.99198        6.643083        150.5325        8.769474        287.2828       0.2373278E-03
   13 s   10    27.32852        7.168329        139.5025        21.67711        84.97434       0.6746806E-02
   13 s   11    26.84341        7.711662        129.6737        21.03817        86.55720       0.6610742E-02
   13 s   12    25.19717        7.868182        127.0942        5.925619        258.5929      -0.1836240E-03
   13 s   13    23.79281        8.024022        124.6258        6.619799        275.4959      -0.3667681E-03
   13 s   14    22.64902        8.204081        121.8906        7.950146        329.1392      -0.6405467E-03
   13 s   15    21.85914        8.464032        118.1470        12.33717        553.7604      -0.8454243E-04
   13 s   16    21.28620        8.773941        113.9739        12.34198        519.9625      -0.3123561E-07
   13 s   17    20.76771        9.079025        110.1440        12.04722        501.0405      -0.2868452E-04
   13 s   18    20.28604        9.375221        106.6642        11.63437        483.3910      -0.9671130E-04
   13 s   19    19.82906        9.659380        103.5263        11.08086        460.2133      -0.1955668E-03
   13 s   20    19.38468        9.927162        100.7337        10.31635        426.6592      -0.3414627E-03
   13 s   21    18.94649        10.17606        98.26985        9.248901        380.9945      -0.5461826E-03
   13 s   22    18.48841        10.39189        96.22888        8.066092        334.8509      -0.7374201E-03
   13 s   23    18.02236        10.58015        94.51659        7.102034        301.3977      -0.8257966E-03
   13 s   24    17.56225        10.74877        93.03389        6.494743        281.5427      -0.8270474E-03
   13 s   25    17.12041        10.90603        91.69237        6.174412        270.6251      -0.7935043E-03
   13 s   26    16.70379        11.05792        90.43293        6.048116        265.0463      -0.7531170E-03
   14 s    1    128.5749        4.817925        207.5582        28.18010        83.98315       0.3209340E-04
   14 s    2    84.89440        5.301901        188.6116       0.7889154        188.8454      -0.1559002E-04
   14 s    3    60.94281        5.328477        187.6709        1.623003        191.4509      -0.2285501E-04
   14 s    4    49.48106        5.562423        179.7778        12.64093        708.3184      -0.1679720E-02
   14 s    5    42.70550        5.867581        170.4280        12.14019        366.8192      -0.1524619E-02
   14 s    6    39.05734        6.342033        157.6781        22.93204        84.00062       0.6887705E-03
   14 s    7    36.16521        6.775865        147.5826        10.25182        337.4848      -0.4915243E-03
   14 s    8    33.17001        7.043315        141.9786        10.91252        424.3460      -0.1051764E-03
   14 s    9    30.81740        7.313617        136.7313        10.29343        405.5590       0.1629952E-03
   14 s   10    28.76965        7.546340        132.5146        7.994506        313.7046       0.1115755E-03
   14 s   11    26.87242        7.719996        129.5337        6.529918        248.6571       0.1225078E-03
   14 s   12    26.42070        8.250246        121.2085        21.26582        84.84717       0.6746170E-02
   14 s   13    25.79144        8.698050        114.9683        10.44253        441.3108      -0.2587663E-03
   14 s   14    24.65305        8.929993        111.9822        8.089906        332.4811      -0.3848384E-03
   14 s   15    23.53984        9.114813        109.7115        6.964729        293.3812      -0.4626121E-03
   14 s   16    22.53642        9.289265        107.6511        7.136627        294.0778      -0.5936059E-03
   14 s   17    21.67563        9.475941        105.5304        7.864654        314.1584      -0.8092010E-03
   14 s   18    20.95043        9.682269        103.2816        8.660479        343.9225      -0.1073332E-02
   14 s   19    20.33390        9.905304        100.9560        9.185230        370.0681      -0.1282631E-02
   14 s   20    19.80265        10.14121        98.60760        9.353486        381.8622      -0.1311508E-02
   14 s   21    19.31574        10.37438        96.39127        9.376744        383.7690      -0.1102749E-02
   14 s   22    18.87405        10.60865        94.26271        9.426565        387.5299      -0.7779658E-03
   14 s   23    18.47161        10.84389        92.21783        9.414600        391.1595      -0.5171606E-03
   14 s   24    18.09944        11.07755        90.27268        9.290357        390.3043      -0.3629415E-03
   14 s   25    17.75032        11.30730        88.43844        9.104181        385.4253      -0.2793959E-03
   14 s   26    17.42023        11.53221        86.71368        8.903907        377.9655      -0.2352492E-03
   15 s    1    140.9956        5.283348        189.2739        2.375079        214.0351      -0.4361923E-03
   15 s    2    87.22377        5.447376        183.5746        23.91854        87.67576      -0.1737104E-03
   15 s    3    68.69892        6.006625        166.4828        14.39325        406.0184      -0.9634988E-03
   15 s    4    55.63870        6.254636        159.8814        6.871567        324.9150      -0.3532131E-03
   15 s    5    46.58299        6.400333        156.2419        5.580430        258.1385      -0.5811101E-03
   15 s    6    40.41687        6.562791        152.3742        7.729339        271.7236      -0.8371787E-03
   15 s    7    37.02089        6.936185        144.1715        23.07053        83.80695       0.9126096E-03
   15 s    8    35.42017        7.521112        132.9591        23.21646        83.48248       0.1288669E-02
   15 s    9    32.52665        7.719255        129.5462        5.225848        262.6014      -0.9071394E-05
   15 s   10    30.06584        7.886334        126.8016        8.298758        354.0867       0.8969278E-04
   15 s   11    28.30497        8.131546        122.9778        10.91824        490.4802       0.8478658E-04
   15 s   12    26.95693        8.417691        118.7974        11.59510        530.7372      -0.6769546E-04
   15 s   13    26.04757        8.784428        113.8378        21.11885        84.81492       0.6666370E-02
   15 s   14    25.71649        9.315201        107.3514        20.99962        84.80149       0.6559262E-02
   15 s   15    24.89259        9.638609        103.7494        12.70844        481.7237      -0.1708012E-03
   15 s   16    24.16118        9.958976        100.4119        12.56174        492.5594      -0.2987732E-03
   15 s   17    23.35983        10.21222        97.92189        6.750493        291.6916      -0.4779019E-03
   15 s   18    22.43660        10.36911        96.44034        6.200170        277.0885      -0.4841999E-03
   15 s   19    21.61340        10.52859        94.97949        6.640324        286.3354      -0.6132103E-03
   15 s   20    20.89962        10.70298        93.43192        7.378850        307.6297      -0.8522725E-03
   15 s   21    20.28939        10.89733        91.76562        8.219068        339.5842      -0.1191170E-02
   15 s   22    19.76729        11.11072        90.00318        8.882224        372.9764      -0.1552029E-02
   15 s   23    19.30933        11.33568        88.21702        9.147993        390.7298      -0.1817170E-02
   15 s   24    18.89023        11.56154        86.49363        8.976949        382.5601      -0.1901775E-02
   15 s   25    18.49037        11.77872        84.89885        8.480913        355.5481      -0.1790094E-02
   15 s   26    18.09910        11.98162        83.46119        7.856577        325.1747      -0.1538598E-02
   16 s    1    142.1903        5.328116        187.6836        13.91695        492.5115      -0.2377318E-02
   16 s    2    91.15376        5.692815        175.6600        13.96668        531.3437      -0.2595102E-02
   16 s    3    69.41963        6.069639        164.7544        22.04817        89.15883      -0.8361940E-04
   16 s    4    58.44947        6.570609        152.1929        10.19017        355.3848      -0.4646400E-03
   16 s    5    49.94025        6.861608        145.7384        12.30311        570.3914      -0.7065719E-03
   16 s    6    44.18092        7.173989        139.3925        12.45469        664.4828      -0.1166782E-02
   16 s    7    39.89269        7.474242        133.7928        10.03779        394.0747      -0.1132493E-02
   16 s    8    35.84076        7.610420        131.3988        3.951348        227.9767      -0.1223859E-03
   16 s    9    34.15434        8.105541        123.3724        22.78934        87.85339       0.1493365E-02
   16 s   10    32.38511        8.494684        117.7207        12.76257        829.3407      -0.7179517E-04
   16 s   11    30.54702        8.775648        113.9517        8.486385        392.0609       0.8129823E-04
   16 s   12    28.62358        8.938126        111.8803        5.851275        267.5104       0.1591033E-05
   16 s   13    26.99390        9.103575        109.8470        7.772352        295.1381      -0.1856159E-05
   16 s   14    25.78053        9.338399        107.0847        10.96055        388.2089      -0.6096584E-04
   16 s   15    25.42088        9.843166        101.5933        20.90033        84.79890       0.6435639E-02
   16 s   16    24.46394        10.08377        99.16927        6.669190        297.0657      -0.1534630E-03
   16 s   17    23.57687        10.30710        97.02046        11.74575        467.6379      -0.3490018E-04
   16 s   18    22.94804        10.60547        94.29096        11.78516        493.6826      -0.9578630E-04
   16 s   19    22.36114        10.89284        91.80342        11.21322        476.6610      -0.1043771E-03
   16 s   20    21.80484        11.16656        89.55312        10.69673        453.3386      -0.1242215E-03
   16 s   21    21.27584        11.42714        87.51093        10.13388        420.2853      -0.1856421E-03
   16 s   22    20.76451        11.67123        85.68077        9.372118        377.3309      -0.3296531E-03
   16 s   23    20.26247        11.89523        84.06733        8.614828        342.4587      -0.5803184E-03
   16 s   24    19.77797        12.10487        82.61136        8.282563        330.9350      -0.9121149E-03
   16 s   25    19.32635        12.31126        81.22644        8.337832        337.0335      -0.1290228E-02
   16 s   26    18.91320        12.52055        79.86868        8.494529        348.1105      -0.1649845E-02
   17 s    1    163.5799        6.129624        163.1421        15.45610        413.4831      -0.4182726E-03
   17 s    2    100.9902        6.307132        158.5507        2.543634        222.1806      -0.3745142E-03
   17 s    3    73.04942        6.387007        156.5679        4.560781        231.9559      -0.4298639E-03
   17 s    4    59.36722        6.673778        149.8402        24.29831        82.43598      -0.7189598E-05
   17 s    5    52.96030        7.276552        137.4277        23.73089        82.25959      -0.1428773E-04
   17 s    6    46.13943        7.492006        133.4756        2.213710        225.7819      -0.1554926E-05
   17 s    7    40.40318        7.569886        132.1024        5.453197        319.9019      -0.2427432E-03
   17 s    8    36.90968        7.837396        127.5934        12.86564        937.5439      -0.1035917E-02
   17 s    9    34.42471        8.169707        122.4034        13.73056        582.2835      -0.5690014E-03
   17 s   10    33.14005        8.692705        115.0390        23.03665        83.25649       0.1700759E-02
   17 s   11    31.04743        8.919407        112.1151        8.531865        334.2884       0.1079034E-03
   17 s   12    29.42113        9.187174        108.8474        11.44296        554.8264       0.2778810E-03
   17 s   13    28.07014        9.466531        105.6353        10.55626        510.4106       0.1622952E-03
   17 s   14    26.80979        9.711223        102.9736        8.853929        403.8661      -0.3370859E-04
   17 s   15    25.59717        9.911428        100.8936        7.211085        326.2430      -0.1612824E-03
   17 s   16    25.15531        10.36874        96.44372        20.81448        84.81087       0.6304561E-02
   17 s   17    24.91525        10.89220        91.80879        20.73807        84.83354       0.6172652E-02
   17 s   18    24.19412        11.18134        89.43468        9.085625        401.8552      -0.6041074E-03
   17 s   19    23.37403        11.38625        87.82523        7.492705        334.1287      -0.5661244E-03
   17 s   20    22.58512        11.56615        86.45919        7.080414        312.2565      -0.4987775E-03
   17 s   21    21.87062        11.74660        85.13103        7.480718        317.9113      -0.4449917E-03
   17 s   22    21.25091        11.94463        83.71965        8.455795        347.9905      -0.3764295E-03
   17 s   23    20.73166        12.17067        82.16474        9.623636        396.8352      -0.2856040E-03
   17 s   24    20.29681        12.42243        80.49958        10.45258        439.6566      -0.2147986E-03
   17 s   25    19.91972        12.68925        78.80687        10.83999        460.2663      -0.1887457E-03
   17 s   26    19.57849        12.96097        77.15472        10.84728        456.3426      -0.2191238E-03
   18 s    1    167.9003        6.291514        158.9443        20.43376        100.4674      -0.7288245E-04
   18 s    2    105.3479        6.579281        151.9923        14.84221        579.2701      -0.1630306E-02
   18 s    3    79.50478        6.951424        143.8554        14.80389        867.5631      -0.2310674E-02
   18 s    4    65.11569        7.319994        136.6121        14.34615        1039.012      -0.2089458E-02
   18 s    5    54.18188        7.444393        134.3293        1.661788        217.7069      -0.9362307E-06
   18 s    6    48.42395        7.862960        127.1786        22.84457        86.61240       0.5098507E-04
   18 s    7    44.42623        8.323640        120.1397        12.33981        459.0021      -0.4903466E-03
   18 s    8    40.32152        8.561864        116.7970        6.375104        313.4324      -0.4302940E-03
   18 s    9    36.56577        8.677824        115.2363        3.757018        236.5949      -0.1760570E-03
   18 s   10    33.44995        8.773993        113.9732        4.252468        232.6791      -0.8690441E-04
   18 s   11    32.27555        9.272227        107.8490        22.97832        83.21710       0.1899479E-02
   18 s   12    31.52393        9.843801        101.5868        13.64214        147.4437       0.9017840E-03
   18 s   13    29.68883        10.01243        99.87587        6.381999        279.3195       0.1249611E-03
   18 s   14    28.12505        10.18765        98.15809        7.740115        318.0355       0.1291323E-03
   18 s   15    26.87138        10.40481        96.10937        9.516442        391.9143       0.1186652E-04
   18 s   16    25.86233        10.66017        93.80712        10.69131        464.9398      -0.2116084E-03
   18 s   17    25.00454        10.93124        91.48094        10.68744        478.5054      -0.4646598E-03
   18 s   18    24.69702        11.41376        87.61355        20.66786        84.86359       0.6044030E-02
   18 s   19    24.24947        11.81270        84.65462        11.68967        399.1863      -0.4096567E-03
   18 s   20    23.62937        12.10092        82.63831        10.99849        397.7838      -0.6768769E-03
   18 s   21    22.99520        12.35061        80.96769        8.933819        342.7739      -0.7693469E-03
   18 s   22    22.33161        12.55206        79.66820        7.382538        302.3458      -0.7260498E-03
   18 s   23    21.67967        12.72721        78.57183        6.784292        285.4481      -0.6769507E-03
   18 s   24    21.06920        12.89516        77.54848        6.747485        281.6853      -0.6678685E-03
   18 s   25    20.51158        13.06627        76.53292        7.016258        286.3337      -0.7023423E-03
   18 s   26    20.01058        13.24702        75.48868        7.526563        299.9739      -0.7673389E-03
   19 s    1    168.9112        6.329396        157.9930        9.920211        172.4848      -0.1293599E-03
   19 s    2    111.3935        6.956848        143.7433        24.75709        86.42366      -0.1204968E-03
   19 s    3    84.45497        7.384240        135.4236       0.9149564        204.8910      -0.7467404E-05
   19 s    4    65.93527        7.412127        134.9140        1.528605        206.2054      -0.6935458E-04
   19 s    5    55.93639        7.685456        130.1159        14.09380        831.4186      -0.1407477E-02
   19 s    6    49.47051        8.032899        124.4881        13.69376        529.9298      -0.7954661E-03
   19 s    7    45.19563        8.467793        118.0945        22.07920        86.82887       0.1505260E-04
   19 s    8    41.34492        8.779172        113.9060        8.766370        359.4347      -0.4461241E-03
   19 s    9    38.10785        9.043793        110.5731        11.48993        592.6221      -0.8752117E-03
   19 s   10    35.59800        9.337432        107.0958        11.69914        618.2952      -0.8431735E-03
   19 s   11    33.49238        9.621801        103.9306        10.57569        479.2086      -0.4807216E-03
   19 s   12    31.54588        9.850657        101.5161        16.39258        117.4824       0.1147659E-02
   19 s   13    30.72431        10.36164        96.50983        11.84045        698.8097       0.8647008E-04
   19 s   14    29.42364        10.65803        93.82597        11.50113        644.5010       0.1798961E-03
   19 s   15    28.21075        10.92343        91.54637        9.372271        433.4059       0.8421146E-04
   19 s   16    26.99931        11.12882        89.85680        7.391448        314.3210       0.3269284E-05
   19 s   17    25.88079        11.31431        88.38364        7.828140        296.5748      -0.4550821E-05
   19 s   18    24.96191        11.53618        86.68380        10.07440        336.9806      -0.1202981E-03
   19 s   19    24.49752        11.93354        83.79744        20.60150        84.89951       0.5921244E-02
   19 s   20    24.31417        12.45162        80.31082        20.53745        84.93927       0.5805591E-02
   19 s   21    23.95477        12.86598        77.72435        11.85395        448.2133      -0.3491197E-05
   19 s   22    23.36595        13.13344        76.14151        8.353182        364.1964      -0.3759609E-03
   19 s   23    22.71015        13.33216        75.00661        7.707144        331.9803      -0.5542307E-03
   19 s   24    22.09089        13.52047        73.96191        7.410250        316.3688      -0.6171022E-03
   19 s   25    21.51209        13.70362        72.97343        7.302934        307.9082      -0.6654788E-03
   19 s   26    20.97642        13.88641        72.01288        7.383461        306.3275      -0.7222179E-03
   20 s    1    187.9851        7.044128        141.9622        15.85376        954.3017      -0.1720160E-02
   20 s    2    117.9103        7.363842        135.7987        1.139225        211.6628      -0.7759020E-04
   20 s    3    86.45351        7.558980        132.2930        23.61757        88.87907      -0.1357379E-03
   20 s    4    72.30212        8.127857        123.0337        17.86847        224.4643      -0.8652373E-03
   20 s    5    61.46675        8.445308        118.4089        8.938397        401.3607      -0.1361236E-02
   20 s    6    52.72195        8.560860        116.8107        2.725793        222.1090      -0.1898392E-03
   20 s    7    46.09570        8.636429        115.7886        3.893792        229.6749      -0.1287117E-03
   20 s    8    42.59603        9.044834        110.5603        22.91817        83.02021       0.2397684E-03
   20 s    9    40.53552        9.619929        103.9509        22.81586        83.63224       0.4538363E-03
   20 s   10    37.25681        9.772540        102.3275        3.664158        249.7435      -0.1676129E-04
   20 s   11    34.40476        9.883912        101.1745        5.583595        295.5009      -0.7917819E-04
   20 s   12    32.28532        10.08156        99.19102        9.978906        512.6128      -0.1224202E-03
   20 s   13    30.89580        10.41947        95.97413        22.62883        83.75365       0.2217524E-02
   20 s   14    30.33035        10.98646        91.02110        22.44704        83.98072       0.2369511E-02
   20 s   15    28.93968        11.20567        89.24050        8.775479        364.3167       0.2380530E-03
   20 s   16    27.80307        11.46012        87.25911        11.15117        512.0314       0.2403592E-03
   20 s   17    26.87885        11.75063        85.10181        11.73509        586.1988       0.9036418E-04
   20 s   18    26.05580        12.04172        83.04459        11.37642        554.8789      -0.5665010E-04
   20 s   19    25.28749        12.31836        81.17963        10.72852        476.8755      -0.9946434E-04
   20 s   20    24.57304        12.58419        79.46477        10.74458        423.6445      -0.2671648E-04
   20 s   21    24.08428        12.93554        77.30638        8.326872        331.7694      -0.4857534E-03
   20 s   22    23.45770        13.18501        75.84372        12.59494        445.1071      -0.3763128E-03
   20 s   23    23.00764        13.50680        74.03680        12.87488        511.0380      -0.3893331E-03
   20 s   24    22.58425        13.82242        72.34621        12.34107        524.7446      -0.4064688E-03
   20 s   25    22.16979        14.12259        70.80854        11.70721        519.0802      -0.3637475E-03
   20 s   26    21.76530        14.40864        69.40280        11.22757        506.4965      -0.3077540E-03
