    0 s    2    5.096753       0.3183070        3141.622        6.720913        515.3261       0.1236232E-01
    0 s    3    5.553957       0.4856049        2059.287        7.011793        433.5276       0.7062751E-02
    0 s    4    5.967164       0.6708000        1490.757        7.744745        389.1613       0.5880310E-02
    0 s    5    6.324821       0.8690074        1150.738        8.035137        370.0625       0.4977578E-02
    0 s    6    6.585559        1.069347        935.1505        7.919109        360.6164       0.3999657E-02
    0 s    7    6.736677        1.262175        792.2833        7.439473        354.6033       0.2880358E-02
    0 s    8    6.778913        1.439433        694.7179        6.707306        349.6359       0.1739938E-02
    0 s    9    6.732951        1.597871        625.8329        5.984144        344.6902       0.8670990E-03
    0 s   10    6.635735        1.740567        574.5253        5.464244        339.0917       0.3772938E-03
    0 s   11    6.519157        1.872845        533.9470        5.140425        332.5145       0.1534320E-03
    0 s   12    6.400528        1.998657        500.3359        4.935535        324.9955       0.6060993E-04
    0 s   13    6.286830        2.120206        471.6523        4.792632        316.7447       0.2361782E-04
    0 s   14    6.180186        2.238629        446.7020        4.682142        308.0189       0.9124273E-05
    0 s   15    6.080830        2.354545        424.7104        4.590475        299.0710       0.3500013E-05
    0 s   16    5.988371        2.468341        405.1304        4.511573        290.1265       0.1333779E-05
    0 s   17    5.902267        2.580295        387.5525        4.442589        281.3696       0.5051595E-06
    0 s   18    5.821979        2.690635        371.6594        4.381935        272.9386       0.1903334E-06
    0 s   19    5.747009        2.799555        357.1996        4.328482        264.9272       0.7146657E-07
    0 s   20    5.676907        2.907222        343.9710        4.281276        257.3905       0.2691320E-07
    0 s   21    5.611263        3.013781        331.8092        4.239444        250.3530       0.1026856E-07
    0 s   22    5.549705        3.119356        320.5790        4.202187        243.8160       0.4092629E-08
    0 s   23    5.491889        3.224053        310.1686        4.168785        237.7647       0.1379505E-08
    0 s   24    5.437502        3.327960        300.4844        4.138605        232.1742       0.5486489E-09
    0 s   25    5.386255        3.431149        291.4475        4.111102        227.0133       0.2430756E-09
    0 s   26    5.337885        3.533683        282.9909        4.085817        222.2481       0.1317670E-09
    1 s    2    10.99649       0.6867625        1456.108        10.95787        319.4010       0.1748850E-02
    1 s    3    10.85138       0.9487804        1053.985        9.988366        291.6734       0.2583340E-03
    1 s    4    10.53876        1.184717        844.0835        8.820982        280.2480       0.2991199E-03
    1 s    5    10.07749        1.384611        722.2246        7.052411        299.8913       0.9542676E-03
    1 s    6    9.490571        1.541055        648.9060        5.730611        347.1118       0.2429080E-02
    1 s    7    8.991951        1.684720        593.5705        5.927896        371.0385       0.4048999E-02
    1 s    8    8.680792        1.843278        542.5118        6.775939        377.9308       0.5580755E-02
    1 s    9    8.531084        2.024605        493.9234        7.660910        378.6301       0.6785807E-02
    1 s   10    8.483919        2.225350        449.3675        8.295900        376.7394       0.7562492E-02
    1 s   11    8.488789        2.438687        410.0567        8.667125        372.8087       0.8016801E-02
    1 s   12    8.514882        2.658895        376.0961        8.846193        365.0834       0.8230738E-02
    1 s   13    8.544763        2.881684        347.0193        8.863283        347.5010       0.8095766E-02
    1 s   14    8.563514        3.101934        322.3795        8.595790        302.3967       0.6939301E-02
    1 s   15    8.541851        3.307472        302.3457        7.667673        224.2132       0.3410357E-02
    1 s   16    8.461976        3.487934        286.7027        6.853440        187.4558       0.8680773E-03
    1 s   17    8.360785        3.655086        273.5913        6.544733        178.8148       0.2405504E-03
    1 s   18    8.258783        3.816808        261.9990        6.390327        176.0223       0.8033535E-04
    1 s   19    8.160716        3.975351        251.5501        6.283688        174.7963       0.3005646E-04
    1 s   20    8.067540        4.131498        242.0430        6.196748        174.1718       0.1199381E-04
    1 s   21    7.979235        4.285606        233.3392        6.119877        173.8363       0.4965234E-05
    1 s   22    7.895500        4.437871        225.3333        6.049019        173.6535       0.2098697E-05
    1 s   23    7.815961        4.588416        217.9401        5.982247        173.5490       0.8970584E-06
    1 s   24    7.740252        4.737331        211.0893        5.918607        173.4755       0.3854448E-06
    1 s   25    7.668033        4.884686        204.7214        5.857638        173.3995       0.1658521E-06
    1 s   26    7.599007        5.030548        198.7855        5.799136        173.2958       0.7125736E-07
    2 s    1    10.97500       0.4112523        2431.598        12.99241        408.5255       0.2252362E-03
    2 s    2    15.22005       0.9505360        1052.038        19.98160        96.61962       0.8427736E-01
    2 s    3    14.32945        1.252882        798.1598        6.245303        433.8385       0.2671114E-02
    2 s    4    12.39932        1.393872        717.4262        5.388187        401.0183       0.7282863E-03
    2 s    5    11.18408        1.536652        650.7653        6.300230        324.5014       0.9076232E-03
    2 s    6    10.54270        1.711897        584.1472        7.545197        260.5623       0.6564333E-03
    2 s    7    10.16953        1.905350        524.8380        7.809324        233.1366       0.4704026E-03
    2 s    8    9.889098        2.099849        476.2246        7.711875        218.5679       0.4128609E-03
    2 s    9    9.652383        2.290713        436.5453        7.538078        208.7330       0.4203051E-03
    2 s   10    9.443734        2.477112        403.6960        7.359098        201.5607       0.4758854E-03
    2 s   11    9.256518        2.659243        376.0469        7.197746        196.4994       0.5920730E-03
    2 s   12    9.087676        2.837758        352.3909        7.071139        193.7644       0.8228671E-03
    2 s   13    8.936978        3.013957        331.7898        7.019809        195.0950       0.1349850E-02
    2 s   14    8.810400        3.191363        313.3458        7.208005        209.3152       0.2872563E-02
    2 s   15    8.732618        3.381339        295.7409        8.034820        271.3213       0.6763581E-02
    2 s   16    8.718954        3.593858        278.2525        8.738487        350.1985       0.9677793E-02
    2 s   17    8.731086        3.816971        261.9879        8.931811        380.0936       0.1064906E-01
    2 s   18    8.747591        4.042711        247.3588        8.968175        389.2946       0.1111846E-01
    2 s   19    8.763008        4.268746        234.2608        8.952806        391.2862       0.1141942E-01
    2 s   20    8.775533        4.494071        222.5154        8.902257        387.5054       0.1153521E-01
    2 s   21    8.782679        4.717132        211.9932        8.731996        364.2952       0.1086289E-01
    2 s   22    8.761429        4.924589        203.0626        7.379799        243.8591       0.3588735E-02
    2 s   23    8.682469        5.097106        196.1898        6.669459        209.4553       0.2966516E-03
    2 s   24    8.598797        5.262793        190.0132        6.591087        204.6287       0.5599654E-04
    2 s   25    8.519884        5.427332        184.2526        6.562709        201.6789       0.1544556E-04
    2 s   26    8.446030        5.591277        178.8500        6.541568        199.1677       0.5103724E-05
    3 s    1    25.13097       0.9417009        1061.908        6.372213        844.0505       0.1575915E-02
    3 s    2    17.83194        1.113656        897.9430        7.401321        354.4532       0.3833897E-02
    3 s    3    16.53349        1.445590        691.7593        17.27314        90.85344       0.6659520E-01
    3 s    4    16.68492        1.875639        533.1517        16.65791        90.23161       0.6210407E-01
    3 s    5    16.68057        2.291849        436.3289        16.24372        90.24876       0.5813546E-01
    3 s    6    15.86477        2.576082        388.1865        5.530802        287.6767       0.9903723E-04
    3 s    7    14.47067        2.711205        368.8397        5.278718        280.0950       0.1522707E-03
    3 s    8    13.37939        2.840978        351.9915        5.118397        273.6818       0.2619244E-03
    3 s    9    12.50885        2.968612        336.8578        5.105884        268.3727       0.3592516E-03
    3 s   10    11.80913        3.097560        322.8348        5.214163        263.6634       0.4271917E-03
    3 s   11    11.24401        3.230217        309.5767        5.393543        259.1476       0.4634631E-03
    3 s   12    10.78507        3.367793        296.9304        5.600891        254.5967       0.4727299E-03
    3 s   13    10.40957        3.510582        284.8530        5.806391        249.9315       0.4624492E-03
    3 s   14    10.09946        3.658293        273.3515        5.992364        245.1750       0.4407370E-03
    3 s   15    9.840487        3.810315        262.4455        6.150366        240.4117       0.4153292E-03
    3 s   16    9.621583        3.965911        252.1489        6.278333        235.7535       0.3934055E-03
    3 s   17    9.434201        4.124352        242.4623        6.378246        231.3216       0.3825256E-03
    3 s   18    9.271830        4.284989        233.3728        6.454620        227.2559       0.3938634E-03
    3 s   19    9.129595        4.447323        224.8544        6.514615        223.7986       0.4531767E-03
    3 s   20    9.004101        4.611124        216.8669        6.574683        221.7305       0.6528589E-03
    3 s   21    8.894615        4.777252        209.3254        6.732996        226.4758       0.1608747E-02
    3 s   22    8.821954        4.958609        201.6695        8.059170        319.5056       0.9142487E-02
    3 s   23    8.813863        5.174242        193.2650        8.735514        396.2026       0.1272848E-01
    3 s   24    8.816191        5.395847        185.3277        8.773397        403.6074       0.1321769E-01
    3 s   25    8.818598        5.617619        178.0114        8.757530        404.8069       0.1348832E-01
    3 s   26    8.820119        5.838924        171.2644        8.732310        404.9263       0.1371297E-01
    4 s    1    37.57992        1.408185        710.1340        11.81625        365.2753       0.2415357E-03
    4 s    2    27.57948        1.722418        580.5791        13.05046        447.0968       0.2207604E-03
    4 s    3    23.49899        2.054611        486.7100        13.45175        493.7208       0.8741734E-04
    4 s    4    20.45726        2.299707        434.8380        5.193399        304.2210       0.1710013E-03
    4 s    5    17.73232        2.436357        410.4489        5.625108        295.1163       0.1049258E-03
    4 s    6    16.63116        2.700526        370.2983        16.01724        90.07291       0.5528171E-01
    4 s    7    16.56891        3.104329        322.1308        15.88549        89.98809       0.5311065E-01
    4 s    8    16.50698        3.505090        285.2994        15.77965        89.99022       0.5131560E-01
    4 s    9    15.60056        3.702339        270.0995        6.808011        333.8035       0.6968858E-04
    4 s   10    14.73816        3.865852        258.6752        6.334505        307.2842       0.1292137E-03
    4 s   11    13.99830        4.021479        248.6647        6.135137        293.0907       0.1943321E-03
    4 s   12    13.36662        4.173920        239.5829        6.064438        284.6723       0.2501823E-03
    4 s   13    12.82626        4.325601        231.1818        6.066714        279.3760       0.2881785E-03
    4 s   14    12.36219        4.477914        223.3183        6.110130        275.9381       0.3056109E-03
    4 s   15    11.96149        4.631584        215.9088        6.172035        273.6634       0.3037916E-03
    4 s   16    11.61325        4.786854        208.9055        6.236333        272.1378       0.2863433E-03
    4 s   17    11.30827        4.943640        202.2801        6.292764        271.1071       0.2579261E-03
    4 s   18    11.03896        5.101670        196.0143        6.336135        270.4142       0.2233169E-03
    4 s   19    10.79910        5.260594        190.0926        6.365261        269.9612       0.1867564E-03
    4 s   20    10.58373        5.420072        184.4994        6.381691        269.6821       0.1515399E-03
    4 s   21    10.38890        5.579822        179.2172        6.388394        269.5253       0.1198525E-03
    4 s   22    10.21151        5.739645        174.2268        6.388615        269.4419       0.9282451E-04
    4 s   23    10.04913        5.899414        169.5083        6.385079        269.3808       0.7073999E-04
    4 s   24    9.899811        6.059063        165.0420        6.379601        269.2875       0.5331074E-04
    4 s   25    9.761958        6.218557        160.8090        6.373057        269.1070       0.3993734E-04
    4 s   26    9.634240        6.377873        156.7921        6.365570        268.7869       0.2991097E-04
    5 s    1    47.12979        1.766035        566.2402        29.67275        97.10812       0.8417577E-04
    5 s    2    33.64837        2.101438        475.8646        2.718072        329.5857       0.4930835E-03
    5 s    3    24.97227        2.183426        457.9958        4.000705        308.6118       0.3603182E-03
    5 s    4    21.26943        2.391008        418.2337        13.37679        508.3211       0.3488011E-04
    5 s    5    19.79057        2.719152        367.7617        12.79247        516.2281       0.1483579E-04
    5 s    6    18.63652        3.026152        330.4526        11.67594        506.5577       0.1074022E-04
    5 s    7    17.59965        3.297447        303.2650        9.918694        463.6810       0.1483014E-04
    5 s    8    16.57646        3.519842        284.1037        7.951339        386.1302       0.7048196E-04
    5 s    9    16.44839        3.903548        256.1772        15.70668        89.88496       0.4992993E-01
    5 s   10    16.24003        4.259794        234.7531        9.700489        355.2819       0.2027343E-04
    5 s   11    15.66076        4.499076        222.2679        9.400181        367.8738       0.2611699E-04
    5 s   12    15.14163        4.728193        211.4973        8.891348        371.5885       0.3948000E-04
    5 s   13    14.65449        4.942162        202.3406        8.195783        364.3847       0.6440972E-04
    5 s   14    14.18341        5.137610        194.6430        7.444493        346.8117       0.1014612E-03
    5 s   15    13.72920        5.316053        188.1095        6.866039        327.0775       0.1417158E-03
    5 s   16    13.30300        5.483350        182.3703        6.549103        312.0438       0.1744194E-03
    5 s   17    12.91355        5.645421        177.1347        6.432183        302.3590       0.1949628E-03
    5 s   18    12.56341        5.806196        172.2298        6.433165        296.4018       0.2031453E-03
    5 s   19    12.25096        5.967841        167.5648        6.494108        292.6718       0.2004007E-03
    5 s   20    11.97264        6.131354        163.0961        6.577878        290.1382       0.1887642E-03
    5 s   21    11.72414        6.296977        158.8063        6.660218        288.1180       0.1705619E-03
    5 s   22    11.50105        6.464462        154.6919        6.725215        286.1526       0.1482256E-03
    5 s   23    11.29914        6.633241        150.7559        6.763233        283.9364       0.1240921E-03
    5 s   24    11.11462        6.802576        147.0031        6.770015        281.2842       0.1002032E-03
    5 s   25    10.94423        6.971685        143.4373        6.746171        278.1203       0.7814615E-04
    5 s   26    10.78527        7.139858        140.0588        6.696582        274.4744       0.5896591E-04
    6 s    1    53.46070        2.003265        499.1850        7.704696        554.6112       0.7377589E-03
    6 s    2    39.85382        2.488986        401.7700        25.13887        104.7784       0.1357816E-03
    6 s    3    32.79021        2.866981        348.7990        12.22815        443.6798       0.7594531E-03
    6 s    4    27.77150        3.121938        320.3138        7.785899        324.4059       0.5304085E-03
    6 s    5    23.84099        3.275666        305.2815        5.323098        267.0859       0.2684211E-03
    6 s    6    21.01474        3.412322        293.0556        5.850255        260.5134       0.1386716E-03
    6 s    7    19.08573        3.575878        279.6516        7.340818        269.2032       0.6405691E-04
    6 s    8    17.80640        3.781007        264.4798        8.973612        298.2829       0.2952130E-04
    6 s    9    16.92409        4.016443        248.9765        9.689433        332.4372       0.1989111E-04
    6 s   10    16.39373        4.300111        232.5522        15.64121        89.84459       0.4874938E-01
    6 s   11    16.34310        4.695099        212.9881        15.58572        89.80840       0.4775889E-01
    6 s   12    16.24341        5.072240        197.1515        6.551156        249.8331       0.5724062E-04
    6 s   13    15.54490        5.242448        190.7506        7.080860        252.1192       0.7021928E-04
    6 s   14    14.98279        5.427169        184.2581        7.677724        260.0698       0.7296644E-04
    6 s   15    14.52784        5.625293        177.7685        8.121547        271.1787       0.6806095E-04
    6 s   16    14.14750        5.831447        171.4840        8.322207        281.2135       0.6281267E-04
    6 s   17    13.81629        6.040069        165.5610        8.332913        288.1040       0.6047859E-04
    6 s   18    13.51795        6.247338        160.0682        8.224327        291.7221       0.6125552E-04
    6 s   19    13.24262        6.450911        155.0169        8.043656        292.5074       0.6448818E-04
    6 s   20    12.98422        6.649398        150.3895        7.822158        290.9296       0.6928265E-04
    6 s   21    12.73912        6.842115        146.1536        7.586445        287.4765       0.7450780E-04
    6 s   22    12.50550        7.029042        142.2669        7.363283        282.7547       0.7884507E-04
    6 s   23    12.28298        7.210810        138.6807        7.177352        277.4899       0.8107299E-04
    6 s   24    12.07209        7.388584        135.3439        7.045561        272.3908       0.8043535E-04
    6 s   25    11.87375        7.563809        132.2085        6.973325        267.9886       0.7681790E-04
    6 s   26    11.68870        7.737924        129.2336        6.955272        264.5645       0.7065022E-04
    7 s    1    59.84885        2.242640        445.9030        8.331134        278.2982       0.5065786E-03
    7 s    2    41.01241        2.561343        390.4201        17.06529        283.0774       0.8285357E-03
    7 s    3    36.59831        3.199938        312.5060        25.94717        94.32215       0.5941902E-03
    7 s    4    30.32712        3.409229        293.3215        8.630665        367.7588       0.1556169E-03
    7 s    5    26.75827        3.676489        271.9987        11.95211        494.8301       0.2773475E-03
    7 s    6    24.49881        3.978056        251.3791        11.79263        479.7664       0.2711354E-03
    7 s    7    22.66690        4.246840        235.4692        9.417690        376.3868       0.2169066E-03
    7 s    8    20.94853        4.448207        224.8097        6.964376        298.4008       0.1341116E-03
    7 s    9    19.42228        4.609315        216.9520        6.124740        269.6956       0.7209581E-04
    7 s   10    18.14890        4.760495        210.0622        6.030634        258.1134       0.4425433E-04
    7 s   11    17.10193        4.913100        203.5375        6.201438        252.1960       0.4347587E-04
    7 s   12    16.29629        5.088753        196.5118        15.53827        89.77536       0.4691676E-01
    7 s   13    16.25305        5.481271        182.4394        15.49778        89.74409       0.4619259E-01
    7 s   14    16.21312        5.872826        170.2758        15.46324        89.71424       0.4556287E-01
    7 s   15    16.17623        6.263565        159.6535        15.43387        89.68525       0.4500990E-01
    7 s   16    15.73489        6.485751        154.1842        6.282547        255.8310       0.1050098E-03
    7 s   17    15.19718        6.643755        150.5173        6.347720        252.0631       0.1244156E-03
    7 s   18    14.72172        6.803662        146.9797        6.435772        248.8325       0.1362257E-03
    7 s   19    14.30031        6.966147        143.5514        6.554499        246.2695       0.1394120E-03
    7 s   20    13.92660        7.132000        140.2131        6.704705        244.5266       0.1346920E-03
    7 s   21    13.59522        7.301921        136.9503        6.878049        243.6957       0.1239728E-03
    7 s   22    13.30121        7.476291        133.7562        7.058038        243.7351       0.1097505E-03
    7 s   23    13.03967        7.655033        130.6330        7.225199        244.4484       0.9445894E-04
    7 s   24    12.80576        7.837617        127.5898        7.363988        245.5430       0.7991835E-04
    7 s   25    12.59494        8.023223        124.6382        7.466946        246.7329       0.6711071E-04
    7 s   26    12.40323        8.210945        121.7887        7.534268        247.8153       0.5630726E-04
    8 s    1    77.55968        2.906296        344.0806        14.00607        920.9343       0.2940629E-02
    8 s    2    51.35275        3.207128        311.8055        1.422110        237.7982       0.7327253E-05
    8 s    3    37.35401        3.266012        306.1838        4.132546        257.0542       0.4644257E-04
    8 s    4    34.09193        3.832451        260.9296        21.14501        140.4756       0.9329646E-03
    8 s    5    30.43388        4.181505        239.1484        10.97609        561.9349       0.2855776E-03
    8 s    6    27.14752        4.408146        226.8527        7.697531        339.2248       0.7969958E-04
    8 s    7    24.62169        4.613088        216.7745        9.341561        342.1964       0.1104304E-04
    8 s    8    22.98791        4.881248        204.8656        11.83249        425.1956       0.2624568E-06
    8 s    9    21.85957        5.187735        192.7624        12.38787        491.0801       0.1354845E-05
    8 s   10    20.90638        5.483788        182.3557        10.75444        478.9569       0.2294077E-04
    8 s   11    19.84664        5.701608        175.3891        7.072032        327.8609       0.5931218E-04
    8 s   12    18.78226        5.865034        170.5020        6.254666        285.8254       0.4641310E-04
    8 s   13    17.84969        6.019730        166.1204        6.156730        272.4023       0.4481294E-04
    8 s   14    17.04447        6.173965        161.9705        6.182246        265.2582       0.5873949E-04
    8 s   15    16.34579        6.329219        157.9974        6.229507        260.1273       0.8125205E-04
    8 s   16    16.14215        6.653616        150.2942        15.40893        89.65683       0.4451998E-01
    8 s   17    16.11063        7.043090        141.9831        15.38776        89.62876       0.4408244E-01
    8 s   18    16.08148        7.432078        134.5519        15.36973        89.60091       0.4368888E-01
    8 s   19    15.77369        7.683876        130.1427        6.266073        267.4653       0.1122935E-03
    8 s   20    15.30890        7.839897        127.5527        6.216034        259.7372       0.1340268E-03
    8 s   21    14.88656        7.995497        125.0704        6.224820        254.6647       0.1486044E-03
    8 s   22    14.50296        8.151764        122.6728        6.266315        251.1715       0.1555788E-03
    8 s   23    14.15424        8.309351        120.3463        6.329139        248.7566       0.1554785E-03
    8 s   24    13.83688        8.468703        118.0818        6.407035        247.1435       0.1494765E-03
    8 s   25    13.54768        8.630138        115.8730        6.495568        246.1491       0.1390520E-03
    8 s   26    13.28378        8.793872        113.7156        6.591031        245.6340       0.1257210E-03
    9 s    1    84.98361        3.184483        314.0227       0.5066603        223.7425       0.7263251E-05
    9 s    2    52.08680        3.252971        307.4113        13.64102        825.8813       0.1919123E-02
    9 s    3    41.01022        3.585689        278.8864        13.08486        682.3299       0.1179926E-02
    9 s    4    34.94163        3.927970        254.5844        16.90163        194.3423       0.7877537E-03
    9 s    5    32.10595        4.411240        226.6936        6.855665        243.0456       0.2460243E-03
    9 s    6    28.49845        4.627507        216.0991        10.73613        427.6919       0.2376166E-03
    9 s    7    26.21862        4.912285        203.5713        11.53665        519.8909       0.3146423E-03
    9 s    8    24.42071        5.185490        192.8458        10.11004        433.8029       0.3457658E-03
    9 s    9    22.80700        5.412581        184.7547        8.187558        331.7147       0.2654638E-03
    9 s   10    21.39447        5.611815        178.1955        8.402113        298.0139       0.1360099E-03
    9 s   11    20.40213        5.861191        170.6138        11.22170        384.3076       0.2815140E-04
    9 s   12    19.68762        6.147743        162.6613        11.47859        442.2599       0.7658385E-05
    9 s   13    19.06788        6.430560        155.5075        11.10834        461.4638       0.4283875E-05
    9 s   14    18.50056        6.701396        149.2226        10.51554        459.1120       0.4970730E-05
    9 s   15    17.95660        6.952937        143.8241        9.515511        424.7199       0.1066327E-04
    9 s   16    17.40205        7.172935        139.4129        8.053705        357.8693       0.2746126E-04
    9 s   17    16.83297        7.358872        135.8904        6.935156        306.0444       0.5504660E-04
    9 s   18    16.28309        7.525251        132.8859        6.444026        280.5209       0.8502223E-04
    9 s   19    16.05448        7.820661        127.8664        15.35432        89.57320       0.4333260E-01
    9 s   20    16.02946        8.208904        121.8189        15.34105        89.54556       0.4300824E-01
    9 s   21    15.97724        8.581296        116.5325        8.387742        339.1847       0.7002962E-04
    9 s   22    15.62338        8.781530        113.8754        7.654928        308.0296       0.1008816E-03
    9 s   23    15.27377        8.966574        111.5253        7.184080        287.0059       0.1292068E-03
    9 s   24    14.93868        9.143045        109.3728        6.950968        274.7396       0.1502648E-03
    9 s   25    14.62372        9.315592        107.3469        6.853766        267.5456       0.1630440E-03
    9 s   26    14.33023        9.486621        105.4116        6.820296        263.0062       0.1679020E-03
   10 s    1    93.19040        3.492006        286.3684        28.21151        93.18538       0.1899973E-03
   10 s    2    65.03939        4.061898        246.1904        14.08065        533.6291       0.2086807E-02
   10 s    3    48.40178        4.231963        236.2970        2.924670        239.5143       0.3384419E-03
   10 s    4    38.30568        4.306141        232.2265        3.412456        233.1270       0.1808205E-03
   10 s    5    32.84011        4.512111        221.6257        23.78803        94.78572       0.1472408E-02
   10 s    6    31.53353        5.120337        195.2996        24.03480        91.57894       0.1931694E-02
   10 s    7    29.53043        5.532782        180.7409        6.547314        273.1819       0.1966713E-03
   10 s    8    26.90767        5.713570        175.0219        8.310634        302.4243       0.1328453E-03
   10 s    9    25.08749        5.953788        167.9603        10.80151        380.9216       0.2271550E-03
   10 s   10    23.78012        6.237575        160.3187        11.48208        436.2345       0.3052562E-03
   10 s   11    22.63885        6.503764        153.7571        9.473532        379.4900       0.2549850E-03
   10 s   12    21.48667        6.709524        149.0419        7.240297        310.2462       0.1371996E-03
   10 s   13    20.39527        6.878217        145.3865        6.454153        280.8337       0.6578032E-04
   10 s   14    19.43290        7.039115        142.0633        6.529012        271.1350       0.3593292E-04
   10 s   15    18.62108        7.210229        138.6919        7.276386        277.7725       0.2786692E-04
   10 s   16    17.97259        7.408107        134.9872        8.585175        309.5903       0.2564660E-04
   10 s   17    17.46814        7.636552        130.9492        9.561457        353.6989       0.2314126E-04
   10 s   18    17.05159        7.880414        126.8969        9.849151        381.7365       0.2395338E-04
   10 s   19    16.68000        8.125371        123.0713        9.680670        387.1886       0.3038206E-04
   10 s   20    16.32764        8.361606        119.5943        9.158755        370.8228       0.4508655E-04
   10 s   21    16.00623        8.596862        116.3215        15.32951        89.51794       0.4271145E-01
   10 s   22    15.98464        8.984582        111.3018        15.31936        89.49029       0.4243862E-01
   10 s   23    15.96455        9.372103        106.6996        15.31030        89.46257       0.4218678E-01
   10 s   24    15.71417        9.617674        103.9752        9.787627        358.5033       0.4351574E-04
   10 s   25    15.48125        9.861858        101.4008        9.692012        365.3659       0.5162169E-04
   10 s   26    15.26069        10.10259        98.98453        9.243261        356.5818       0.7210042E-04
   11 s    1    99.15016        3.715328        269.1552        15.70249        553.2080       0.2993787E-02
   11 s    2    66.58418        4.158374        240.4786        23.98760        91.26120       0.8672936E-04
   11 s    3    51.29957        4.485329        222.9491        13.32029        654.5842       0.1839218E-02
   11 s    4    42.84367        4.816280        207.6291        12.90285        708.4062       0.1819988E-02
   11 s    5    37.27967        5.122091        195.2328        11.41130        580.8869       0.1348430E-02
   11 s    6    33.05387        5.367205        186.3167        7.934249        335.9064       0.5970416E-03
   11 s    7    30.52890        5.719853        174.8297        23.25463        91.48132       0.2163875E-02
   11 s    8    28.61907        6.076968        164.5557        10.73016        593.7858       0.1150981E-03
   11 s    9    26.70874        6.338545        157.7649        10.12486        524.3308       0.3633133E-04
   11 s   10    25.09867        6.583435        151.8964        9.661462        427.0180       0.1859293E-06
   11 s   11    23.81088        6.840467        146.1889        11.26709        427.2476       0.4545812E-04
   11 s   12    22.89049        7.147887        139.9015        13.04215        492.3777       0.1251560E-03
   11 s   13    22.15871        7.472927        133.8164        12.54953        479.7342       0.1345924E-03
   11 s   14    21.40589        7.753786        128.9693        9.642882        362.7253       0.7686250E-04
   11 s   15    20.54952        7.956935        125.6765        6.921380        282.0650       0.2074506E-04
   11 s   16    19.68644        8.114537        123.2356        5.905939        254.0286       0.5303278E-05
   11 s   17    18.89237        8.259180        121.0774        5.751804        244.9940       0.1037602E-04
   11 s   18    18.18736        8.405315        118.9723        5.981818        243.7581       0.2352155E-04
   11 s   19    17.57346        8.560605        116.8142        6.476825        248.3181       0.3843226E-04
   11 s   20    17.05016        8.731620        114.5263        7.239103        260.4990       0.4923936E-04
   11 s   21    16.61624        8.924498        112.0511        8.194639        282.9472       0.5135617E-04
   11 s   22    16.26257        9.140800        109.3996        9.057245        312.5855       0.4692200E-04
   11 s   23    15.96904        9.374740        106.6696        9.589931        339.9833       0.4284541E-04
   11 s   24    15.94582        9.759455        102.4647        15.30208        89.43474       0.4195342E-01
   11 s   25    15.92838        10.14669        98.55435        15.29446        89.40603       0.4173622E-01
   11 s   26    15.65638        10.36453        96.48289        7.207900        261.7208       0.8826271E-04
   12 s    1    111.9705        4.195730        238.3376       0.9207238        219.2170       0.6602948E-04
   12 s    2    67.91371        4.241407        235.7708        3.897948        240.2150       0.3515572E-03
   12 s    3    54.89857        4.800004        208.3331        25.81308        87.78061       0.1259149E-04
   12 s    4    47.58146        5.348880        186.9550        2.427265        220.8095       0.2810718E-05
   12 s    5    39.49481        5.426442        184.2828        4.010905        241.1821       0.4072298E-04
   12 s    6    34.30880        5.570978        179.5017        7.977025        351.2878       0.2296181E-03
   12 s    7    31.01597        5.811112        172.0841        10.68837        504.8864       0.2548428E-03
   12 s    8    29.69107        6.304596        158.6144        22.97891        89.65862       0.2378031E-02
   12 s    9    28.15723        6.682300        149.6491        7.235339        300.2357       0.2714043E-03
   12 s   10    26.26352        6.888978        145.1594        9.388920        364.1522       0.2390819E-03
   12 s   11    24.87919        7.147375        139.9115        11.12317        457.1165       0.2289167E-03
   12 s   12    23.81556        7.436752        134.4673        11.90419        515.0947       0.1902114E-03
   12 s   13    22.94349        7.737591        129.2392        12.12525        512.2805       0.1094512E-03
   12 s   14    22.20731        8.044082        124.3150        12.46803        500.1421       0.3206143E-04
   12 s   15    21.58610        8.358308        119.6414        12.47124        512.0816       0.1059337E-04
   12 s   16    20.99821        8.655234        115.5370        11.08464        461.5096      -0.2202462E-05
   12 s   17    20.37342        8.906651        112.2756        9.024701        368.8083      -0.2574788E-04
   12 s   18    19.71167        9.109777        109.7722        7.356557        305.2750      -0.2924340E-04
   12 s   19    19.05171        9.280708        107.7504        6.430640        274.2546      -0.1259748E-04
   12 s   20    18.42467        9.435526        105.9824        6.014340        259.6670       0.1020508E-04
   12 s   21    17.84372        9.583770        104.3431        5.872342        252.5949       0.3309795E-04
   12 s   22    17.31185        9.730574        102.7689        5.883570        249.2728       0.5428401E-04
   12 s   23    16.82808        9.879045        101.2244        5.999894        248.1885       0.7278202E-04
   12 s   24    16.39198        10.03252        99.67586        6.222767        249.0028       0.8717664E-04
   12 s   25    16.00027        10.19249        98.11149        6.593077        252.5835       0.9399425E-04
   12 s   26    15.91203        10.53377        94.93273        15.28733        89.37781       0.4153375E-01
   13 s    1    120.9366        4.531704        220.6675        14.96272        740.6585       0.3784274E-02
   13 s    2    78.28108        4.888879        204.5459        13.85825        819.0238       0.3653768E-02
   13 s    3    59.81114        5.229530        191.2218        13.33042        853.4308       0.2100416E-02
   13 s    4    48.34424        5.434627        184.0053        24.10281        95.07265       0.1510586E-03
   13 s    5    42.60576        5.853876        170.8270        12.45591        619.5454       0.1202347E-02
   13 s    6    37.81424        6.140182        162.8616        10.29082        535.4909       0.1143184E-02
   13 s    7    33.92956        6.356998        157.3070        7.226064        347.9156       0.7119964E-03
   13 s    8    30.70122        6.519092        153.3956        6.205175        290.3998       0.3928797E-03
   13 s    9    28.97860        6.877229        145.4074        22.57689        89.02061       0.2494553E-02
   13 s   10    28.36322        7.439734        134.4134        22.24962        88.59739       0.2566172E-02
   13 s   11    27.09352        7.783516        128.4766        4.193084        234.7554       0.1231127E-03
   13 s   12    25.28417        7.895347        126.6569        4.914179        239.8585       0.1120873E-03
   13 s   13    23.83545        8.038400        124.4029        6.748584        266.4882       0.1483867E-03
   13 s   14    22.75648        8.243006        121.3150        9.683663        339.0324       0.1828220E-03
   13 s   15    21.99075        8.514991        117.4399        11.83123        421.2140       0.1232301E-03
   13 s   16    21.40537        8.823059        113.3394        12.66446        445.4969       0.1835020E-04
   13 s   17    20.90895        9.140772        109.3999        12.67612        441.5583      -0.3346701E-04
   13 s   18    20.45561        9.453590        105.7799        12.33505        439.2714      -0.3445175E-04
   13 s   19    20.02855        9.756559        102.4952        11.89953        440.5859      -0.2401716E-04
   13 s   20    19.62906        10.05231        99.47963        11.37869        441.1190      -0.1723582E-04
   13 s   21    19.22952        10.32808        96.82345        10.59878        431.5647      -0.1719733E-04
   13 s   22    18.80934        10.57228        94.58698        8.639357        370.9207      -0.1940572E-04
   13 s   23    18.32603        10.75843        92.95038        6.557294        298.5842       0.5927933E-05
   13 s   24    17.82979        10.91251        91.63792        5.890923        274.4147       0.3855022E-04
   13 s   25    17.35641        11.05637        90.44560        5.643073        264.0631       0.6347888E-04
   13 s   26    16.91225        11.19592        89.31826        5.524436        257.9899       0.8192317E-04
   14 s    1    133.7655        5.012425        199.5042        32.04235        89.06937       0.1995717E-03
   14 s    2    84.33349        5.266870        189.8661        1.034885        210.5487       0.9170473E-05
   14 s    3    60.61470        5.299788        188.6868        1.659035        212.6477       0.2618796E-04
   14 s    4    49.49518        5.564011        179.7265        14.00108        476.3948       0.1206514E-02
   14 s    5    44.28850        6.085078        164.3364        24.45987        90.95940       0.1553163E-03
   14 s    6    40.42524        6.564150        152.3426        7.728027        271.5285       0.4499816E-03
   14 s    7    36.27676        6.796765        147.1288        11.15763        422.2175       0.7849220E-03
   14 s    8    33.45744        7.104347        140.7589        13.12870        578.2828       0.8969828E-03
   14 s    9    31.31507        7.431723        134.5583        12.63438        546.5829       0.7941218E-03
   14 s   10    29.24223        7.670300        130.3730        5.716631        265.3938       0.3066621E-03
   14 s   11    27.82805        7.994534        125.0855        21.96538        88.24721       0.2598924E-02
   14 s   12    27.12697        8.470787        118.0528        11.71849        524.3606       0.4805708E-03
   14 s   13    25.89918        8.734384        114.4900        9.182904        371.0048       0.3931746E-03
   14 s   14    24.66246        8.933404        111.9394        7.071345        289.1694       0.2878604E-03
   14 s   15    23.51737        9.106114        109.8163        7.024309        279.7138       0.2280406E-03
   14 s   16    22.55249        9.295889        107.5744        8.315320        311.7424       0.1762097E-03
   14 s   17    21.79003        9.525953        104.9764        10.06545        382.9680       0.6928283E-04
   14 s   18    21.18563        9.790970        102.1349        10.91495        445.0243      -0.8937627E-04
   14 s   19    20.65600        10.06221        99.38177        10.11295        413.6342      -0.1988550E-03
   14 s   20    20.10217        10.29460        97.13835        8.509982        341.3332      -0.1822937E-03
   14 s   21    19.53626        10.49282        95.30323        7.575418        299.9219      -0.1012889E-03
   14 s   22    19.01626        10.68858        93.55778        8.481207        309.0620      -0.2761065E-04
   14 s   23    18.60438        10.92183        91.55972        9.921898        363.7309      -0.2340493E-05
   14 s   24    18.25750        11.17429        89.49115        10.17469        390.4423       0.2979001E-06
   14 s   25    17.94056        11.42848        87.50066        10.14313        401.0109       0.5921463E-06
   14 s   26    17.64520        11.68113        85.60813        10.06347        405.7390       0.7662315E-06
   15 s    1    140.0118        5.246484        190.6038       0.7492306        211.1481       0.2749954E-04
   15 s    2    90.58720        5.657432        176.7586        18.59073        284.7339       0.2327194E-02
   15 s    3    69.20119        6.050540        165.2745        13.81544        707.7887       0.3957239E-02
   15 s    4    56.08973        6.305338        158.5958        6.217069        311.8108       0.1406654E-02
   15 s    5    46.79206        6.429059        155.5438        4.789930        255.7880       0.4271508E-03
   15 s    6    41.31728        6.708997        149.0536        23.95810        91.51578       0.2042477E-03
   15 s    7    39.05259        7.316842        136.6710        24.11428        91.38598       0.3022537E-03
   15 s    8    35.71368        7.583437        131.8663        2.978597        248.6498       0.1920491E-05
   15 s    9    32.30547        7.666766        130.4331        4.139342        258.1112       0.2394802E-04
   15 s   10    29.92849        7.850306        127.3836        11.30562        507.0425       0.4091357E-03
   15 s   11    28.41090        8.161978        122.5193        12.79735        627.2401       0.5180766E-03
   15 s   12    27.35784        8.542881        117.0565        21.72673        87.94644       0.2606002E-02
   15 s   13    26.84862        9.054580        110.4414        8.238578        296.8567       0.1836373E-04
   15 s   14    25.65925        9.294468        107.5909        10.66302        391.4514       0.5186900E-04
   15 s   15    24.72353        9.573147        104.4589        11.41994        447.9353       0.3828568E-04
   15 s   16    23.91600        9.857915        101.4413        11.21372        453.7020       0.4878447E-05
   15 s   17    23.15968        10.12472        98.76815        9.488055        386.5399       0.3094828E-04
   15 s   18    22.37014        10.33839        96.72684        8.083093        334.2738       0.1090866E-03
   15 s   19    21.65730        10.54997        94.78696        9.096054        369.1758       0.3916381E-04
   15 s   20    21.08397        10.79739        92.61499        10.65525        456.5431      -0.1650327E-03
   15 s   21    20.61609        11.07280        90.31142        11.18363        515.4704      -0.3766329E-03
   15 s   22    20.17981        11.34259        88.16330        10.23571        463.9243      -0.4508197E-03
   15 s   23    19.71817        11.57569        86.38791        8.425716        370.8182      -0.3482099E-03
   15 s   24    19.22409        11.76588        84.99150        6.938704        312.7603      -0.1892286E-03
   15 s   25    18.72464        11.92796        83.83664        6.136877        285.0446      -0.7149296E-04
   15 s   26    18.24193        12.07617        82.80772        5.773710        271.4113       0.1565780E-05
   16 s    1    142.0653        5.323433        187.8487        16.29596        577.9616       0.1866709E-02
   16 s    2    92.57572        5.781621        172.9619        23.01910        110.6761       0.1077314E-02
   16 s    3    72.98576        6.381440        156.7044        6.673672        205.0253       0.4288384E-03
   16 s    4    58.46618        6.572488        152.1494        11.30300        451.4454       0.2298559E-02
   16 s    5    50.13541        6.888422        145.1711        13.08419        722.0851       0.2113385E-02
   16 s    6    44.41374        7.211793        138.6618        12.65107        786.0775       0.1394056E-02
   16 s    7    39.96225        7.487275        133.5599        7.005282        378.4082       0.3260191E-03
   16 s    8    37.02553        7.861995        127.1942        14.25009        360.6456       0.7446811E-03
   16 s    9    34.49020        8.185248        122.1710        12.72254        711.8439       0.5398370E-03
   16 s   10    32.40102        8.498856        117.6629        12.29215        672.0212       0.3770007E-03
   16 s   11    30.44978        8.747714        114.3156        6.244062        272.7133       0.7245150E-04
   16 s   12    28.44918        8.883668        112.5661        5.683018        244.3353       0.5836441E-06
   16 s   13    26.94103        9.085742        110.0626        21.53599        87.65764       0.2598294E-02
   16 s   14    26.56924        9.624091        103.9059        21.37005        87.42142       0.2577660E-02
   16 s   15    25.59589        9.910931        100.8987        6.956795        304.7789       0.4247870E-03
   16 s   16    24.45790        10.08128        99.19375        6.780084        287.7258       0.3496294E-03
   16 s   17    23.49474        10.27120        97.35959        8.839947        327.8730       0.2456074E-03
   16 s   18    22.77976        10.52770        94.98754        11.32024        418.5600       0.9038378E-04
   16 s   19    22.21789        10.82306        92.39534        12.17173        465.4133       0.2515515E-04
   16 s   20    21.73951        11.13310        89.82223        12.60462        489.8285       0.4019751E-05
   16 s   21    21.32270        11.45231        87.31861        12.92019        507.5634      -0.2603102E-06
   16 s   22    20.95480        11.77819        84.90270        13.12434        522.2917      -0.1191256E-06
   16 s   23    20.59835        12.09241        82.69651        10.57052        441.8297      -0.2337273E-03
   16 s   24    20.17896        12.35030        80.96972        10.37507        450.9006      -0.5384780E-03
   16 s   25    19.77949        12.59992        79.36559        9.436791        395.5387      -0.5301621E-03
   16 s   26    19.35697        12.81432        78.03767        7.750218        321.5625      -0.3473921E-03
   17 s    1    164.4613        6.162649        162.2679        15.01709        617.8092       0.4223472E-02
   17 s    2    101.1798        6.318970        158.2536        2.020167        231.7756       0.2201978E-03
   17 s    3    73.34251        6.412632        155.9422        23.06514        95.18669       0.1401116E-03
   17 s    4    62.77601        7.056978        141.7037        25.72763        87.77409       0.1668643E-05
   17 s    5    54.13949        7.438568        134.4345        2.716955        256.6905       0.4151596E-03
   17 s    6    46.16279        7.495800        133.4080        2.329309        231.4630       0.2126874E-03
   17 s    7    40.54060        7.595634        131.6546        8.196604        310.0934       0.7445061E-03
   17 s    8    37.39344        7.940117        125.9427        22.28275        99.96850       0.3890817E-03
   17 s    9    35.94948        8.531565        117.2118        23.72156        89.34604       0.4723978E-03
   17 s   10    33.16604        8.699524        114.9488        3.935204        219.3625       0.5440815E-04
   17 s   11    30.85449        8.863981        112.8161        10.73949        449.2080       0.3062734E-03
   17 s   12    29.34705        9.164040        109.1222        12.39550        645.0341       0.4164787E-03
   17 s   13    28.05924        9.462854        105.6764        11.33253        541.6367       0.5028341E-03
   17 s   14    26.82447        9.716540        102.9173        8.874473        383.1102       0.5093065E-03
   17 s   15    26.23548        10.15859        98.43888        21.22746        87.20589       0.2549321E-02
   17 s   16    25.93401        10.68971        93.54787        21.10304        87.01476       0.2516244E-02
   17 s   17    25.30578        11.06293        90.39195        9.870495        416.7097       0.7076917E-03
   17 s   18    24.35838        11.25726        88.83158        6.255142        307.3328       0.4455957E-03
   17 s   19    23.40456        11.40112        87.71065        5.507049        286.5140       0.3007898E-03
   17 s   20    22.53554        11.54076        86.64943        5.751724        287.1933       0.2149755E-03
   17 s   21    21.77240        11.69384        85.51508        6.592342        302.9579       0.1079055E-03
   17 s   22    21.12925        11.87624        84.20171        8.125602        344.8639      -0.9019141E-04
   17 s   23    20.63985        12.11677        82.53023        12.51205        499.2002      -0.1539519E-03
   17 s   24    20.33696        12.44700        80.34065        13.38334        554.0511      -0.8903983E-04
   17 s   25    20.06357        12.78088        78.24186        13.30414        563.8483      -0.1268806E-03
   17 s   26    19.80310        13.10966        76.27961        12.97058        554.0107      -0.1576288E-03
   18 s    1    168.6046        6.317906        158.2803        2.475376        230.5186       0.3310346E-03
   18 s    2    105.3866        6.581697        151.9365        14.45528        693.1337       0.2442135E-02
   18 s    3    79.40422        6.942632        144.0376        14.39548        822.7722       0.2678510E-02
   18 s    4    64.79285        7.283701        137.2928        11.64319        662.1351       0.2530409E-02
   18 s    5    55.88647        7.678598        130.2321        20.04264        123.2192       0.9291693E-03
   18 s    6    49.48940        8.035966        124.4405        13.30201        631.8901       0.2357882E-02
   18 s    7    44.63215        8.362221        119.5855        12.25500        577.3615       0.1786473E-02
   18 s    8    40.23138        8.542724        117.0587        3.216187        215.2358       0.1700025E-03
   18 s    9    36.30647        8.616287        116.0593        3.048827        208.1734       0.4820122E-04
   18 s   10    34.79318        9.126326        109.5731        23.58703        89.07600       0.5796838E-03
   18 s   11    33.54509        9.636944        103.7673        7.927994        331.3329       0.3827144E-03
   18 s   12    31.36393        9.793841        102.1050        5.682276        268.4106       0.1026251E-03
   18 s   13    29.49682        9.947673        100.5260        7.013039        289.9809       0.8011379E-04
   18 s   14    28.05640        10.16278        98.39828        10.09806        382.8529       0.2270121E-03
   18 s   15    26.98360        10.44826        95.70967        12.49804        521.3321       0.4818762E-03
   18 s   16    26.12817        10.76975        92.85269        12.87442        567.6616       0.6974044E-03
   18 s   17    25.66025        11.21790        89.14325        20.99296        86.84060       0.2480597E-02
   18 s   18    25.14997        11.62309        86.03562        13.37723        557.6474       0.3990963E-03
   18 s   19    24.57108        11.96937        83.54657        13.96579        592.1179       0.5261636E-03
   18 s   20    24.02124        12.30160        81.29021        11.86175        455.6633       0.5816880E-03
   18 s   21    23.31284        12.52120        79.86452        6.220149        280.0933       0.4182402E-03
   18 s   22    22.52139        12.65873        78.99685        5.181782        257.6977       0.2475601E-03
   18 s   23    21.78762        12.79058        78.18257        5.468636        260.4628       0.1324234E-03
   18 s   24    21.13884        12.93778        77.29300        6.422427        279.3920      -0.1777180E-04
   18 s   25    20.59234        13.11772        76.23275        8.095843        326.9273      -0.2639216E-03
   18 s   26    20.15609        13.34334        74.94374        9.923118        408.2356      -0.5503875E-03
   19 s    1    172.3696        6.458988        154.8230        33.60347        85.44025       0.1035284E-03
   19 s    2    115.8146        7.232957        138.2560        26.18974        102.2795       0.6920529E-03
   19 s    3    84.93175        7.425927        134.6633        1.448931        224.6764       0.2034303E-03
   19 s    4    66.55353        7.481629        133.6607        4.216049        239.7005       0.7569519E-03
   19 s    5    56.30026        7.735451        129.2749        17.89099        195.1449       0.1720593E-02
   19 s    6    51.31746        8.332802        120.0077        24.68980        89.47487       0.6123683E-04
   19 s    7    45.49734        8.524320        117.3114        3.356924        223.4072       0.2148206E-03
   19 s    8    41.16185        8.740301        114.4125        12.87047        693.3810       0.1449957E-02
   19 s    9    38.22126        9.070707        110.2450        13.21322        764.7109       0.1215709E-02
   19 s   10    35.78893        9.387514        106.5245        11.93165        601.3295       0.8606507E-03
   19 s   11    33.82349        9.716923        102.9132        23.11763        89.29295       0.6614819E-03
   19 s   12    32.35114        10.10211        98.98921        11.53077        609.8903       0.3043301E-03
   19 s   13    30.82402        10.39527        96.19763        11.85286        670.7609       0.1843194E-03
   19 s   14    29.50426        10.68723        93.56960        11.38392        631.6646       0.8715449E-04
   19 s   15    28.26847        10.94578        91.35945        8.876127        445.3203       0.3256510E-04
   19 s   16    27.00914        11.13287        89.82408        6.789378        334.8874       0.8686700E-06
   19 s   17    25.91157        11.32777        88.27865        9.647690        392.5354       0.9976691E-04
   19 s   18    25.41042        11.74346        85.15378        20.89409        86.68281       0.2443886E-02
   19 s   19    25.18134        12.26665        81.52186        20.80403        86.53928       0.2407128E-02
   19 s   20    24.36431        12.47730        80.14557        7.962403        337.0311       0.7424651E-04
   19 s   21    23.71096        12.73503        78.52354        12.25810        490.9061       0.2084991E-04
   19 s   22    23.21233        13.04709        76.64544        12.26716        495.1265       0.1219004E-04
   19 s   23    22.71370        13.33424        74.99491        10.46127        408.2303       0.8390510E-05
   19 s   24    22.16207        13.56403        73.72438        8.025326        324.6286       0.7716526E-04
   19 s   25    21.58232        13.74836        72.73595        6.973119        296.8659       0.8635081E-04
   19 s   26    21.03125        13.92270        71.82516        7.121065        300.5776      -0.6419895E-05
   20 s    1    187.5212        7.026746        142.3134        15.57882        820.0409       0.4653580E-02
   20 s    2    118.1545        7.379091        135.5180        8.460426        242.7173       0.1162910E-02
   20 s    3    88.67355        7.753087        128.9809        15.58160        418.4902       0.2248747E-02
   20 s    4    72.44538        8.143962        122.7904        15.96622        772.8443       0.2862038E-02
   20 s    5    61.32898        8.426378        118.6749        1.708095        200.6788       0.1301809E-03
   20 s    6    52.14645        8.467411        118.0998        1.836061        202.2010       0.4468748E-04
   20 s    7    47.76710        8.949580        111.7371        24.35772        90.28395       0.1116404E-03
   20 s    8    44.73499        9.499019        105.2740        14.30838        288.2060       0.1427696E-02
   20 s    9    40.38058        9.583159        104.3497        3.108314        231.0310       0.1746769E-04
   20 s   10    36.88412        9.674783        103.3615        4.468225        252.4760       0.5822484E-04
   20 s   11    34.22963        9.833602        101.6921        8.852890        383.7296       0.2665846E-03
   20 s   12    32.98643        10.30049        97.08277        23.15440        88.50403       0.7604804E-03
   20 s   13    32.25635        10.87831        91.92601        21.74302        93.03590       0.8035128E-03
   20 s   14    30.39935        11.01146        90.81450        5.267617        290.0493       0.1130397E-03
   20 s   15    28.85645        11.17344        89.49792        8.269597        360.7907       0.8890616E-04
   20 s   16    27.72191        11.42667        87.51456        11.55477        538.4017       0.1242404E-03
   20 s   17    26.82530        11.72722        85.27167        12.27406        624.4884       0.2312300E-03
   20 s   18    26.02372        12.02690        83.14697        11.46665        564.1066       0.3674278E-03
   20 s   19    25.21286        12.28201        81.41993        8.696176        390.7051       0.3406762E-03
   20 s   20    24.97036        12.78766        78.20037        20.72103        86.40794       0.2371013E-02
   20 s   21    24.43083        13.12167        76.20979        10.68755        436.4007       0.9384794E-03
   20 s   22    23.78573        13.36939        74.79774        9.142066        365.0157       0.8780569E-03
   20 s   23    23.15489        13.59324        73.56595        9.133740        359.5127       0.6333153E-03
   20 s   24    22.61510        13.84131        72.24750        10.71819        424.6535       0.3553652E-03
   20 s   25    22.16965        14.12250        70.80901        11.59636        478.6696       0.1809269E-03
   20 s   26    21.77587        14.41564        69.36910        11.78135        496.5752       0.9922270E-04
