    0 s    2    5.016597       0.3133010        3191.819        6.496262        484.3328      -0.2307211E-02
    0 s    3    5.445261       0.4761012        2100.394        6.897678        399.6583      -0.3733348E-02
    0 s    4    5.857686       0.6584930        1518.619        7.690284        361.8198      -0.2951851E-02
    0 s    5    6.223964       0.8551499        1169.386        8.023409        347.0498      -0.2143189E-02
    0 s    6    6.498269        1.055173        947.7121        7.955152        339.5966      -0.1474080E-02
    0 s    7    6.667337        1.249183        800.5229        7.534472        333.7332      -0.9100661E-03
    0 s    8    6.731162        1.429294        699.6462        6.860153        327.7850      -0.4711090E-03
    0 s    9    6.708016        1.591953        628.1593        6.176531        321.8623      -0.2006655E-03
    0 s   10    6.632544        1.739730        574.8017        5.680902        316.0726      -0.7455242E-04
    0 s   11    6.535786        1.877622        532.5885        5.372869        310.0706      -0.2602319E-04
    0 s   12    6.434772        2.009351        497.6732        5.174818        303.5431      -0.8915297E-05
    0 s   13    6.336216        2.136861        467.9761        5.028099        296.3728      -0.3050184E-05
    0 s   14    6.241991        2.261016        442.2790        4.903008        288.5903      -0.1047313E-05
    0 s   15    6.152191        2.382177        419.7841        4.787170        280.3199      -0.3609668E-06
    0 s   16    6.066421        2.500513        399.9180        4.676403        271.7384      -0.1247297E-06
    0 s   17    5.984249        2.616135        382.2432        4.569874        263.0392      -0.4311329E-07
    0 s   18    5.905325        2.729154        366.4139        4.467864        254.4044      -0.1480132E-07
    0 s   19    5.829394        2.839687        352.1514        4.370849        245.9869      -0.4962693E-08
    0 s   20    5.756272        2.947866        339.2285        4.279194        237.9028      -0.1563014E-08
    0 s   21    5.685821        3.053825        327.4582        4.193098        230.2312      -0.3629548E-09
    0 s   22    5.617935        3.157706        316.6856        4.112627        223.0189       0.8170396E-10
    0 s   23    5.552524        3.259649        306.7815        4.037761        216.2864       0.2583579E-09
    0 s   24    5.489514        3.359793        297.6374        3.968428        210.0348       0.3469595E-09
    0 s   25    5.428836        3.458274        289.1615        3.904524        204.2508       0.3554254E-09
    0 s   26    5.370430        3.555228        281.2759        3.845917        198.9122       0.7315748E-10
    1 s    2    10.92932       0.6825678        1465.056        10.90696        303.0070       0.2806127E-03
    1 s    3    10.79006       0.9434184        1059.975        9.934218        276.8825      -0.1368464E-03
    1 s    4    10.47701        1.177776        849.0582        8.757463        266.8611      -0.2331131E-03
    1 s    5    10.01509        1.376037        726.7245        6.998658        288.6233      -0.6077528E-03
    1 s    6    9.423640        1.530187        653.5148        5.640195        338.9584      -0.1176660E-02
    1 s    7    8.917704        1.670809        598.5124        5.844538        363.3325      -0.1497960E-02
    1 s    8    8.602705        1.826697        547.4362        6.723222        370.6426      -0.1628547E-02
    1 s    9    8.453264        2.006137        498.4705        7.647948        371.9411      -0.1598427E-02
    1 s   10    8.409773        2.205901        453.3294        8.317710        369.1926      -0.1449073E-02
    1 s   11    8.419665        2.418829        413.4232        8.698398        360.7564      -0.1244278E-02
    1 s   12    8.448426        2.638143        379.0545        8.815862        338.7041      -0.1008141E-02
    1 s   13    8.467881        2.855756        350.1700        8.478991        279.1820      -0.6828987E-03
    1 s   14    8.430629        3.053800        327.4609        7.261204        193.6427      -0.2310996E-03
    1 s   15    8.325279        3.223614        310.2108        6.453575        164.1831      -0.4598749E-04
    1 s   16    8.202918        3.381153        295.7571        6.174636        157.0132      -0.1118171E-04
    1 s   17    8.083541        3.533883        282.9748        6.039522        154.1575      -0.3329056E-05
    1 s   18    7.971256        3.683927        271.4495        5.952402        152.5627      -0.1119095E-05
    1 s   19    7.866621        3.832087        260.9544        5.886427        151.5093      -0.4049675E-06
    1 s   20    7.769269        3.978749        251.3353        5.831469        150.7550      -0.1536031E-06
    1 s   21    7.678576        4.124123        242.4758        5.783006        150.1934      -0.6010622E-07
    1 s   22    7.593890        4.268343        234.2829        5.738917        149.7668      -0.2404340E-07
    1 s   23    7.514607        4.411504        226.6801        5.698235        149.4378      -0.9775864E-08
    1 s   24    7.440195        4.553684        219.6024        5.660537        149.1771      -0.4033631E-08
    1 s   25    7.370193        4.694956        212.9945        5.625618        148.9597      -0.1695928E-08
    1 s   26    7.304204        4.835388        206.8086        5.593311        148.7625      -0.7204182E-09
    2 s    1    10.90088       0.4084749        2448.131        12.81719        391.6635      -0.5694589E-04
    2 s    2    14.91288       0.9313523        1073.708        18.98004        93.66592       0.4318016E-01
    2 s    3    14.44722        1.263178        791.6538        6.184003        402.3699       0.8815652E-03
    2 s    4    12.43185        1.397529        715.5486        5.073969        373.8001      -0.1040674E-02
    2 s    5    11.14749        1.531624        652.9018        5.981481        293.8831      -0.8793076E-03
    2 s    6    10.46503        1.699285        588.4828        7.287305        232.6965      -0.4415489E-03
    2 s    7    10.06746        1.886227        530.1590        7.549600        207.4509      -0.2332543E-03
    2 s    8    9.765922        2.073694        482.2312        7.414765        194.0422      -0.1563373E-03
    2 s    9    9.508413        2.256546        443.1552        7.200557        184.9823      -0.1256946E-03
    2 s   10    9.279483        2.434028        410.8416        6.991110        178.6055      -0.1174252E-03
    2 s   11    9.073783        2.606746        383.6200        6.824992        174.8642      -0.1287974E-03
    2 s   12    8.891330        2.776446        360.1726        6.767898        175.7041      -0.1761941E-03
    2 s   13    8.742462        2.948357        339.1720        7.085342        192.7834      -0.3320149E-03
    2 s   14    8.665702        3.138949        318.5780        8.248265        269.9434      -0.6362917E-03
    2 s   15    8.667902        3.356280        297.9489        8.988023        350.1388      -0.6939261E-03
    2 s   16    8.695420        3.584157        279.0056        9.192796        378.3559      -0.6179342E-03
    2 s   17    8.726532        3.814980        262.1246        9.247792        386.8399      -0.5284396E-03
    2 s   18    8.755523        4.046377        247.1347        9.238501        386.3835      -0.4426721E-03
    2 s   19    8.779278        4.276672        233.8267        9.141669        373.2277      -0.3559378E-03
    2 s   20    8.788753        4.500841        222.1807        8.618500        314.3671      -0.2283141E-03
    2 s   21    8.746267        4.697575        212.8758        7.141637        222.9245      -0.4450143E-04
    2 s   22    8.663256        4.869408        205.3638        6.721920        206.0361      -0.6537306E-05
    2 s   23    8.579281        5.036528        198.5495        6.653186        202.1633      -0.1516617E-05
    2 s   24    8.500659        5.202729        192.2068        6.634094        199.9169      -0.4544606E-06
    2 s   25    8.427641        5.368572        186.2693        6.621680        197.9826      -0.1572267E-06
    2 s   26    8.359635        5.534083        180.6984        6.606781        196.0933      -0.5946738E-07
    3 s    1    25.35384       0.9500523        1052.574        6.764942        828.1571      -0.7149220E-03
    3 s    2    18.01319        1.124976        888.9079        7.075146        388.2966       0.7585621E-03
    3 s    3    16.12895        1.410219        709.1096        16.10600        90.70236       0.4234081E-01
    3 s    4    16.30137        1.832521        545.6962        15.81572        89.46489       0.4450699E-01
    3 s    5    16.33791        2.244770        445.4800        15.45170        89.74219       0.4448586E-01
    3 s    6    15.96454        2.592282        385.7604        5.570160        252.7142      -0.3110278E-03
    3 s    7    14.54602        2.725322        366.9291        5.120999        247.1057      -0.3329233E-03
    3 s    8    13.41880        2.849346        350.9578        4.848828        242.2263      -0.2618384E-03
    3 s    9    12.51161        2.969267        336.7835        4.783855        238.6413      -0.1972999E-03
    3 s   10    11.77937        3.089753        323.6505        4.878401        235.7186      -0.1458517E-03
    3 s   11    11.18739        3.213950        311.1436        5.067219        232.9716      -0.1072271E-03
    3 s   12    10.70732        3.343514        299.0865        5.297927        230.1668      -0.7914478E-04
    3 s   13    10.31595        3.479007        287.4383        5.535066        227.2679      -0.5917644E-04
    3 s   14    9.994548        3.620293        276.2208        5.757370        224.3624      -0.4530345E-04
    3 s   15    9.728229        3.766847        265.4740        5.954453        221.6028      -0.3602693E-04
    3 s   16    9.505332        3.917994        255.2327        6.124019        219.1775      -0.3039189E-04
    3 s   17    9.316927        4.073083        245.5143        6.270394        217.3539      -0.2812968E-04
    3 s   18    9.156483        4.231681        236.3127        6.407792        216.7457      -0.3037632E-04
    3 s   19    9.020274        4.394069        227.5795        6.589788        219.8437      -0.4357720E-04
    3 s   20    8.912824        4.564379        219.0878        7.168338        245.3072      -0.1067566E-03
    3 s   21    8.868612        4.763286        209.9391        8.679601        356.9568      -0.2341129E-03
    3 s   22    8.873837        4.987771        200.4904        9.117130        405.7863      -0.2223975E-03
    3 s   23    8.887148        5.217264        191.6713        9.189731        416.0096      -0.1835240E-03
    3 s   24    8.900851        5.447662        183.5650        9.201459        419.6689      -0.1457094E-03
    3 s   25    8.913611        5.678144        176.1139        9.197130        421.7064      -0.1114871E-03
    3 s   26    8.925163        5.908464        169.2487        9.187325        423.1657      -0.8086640E-04
    4 s    1    37.65924        1.411157        708.6385        11.67727        348.8572      -0.1767960E-03
    4 s    2    27.57753        1.722296        580.6202        12.93451        420.2229      -0.9642348E-04
    4 s    3    23.45976        2.051181        487.5239        13.24957        434.2554      -0.7484047E-04
    4 s    4    20.48805        2.303168        434.1846        5.868188        256.9566      -0.3640456E-03
    4 s    5    17.82836        2.449552        408.2379        5.869714        258.9284      -0.3849380E-03
    4 s    6    16.32096        2.650157        377.3361        15.21018        89.99640       0.4401375E-01
    4 s    7    16.28276        3.050716        327.7919        15.09424        90.08595       0.4348472E-01
    4 s    8    16.23915        3.448219        290.0048        14.99254        90.22888       0.4279039E-01
    4 s    9    15.65676        3.715677        269.1299        7.388697        361.0897      -0.2153866E-03
    4 s   10    14.84322        3.893409        256.8444        6.894435        326.9246      -0.2095785E-03
    4 s   11    14.13885        4.061856        246.1929        6.611942        306.1665      -0.1732287E-03
    4 s   12    13.52904        4.224638        236.7067        6.426545        291.8846      -0.1296974E-03
    4 s   13    12.99807        4.383541        228.1261        6.292631        281.0219      -0.9028956E-04
    4 s   14    12.53217        4.539488        220.2892        6.183804        272.1277      -0.5905438E-04
    4 s   15    12.11978        4.692873        213.0891        6.083803        264.5022      -0.3638648E-04
    4 s   16    11.75143        4.843811        206.4490        5.986239        257.8605      -0.2108746E-04
    4 s   17    11.41974        4.992371        200.3056        5.893736        252.1460      -0.1144007E-04
    4 s   18    11.11924        5.138772        194.5990        5.814548        247.3905      -0.5750921E-05
    4 s   19    10.84604        5.283460        189.2699        5.757716        243.6117      -0.2613073E-05
    4 s   20    10.59740        5.427076        184.2613        5.729115        240.7649      -0.9964350E-06
    4 s   21    10.37126        5.570349        179.5220        5.729960        238.7455      -0.2239732E-06
    4 s   22    10.16586        5.713986        175.0092        5.757526        237.4169       0.1101113E-06
    4 s   23    9.979602        5.858597        170.6893        5.806798        236.6390       0.2311206E-06
    4 s   24    9.810907        6.004651        166.5376        5.872018        236.2871       0.2565805E-06
    4 s   25    9.658227        6.152479        162.5361        5.947685        236.2587       0.2447769E-06
    4 s   26    9.520049        6.302279        158.6728        6.029061        236.4739       0.2234834E-06
    5 s    1    46.80070        1.753703        570.2218        32.32654        97.70948       0.9629064E-04
    5 s    2    33.43439        2.088074        478.9102        3.022459        295.4482      -0.3220680E-03
    5 s    3    24.94694        2.181212        458.4608        4.598488        291.7291      -0.2313376E-03
    5 s    4    21.27351        2.391466        418.1536        13.05248        556.7240      -0.2643773E-05
    5 s    5    19.76676        2.715881        368.2046        12.68549        533.0164      -0.1088964E-04
    5 s    6    18.60006        3.020232        331.1004        11.58372        524.6585      -0.2361209E-04
    5 s    7    17.56521        3.290994        303.8595        10.01642        491.7689      -0.7194268E-04
    5 s    8    16.57771        3.520109        284.0821        8.385946        420.5891      -0.1601742E-03
    5 s    9    16.19442        3.843275        260.1947        14.91189        90.33598       0.4208863E-01
    5 s   10    16.14965        4.236089        236.0668        10.33446        278.9761       0.3809713E-02
    5 s   11    15.60243        4.482316        223.0989        9.813669        380.6354      -0.4685423E-04
    5 s   12    15.13230        4.725278        211.6278        9.585730        398.9845      -0.3592903E-04
    5 s   13    14.70278        4.958449        201.6760        8.970715        405.4966      -0.3737372E-04
    5 s   14    14.26498        5.167157        193.5300        7.613019        369.1819      -0.4768218E-04
    5 s   15    13.79233        5.340499        187.2484        6.413782        315.1421      -0.4674721E-04
    5 s   16    13.33291        5.495678        181.9612        6.106167        291.2448      -0.3392412E-04
    5 s   17    12.92199        5.649111        177.0190        6.200218        283.5341      -0.2071837E-04
    5 s   18    12.56472        5.806801        172.2119        6.419909        281.8410      -0.1025279E-04
    5 s   19    12.25625        5.970420        167.4924        6.663148        282.3563      -0.2758061E-05
    5 s   20    11.98937        6.139920        162.8686        6.884780        283.4509       0.2144972E-05
    5 s   21    11.75667        6.314449        158.3669        7.062761        284.3354       0.4970488E-05
    5 s   22    11.55141        6.492770        154.0175        7.186913        284.6059       0.6239304E-05
    5 s   23    11.36769        6.673481        149.8468        7.253724        284.0479       0.6423719E-05
    5 s   24    11.20052        6.855147        145.8758        7.263687        282.5417       0.5921645E-05
    5 s   25    11.04579        7.036385        142.1184        7.220293        280.0266       0.5048961E-05
    5 s   26    10.90019        7.215935        138.5822        7.130025        276.5043       0.4042046E-05
    6 s    1    53.10286        1.989856        502.5488        7.468966        497.8770      -0.1454681E-02
    6 s    2    39.90305        2.492061        401.2743        21.44274        130.3854      -0.1909626E-03
    6 s    3    32.47135        2.839101        352.2241        11.80447        410.5984      -0.6792376E-03
    6 s    4    27.42386        3.082858        324.3743        7.521682        301.5698      -0.5444060E-03
    6 s    5    23.55826        3.236820        308.9452        5.520421        259.0134      -0.4187319E-03
    6 s    6    20.81328        3.379609        295.8922        6.146836        257.1266      -0.3846451E-03
    6 s    7    18.94605        3.549707        281.7134        7.553513        266.9311      -0.3390620E-03
    6 s    8    17.69309        3.756948        266.1735        8.963964        293.3445      -0.2315974E-03
    6 s    9    16.81836        3.991350        250.5418        9.673219        328.2013      -0.1312217E-03
    6 s   10    16.15053        4.236318        236.0541        14.36934        97.31928       0.3739721E-01
    6 s   11    16.10806        4.627577        216.0958        14.78683        90.48376       0.4078237E-01
    6 s   12    16.06765        5.017356        199.3081        14.73737        90.53157       0.4020195E-01
    6 s   13    15.34021        5.173419        193.2958        6.025617        232.3175      -0.8839013E-04
    6 s   14    14.74302        5.340316        187.2548        7.447064        249.1823      -0.4118242E-04
    6 s   15    14.32037        5.544962        180.3439        8.766966        286.4491      -0.1405423E-04
    6 s   16    14.00152        5.771274        173.2720        9.227887        315.5335      -0.5617984E-05
    6 s   17    13.73205        6.003245        166.5766        9.287081        331.2787      -0.2872503E-05
    6 s   18    13.48998        6.234414        160.4000        9.183547        338.5594      -0.1597576E-05
    6 s   19    13.26477        6.461700        154.7580        8.980898        340.0623      -0.6993321E-06
    6 s   20    13.04945        6.682800        149.6379        8.688387        336.5013       0.2065488E-06
    6 s   21    12.83840        6.895441        145.0234        8.304362        327.6485       0.1309961E-05
    6 s   22    12.62733        7.097521        140.8943        7.850537        313.7436       0.2657146E-05
    6 s   23    12.41461        7.288088        137.2102        7.398335        297.0506       0.4072691E-05
    6 s   24    12.20245        7.468368        133.8981        7.039861        281.2268       0.5221988E-05
    6 s   25    11.99558        7.641416        130.8658        6.821050        268.6891       0.5869501E-05
    6 s   26    11.79855        7.810648        128.0304        6.728573        259.7890       0.5998322E-05
    7 s    1    59.10745        2.214858        451.4961        8.906186        260.9537      -0.8245186E-03
    7 s    2    40.77378        2.546441        392.7050        20.31549        191.2852      -0.8619235E-03
    7 s    3    36.49875        3.191233        313.3585        24.61434        97.53946       0.6571727E-03
    7 s    4    30.26757        3.402535        293.8985        8.895221        376.2267      -0.1969682E-03
    7 s    5    26.72875        3.672432        272.2991        12.06540        508.4233      -0.3973151E-03
    7 s    6    24.52024        3.981536        251.1593        12.34018        507.4285      -0.4756620E-03
    7 s    7    22.77489        4.267073        234.3527        10.06723        393.4761      -0.4937824E-03
    7 s    8    21.07735        4.475561        223.4357        6.924843        293.5839      -0.4137501E-03
    7 s    9    19.50991        4.630111        215.9775        5.707181        259.4051      -0.3209039E-03
    7 s   10    18.17417        4.767124        209.7701        5.340143        245.3824      -0.2505675E-03
    7 s   11    17.05300        4.899042        204.1216        5.258656        237.3594      -0.1913352E-03
    7 s   12    16.11388        5.031791        198.7364        5.415178        232.4127      -0.1382114E-03
    7 s   13    16.02939        5.405841        184.9851        14.69520        90.56598       0.3967223E-01
    7 s   14    15.99334        5.793216        172.6157        14.65949        90.58983       0.3918999E-01
    7 s   15    15.95951        6.179650        161.8215        14.62954        90.60497       0.3875123E-01
    7 s   16    15.77843        6.503698        153.7587        5.964008        251.3100      -0.7538671E-04
    7 s   17    15.21695        6.652396        150.3218        5.936723        245.7400      -0.4508608E-04
    7 s   18    14.71617        6.801098        147.0351        5.965455        241.1240      -0.2417578E-04
    7 s   19    14.27012        6.951438        143.8551        6.069524        237.7038      -0.1053091E-04
    7 s   20    13.87491        7.105530        140.7355        6.267288        235.9037      -0.2230452E-05
    7 s   21    13.52811        7.265880        137.6296        6.569644        236.3795       0.2245477E-05
    7 s   22    13.22767        7.434954        134.4998        6.957297        239.7424       0.4074947E-05
    7 s   23    12.96992        7.614087        131.3355        7.358346        245.7435       0.4276277E-05
    7 s   24    12.74823        7.802403        128.1656        7.678384        252.7593       0.3745785E-05
    7 s   25    12.55395        7.997111        125.0452        7.867224        258.7657       0.3084233E-05
    7 s   26    12.37903        8.194927        122.0267        7.931553        262.6218       0.2542945E-05
    8 s    1    77.61907        2.908521        343.8173        13.99088        896.2754      -0.1023496E-02
    8 s    2    50.98259        3.184010        314.0694        1.801700        221.5094      -0.8223634E-04
    8 s    3    37.18131        3.250912        307.6060        5.030856        244.8519      -0.4780003E-04
    8 s    4    33.95339        3.816878        261.9943        22.44002        121.2439       0.1095869E-02
    8 s    5    30.42712        4.180575        239.2016        10.11588        482.0980      -0.4594774E-03
    8 s    6    27.02928        4.388947        227.8451        7.339836        323.7537      -0.2090240E-03
    8 s    7    24.49201        4.588790        217.9224        9.331439        335.4683      -0.2734627E-04
    8 s    8    22.91939        4.866699        205.4781        12.60045        437.0554      -0.2043371E-05
    8 s    9    21.90418        5.198322        192.3698        13.60200        518.2033      -0.4596044E-05
    8 s   10    21.07802        5.528810        180.8707        11.93842        528.3804      -0.3888377E-04
    8 s   11    19.97151        5.737481        174.2925        6.526977        307.7007      -0.3561040E-03
    8 s   12    18.87833        5.895031        169.6344        6.212868        283.3707      -0.3046416E-03
    8 s   13    17.93752        6.049348        165.3071        6.154097        272.7721      -0.2343302E-03
    8 s   14    17.12297        6.202398        161.2280        6.096083        264.7553      -0.1702803E-03
    8 s   15    16.40947        6.353876        157.3842        6.025532        257.6766      -0.1168866E-03
    8 s   16    15.92786        6.565290        152.3162        14.60459        90.61297       0.3835157E-01
    8 s   17    15.89830        6.950265        143.8794        14.58393        90.61516       0.3798676E-01
    8 s   18    15.87074        7.334685        136.3385        14.56687        90.61259       0.3765289E-01
    8 s   19    15.84506        7.718644        129.5564        14.55278        90.60613       0.3734643E-01
    8 s   20    15.41560        7.894538        126.6699        5.780554        240.3996      -0.2664487E-04
    8 s   21    14.96629        8.038315        124.4042        5.721249        235.7133      -0.1016315E-04
    8 s   22    14.55502        8.181029        122.2340        5.693997        232.0930       0.3570530E-06
    8 s   23    14.17827        8.323457        120.1424        5.697492        229.3044       0.6524433E-05
    8 s   24    13.83305        8.466358        118.1145        5.731140        227.2408       0.9699911E-05
    8 s   25    13.51681        8.610474        116.1376        5.794279        225.8574       0.1092162E-04
    8 s   26    13.22738        8.756532        114.2005        5.886148        225.1477       0.1093059E-04
    9 s    1    84.35714        3.161008        316.3548       0.5884894        213.5966      -0.8820544E-07
    9 s    2    52.09400        3.253421        307.3688        13.38610        979.9404      -0.1383597E-02
    9 s    3    41.06945        3.590868        278.4842        13.39704        720.7352      -0.9881179E-03
    9 s    4    34.95983        3.930016        254.4519        14.97637        259.0154      -0.4196535E-03
    9 s    5    32.27347        4.434258        225.5169        13.33993        167.4942       0.6460378E-03
    9 s    6    28.88902        4.690927        213.1775        11.04426        448.0037      -0.7776134E-03
    9 s    7    26.52966        4.970563        201.1845        10.96939        496.7023      -0.1063999E-02
    9 s    8    24.59591        5.222691        191.4722        9.137873        407.7784      -0.1012736E-02
    9 s    9    22.86523        5.426398        184.2843        7.409014        326.4321      -0.7911053E-03
    9 s   10    21.38227        5.608615        178.2971        8.162989        296.9963      -0.5571409E-03
    9 s   11    20.51110        5.892495        169.7074        12.83362        459.3739      -0.1001792E-03
    9 s   12    19.88653        6.209855        161.0344        12.45054        495.4128      -0.4889195E-04
    9 s   13    19.31241        6.513026        153.5385        11.79611        500.7933      -0.3977203E-04
    9 s   14    18.76886        6.798582        147.0895        11.01504        489.9109      -0.4812289E-04
    9 s   15    18.23054        7.059008        141.6630        9.657824        432.4718      -0.8475166E-04
    9 s   16    17.64583        7.273420        137.4869        7.522508        325.7417      -0.1322204E-03
    9 s   17    17.03000        7.445010        134.3181        6.413602        274.8656      -0.1184335E-03
    9 s   18    16.44481        7.599993        131.5791        6.044637        256.2946      -0.8264081E-04
    9 s   19    15.90705        7.748843        129.0515        5.878321        246.7191      -0.5063218E-04
    9 s   20    15.82114        8.102220        123.4230        14.54110        90.59649       0.3706426E-01
    9 s   21    15.79885        8.485480        117.8484        14.53135        90.58422       0.3680365E-01
    9 s   22    15.77807        8.868475        112.7590        14.52312        90.56975       0.3656217E-01
    9 s   23    15.43265        9.059846        110.3772        6.529754        263.5131      -0.7274841E-05
    9 s   24    15.06005        9.217329        108.4913        6.123097        247.5298       0.2421740E-05
    9 s   25    14.70620        9.368136        106.7448        5.958947        240.3438       0.9483205E-05
    9 s   26    14.37511        9.516332        105.0825        5.901098        236.9838       0.1360309E-04
   10 s    1    89.84397        3.366609        297.0348        29.06480        87.14459      -0.9264835E-04
   10 s    2    64.96577        4.057300        246.4693        12.72293        433.4313      -0.9896056E-03
   10 s    3    48.27677        4.221033        236.9088        3.747436        259.1462      -0.3149469E-03
   10 s    4    38.39227        4.315875        231.7027        4.345487        247.1492      -0.1558021E-03
   10 s    5    32.70772        4.493921        222.5228        18.29816        122.3448       0.8447447E-03
   10 s    6    31.27426        5.078236        196.9188        23.64302        92.17332       0.2246328E-02
   10 s    7    29.68168        5.561119        179.8199        7.358587        275.3734      -0.2936838E-03
   10 s    8    27.12991        5.760759        173.5882        9.073469        316.3272      -0.7133112E-03
   10 s    9    25.33970        6.013642        166.2886        11.01228        382.5794      -0.1140672E-02
   10 s   10    23.99193        6.293133        158.9034        11.07438        405.9501      -0.1373271E-02
   10 s   11    22.78640        6.546151        152.7615        9.044608        347.0750      -0.1201571E-02
   10 s   12    21.59711        6.744010        148.2797        7.081567        290.1168      -0.8081424E-03
   10 s   13    20.48766        6.909373        144.7309        6.366726        264.6210      -0.5300068E-03
   10 s   14    19.51175        7.067679        141.4892        6.437590        255.4910      -0.3528075E-03
   10 s   15    18.69216        7.237752        138.1644        7.382309        265.9366      -0.2045623E-03
   10 s   16    18.06340        7.445535        134.3087        9.236976        323.0936      -0.7497495E-04
   10 s   17    17.59027        7.689941        130.0400        10.11411        382.8026      -0.2565706E-04
   10 s   18    17.19186        7.945243        125.8615        10.24673        409.9374      -0.1348331E-04
   10 s   19    16.83358        8.200184        121.9485        10.11439        416.6566      -0.1076206E-04
   10 s   20    16.49807        8.448888        118.3588        9.724775        404.4481      -0.1188954E-04
   10 s   21    16.16515        8.682221        115.1779        8.831933        362.0328      -0.1541167E-04
   10 s   22    15.80957        8.886179        112.5343        7.472501        300.8487      -0.1548340E-04
   10 s   23    15.75869        9.251252        108.0935        14.51608        90.55341       0.3633769E-01
   10 s   24    15.62504        9.563126        104.5683        9.802685        363.0597      -0.1331113E-05
   10 s   25    15.39878        9.809325        101.9438        9.861206        373.0673       0.1664266E-06
   10 s   26    15.19479        10.05896        99.41385        9.762938        373.4723       0.1224599E-05
   11 s    1    99.69897        3.735893        267.6736        14.96216        674.5329      -0.6935030E-03
   11 s    2    65.90643        4.116047        242.9515        26.67174        91.59397      -0.9497307E-04
   11 s    3    51.59085        4.510797        221.6903        12.73620        589.8609      -0.1258123E-02
   11 s    4    43.03071        4.837306        206.7266        12.97961        688.9873      -0.8933122E-03
   11 s    5    37.45709        5.146468        194.3080        11.43676        566.8582      -0.4138724E-03
   11 s    6    33.18735        5.388880        185.5673        7.847946        332.2252      -0.2515241E-03
   11 s    7    30.27047        5.671435        176.3222        22.78534        91.75133       0.2475113E-02
   11 s    8    28.96942        6.151363        162.5656        10.82277        593.7518      -0.1848788E-03
   11 s    9    27.02037        6.412501        155.9454        10.06360        541.8288      -0.1411415E-03
   11 s   10    25.37322        6.655450        150.2528        9.576971        431.8494      -0.1627591E-05
   11 s   11    24.04909        6.908902        144.7408        11.01583        418.3951      -0.2051291E-03
   11 s   12    23.07770        7.206344        138.7666        12.56778        462.3508      -0.6819008E-03
   11 s   13    22.29094        7.517523        133.0225        11.96903        442.7375      -0.1060734E-02
   11 s   14    21.48477        7.782357        128.4958        9.131033        343.1297      -0.1053380E-02
   11 s   15    20.60468        7.978296        125.3400        6.890986        279.9245      -0.7201845E-03
   11 s   16    19.74087        8.136969        122.8959        6.003916        254.9554      -0.4652005E-03
   11 s   17    18.94653        8.282857        120.7313        5.755640        244.2383      -0.3116133E-03
   11 s   18    18.23320        8.426499        118.6732        5.779077        239.1497      -0.2125026E-03
   11 s   19    17.59871        8.572906        116.6466        5.965851        237.3830      -0.1420229E-03
   11 s   20    17.04021        8.726527        114.5931        6.376928        240.3712      -0.8817552E-04
   11 s   21    16.56275        8.895767        112.4130        7.263927        256.1380      -0.4566578E-04
   11 s   22    16.17921        9.093943        109.9633        8.590645        295.6075      -0.1708588E-04
   11 s   23    15.87801        9.321299        107.2812        9.476173        338.3966      -0.5159470E-05
   11 s   24    15.74059        9.633847        103.8007        14.50992        90.53545       0.3612834E-01
   11 s   25    15.72371        10.01631        99.83720        14.50441        90.51545       0.3593184E-01
   11 s   26    15.64493        10.35695        96.55350        6.593092        263.9130       0.7204138E-06
   12 s    1    112.0111        4.197250        238.2512        1.291933        228.4590      -0.4016533E-04
   12 s    2    68.27489        4.263964        234.5235        5.275669        267.4039      -0.2736127E-03
   12 s    3    54.85333        4.796049        208.5050        26.05134        89.16035      -0.2145404E-05
   12 s    4    47.90457        5.385202        185.6940        2.747324        209.2073      -0.2334653E-04
   12 s    5    39.80805        5.469480        182.8327        4.498054        238.2035      -0.3763367E-04
   12 s    6    34.68395        5.631894        177.5602        8.691913        359.0957      -0.7307445E-04
   12 s    7    31.39624        5.882357        169.9999        10.76539        538.8674      -0.1463141E-03
   12 s    8    29.42134        6.247321        160.0686        22.51429        90.49894       0.2712056E-02
   12 s    9    28.31577        6.719927        148.8111        7.016016        269.7895      -0.3742223E-03
   12 s   10    26.38331        6.920397        144.5004        9.165500        327.9213      -0.7579113E-03
   12 s   11    24.96436        7.171845        139.4341        10.82182        408.9163      -0.9708374E-03
   12 s   12    23.86038        7.450747        134.2147        11.44137        448.0399      -0.8929589E-03
   12 s   13    22.94945        7.739600        129.2056        11.79956        442.1543      -0.4749294E-03
   12 s   14    22.21701        8.047597        124.2607        12.96119        466.7771      -0.7366748E-04
   12 s   15    21.64943        8.382830        119.2915        13.67195        510.8486      -0.4859478E-05
   12 s   16    21.15642        8.720445        114.6731        13.01256        510.6462      -0.4827064E-04
   12 s   17    20.57147        8.993235        111.1947        8.415321        330.2855      -0.5761412E-03
   12 s   18    19.84810        9.172826        109.0177        6.420827        270.0939      -0.4967821E-03
   12 s   19    19.13964        9.323542        107.2554        5.772682        253.3243      -0.3339397E-03
   12 s   20    18.48144        9.464600        105.6569        5.575313        247.9120      -0.2253309E-03
   12 s   21    17.88093        9.603755        104.1259        5.588569        247.2728      -0.1534265E-03
   12 s   22    17.33713        9.744786        102.6190        5.709269        248.9742      -0.1028862E-03
   12 s   23    16.84617        9.889665        101.1157        5.887394        251.8759      -0.6549735E-04
   12 s   24    16.40444        10.04015        99.60012        6.095434        255.3538      -0.3635407E-04
   12 s   25    16.00494        10.19546        98.08290        6.328395        259.2684      -0.1498870E-04
   12 s   26    15.70787        10.39862        96.16661        14.49938        90.49477       0.3574798E-01
   13 s    1    120.9895        4.533687        220.5710        16.39161        678.3103      -0.1914644E-02
   13 s    2    78.77472        4.919709        203.2641        14.62321        895.0699      -0.5013802E-03
   13 s    3    60.30945        5.273099        189.6418        13.55501        873.4378      -0.1083618E-02
   13 s    4    48.26726        5.425974        184.2987        23.85798        93.91183       0.5267679E-04
   13 s    5    42.95303        5.901590        169.4459        13.00418        509.9634      -0.1113799E-02
   13 s    6    38.13234        6.191835        161.5030        10.30099        550.5743      -0.5806745E-03
   13 s    7    34.19960        6.407592        156.0649        7.054205        333.3433      -0.1151628E-03
   13 s    8    30.91219        6.563890        152.3487        5.904085        267.7668      -0.1411693E-03
   13 s    9    28.70165        6.811503        146.8105        22.08732        89.78092       0.2828714E-02
   13 s   10    28.07794        7.364903        135.7791        21.79107        89.19514       0.2902669E-02
   13 s   11    27.21257        7.817717        127.9146        5.215121        247.9778      -0.3027255E-03
   13 s   12    25.46371        7.951412        125.7638        5.754632        253.4845      -0.4803860E-03
   13 s   13    24.06039        8.114261        123.2398        7.474245        285.2094      -0.8619590E-03
   13 s   14    22.98584        8.326085        120.1045        9.473416        341.8917      -0.1364857E-02
   13 s   15    22.14337        8.574089        116.6305        10.22201        371.2345      -0.1603521E-02
   13 s   16    21.40621        8.823406        113.3349        9.869053        344.0528      -0.1362649E-02
   13 s   17    20.80696        9.096182        109.9362        12.42292        425.1755      -0.4024401E-03
   13 s   18    20.36999        9.414018        106.2246        12.69883        478.1215      -0.1202239E-03
   13 s   19    19.96450        9.725359        102.8240        12.18382        479.5128      -0.6519783E-04
   13 s   20    19.57889        10.02662        99.73454        11.53177        467.4196      -0.5086273E-04
   13 s   21    19.18693        10.30520        97.03837        10.70666        439.4612      -0.6012931E-04
   13 s   22    18.78090        10.55630        94.73020        9.207641        374.7884      -0.9886161E-04
   13 s   23    18.32685        10.75891        92.94625        7.069439        296.5310      -0.1278040E-03
   13 s   24    17.84117        10.91948        91.57944        5.963601        263.5510      -0.9872909E-04
   13 s   25    17.36642        11.06275        90.39347        5.561367        251.5141      -0.6254780E-04
   13 s   26    16.91780        11.19960        89.28893        5.410133        246.0266      -0.3532734E-04
   14 s    1    130.3272        4.883585        204.7676        23.31115        86.64017      -0.5977400E-04
   14 s    2    84.93814        5.304632        188.5145       0.9881978        203.2299      -0.1171941E-06
   14 s    3    61.03974        5.336951        187.3729        1.749668        211.0588      -0.5620209E-05
   14 s    4    49.92362        5.612174        178.1841        13.51984        672.1923      -0.1597285E-02
   14 s    5    44.10980        6.060526        165.0022        23.20662        96.73880      -0.3407615E-04
   14 s    6    40.57695        6.588784        151.7731        8.728562        206.4074      -0.3337247E-03
   14 s    7    36.35030        6.810543        146.8312        10.55183        362.3497      -0.4000092E-03
   14 s    8    33.45710        7.104275        140.7603        12.52261        497.2688      -0.1105055E-03
   14 s    9    31.25079        7.416467        134.8351        12.00368        480.1624      -0.5988123E-04
   14 s   10    29.23558        7.668555        130.4027        7.563256        299.8126      -0.2152683E-03
   14 s   11    27.53463        7.910240        126.4184        21.48162        88.86868       0.2914739E-02
   14 s   12    27.05585        8.448581        118.3631        21.24078        88.63075       0.2898270E-02
   14 s   13    26.07561        8.793886        113.7154        10.31584        418.6418      -0.7281652E-03
   14 s   14    24.85926        9.004688        111.0533        6.995243        284.3685      -0.7578273E-03
   14 s   15    23.68951        9.172765        109.0184        6.944734        276.3767      -0.9070095E-03
   14 s   16    22.71592        9.363253        106.8005        8.528716        317.6716      -0.1308104E-02
   14 s   17    21.95312        9.597250        104.1965        10.21120        387.2664      -0.1738583E-02
   14 s   18    21.33486        9.859934        101.4206        10.71695        426.2281      -0.1854122E-02
   14 s   19    20.77875        10.12201        98.79465        9.777251        389.0543      -0.1523598E-02
   14 s   20    20.20330        10.34638        96.65212        8.290456        330.2173      -0.9840178E-03
   14 s   21    19.62345        10.53965        94.87979        7.392566        298.4959      -0.5391974E-03
   14 s   22    19.08245        10.72578        93.23327        7.789830        306.8525      -0.2455481E-03
   14 s   23    18.63317        10.93873        91.41826        9.243753        364.0529      -0.7534508E-04
   14 s   24    18.26697        11.18009        89.44473        9.914358        407.2936      -0.2308630E-04
   14 s   25    17.94292        11.42999        87.48915        10.03475        421.8314      -0.9911566E-05
   14 s   26    17.64436        11.68057        85.61223        9.997905        422.9899      -0.5825436E-05
   15 s    1    141.0564        5.285628        189.1923       0.5760176        201.7808      -0.9037534E-05
   15 s    2    88.14407        5.504852        181.6579        26.71379        88.39948      -0.1905767E-03
   15 s    3    69.92097        6.113474        163.5731        13.53844        593.3007      -0.5041973E-03
   15 s    4    56.52386        6.354141        157.3777        6.057364        301.4658      -0.2516210E-03
   15 s    5    47.10204        6.471649        154.5201        4.382793        232.4669      -0.4055018E-03
   15 s    6    41.07422        6.669530        149.9356        21.74218        99.23339       0.1128988E-03
   15 s    7    38.75733        7.261522        137.7122        23.81645        92.14005       0.4556752E-03
   15 s    8    35.97833        7.639633        130.8963        3.174227        245.9375      -0.3464042E-06
   15 s    9    32.58387        7.732837        129.3186        4.645850        263.8519      -0.1795463E-05
   15 s   10    30.13447        7.904335        126.5129        9.643667        408.9183      -0.3701244E-04
   15 s   11    28.51143        8.190856        122.0874        12.47000        589.6397      -0.2741215E-03
   15 s   12    27.23527        8.504605        117.5834        12.40179        573.8538      -0.5246219E-03
   15 s   13    26.63175        8.981440        111.3407        21.04749        88.33712       0.2863622E-02
   15 s   14    25.54548        9.253257        108.0701        11.02803        433.1529      -0.1347994E-03
   15 s   15    24.65515        9.546668        104.7486        12.14570        518.4620      -0.2120569E-03
   15 s   16    23.90289        9.852510        101.4970        12.26384        526.5424      -0.1623397E-03
   15 s   17    23.23713        10.15858        98.43895        11.59299        467.4135      -0.2008664E-04
   15 s   18    22.52933        10.41196        96.04339        8.639108        325.6841      -0.3408408E-03
   15 s   19    21.81105        10.62487        94.11880        8.914313        336.2696      -0.1053127E-02
   15 s   20    21.21074        10.86231        92.06146        10.13969        394.5688      -0.1589526E-02
   15 s   21    20.70566        11.12091        89.92074        10.49564        429.7376      -0.1748064E-02
   15 s   22    20.23583        11.37408        87.91922        9.745904        403.3399      -0.1496929E-02
   15 s   23    19.76084        11.60075        86.20136        8.472237        351.2664      -0.1044271E-02
   15 s   24    19.27559        11.79740        84.76443        7.390686        312.1714      -0.6439394E-03
   15 s   25    18.79486        11.97269        83.52339        6.732103        289.9671      -0.3813128E-03
   15 s   26    18.33241        12.13607        82.39901        6.397579        278.3488      -0.2242843E-03
   16 s    1    143.1801        5.365207        186.3861        18.04355        704.8277      -0.3636130E-02
   16 s    2    92.60157        5.783236        172.9136        15.13232        558.0584      -0.2043485E-02
   16 s    3    71.10027        6.216585        160.8600        26.96338        86.99926      -0.2545533E-04
   16 s    4    58.66225        6.594529        151.6409        9.690915        373.8076      -0.1729411E-03
   16 s    5    50.07716        6.880420        145.3400        12.31811        640.9586      -0.6448442E-03
   16 s    6    44.31615        7.195946        138.9671        12.84516        761.5762      -0.1204468E-02
   16 s    7    40.10542        7.514099        133.0832        11.52171        643.9645      -0.1060019E-02
   16 s    8    36.89362        7.833985        127.6490        18.33495        182.2242      -0.2839995E-03
   16 s    9    34.52841        8.194317        122.0358        13.45058        758.3761      -0.5983777E-03
   16 s   10    32.45777        8.513744        117.4571        11.66233        578.3543      -0.7315635E-04
   16 s   11    30.42328        8.740100        114.4152        6.354103        287.5939       0.2592687E-04
   16 s   12    28.41899        8.874239        112.6857        5.100149        245.7828      -0.1234590E-04
   16 s   13    26.74970        9.021217        110.8498        7.219609        284.4753      -0.2523400E-05
   16 s   14    26.25348        9.509712        105.1557        20.88707        88.13263       0.2814435E-02
   16 s   15    25.75738        9.973463        100.2661        6.724820        294.6495      -0.5424753E-03
   16 s   16    24.58912        10.13537        98.66442        6.292360        277.2381      -0.6287563E-03
   16 s   17    23.56226        10.30072        97.08062        7.349614        298.5478      -0.8419851E-03
   16 s   18    22.78909        10.53201        94.94864        11.38958        455.0580      -0.7346476E-03
   16 s   19    22.25056        10.83897        92.25966        12.83363        541.1892      -0.4271940E-03
   16 s   20    21.80258        11.16540        89.56241        13.26412        558.9727      -0.3078861E-03
   16 s   21    21.41058        11.49951        86.96021        13.45895        562.8571      -0.2726167E-03
   16 s   22    21.05562        11.83486        84.49616        13.30314        550.9452      -0.3764497E-03
   16 s   23    20.70015        12.15217        82.28981        11.78486        478.2493      -0.1081473E-02
   16 s   24    20.29839        12.42339        80.49330        10.32249        420.1578      -0.1627950E-02
   16 s   25    19.88592        12.66772        78.94081        9.272984        371.0582      -0.1376485E-02
   16 s   26    19.45866        12.88165        77.62982        7.930593        317.1011      -0.9107419E-03
   17 s    1    164.9693        6.181684        161.7682        14.41621        564.0326      -0.1578404E-02
   17 s    2    102.1063        6.376832        156.8177        2.034687        210.8092      -0.2680626E-03
   17 s    3    73.62192        6.437063        155.3504        3.437316        217.5049      -0.1770914E-03
   17 s    4    61.47755        6.911011        144.6966        27.41435        86.23211      -0.3709986E-05
   17 s    5    54.37794        7.471331        133.8450        2.825061        249.2678      -0.3450037E-04
   17 s    6    46.34799        7.525871        132.8750        2.098394        228.6432      -0.3825904E-04
   17 s    7    40.51325        7.590508        131.7435        4.265104        236.9608      -0.4014774E-03
   17 s    8    37.18145        7.895102        126.6608        18.96373        143.0091      -0.3152256E-03
   17 s    9    35.68413        8.468593        118.0834        23.61077        90.08133       0.6997032E-03
   17 s   10    33.45570        8.775502        113.9536        5.343138        242.4485      -0.1463611E-03
   17 s   11    31.23522        8.973357        111.4410        10.58313        415.1542       0.7774155E-04
   17 s   12    29.66245        9.262530        107.9619        11.86014        547.9844       0.9167227E-04
   17 s   13    28.30992        9.547395        104.7406        10.68710        475.7988      -0.1817769E-03
   17 s   14    27.01904        9.787021        102.1761        8.437061        357.5203      -0.4431788E-03
   17 s   15    25.91440        10.03426        99.65856        20.75391        87.95477       0.2757379E-02
   17 s   16    25.60880        10.55567        94.73585        20.64241        87.79837       0.2697117E-02
   17 s   17    25.33201        11.07440        90.29833        20.54503        87.67020       0.2635534E-02
   17 s   18    24.43613        11.29319        88.54894        7.168880        316.0336      -0.7837342E-03
   17 s   19    23.51751        11.45614        87.28941        6.206610        287.8022      -0.6794704E-03
   17 s   20    22.67427        11.61180        86.11927        6.433184        287.5261      -0.7306939E-03
   17 s   21    21.93622        11.78183        84.87646        7.337566        304.5460      -0.9165073E-03
   17 s   22    21.31729        11.98194        83.45896        8.871687        344.3967      -0.1121769E-02
   17 s   23    20.83708        12.23256        81.74907        11.50894        435.4211      -0.7028668E-03
   17 s   24    20.49829        12.54574        79.70835        13.08041        516.0267      -0.1678243E-03
   17 s   25    20.20774        12.87272        77.68363        12.97938        515.5503      -0.9578040E-04
   17 s   26    19.92545        13.19066        75.81121        12.40494        485.9019      -0.1097531E-03
   18 s    1    170.0757        6.373031        156.9112        2.422169        188.3536      -0.5022717E-04
   18 s    2    105.6390        6.597460        151.5735        14.77407        599.7796      -0.1975355E-02
   18 s    3    79.59808        6.959582        143.6868        14.15079        850.5025      -0.2160219E-02
   18 s    4    64.96709        7.303288        136.9246        12.48033        785.4978      -0.1335093E-02
   18 s    5    55.19075        7.583008        131.8738        25.28047        91.58100      -0.1926864E-04
   18 s    6    49.54344        8.044741        124.3048        13.73753        551.6533      -0.1567608E-03
   18 s    7    44.63414        8.362592        119.5801        11.26771        517.1837      -0.3198123E-03
   18 s    8    40.34678        8.567229        116.7239        5.136590        257.6358      -0.3756381E-03
   18 s    9    36.53116        8.669611        115.3454        3.776491        222.3798      -0.2313253E-03
   18 s   10    34.54896        9.062266        110.3477        23.51350        89.51783       0.8217157E-03
   18 s   11    33.58338        9.647943        103.6490        22.12560        97.09568       0.7887697E-03
   18 s   12    31.62542        9.875494        101.2608        6.450867        274.3586      -0.5498817E-04
   18 s   13    29.77264        10.04069        99.59474        7.091627        283.8207       0.7245558E-04
   18 s   14    28.28956        10.24724        97.58729        9.535095        356.6569      -0.6322010E-04
   18 s   15    27.14967        10.51257        95.12423        11.47986        455.7545      -0.4115205E-03
   18 s   16    26.21784        10.80671        92.53514        11.79673        489.8137      -0.7652073E-03
   18 s   17    25.35073        11.08259        90.23165        9.940026        407.1407      -0.9235823E-03
   18 s   18    25.08012        11.59081        86.27524        20.46156        87.54146       0.2575781E-02
   18 s   19    24.57061        11.96914        83.54818        12.13908        452.6809      -0.6795408E-03
   18 s   20    23.94123        12.26063        81.56187        10.94092        397.6261      -0.7939632E-03
   18 s   21    23.27893        12.50299        79.98084        8.447798        315.7698      -0.7897637E-03
   18 s   22    22.57603        12.68945        78.80564        6.801688        277.3873      -0.7500214E-03
   18 s   23    21.89486        12.85354        77.79961        6.569893        273.0971      -0.8203540E-03
   18 s   24    21.27905        13.02360        76.78371        7.233687        290.2830      -0.1046935E-02
   18 s   25    20.75012        13.21823        75.65311        8.507471        332.5301      -0.1396431E-02
   18 s   26    20.31221        13.44669        74.36772        9.843447        397.8879      -0.1665626E-02
   19 s    1    171.1167        6.412041        155.9566        24.12129        91.29613      -0.1319852E-03
   19 s    2    112.2925        7.012992        142.5925        24.39430        87.46313      -0.1620231E-03
   19 s    3    85.16652        7.446453        134.2921        1.303362        217.3868      -0.7360057E-04
   19 s    4    66.64447        7.491851        133.4784        3.258875        227.1829      -0.3311950E-03
   19 s    5    56.22256        7.724775        129.4536        14.21786        459.2681      -0.7149159E-03
   19 s    6    50.83202        8.253977        121.1537        25.13929        92.22014      -0.3017147E-04
   19 s    7    46.01627        8.621548        115.9885        4.478727        236.5651      -0.2740593E-04
   19 s    8    41.47719        8.807259        113.5427        10.45019        455.8178      -0.5088277E-03
   19 s    9    38.32956        9.096410        109.9335        12.13330        646.5122      -0.1086420E-02
   19 s   10    35.83410        9.399361        106.3902        12.00584        618.6441      -0.1146475E-02
   19 s   11    33.70276        9.682241        103.2819        11.05756        300.0791      -0.5121114E-03
   19 s   12    32.49789        10.14793        98.54222        11.82105        597.4050      -0.3021443E-03
   19 s   13    31.02372        10.46261        95.57842        13.05000        801.6173      -0.2602177E-04
   19 s   14    29.78620        10.78936        92.68391        12.83610        782.8600       0.1235255E-03
   19 s   15    28.59921        11.07384        90.30290        8.847321        419.5835       0.2032003E-04
   19 s   16    27.28372        11.24605        88.92009        6.208684        294.3747      -0.6302548E-08
   19 s   17    26.12752        11.42217        87.54901        8.345041        326.7297      -0.9487880E-04
   19 s   18    25.25417        11.67125        85.68062        11.35744        417.5192      -0.4217775E-03
   19 s   19    24.84979        12.10514        82.60953        20.38519        87.43550       0.2517760E-02
   19 s   20    24.63774        12.61732        79.25610        8.095777        355.3601      -0.1286969E-03
   19 s   21    23.89962        12.83636        77.90368        9.636626        401.2591      -0.4065088E-05
   19 s   22    23.29857        13.09557        76.36172        10.88961        455.7974      -0.5694440E-05
   19 s   23    22.77714        13.37149        74.78601        11.04080        454.4808      -0.2529172E-05
   19 s   24    22.28578        13.63975        73.31512        10.19624        389.5950      -0.1996173E-04
   19 s   25    21.77098        13.86854        72.10566        8.083957        299.1417      -0.2507418E-03
   19 s   26    21.23566        14.05802        71.13377        7.430351        282.6084      -0.5562116E-03
   20 s    1    186.7456        6.997683        142.9044        14.69005        858.5903      -0.3110656E-02
   20 s    2    118.1716        7.380158        135.4984        10.63538        388.2892      -0.1491663E-02
   20 s    3    87.54131        7.654091        130.6491        26.02266        90.85318      -0.1355058E-03
   20 s    4    72.87275        8.192005        122.0702        14.19995        661.4442      -0.9549484E-03
   20 s    5    61.61104        8.465132        118.1316        5.366212        266.3213      -0.6608829E-03
   20 s    6    52.61331        8.543219        117.0519        2.627194        212.9589      -0.9748009E-04
   20 s    7    47.40474        8.881689        112.5912        24.50282        91.73653       0.6086169E-04
   20 s    8    44.62330        9.475304        105.5375        21.56848        119.3456       0.1315645E-03
   20 s    9    40.84123        9.692482        103.1728        2.895033        221.1756      -0.7500348E-05
   20 s   10    37.26765        9.775384        102.2978        3.881100        237.3026      -0.4238355E-04
   20 s   11    34.47129        9.903024        100.9793        6.961606        312.6199      -0.2249026E-03
   20 s   12    32.77531        10.23456        97.70812        22.99074        89.21073       0.1002881E-02
   20 s   13    32.05496        10.81039        92.50356        22.79835        88.74089       0.1093662E-02
   20 s   14    30.57075        11.07354        90.30533        4.820511        266.4283       0.7273091E-06
   20 s   15    29.01574        11.23512        89.00659        9.216200        377.1087       0.1106275E-03
   20 s   16    27.95765        11.52384        86.77666        12.73511        660.1560      -0.7129231E-04
   20 s   17    27.09275        11.84414        84.42992        12.71293        703.0159      -0.3796650E-03
   20 s   18    26.28936        12.14966        82.30682        11.57734        599.8250      -0.6014725E-03
   20 s   19    25.47436        12.40939        80.58416        9.115406        421.5579      -0.4611937E-03
   20 s   20    24.63823        12.61758        79.25453        20.30933        87.37156       0.2461383E-02
   20 s   21    24.44307        13.12825        76.17162        20.24892        87.25879       0.2410481E-02
   20 s   22    23.88276        13.42393        74.49384        8.627211        325.4740      -0.1143319E-02
   20 s   23    23.20256        13.62123        73.41481        7.420178        294.3542      -0.9170506E-03
   20 s   24    22.55716        13.80585        72.43307        7.754512        312.1051      -0.7645273E-03
   20 s   25    22.01727        14.02543        71.29905        9.989349        410.8052      -0.5260585E-03
   20 s   26    21.59203        14.29394        69.95973        11.27951        474.8402      -0.3408958E-03
