    0 s    2    4.918345       0.3071649        3255.581        6.361668        495.6783       0.6450853E-02
    0 s    3    5.337664       0.4666935        2142.734        6.752474        407.6496      -0.5310515E-03
    0 s    4    5.751602       0.6465675        1546.629        7.581516        366.3758      -0.1151730E-02
    0 s    5    6.125837       0.8416677        1188.117        7.954671        350.7055      -0.9700402E-03
    0 s    6    6.412470        1.041241        960.3926        7.947449        343.7050      -0.7835484E-03
    0 s    7    6.600504        1.236662        808.6286        7.626662        339.3013      -0.6350270E-03
    0 s    8    6.690548        1.420670        703.8933        7.050714        335.5404      -0.4792400E-03
    0 s    9    6.693717        1.588559        629.5011        6.375086        331.9579      -0.3117969E-03
    0 s   10    6.635379        1.740474        574.5561        5.801621        328.0791      -0.1730838E-03
    0 s   11    6.544948        1.880254        531.8430        5.404777        323.1863      -0.8566278E-04
    0 s   12    6.442963        2.011908        497.0405        5.141110        316.8651      -0.3952063E-04
    0 s   13    6.339562        2.137989        467.7292        4.950555        309.0846      -0.1743011E-04
    0 s   14    6.238632        2.259799        442.5172        4.794845        300.0262      -0.7433651E-05
    0 s   15    6.141263        2.377946        420.5311        4.655270        289.9800      -0.3081485E-05
    0 s   16    6.047521        2.492722        401.1679        4.524306        279.2919      -0.1244952E-05
    0 s   17    5.957200        2.604310        383.9788        4.399850        268.3200      -0.4912235E-06
    0 s   18    5.870097        2.712873        368.6129        4.282097        257.3945      -0.1896377E-06
    0 s   19    5.786084        2.818590        354.7873        4.171974        246.7880      -0.7170213E-07
    0 s   20    5.705106        2.921663        342.2708        4.070429        236.7013      -0.2652957E-07
    0 s   21    5.627155        3.022316        330.8721        3.978137        227.2635      -0.9556994E-08
    0 s   22    5.552248        3.120786        320.4321        3.895428        218.5420      -0.3327469E-08
    0 s   23    5.480405        3.217311        310.8185        3.822307        210.5556      -0.1010565E-08
    0 s   24    5.411639        3.312130        301.9205        3.758520        203.2889      -0.3168225E-09
    0 s   25    5.345944        3.405470        293.6452        3.703621        196.7044      -0.9568640E-10
    0 s   26    5.283298        3.497547        285.9147        3.657037        190.7523      -0.7861922E-11
    1 s    2    10.96382       0.6847223        1460.446        10.97175        309.3689       0.1580882E-02
    1 s    3    10.83437       0.9472924        1055.640        10.02010        278.4948       0.7088864E-04
    1 s    4    10.54027        1.184886        843.9630        8.938934        264.0137      -0.2319941E-04
    1 s    5    10.11269        1.389447        719.7106        7.260667        282.9574      -0.7671983E-04
    1 s    6    9.524972        1.546641        646.5624        5.550296        351.3394      -0.1799612E-03
    1 s    7    8.976557        1.681836        594.5884        5.457261        387.2785      -0.3699092E-03
    1 s    8    8.598716        1.825850        547.6901        6.107010        395.7513      -0.6928856E-03
    1 s    9    8.381199        1.989034        502.7565        6.919435        395.1419      -0.1112704E-02
    1 s   10    8.277322        2.171159        460.5834        7.585947        390.4540      -0.1548825E-02
    1 s   11    8.238730        2.366850        422.5026        8.004913        382.5821      -0.1945708E-02
    1 s   12    8.230838        2.570198        389.0751        8.210887        369.1548      -0.2276651E-02
    1 s   13    8.232524        2.776382        360.1809        8.233677        341.4049      -0.2480449E-02
    1 s   14    8.226145        2.979730        335.6009        7.932856        276.0351      -0.2275739E-02
    1 s   15    8.177819        3.166516        315.8045        6.887294        183.3826      -0.1070064E-02
    1 s   16    8.072773        3.327509        300.5251        6.112713        151.2788      -0.2580922E-03
    1 s   17    7.952992        3.476811        287.6199        5.855818        144.4517      -0.7197192E-04
    1 s   18    7.836882        3.621826        276.1038        5.740060        142.1406      -0.2419918E-04
    1 s   19    7.728102        3.764610        265.6318        5.670305        141.1049      -0.9041298E-05
    1 s   20    7.627083        3.905934        256.0207        5.620961        140.6364      -0.3577996E-05
    1 s   21    7.533438        4.046171        247.1473        5.582366        140.4928      -0.1461699E-05
    1 s   22    7.446545        4.185525        238.9187        5.549860        140.5535      -0.6076582E-06
    1 s   23    7.365743        4.324112        231.2614        5.520860        140.7420      -0.2549307E-06
    1 s   24    7.290393        4.462000        224.1147        5.493834        141.0026      -0.1073803E-06
    1 s   25    7.219913        4.599225        217.4279        5.467864        141.2926      -0.4531010E-07
    1 s   26    7.153780        4.735807        211.1572        5.442413        141.5795      -0.1911043E-07
    2 s    1    10.88600       0.4079172        2451.478        13.00292        409.2011      -0.5560282E-04
    2 s    2    14.81020       0.9249398        1081.151        18.71615        96.21811       0.9114453E-01
    2 s    3    14.20008        1.241571        805.4313        6.426690        425.1332       0.3707959E-02
    2 s    4    12.30900        1.383719        722.6900        5.310486        407.3945       0.2218460E-05
    2 s    5    11.06459        1.520235        657.7932        5.913078        318.3635      -0.8425407E-04
    2 s    6    10.38802        1.686781        592.8452        7.263743        237.0260      -0.3046477E-04
    2 s    7    9.998169        1.873244        533.8334        7.504221        206.6554      -0.1971311E-04
    2 s    8    9.697071        2.059074        485.6551        7.320275        191.4807      -0.2772230E-04
    2 s    9    9.434916        2.239104        446.6073        7.062829        181.0544      -0.4539008E-04
    2 s   10    9.198129        2.412689        414.4753        6.810425        173.2278      -0.7381458E-04
    2 s   11    8.981761        2.580310        387.5504        6.588318        167.5040      -0.1197626E-03
    2 s   12    8.784067        2.742952        364.5708        6.415919        164.1617      -0.2027421E-03
    2 s   13    8.605902        2.902303        344.5540        6.337833        165.1681      -0.3893929E-03
    2 s   14    8.454682        3.062512        326.5293        6.546038        181.4225      -0.9644520E-03
    2 s   15    8.359292        3.236784        308.9486        7.491708        263.0505      -0.2519931E-02
    2 s   16    8.332022        3.434368        291.1744        8.174889        365.7174      -0.3658795E-02
    2 s   17    8.329548        3.641431        274.6174        8.353130        401.8569      -0.4147374E-02
    2 s   18    8.332622        3.850933        259.6774        8.404990        412.9695      -0.4471399E-02
    2 s   19    8.336935        4.061192        246.2331        8.425157        417.0751      -0.4735710E-02
    2 s   20    8.341474        4.271783        234.0943        8.437567        418.8642      -0.4963267E-02
    2 s   21    8.346063        4.482628        223.0834        8.449818        419.7572      -0.5161234E-02
    2 s   22    8.350766        4.693765        213.0486        8.464488        420.2678      -0.5333096E-02
    2 s   23    8.355697        4.905271        203.8623        8.482257        420.6111      -0.5481400E-02
    2 s   24    8.360960        5.117228        195.4183        8.503003        420.8872      -0.5608434E-02
    2 s   25    8.366633        5.329708        187.6275        8.526272        421.1448      -0.5716362E-02
    2 s   26    8.372757        5.542770        180.4152        8.551484        421.4042      -0.5807199E-02
    3 s    1    24.93097       0.9342068        1070.427        6.218844        887.9918      -0.3872136E-03
    3 s    2    17.63408        1.101299        908.0185        7.071484        387.0844       0.2353641E-02
    3 s    3    15.88673        1.389041        719.9213        15.44052        90.97561       0.7522847E-01
    3 s    4    15.90267        1.787702        559.3773        14.96060        88.69454       0.7457948E-01
    3 s    5    15.83465        2.175623        459.6385        14.62423        88.41350       0.7210386E-01
    3 s    6    15.75338        2.557995        390.9312        14.42837        88.73800       0.6978630E-01
    3 s    7    14.60778        2.736894        365.3777        5.769990        287.3174       0.5368908E-04
    3 s    8    13.56267        2.879895        347.2348        5.666323        279.8796       0.9694709E-04
    3 s    9    12.72960        3.021001        331.0161        5.625343        273.4186       0.9131437E-04
    3 s   10    12.05538        3.162151        316.2404        5.669202        267.5877       0.5596118E-04
    3 s   11    11.50533        3.305289        302.5454        5.780532        262.1088       0.1241624E-04
    3 s   12    11.05390        3.451740        289.7090        5.930090        256.8171      -0.2549350E-04
    3 s   13    10.68098        3.602114        277.6148        6.091188        251.6548      -0.5176526E-04
    3 s   14    10.37043        3.756447        266.2090        6.244774        246.6338      -0.6574137E-04
    3 s   15    10.10930        3.914401        255.4669        6.379755        241.7954      -0.6957405E-04
    3 s   16    9.887317        4.075444        245.3720        6.491357        237.1789      -0.6638121E-04
    3 s   17    9.696402        4.238978        235.9059        6.579028        232.8074      -0.5915003E-04
    3 s   18    9.530268        4.404426        227.0443        6.644590        228.6846      -0.5023063E-04
    3 s   19    9.384040        4.571271        218.7575        6.690907        224.7999      -0.4121490E-04
    3 s   20    9.253941        4.739070        211.0119        6.721053        221.1338      -0.3302493E-04
    3 s   21    9.137036        4.907455        203.7716        6.737880        217.6641      -0.2608347E-04
    3 s   22    9.031028        5.076124        197.0007        6.743838        214.3688      -0.2049016E-04
    3 s   23    8.934108        5.244832        190.6639        6.740947        211.2288      -0.1616689E-04
    3 s   24    8.844836        5.413378        184.7275        6.730842        208.2286      -0.1296380E-04
    3 s   25    8.762054        5.581599        179.1601        6.714840        205.3561      -0.1073444E-04
    3 s   26    8.684827        5.749361        173.9324        6.694012        202.6033      -0.9402870E-05
    4 s    1    37.96183        1.422495        702.9899        11.26516        349.0431      -0.5241557E-04
    4 s    2    27.60842        1.724226        579.9704        12.57721        425.1848      -0.5606584E-04
    4 s    3    23.37703        2.043949        489.2491        12.88231        484.6820      -0.2709251E-04
    4 s    4    20.54132        2.309157        433.0586        5.658203        360.5030      -0.1541057E-03
    4 s    5    17.81014        2.447049        408.6556        5.676452        308.1718      -0.1472384E-03
    4 s    6    15.96097        2.591703        385.8467        5.868304        292.5520       0.2554480E-03
    4 s    7    15.67983        2.937751        340.3964        14.36223        88.56504       0.6841834E-01
    4 s    8    15.61333        3.315332        301.6289        14.28846        88.76155       0.6695775E-01
    4 s    9    15.55381        3.691246        270.9112        14.22553        88.95127       0.6567215E-01
    4 s   10    14.82638        3.888991        257.1361        6.399682        319.6826       0.7202422E-04
    4 s   11    14.08274        4.045736        247.1738        6.183523        298.8581       0.8094744E-04
    4 s   12    13.45004        4.199970        238.0970        6.165138        287.0872       0.6750375E-04
    4 s   13    12.91286        4.354804        229.6315        6.220123        279.4905       0.4177876E-04
    4 s   14    12.45460        4.511390        221.6612        6.300602        274.0640       0.1334307E-04
    4 s   15    12.06080        4.670038        214.1310        6.382706        269.8779      -0.1124749E-04
    4 s   16    11.71938        4.830602        207.0135        6.452699        266.4522      -0.2868529E-04
    4 s   17    11.42045        4.992681        200.2932        6.503619        263.5280      -0.3828239E-04
    4 s   18    11.15603        5.155775        193.9573        6.534188        260.9677      -0.4108073E-04
    4 s   19    10.91984        5.319408        187.9909        6.547603        258.6995      -0.3897786E-04
    4 s   20    10.70704        5.483221        182.3746        6.549651        256.6804      -0.3401437E-04
    4 s   21    10.51399        5.647010        177.0849        6.546549        254.8708      -0.2790600E-04
    4 s   22    10.33795        5.810712        172.0959        6.543200        253.2212      -0.2183898E-04
    4 s   23    10.17679        5.974360        167.3819        6.542354        251.6703      -0.1647603E-04
    4 s   24    10.02883        6.138028        162.9188        6.544656        250.1498      -0.1207874E-04
    4 s   25    9.892613        6.301787        158.6851        6.549223        248.5921      -0.8657252E-05
    4 s   26    9.766869        6.465673        154.6629        6.554361        246.9369      -0.6094623E-05
    5 s    1    43.55208        1.631972        612.7557        28.07265        85.03181       0.6612703E-04
    5 s    2    34.04022        2.125910        470.3867        3.269990        349.5507      -0.2154196E-03
    5 s    3    25.26429        2.208959        452.7020        3.861430        301.0069      -0.2092860E-03
    5 s    4    21.15960        2.378660        420.4047        12.28290        377.4873      -0.9207801E-04
    5 s    5    19.61140        2.694535        371.1216        12.52854        447.8343      -0.2656767E-04
    5 s    6    18.46933        2.999004        333.4440        11.76445        459.1921      -0.1397031E-04
    5 s    7    17.50273        3.279288        304.9442        10.57758        457.3658      -0.8797587E-05
    5 s    8    16.59099        3.522928        283.8548        8.827004        423.2856       0.3740091E-05
    5 s    9    15.67983        3.721153        268.7339        7.156824        360.6812       0.4028446E-04
    5 s   10    15.49996        4.065674        245.9617        14.17093        89.10808       0.6453972E-01
    5 s   11    15.45084        4.438768        225.2878        14.12317        89.23449       0.6353156E-01
    5 s   12    14.96664        4.673550        213.9701        9.026557        345.4702       0.2304373E-04
    5 s   13    14.50950        4.893264        204.3626        8.515184        347.7573       0.2370824E-04
    5 s   14    14.07441        5.098129        196.1504        7.854473        339.5531       0.2361880E-04
    5 s   15    13.65209        5.286196        189.1719        7.208325        323.3124       0.2007434E-04
    5 s   16    13.24757        5.460503        183.1333        6.776816        306.6827       0.1176966E-04
    5 s   17    12.87222        5.627349        177.7036        6.604241        294.4615       0.5063415E-06
    5 s   18    12.53344        5.792348        172.6416        6.612818        286.6308      -0.1090335E-04
    5 s   19    12.23257        5.958881        167.8167        6.714138        281.6533      -0.2039225E-04
    5 s   20    11.96691        6.128419        163.1742        6.844475        278.1593      -0.2687698E-04
    5 s   21    11.73187        6.301126        158.7018        6.962123        275.1986      -0.3006342E-04
    5 s   22    11.52217        6.476334        154.4083        7.040989        272.1615      -0.3023189E-04
    5 s   23    11.33258        6.652873        150.3110        7.067014        268.7005      -0.2803109E-04
    5 s   24    11.15839        6.829360        146.4266        7.036916        264.6967      -0.2428452E-04
    5 s   25    10.99568        7.004461        142.7662        6.957812        260.2452      -0.1982397E-04
    5 s   26    10.84159        7.177137        139.3313        6.845943        255.6210      -0.1535705E-04
    6 s    1    52.89529        1.982078        504.5209        10.52484        839.6089      -0.5127998E-03
    6 s    2    37.12647        2.318656        431.2844        26.42846        85.38200       0.1851707E-03
    6 s    3    32.46316        2.838385        352.3130        13.29128        370.2642      -0.4216583E-03
    6 s    4    27.87029        3.133044        319.1784        10.20903        377.7475      -0.3988743E-03
    6 s    5    24.26995        3.334602        299.8858        6.218990        279.7304      -0.2951701E-03
    6 s    6    21.38225        3.471996        288.0188        5.238159        253.5196      -0.1939787E-03
    6 s    7    19.26420        3.609316        277.0608        5.911644        248.8324      -0.1027500E-03
    6 s    8    17.77540        3.774426        264.9409        7.394266        257.4897      -0.2324676E-04
    6 s    9    16.76668        3.979085        251.3141        8.843592        285.2090       0.1462003E-04
    6 s   10    16.04517        4.208682        237.6041        9.377940        314.5376       0.2233035E-04
    6 s   11    15.46722        4.443474        225.0492        9.338955        334.3379       0.2416838E-04
    6 s   12    15.40580        4.810684        207.8707        14.08232        89.32628       0.6263540E-01
    6 s   13    15.36440        5.181577        192.9914        14.04772        89.39228       0.6183211E-01
    6 s   14    15.02660        5.443035        183.7210        6.742457        237.0817       0.3211616E-04
    6 s   15    14.51479        5.620240        177.9283        7.407752        246.7682       0.2024902E-04
    6 s   16    14.10040        5.812031        172.0569        7.883311        258.5313       0.1131007E-04
    6 s   17    13.75316        6.012471        166.3210        8.104091        268.6162       0.5698759E-05
    6 s   18    13.44967        6.215786        160.8807        8.126834        275.2559       0.2120295E-05
    6 s   19    13.17491        6.417929        155.8135        8.021068        278.3119      -0.5357446E-06
    6 s   20    12.91973        6.616370        151.1403        7.838553        278.2660      -0.2910297E-05
    6 s   21    12.67882        6.809731        146.8487        7.621877        275.8562      -0.5309262E-05
    6 s   22    12.44972        6.997691        142.9043        7.413761        272.0516      -0.7792222E-05
    6 s   23    12.23219        7.180992        139.2565        7.255501        267.9637      -0.1021836E-04
    6 s   24    12.02749        7.361283        135.8459        7.176037        264.5730      -0.1231957E-04
    6 s   25    11.83742        7.540668        132.6142        7.181993        262.4509      -0.1380986E-04
    6 s   26    11.66332        7.721124        129.5148        7.257342        261.6726      -0.1448764E-04
    7 s    1    60.78139        2.277584        439.0618        5.382628        240.2005      -0.1711765E-03
    7 s    2    40.55074        2.532511        394.8650        13.10076        384.2939      -0.6116530E-03
    7 s    3    34.15016        2.985887        334.9089        24.44608        89.67886       0.7370227E-03
    7 s    4    30.84435        3.467374        288.4027        5.875483        293.5107      -0.5990017E-04
    7 s    5    26.73791        3.673692        272.2057        10.46107        426.6975      -0.2066251E-03
    7 s    6    24.38852        3.960147        252.5159        11.97624        486.8471      -0.2883658E-03
    7 s    7    22.70123        4.253271        235.1131        11.19966        441.2506      -0.2734327E-03
    7 s    8    21.22159        4.506189        221.9170        8.892682        347.1850      -0.1894488E-03
    7 s    9    19.80230        4.699501        212.7886        6.764162        281.7014      -0.8456259E-04
    7 s   10    18.50767        4.854602        205.9901        5.801845        252.4906      -0.1033473E-04
    7 s   11    17.38918        4.995620        200.1754        5.551157        239.2846       0.2935568E-04
    7 s   12    16.44622        5.135570        194.7203        5.686320        233.3520       0.4409705E-04
    7 s   13    15.66391        5.282585        189.3013        6.107366        232.5245       0.4246210E-04
    7 s   14    15.32630        5.551597        180.1283        14.01893        89.43644       0.6111028E-01
    7 s   15    15.29123        5.920884        168.8937        13.99528        89.46377       0.6045908E-01
    7 s   16    15.25892        6.289562        158.9936        13.97608        89.47851       0.5986939E-01
    7 s   17    15.22917        6.657738        150.2012        13.96058        89.48408       0.5933344E-01
    7 s   18    14.87655        6.875219        145.4499        5.807092        235.4556       0.2440501E-04
    7 s   19    14.41400        7.021530        142.4191        5.902638        232.4755       0.1351959E-04
    7 s   20    14.00318        7.171219        139.4463        6.075721        231.3397       0.5350632E-05
    7 s   21    13.64012        7.326037        136.4995        6.308854        231.9256      -0.2443170E-06
    7 s   22    13.32049        7.487130        133.5625        6.571722        233.9518      -0.3690126E-05
    7 s   23    13.03924        7.654780        130.6373        6.827250        236.9209      -0.5529057E-05
    7 s   24    12.79067        7.828381        127.7403        7.043621        240.2056      -0.6304554E-05
    7 s   25    12.56902        8.006707        124.8953        7.203812        243.2394      -0.6465782E-05
    7 s   26    12.36903        8.188306        122.1254        7.306283        245.6658      -0.6321051E-05
    8 s    1    76.53505        2.867901        348.6871        13.70359        827.9678       0.1673165E-03
    8 s    2    51.22558        3.199185        312.5796        12.89612        808.4253      -0.6688813E-03
    8 s    3    38.53928        3.369645        296.7671        2.638498        251.4607      -0.2328977E-04
    8 s    4    31.98971        3.596130        278.0767        23.61450        89.19611       0.1548865E-02
    8 s    5    30.07200        4.131784        242.0262        14.99172        327.3549      -0.2262353E-03
    8 s    6    27.41797        4.452062        224.6150        11.84395        676.1653      -0.7274641E-03
    8 s    7    25.16288        4.714483        212.1123        9.235980        399.5645      -0.2655982E-03
    8 s    8    23.28755        4.944874        202.2296        9.808923        359.7304      -0.3277541E-04
    8 s    9    21.96070        5.211735        191.8747        11.36542        419.8332      -0.5355173E-05
    8 s   10    20.96649        5.499555        181.8329        11.32736        471.3223      -0.1295026E-04
    8 s   11    20.03982        5.757106        173.6984        8.957497        409.3105      -0.3470854E-04
    8 s   12    19.06878        5.954503        167.9401        7.153692        323.4893       0.7043524E-05
    8 s   13    18.16050        6.124549        163.2773        6.529667        288.5719       0.4860912E-04
    8 s   14    17.34729        6.283651        159.1431        6.212238        269.5984       0.6438669E-04
    8 s   15    16.62236        6.436308        155.3686        6.001503        256.7759       0.6235620E-04
    8 s   16    15.97468        6.584589        151.8698        5.861735        247.3449       0.5136991E-04
    8 s   17    15.39505        6.730256        148.5828        5.794508        240.3610       0.3755401E-04
    8 s   18    15.20174        7.025504        142.3385        13.94812        89.48309       0.5884465E-01
    8 s   19    15.17644        7.392938        135.2642        13.93808        89.47746       0.5839738E-01
    8 s   20    15.15308        7.760100        128.8643        13.92994        89.46858       0.5798677E-01
    8 s   21    15.13148        8.127042        123.0460        13.92325        89.45741       0.5760865E-01
    8 s   22    14.80924        8.323921        120.1357        6.332652        261.0423       0.1552343E-04
    8 s   23    14.44939        8.482616        117.8882        6.361885        259.2999       0.5922360E-05
    8 s   24    14.12072        8.642425        115.7083        6.420133        258.4572      -0.9347870E-06
    8 s   25    13.82053        8.803949        113.5854        6.497927        258.2024      -0.5495073E-05
    8 s   26    13.54620        8.967590        111.5127        6.588606        258.3346      -0.8255010E-05
    9 s    1    87.19149        3.267216        306.0709        24.99663        86.47698      -0.2069820E-04
    9 s    2    53.20492        3.322801        300.9509        1.272927        233.0367      -0.4053361E-05
    9 s    3    40.23298        3.517732        284.2741        12.68407        727.9279      -0.1208705E-02
    9 s    4    34.12467        3.836132        260.6792        12.90293        626.6294      -0.1153560E-02
    9 s    5    30.61749        4.206731        237.7143        20.73105        101.8835       0.1542964E-02
    9 s    6    28.84853        4.684352        213.4767        6.215279        246.0516      -0.2304375E-03
    9 s    7    26.05111        4.880901        204.8802        9.863411        367.7467      -0.7414443E-03
    9 s    8    24.24417        5.148004        194.2501        10.98621        470.4666      -0.8638883E-03
    9 s    9    22.79776        5.410387        184.8297        9.960243        411.5861      -0.6425117E-03
    9 s   10    21.52465        5.645962        177.1177        9.150266        337.4909      -0.3335719E-03
    9 s   11    20.49237        5.887115        169.8625        10.49944        336.5366      -0.9210609E-04
    9 s   12    19.74467        6.165558        162.1913        11.47904        386.8913      -0.1030354E-04
    9 s   13    19.13324        6.452601        154.9763        11.40360        412.7340       0.8307684E-05
    9 s   14    18.58949        6.733611        148.5087        11.04466        420.7686       0.1658097E-04
    9 s   15    18.08653        7.003249        142.7909        10.48039        414.2715       0.2568257E-04
    9 s   16    17.60031        7.254654        137.8426        9.550193        386.5619       0.4121914E-04
    9 s   17    17.10436        7.477518        133.7342        8.249247        339.2828       0.6068104E-04
    9 s   18    16.59543        7.669601        130.3849        7.199947        300.7403       0.6712397E-04
    9 s   19    16.09871        7.842203        127.5152        6.668612        280.2790       0.5799931E-04
    9 s   20    15.63271        8.005726        124.9106        6.437261        269.8693       0.4297387E-04
    9 s   21    15.20297        8.165437        122.4674        6.347843        264.2195       0.2805422E-04
    9 s   22    15.11149        8.493805        117.7329        13.91765        89.44460       0.5725936E-01
    9 s   23    15.09295        8.860422        112.8614        13.91285        89.43057       0.5693575E-01
    9 s   24    15.07572        9.226919        108.3785        13.90861        89.41556       0.5663500E-01
    9 s   25    14.91377        9.500361        105.2592        7.455899        286.1757       0.7665071E-05
    9 s   26    14.62650        9.682754        103.2764        7.144329        274.7996       0.1398910E-05
   10 s    1    88.10339        3.301387        302.9030       0.7124338        220.4255       0.3344498E-05
   10 s    2    61.62892        3.848904        259.8142        22.99127        82.09091       0.8905898E-06
   10 s    3    49.88634        4.361765        229.2650        9.104282        285.5925       0.3745365E-03
   10 s    4    39.82137        4.476527        223.3875        3.316770        239.0993      -0.1271450E-03
   10 s    5    33.23110        4.565832        219.0182        4.016893        235.3090      -0.1772045E-03
   10 s    6    29.35602        4.766757        209.7862        22.02670        86.72782       0.2740351E-02
   10 s    7    28.40228        5.321413        187.9200        21.84425        85.43103       0.3232478E-02
   10 s    8    27.03526        5.740663        174.1959        7.956919        312.8154      -0.8412776E-03
   10 s    9    25.08392        5.952941        167.9842        9.277677        344.0738      -0.9221454E-03
   10 s   10    23.64360        6.201768        161.2444        10.61023        406.3206      -0.9471887E-03
   10 s   11    22.52334        6.470579        154.5457        10.75868        441.7266      -0.7653624E-03
   10 s   12    21.54181        6.726742        148.6604        9.635775        403.8037      -0.4172423E-03
   10 s   13    20.60374        6.948519        143.9156        8.172061        340.9345      -0.1046397E-03
   10 s   14    19.71328        7.140679        140.0427        7.319619        301.4420       0.5545713E-04
   10 s   15    18.90687        7.320888        136.5955        7.187921        284.6045       0.1062585E-03
   10 s   16    18.20995        7.505942        133.2278        7.705584        286.1182       0.1003851E-03
   10 s   17    17.63826        7.710921        129.6862        8.711673        307.8945       0.6887896E-04
   10 s   18    17.18010        7.939808        125.9476        9.498463        337.1129       0.4199259E-04
   10 s   19    16.79515        8.181463        122.2275        9.751693        354.7262       0.2918668E-04
   10 s   20    16.45076        8.424658        118.6992        9.655118        358.3752       0.2435119E-04
   10 s   21    16.12854        8.662555        115.4394        9.342355        351.2322       0.2273485E-04
   10 s   22    15.81756        8.890669        112.4775        8.883504        336.5284       0.2155878E-04
   10 s   23    15.51178        9.106301        109.8141        8.359044        318.3135       0.1887560E-04
   10 s   24    15.20984        9.309006        107.4229        7.863340        300.7591       0.1397075E-04
   10 s   25    15.05969        9.593318        104.2392        13.90473        89.39973       0.5635467E-01
   10 s   26    15.04475        9.959635        100.4053        13.90107        89.38311       0.5609258E-01
   11 s    1    98.09806        3.675904        272.0419        16.31971        716.8176      -0.3389617E-03
   11 s    2    65.05793        4.063056        246.1202        14.62230        830.6727       0.1113287E-02
   11 s    3    50.69355        4.432342        225.6144        20.15145        89.72460      -0.2148022E-05
   11 s    4    42.44302        4.771241        209.5891        12.07319        563.5999      -0.1183061E-03
   11 s    5    36.86000        5.064430        197.4556        11.27125        593.6935      -0.8343689E-03
   11 s    6    32.81589        5.328563        187.6679        9.743671        466.7930      -0.1056586E-02
   11 s    7    29.61147        5.547966        180.2462        8.003580        343.9611      -0.9415702E-03
   11 s    8    27.63337        5.867665        170.4256        21.42438        85.04664       0.3483762E-02
   11 s    9    26.95231        6.396348        156.3392        11.84163        382.9673       0.1205551E-04
   11 s   10    25.45922        6.678007        149.7453        11.16782        483.4433      -0.6987125E-04
   11 s   11    24.18325        6.947444        143.9378        10.26328        406.3374      -0.1805179E-04
   11 s   12    23.04074        7.194805        138.9892        9.803993        360.4875      -0.2681162E-03
   11 s   13    22.07842        7.445851        134.3030        10.31277        383.6011      -0.3800978E-03
   11 s   14    21.26651        7.703299        129.8145        10.14032        398.5464      -0.2155423E-03
   11 s   15    20.51885        7.945063        125.8643        9.120257        370.4380       0.2488886E-04
   11 s   16    19.79404        8.158887        122.5657        8.020108        330.9424       0.1696640E-03
   11 s   17    19.10145        8.350584        119.7521        7.373316        304.6767       0.2094009E-03
   11 s   18    18.46114        8.531841        117.2080        7.157194        290.9931       0.1981033E-03
   11 s   19    17.88273        8.711262        114.7939        7.205606        284.9552       0.1688692E-03
   11 s   20    17.36720        8.893982        112.4356        7.413724        283.8856       0.1347076E-03
   11 s   21    16.91196        9.083325        110.0918        7.733470        286.9580       0.1009846E-03
   11 s   22    16.51312        9.281627        107.7397        8.125142        293.9460       0.7089951E-04
   11 s   23    16.16517        9.489876        105.3755        8.516770        303.7857       0.4678222E-04
   11 s   24    15.85995        9.706897        103.0195        8.814309        313.8553       0.2949333E-04
   11 s   25    15.58734        9.929442        100.7106        8.954079        321.0689       0.1804007E-04
   11 s   26    15.34130        10.15595        98.46442        8.919129        323.7121       0.1033183E-04
   12 s    1    116.5652        4.367899        228.9430        1.199844        228.7091      -0.4985246E-04
   12 s    2    70.50526        4.403257        227.1046        1.924099        227.6353       0.8264332E-06
   12 s    3    51.53649        4.506044        221.9242        9.725922        292.6846       0.4001060E-03
   12 s    4    44.68076        5.022796        199.0923        23.14392        82.54087       0.5334742E-04
   12 s    5    40.49939        5.564468        179.7117        4.527071        208.7674       0.3443999E-04
   12 s    6    35.02986        5.688061        175.8068        6.091565        254.9685      -0.6302490E-04
   12 s    7    31.36364        5.876250        170.1766        8.907359        338.2800      -0.2263715E-03
   12 s    8    28.83534        6.122891        163.3215        10.60050        435.9114      -0.3038910E-03
   12 s    9    26.98756        6.404714        156.1350        20.54654        88.98926       0.3423624E-02
   12 s   10    26.43295        6.933420        144.2290        19.92817        89.12861       0.3424066E-02
   12 s   11    24.84295        7.136965        140.1156        9.075580        331.1603      -0.9133736E-03
   12 s   12    23.67955        7.394280        135.2397        11.35685        429.9186      -0.6021331E-03
   12 s   13    22.80439        7.690680        130.0275        12.22510        488.0196      -0.3236923E-03
   12 s   14    22.08116        7.998387        125.0252        12.32984        503.3789      -0.1759461E-03
   12 s   15    21.44254        8.302721        120.4424        11.97202        497.6780      -0.9704372E-04
   12 s   16    20.85126        8.594660        116.3513        11.37523        481.9816      -0.5862830E-05
   12 s   17    20.29152        8.870848        112.7288        10.69850        457.2258       0.1250419E-03
   12 s   18    19.75208        9.128450        109.5476        9.860118        418.1769       0.2380375E-03
   12 s   19    19.22113        9.363238        106.8007        8.886661        372.3211       0.2863723E-03
   12 s   20    18.69511        9.574022        104.4493        7.973716        332.6274       0.2722608E-03
   12 s   21    18.18042        9.764608        102.4107        7.290083        304.6526       0.2259818E-03
   12 s   22    17.68687        9.941363        100.5898        6.867427        286.9065       0.1741926E-03
   12 s   23    17.22434        10.11167        98.89562        6.647018        275.9108       0.1268155E-03
   12 s   24    16.79165        10.27713        97.30339        6.597047        269.9151       0.9069638E-04
   12 s   25    16.39325        10.44282        95.75958        6.662673        267.0789       0.6229616E-04
   12 s   26    16.02917        10.61132        94.23900        6.821113        266.7560       0.4023707E-04
   13 s    1    119.6786        4.484566        222.9870        13.74761        630.7773      -0.5721424E-03
   13 s    2    77.32356        4.829080        207.0788        13.73000        768.2983      -0.1244415E-02
   13 s    3    59.09860        5.167230        193.5273        13.16437        792.3516      -0.4977411E-04
   13 s    4    48.69360        5.473900        182.6851        7.320758        297.7947       0.4196726E-03
   13 s    5    40.78237        5.603349        178.4647        22.19154        86.80699       0.2530900E-03
   13 s    6    37.45120        6.081233        164.4403        12.91391        491.9910       0.2094572E-03
   13 s    7    34.00992        6.372053        156.9353        10.63103        610.3090      -0.5767823E-03
   13 s    8    31.10631        6.605109        151.3980        7.979219        383.9915      -0.9626356E-03
   13 s    9    28.56927        6.780086        147.4908        6.432168        294.8723      -0.9634427E-03
   13 s   10    26.46726        6.942420        144.0420        7.870635        241.2885      -0.6336858E-03
   13 s   11    25.96104        7.458174        134.0811        20.70525        84.43191       0.3781922E-02
   13 s   12    25.54721        7.977485        125.3528        20.53051        84.37577       0.3776042E-02
   13 s   13    24.22968        8.171354        122.3787        6.103180        263.1782      -0.4968428E-03
   13 s   14    23.02675        8.340905        119.8911        7.608186        284.6370      -0.4473308E-03
   13 s   15    22.09299        8.554581        116.8964        9.544172        327.7043      -0.3407771E-03
   13 s   16    21.38436        8.814401        113.4507        11.13512        384.9545      -0.1572229E-03
   13 s   17    20.82291        9.103157        109.8520        11.82653        429.4078       0.2457267E-04
   13 s   18    20.33960        9.399974        106.3833        11.82981        446.1926       0.1503292E-03
   13 s   19    19.89647        9.692216        103.1756        11.50358        441.3246       0.1980771E-03
   13 s   20    19.47804        9.974973        100.2509        11.10074        429.2419       0.1814644E-03
   13 s   21    19.08850        10.25234        97.53875        10.72012        418.9832       0.1413139E-03
   13 s   22    18.70907        10.51592        95.09392        10.34223        409.4937       0.1145540E-03
   13 s   23    18.34277        10.76826        92.86555        9.779993        391.5566       0.1085349E-03
   13 s   24    17.97423        11.00092        90.90152        8.707938        350.9584       0.1212879E-03
   13 s   25    17.58157        11.19980        89.28729        7.186880        296.7307       0.1230066E-03
   13 s   26    17.16732        11.36477        87.99119        6.112716        262.5889       0.9414637E-04
   14 s    1    127.8395        4.790368        208.7522        27.98801        86.13560      -0.3592414E-04
   14 s    2    86.44140        5.398515        185.2361        1.198137        198.3586       0.2714268E-06
   14 s    3    62.15823        5.434746        184.0012        1.781249        202.9803      -0.1325540E-06
   14 s    4    48.94691        5.502376        181.7397        7.756384        365.9142       0.3356183E-03
   14 s    5    42.21564        5.800275        172.4056        12.46902        604.2983       0.5872061E-03
   14 s    6    38.18273        6.200017        161.2899        21.80440        87.86559       0.2557488E-03
   14 s    7    36.08260        6.760387        147.9205        21.75981        85.24532       0.5446557E-03
   14 s    8    33.10407        7.029312        142.2614        9.784602        365.3768      -0.2702222E-03
   14 s    9    30.79705        7.308785        136.8216        12.27113        526.4960      -0.1020644E-02
   14 s   10    29.06337        7.623383        131.1754        12.55119        571.0811      -0.1696960E-02
   14 s   11    27.44568        7.884685        126.8282        7.375225        316.3107      -0.1285705E-02
   14 s   12    25.71728        8.030591        124.5238        5.368728        259.4962      -0.6197129E-03
   14 s   13    25.18274        8.492767        117.7473        20.38501        84.33370       0.3745169E-02
   14 s   14    24.85886        9.004544        111.0550        20.15415        85.23084       0.3628959E-02
   14 s   15    23.94569        9.271961        107.8521        9.344211        372.7477      -0.1321692E-02
   14 s   16    22.99677        9.479016        105.4962        7.634065        307.1431      -0.8190420E-03
   14 s   17    22.10910        9.665441        103.4614        7.519799        299.0233      -0.4684759E-03
   14 s   18    21.33472        9.859869        101.4212        8.132601        316.3384      -0.1690085E-03
   14 s   19    20.68717        10.07739        99.23203        8.950756        350.3129       0.1582827E-03
   14 s   20    20.12979        10.30874        97.00506        9.447871        380.4866       0.4552920E-03
   14 s   21    19.63487        10.54579        94.82459        9.363073        382.0718       0.6223238E-03
   14 s   22    19.16800        10.77387        92.81712        8.768826        351.7947       0.5969037E-03
   14 s   23    18.71223        10.98515        91.03202        8.131737        317.3428       0.4297307E-03
   14 s   24    18.27817        11.18694        89.38994        8.130822        306.2477       0.2335350E-03
   14 s   25    17.89396        11.39880        87.72852        8.843786        325.9154       0.9784815E-04
   14 s   26    17.56372        11.62719        86.00529        9.330589        347.9225       0.4304683E-04
   15 s    1    139.8057        5.238761        190.8848        15.29577        716.0369       0.1218753E-02
   15 s    2    86.59327        5.408000        184.9113        23.21884        89.94684       0.7514173E-04
   15 s    3    68.41432        5.981741        167.1754        21.37625        139.5636      -0.2554050E-03
   15 s    4    56.66921        6.370481        156.9740        12.58018        626.4294      -0.7417240E-03
   15 s    5    47.96247        6.589869        151.7481        5.354929        282.4745      -0.1171528E-03
   15 s    6    41.27836        6.702678        149.1941        4.414125        245.1474       0.7166103E-04
   15 s    7    36.47973        6.834793        146.3102        7.039538        241.6166       0.6558569E-04
   15 s    8    34.51156        7.328179        136.4596        22.29712        82.51218       0.6965880E-03
   15 s    9    32.72752        7.766928        128.7510        4.009775        274.4792      -0.2196758E-05
   15 s   10    30.01025        7.871752        127.0365        4.774885        270.9607      -0.1509166E-04
   15 s   11    28.02758        8.051855        124.1950        10.72388        445.0410      -0.9042481E-03
   15 s   12    26.78470        8.363909        119.5613        13.34300        643.2745      -0.1810628E-02
   15 s   13    25.78204        8.694881        115.0102        13.12093        620.3323      -0.1937627E-02
   15 s   14    24.86670        9.007386        111.0200        11.94533        480.3368      -0.1689020E-02
   15 s   15    24.56919        9.513386        105.1150        20.14883        84.33373       0.3639194E-02
   15 s   16    23.83098        9.822871        101.8032        11.61307        430.4119      -0.8357729E-04
   15 s   17    23.16428        10.12673        98.74854        12.16911        467.9056      -0.4375857E-04
   15 s   18    22.56387        10.42792        95.89636        11.71578        444.1539      -0.7742435E-07
   15 s   19    21.95531        10.69515        93.50035        9.327631        347.6115      -0.9773510E-04
   15 s   20    21.28550        10.90060        91.73810        7.529557        298.7604      -0.8983090E-04
   15 s   21    20.64047        11.08589        90.20476        7.446558        300.4731       0.1425600E-03
   15 s   22    20.06458        11.27782        88.66962        7.924492        322.3517       0.4540866E-03
   15 s   23    19.56101        11.48343        87.08200        8.443567        352.0212       0.7272974E-03
   15 s   24    19.11490        11.69905        85.47701        8.675619        371.0700       0.8486194E-03
   15 s   25    18.70630        11.91628        83.91884        8.586559        369.5279       0.7979773E-03
   15 s   26    18.32154        12.12887        82.44789        8.348569        355.5144       0.6439719E-03
   16 s    1    143.4782        5.376377        185.9989       0.6500583        196.1714       0.2644909E-06
   16 s    2    90.03039        5.622658        177.8518        15.53594        534.8404       0.4294680E-03
   16 s    3    68.86567        6.021204        166.0797        17.28641        169.4003      -0.4320776E-03
   16 s    4    58.43514        6.568998        152.2302        22.48276        82.73441       0.4502213E-06
   16 s    5    49.92015        6.858847        145.7971        11.21197        467.5789      -0.3281738E-03
   16 s    6    44.08025        7.157642        139.7108        12.03020        686.8151      -0.2004812E-03
   16 s    7    39.72819        7.443421        134.3468        10.43502        630.4170      -0.6458585E-04
   16 s    8    36.03298        7.651237        130.6978        5.911454        358.6174       0.4266140E-05
   16 s    9    33.23038        7.886266        126.8027        22.12509        82.61755       0.8594105E-03
   16 s   10    32.05420        8.407886        118.9360        11.76120        419.7271      -0.9608641E-04
   16 s   11    30.23594        8.686282        115.1241        10.93223        514.6953      -0.4152141E-03
   16 s   12    28.65252        8.947162        111.7673        9.733730        423.4805      -0.6019167E-03
   16 s   13    27.16374        9.160852        109.1602        7.497053        308.9643      -0.3505173E-03
   16 s   14    25.78944        9.341626        107.0477        7.453758        289.9668      -0.5425364E-04
   16 s   15    24.67211        9.553235        104.6766        9.697021        345.9354      -0.1791986E-04
   16 s   16    24.30814        10.01955        99.80488        20.05114        84.35973       0.3575808E-02
   16 s   17    23.88745        10.44288        95.75899        8.320735        341.6333      -0.1657765E-02
   16 s   18    23.02892        10.64285        93.95981        8.100870        322.5356      -0.1088205E-02
   16 s   19    22.30886        10.86737        92.01859        10.33251        384.1319      -0.5328425E-03
   16 s   20    21.78088        11.15429        89.65162        12.26729        468.7845      -0.1756161E-03
   16 s   21    21.34943        11.46667        87.20928        12.57287        487.0506      -0.5772055E-04
   16 s   22    20.95083        11.77596        84.91877        12.02523        462.4717      -0.8594203E-06
   16 s   23    20.54018        12.05826        82.93072        10.36670        396.5269       0.1041075E-03
   16 s   24    20.08881        12.29512        81.33307        8.793509        348.7033       0.3449463E-03
   16 s   25    19.63790        12.50972        79.93783        8.462506        344.4791       0.5947392E-03
   16 s   26    19.21786        12.72224        78.60253        8.489694        351.3609       0.7462043E-03
   17 s    1    163.2215        6.116193        163.5004        17.34401        424.1581      -0.4959473E-03
   17 s    2    103.8007        6.482657        154.2577        9.816648        399.9290       0.4404951E-04
   17 s    3    75.23812        6.578373        152.0133        2.294332        223.9293       0.1171351E-04
   17 s    4    59.22043        6.657276        150.2116        4.873828        247.4594      -0.1015983E-03
   17 s    5    51.91892        7.133471        140.1842        22.25697        82.62671       0.1127871E-04
   17 s    6    46.86283        7.609470        131.4152        5.372605        261.6419      -0.3160485E-04
   17 s    7    41.18733        7.716802        129.5874        4.601024        264.4913      -0.9728574E-04
   17 s    8    37.11014        7.879961        126.9042        8.798166        353.2999      -0.1060502E-03
   17 s    9    34.27183        8.133425        122.9494        10.88524        476.7651      -0.8545429E-04
   17 s   10    32.18798        8.442976        118.4416        21.40428        85.97954       0.9053709E-03
   17 s   11    31.30257        8.992707        111.2012        21.86496        82.84762       0.1109638E-02
   17 s   12    29.44837        9.195680        108.7467        6.668834        284.1961      -0.3084892E-03
   17 s   13    27.87841        9.401870        106.3618        9.859472        405.8532      -0.1083626E-02
   17 s   14    26.69583        9.669944        103.4132        11.37272        514.2019      -0.1907119E-02
   17 s   15    25.70311        9.952449        100.4778        11.19837        503.2496      -0.2352234E-02
   17 s   16    24.79392        10.21978        97.84943        9.800058        413.0140      -0.2213223E-02
   17 s   17    24.07145        10.52332        95.02703        19.96278        84.39839       0.3510566E-02
   17 s   18    23.85563        11.02491        90.70365        19.88131        84.44625       0.3445583E-02
   17 s   19    23.63542        11.51358        86.85396        8.454897        359.6083      -0.1872897E-02
   17 s   20    22.84681        11.70016        85.46890        6.863464        305.2624      -0.1052441E-02
   17 s   21    22.09391        11.86652        84.27068        6.685455        292.2185      -0.5435726E-03
   17 s   22    21.42228        12.04095        83.04993        7.451679        302.4029      -0.2079832E-03
   17 s   23    20.86364        12.24815        81.64498        9.303512        346.0766       0.1746632E-04
   17 s   24    20.43089        12.50449        79.97130        10.93735        406.3670       0.9741924E-04
   17 s   25    20.06609        12.78249        78.23200        11.12848        425.6300       0.1461790E-03
   17 s   26    19.72320        13.05677        76.58863        10.76003        422.0902       0.2257146E-03
   18 s    1    167.4052        6.272964        159.4143        27.91816        93.97421      -0.4150901E-04
   18 s    2    105.4930        6.588340        151.7833        6.075800        274.5285       0.4545287E-05
   18 s    3    78.72416        6.883172        145.2819        13.27489        717.4057       0.5722770E-04
   18 s    4    64.09355        7.205090        138.7908        12.12816        726.0325      -0.2897082E-03
   18 s    5    54.35158        7.467709        133.9099        8.304347        462.6374      -0.1352430E-03
   18 s    6    47.41621        7.699326        129.8815        21.20222        85.15255       0.3071001E-04
   18 s    7    43.96209        8.236678        121.4082        18.40739        122.3879       0.1468212E-03
   18 s    8    40.33000        8.563664        116.7724        11.26484        481.4442      -0.7910932E-04
   18 s    9    37.08673        8.801459        113.6175        7.165287        309.6770      -0.1898665E-03
   18 s   10    34.08203        8.939789        111.8595        4.639008        246.2371      -0.9704647E-04
   18 s   11    31.52197        9.055735        110.4273        4.901403        246.0600      -0.8651416E-04
   18 s   12    30.55665        9.541756        104.8025        21.79709        82.92286       0.1215256E-02
   18 s   13    29.91328        10.08812        99.12648        21.68628        83.15115       0.1308201E-02
   18 s   14    28.64413        10.37567        96.37931        6.635453        293.2996      -0.4261443E-03
   18 s   15    27.23792        10.54674        94.81604        7.378247        303.4433      -0.6933582E-03
   18 s   16    26.08584        10.75230        93.00337        9.258841        357.1264      -0.1363078E-02
   18 s   17    25.17153        11.00424        90.87404        10.86476        434.7537      -0.2170926E-02
   18 s   18    24.39732        11.27526        88.68979        10.63891        444.4627      -0.2473666E-02
   18 s   19    23.65779        11.52448        86.77181        19.80495        84.50056       0.3382209E-02
   18 s   20    23.47552        12.02213        83.17991        19.73255        84.55831       0.3321247E-02
   18 s   21    23.03563        12.37232        80.82561        10.51938        419.8280      -0.1407451E-02
   18 s   22    22.45802        12.62312        79.21975        9.626858        387.5985      -0.1083380E-02
   18 s   23    21.89362        12.85281        77.80401        8.877232        360.3078      -0.6999684E-03
   18 s   24    21.35366        13.06926        76.51545        8.553058        349.0272      -0.3349160E-03
   18 s   25    20.85214        13.28322        75.28296        8.628206        353.2291      -0.1619457E-05
   18 s   26    20.39665        13.50259        74.05984        8.928486        369.0917       0.2988136E-03
   19 s    1    174.4459        6.536792        152.9802       0.8276163        215.7634      -0.2124368E-05
   19 s    2    110.6305        6.909195        144.7347        23.58176        89.32925      -0.3262021E-05
   19 s    3    85.44394        7.470709        133.8561        19.51170        119.4779       0.1094518E-03
   19 s    4    68.16237        7.662487        130.5059        3.670146        244.5648      -0.8958335E-04
   19 s    5    56.62105        7.779525        128.5425        6.528075        268.1947      -0.2161129E-03
   19 s    6    49.27375        8.000949        124.9852        10.67416        385.1414      -0.1145437E-04
   19 s    7    44.32393        8.304472        120.4171        15.74731        165.4736       0.2026929E-04
   19 s    8    41.57312        8.827629        113.2807        21.23625        85.03294       0.1569299E-03
   19 s    9    38.07685        9.036435        110.6631        8.971194        392.3741      -0.9973303E-04
   19 s   10    35.49379        9.310097        107.4103        12.15499        657.1297      -0.3944060E-03
   19 s   11    33.49665        9.623027        103.9174        12.64489        727.7094      -0.5597922E-03
   19 s   12    31.80568        9.931784        100.6868        11.78232        601.6516      -0.6164970E-03
   19 s   13    30.22912        10.19464        98.09077        8.483815        365.6660      -0.4955536E-03
   19 s   14    29.35087        10.63167        94.05858        21.56640        83.34244       0.1391336E-02
   19 s   15    28.44243        11.01313        90.80067        11.52391        563.2072      -0.4343269E-03
   19 s   16    27.35375        11.27492        88.69244        9.073902        404.3953      -0.1893312E-03
   19 s   17    26.22900        11.46654        87.21027        6.725105        305.8430      -0.6293333E-07
   19 s   18    25.17878        11.63641        85.93716        7.290622        303.5051      -0.2070119E-03
   19 s   19    24.31745        11.84582        84.41794        9.592815        361.9306      -0.9118349E-03
   19 s   20    23.63616        12.10440        82.61456        10.86141        422.1840      -0.1449725E-02
   19 s   21    23.30681        12.51797        79.88518        19.66326        84.61779       0.3262989E-02
   19 s   22    23.14999        13.01205        76.85183        19.59664        84.67706       0.3207496E-02
   19 s   23    22.69910        13.32567        75.04315        9.343527        398.6693      -0.2018709E-03
   19 s   24    22.16495        13.56580        73.71478        9.904986        409.8257      -0.7880238E-04
   19 s   25    21.69551        13.82046        72.35649        10.43527        416.6238      -0.4523347E-04
   19 s   26    21.27420        14.08353        71.00490        10.47597        399.1012      -0.4253352E-04
   20 s    1    185.3168        6.944141        144.0063        13.83718        743.6358      -0.1943049E-03
   20 s    2    116.6416        7.284606        137.2758        13.07970        549.9267      -0.1065565E-03
   20 s    3    86.63749        7.575066        132.0121        10.86051        173.0137       0.2241389E-03
   20 s    4    71.41550        8.028188        124.5611        16.17104        295.6183       0.3367696E-03
   20 s    5    61.14654        8.401311        119.0290        14.52765        699.6497      -0.6838057E-03
   20 s    6    53.61603        8.706038        114.8628        6.195971        273.3108      -0.4046489E-03
   20 s    7    46.93535        8.793745        113.7172        2.940474        226.4849      -0.2921821E-05
   20 s    8    41.82980        8.882132        112.5856        5.274359        227.2238       0.2334727E-04
   20 s    9    39.55996        9.388408        106.5143        22.08279        82.04372       0.2423482E-03
   20 s   10    37.89055        9.938771        100.6161        21.75447        82.28323       0.3423178E-03
   20 s   11    35.32851        10.14929        98.52906        3.967126        252.5895      -0.1142263E-05
   20 s   12    32.87226        10.26484        97.41994        5.541964        279.6357      -0.3758955E-04
   20 s   13    30.97758        10.44705        95.72077        9.352704        405.0094      -0.2341617E-03
   20 s   14    29.58994        10.71827        93.29865        11.78095        578.3907      -0.4362969E-03
   20 s   15    28.85282        11.17204        89.50918        21.43453        83.52522       0.1466466E-02
   20 s   16    27.91121        11.50470        86.92103        8.292189        356.2838      -0.8184988E-03
   20 s   17    26.86725        11.74556        85.13855        10.73825        473.2838      -0.1138271E-02
   20 s   18    26.01374        12.02229        83.17885        11.34621        527.6533      -0.1335948E-02
   20 s   19    25.26020        12.30507        81.26734        11.38311        540.7896      -0.1533120E-02
   20 s   20    24.57591        12.58566        79.45550        11.15152        530.1335      -0.1625804E-02
   20 s   21    23.93115        12.85330        77.80105        10.26549        471.4455      -0.1270068E-02
   20 s   22    23.29759        13.09502        76.36492        9.287142        409.2507      -0.5774516E-03
   20 s   23    23.00365        13.50446        74.04962        19.53246        84.73474       0.3154632E-02
   20 s   24    22.64744        13.86110        72.14433        9.637877        399.8382      -0.1771685E-02
   20 s   25    22.11218        14.08589        70.99303        8.567288        363.6774      -0.1075829E-02
   20 s   26    21.59525        14.29607        69.94929        8.534796        364.3229      -0.5337887E-03
