    0 s    2    5.054971       0.3156976        3167.589        6.615462        524.0374       0.6222251E-02
    0 s    3    5.484310       0.4795154        2085.439        6.850315        436.4364       0.2846835E-03
    0 s    4    5.874569       0.6603909        1514.255        7.565739        388.3536       0.2947276E-03
    0 s    5    6.217500       0.8542619        1170.601        7.869063        366.7383       0.8688913E-03
    0 s    6    6.473019        1.051073        951.4090        7.806085        355.2047       0.1228011E-02
    0 s    7    6.630742        1.242327        804.9410        7.430822        347.3318       0.1249557E-02
    0 s    8    6.692467        1.421077        703.6915        6.833370        341.0425       0.9666444E-03
    0 s    9    6.675170        1.584158        631.2502        6.220703        335.9700       0.5795915E-03
    0 s   10    6.609402        1.733660        576.8143        5.764557        331.6685       0.2877835E-03
    0 s   11    6.522708        1.873865        533.6564        5.469285        327.3267       0.1278469E-03
    0 s   12    6.430413        2.007989        498.0106        5.267798        322.3046       0.5332176E-04
    0 s   13    6.338617        2.137671        467.7989        5.107773        316.2778       0.2133684E-04
    0 s   14    6.249059        2.263576        441.7788        4.963008        309.1645       0.8261563E-05
    0 s   15    6.161912        2.385941        419.1218        4.823547        301.0584       0.3105624E-05
    0 s   16    6.076972        2.504861        399.2237        4.687275        292.1753       0.1135225E-05
    0 s   17    5.994066        2.620427        381.6172        4.555262        282.7979       0.4040289E-06
    0 s   18    5.913148        2.732769        365.9292        4.429484        273.2229       0.1401981E-06
    0 s   19    5.834281        2.842068        351.8564        4.311790        263.7190       0.4759378E-07
    0 s   20    5.757595        2.948543        339.1505        4.203507        254.5013       0.1591976E-07
    0 s   21    5.683244        3.052441        327.6067        4.105351        245.7230       0.5382448E-08
    0 s   22    5.611370        3.154016        317.0560        4.017493        237.4785       0.2002084E-08
    0 s   23    5.542093        3.253525        307.3589        3.939676        229.8136       0.8467228E-09
    0 s   24    5.475494        3.351212        298.3995        3.871347        222.7375       0.2573090E-09
    0 s   25    5.411616        3.447305        290.0817        3.811771        216.2346       0.5361131E-10
    0 s   26    5.350467        3.542012        282.3254        3.760120        210.2733      -0.2045973E-10
    1 s    2    10.95437       0.6841318        1461.707        10.96405        319.7289       0.1521918E-02
    1 s    3    10.81649       0.9457296        1057.385        9.940027        293.9942       0.8026102E-04
    1 s    4    10.48455        1.178622        848.4481        8.585843        286.3464      -0.1771007E-04
    1 s    5    9.952791        1.367477        731.2736        6.422850        317.4636       0.7719815E-04
    1 s    6    9.296698        1.509575        662.4382        5.279857        358.9834       0.6108046E-03
    1 s    7    8.777337        1.644510        608.0838        5.634348        372.8830       0.1554868E-02
    1 s    8    8.458784        1.796137        556.7505        6.493590        377.0880       0.2771885E-02
    1 s    9    8.302307        1.970312        507.5339        7.367069        378.2799       0.4028859E-02
    1 s   10    8.249229        2.163790        462.1520        8.011310        377.7689       0.5112290E-02
    1 s   11    8.250495        2.370229        421.9001        8.408541        375.9007       0.5976367E-02
    1 s   12    8.275872        2.584260        386.9579        8.627538        371.7807       0.6646222E-02
    1 s   13    8.308624        2.802047        356.8820        8.708464        360.7742       0.7071174E-02
    1 s   14    8.335176        3.019224        331.2110        8.520604        319.2652       0.6686278E-02
    1 s   15    8.312143        3.218527        310.7011        7.109410        202.9755       0.2573560E-02
    1 s   16    8.206035        3.382438        295.6447        6.228533        168.6916       0.3663701E-03
    1 s   17    8.087629        3.535671        282.8318        6.048815        163.6941       0.8370952E-04
    1 s   18    7.975972        3.686107        271.2890        5.978858        161.9673       0.2547229E-04
    1 s   19    7.873109        3.835248        260.7393        5.940321        161.1290       0.8870947E-05
    1 s   20    7.778760        3.983609        251.0286        5.914799        160.7035       0.3308640E-05
    1 s   21    7.692149        4.131414        242.0479        5.894918        160.5123       0.1279351E-05
    1 s   22    7.612402        4.278748        233.7132        5.876749        160.4545       0.5038638E-06
    1 s   23    7.538660        4.425624        225.9568        5.857950        160.4605       0.2000163E-06
    1 s   24    7.470130        4.572006        218.7224        5.837098        160.4781       0.7949567E-07
    1 s   25    7.406102        4.717831        211.9618        5.813370        160.4677       0.3148653E-07
    1 s   26    7.345948        4.863022        205.6335        5.786353        160.3999       0.1238118E-07
    2 s    1    10.87373       0.4074577        2454.242        13.03884        401.9932      -0.1747442E-04
    2 s    2    15.29817       0.9554149        1046.666        19.96945        96.74253       0.8425476E-01
    2 s    3    14.15880        1.237961        807.7797        5.741708        423.5990       0.1841887E-02
    2 s    4    12.18985        1.370324        729.7544        5.204926        371.8137      -0.1474517E-04
    2 s    5    11.02261        1.514467        660.2983        6.561302        290.8268       0.1306067E-04
    2 s    6    10.43880        1.695026        589.9613        7.621641        241.0594       0.7360321E-04
    2 s    7    10.07273        1.887213        529.8820        7.655714        219.7458       0.8672108E-04
    2 s    8    9.777608        2.076176        481.6548        7.431395        206.4950       0.9944896E-04
    2 s    9    9.518158        2.258858        442.7015        7.168004        196.5927       0.1195281E-03
    2 s   10    9.283484        2.435078        410.6645        6.918073        188.8309       0.1515470E-03
    2 s   11    9.069165        2.605419        383.8154        6.699224        182.8084       0.2050539E-03
    2 s   12    8.873290        2.770813        360.9049        6.523907        178.5329       0.3066580E-03
    2 s   13    8.695838        2.932633        340.9905        6.420527        176.9199       0.5556413E-03
    2 s   14    8.542007        3.094144        323.1912        6.559963        185.2150       0.1541971E-02
    2 s   15    8.450891        3.272252        305.5999        7.917463        271.1843       0.6205461E-02
    2 s   16    8.453587        3.484476        286.9872        8.750174        364.2527       0.8943447E-02
    2 s   17    8.477781        3.706233        269.8157        8.887226        383.7550       0.9704327E-02
    2 s   18    8.503268        3.929797        254.4661        8.920195        389.5573       0.1020076E-01
    2 s   19    8.527025        4.153791        240.7439        8.925837        392.2507       0.1061801E-01
    2 s   20    8.548445        4.377776        228.4265        8.920423        393.8167       0.1098553E-01
    2 s   21    8.567471        4.601545        217.3183        8.908719        394.6019       0.1130411E-01
    2 s   22    8.584139        4.824939        207.2565        8.889334        393.9910       0.1154660E-01
    2 s   23    8.598003        5.047519        198.1171        8.829986        386.1831       0.1148853E-01
    2 s   24    8.593776        5.259720        190.1242        7.388507        248.3617       0.3728290E-02
    2 s   25    8.523984        5.429944        184.1640        6.630049        210.5614       0.1196772E-03
    2 s   26    8.451958        5.595201        178.7246        6.588358        207.7131       0.1887612E-04
    3 s    1    25.30863       0.9483583        1054.454        5.924036        852.0803      -0.2732314E-03
    3 s    2    17.74996        1.108536        902.0904        6.993890        351.2328       0.3550824E-02
    3 s    3    16.56764        1.448576        690.3333        17.44046        89.96825       0.6889642E-01
    3 s    4    16.72594        1.880250        531.8443        16.80900        89.46536       0.6409808E-01
    3 s    5    16.73165        2.298868        434.9966        16.44188        89.54400       0.6003519E-01
    3 s    6    15.83269        2.570873        388.9730        5.537671        276.2224       0.6605951E-04
    3 s    7    14.44139        2.705720        369.5874        5.251212        268.2730       0.5749232E-04
    3 s    8    13.34988        2.834711        352.7696        5.083668        262.4826       0.8795037E-04
    3 s    9    12.47920        2.961576        337.6581        5.078393        258.2057       0.1318946E-03
    3 s   10    11.78028        3.089992        323.6254        5.198951        254.6778       0.1758275E-03
    3 s   11    11.21688        3.222421        310.3257        5.391112        251.3780       0.2098275E-03
    3 s   12    10.76029        3.360057        297.6140        5.609738        248.0465       0.2295038E-03
    3 s   13    10.38753        3.503150        285.4574        5.824097        244.6070       0.2349500E-03
    3 s   14    10.08027        3.651345        273.8717        6.016222        241.0872       0.2289389E-03
    3 s   15    9.824095        3.803967        262.8834        6.177806        237.5572       0.2153241E-03
    3 s   16    9.607783        3.960223        252.5110        6.307109        234.0916       0.1979630E-03
    3 s   17    9.422707        4.119327        242.7581        6.406293        230.7506       0.1801967E-03
    3 s   18    9.262282        4.280576        233.6134        6.479443        227.5764       0.1648105E-03
    3 s   19    9.121499        4.443379        225.0540        6.531274        224.5987       0.1544435E-03
    3 s   20    8.996561        4.607262        217.0486        6.566509        221.8470       0.1527520E-03
    3 s   21    8.884597        4.771871        209.5614        6.589954        219.3819       0.1680836E-03
    3 s   22    8.783494        4.936991        202.5525        6.608797        217.4343       0.2308711E-03
    3 s   23    8.692177        5.102805        195.9707        6.659180        217.8061       0.5648276E-03
    3 s   24    8.624796        5.278706        189.4404        8.085485        312.8182       0.8552004E-02
    3 s   25    8.627956        5.496176        181.9447        8.826428        397.8526       0.1242835E-01
    3 s   26    8.637646        5.718127        174.8824        8.847504        402.0782       0.1274238E-01
    4 s    1    38.08570        1.427137        700.7035        11.96329        371.6912      -0.8920384E-04
    4 s    2    27.92738        1.744145        573.3467        13.10063        456.0427      -0.6473592E-04
    4 s    3    23.72193        2.074104        482.1358        13.06402        531.1151      -0.1125014E-04
    4 s    4    20.35921        2.288685        436.9322        5.533038        307.8459      -0.1479814E-04
    4 s    5    17.68544        2.429916        411.5369        5.720232        285.9907       0.8637328E-04
    4 s    6    16.69575        2.711014        368.8657        16.25962        89.50475       0.5704083E-01
    4 s    7    16.64849        3.119239        320.5910        16.15703        89.59355       0.5467539E-01
    4 s    8    16.60115        3.525085        283.6811        16.06220        89.85857       0.5263346E-01
    4 s    9    15.65391        3.715000        269.1790        6.647615        340.1398       0.8511877E-04
    4 s   10    14.76693        3.873398        258.1713        6.098097        305.7859       0.1028843E-03
    4 s   11    14.00289        4.022797        248.5833        5.874153        288.0601       0.1229267E-03
    4 s   12    13.34973        4.168645        239.8861        5.799461        277.5647       0.1469252E-03
    4 s   13    12.79145        4.313859        231.8110        5.817294        270.9436       0.1701255E-03
    4 s   14    12.31362        4.460324        224.1990        5.895747        266.7007       0.1875456E-03
    4 s   15    11.90379        4.609241        216.9555        6.010665        264.0168       0.1962261E-03
    4 s   16    11.55119        4.761276        210.0277        6.143333        262.3810       0.1954420E-03
    4 s   17    11.24663        4.916693        203.3888        6.279917        261.4482       0.1861600E-03
    4 s   18    10.98225        5.075460        197.0265        6.410758        260.9723       0.1703432E-03
    4 s   19    10.75139        5.237351        190.9362        6.529545        260.7707       0.1503362E-03
    4 s   20    10.54847        5.402015        185.1161        6.632504        260.7031       0.1284070E-03
    4 s   21    10.36880        5.569028        179.5645        6.717693        260.6591       0.1064597E-03
    4 s   22    10.20847        5.737937        174.2787        6.784426        260.5502       0.8589813E-04
    4 s   23    10.06424        5.908283        169.2539        6.832835        260.3050       0.6760903E-04
    4 s   24    9.933387        6.079614        164.4841        6.863560        259.8666       0.5202336E-04
    4 s   25    9.813672        6.251500        159.9616        6.877550        259.1908       0.3921808E-04
    4 s   26    9.703221        6.423539        155.6774        6.875964        258.2465       0.2902769E-04
    5 s    1    47.53849        1.781350        561.3721        30.84109        94.94601       0.4539340E-04
    5 s    2    33.33909        2.082122        480.2792        3.036282        310.0799      -0.3013904E-03
    5 s    3    24.85739        2.173382        460.1123        4.575755        277.3254      -0.1744601E-03
    5 s    4    21.46738        2.413260        414.3772        12.99067        440.7777      -0.1381114E-04
    5 s    5    19.89387        2.733345        365.8521        12.49081        474.5260       0.1523529E-05
    5 s    6    18.68671        3.034302        329.5651        11.53216        483.6162       0.7225738E-05
    5 s    7    17.64628        3.306183        302.4636        10.10851        477.1209       0.2083254E-04
    5 s    8    16.64160        3.533674        282.9916        8.067024        407.7720       0.1664574E-03
    5 s    9    16.55605        3.929098        254.5113        16.01344        89.80670       0.5117498E-01
    5 s   10    16.02670        4.203838        237.8779        9.967686        350.2228       0.1957793E-04
    5 s   11    15.50021        4.452953        224.5701        9.927450        371.4748       0.1554445E-04
    5 s   12    15.04826        4.699038        212.8095        9.728551        387.3115       0.1675193E-04
    5 s   13    14.64089        4.937575        202.5286        9.296522        396.3592       0.2528449E-04
    5 s   14    14.24534        5.160045        193.7968        8.403285        382.9711       0.4950235E-04
    5 s   15    13.83003        5.355096        186.7380        7.220965        338.0802       0.9003121E-04
    5 s   16    13.40611        5.525850        180.9676        6.534434        301.6254       0.1234096E-03
    5 s   17    13.00610        5.685878        175.8743        6.305765        282.8552       0.1432712E-03
    5 s   18    12.64279        5.842884        171.1484        6.261636        272.7112       0.1532789E-03
    5 s   19    12.31643        5.999734        166.6741        6.282067        266.4230       0.1552311E-03
    5 s   20    12.02347        6.157383        162.4067        6.321329        262.0270       0.1502230E-03
    5 s   21    11.75962        6.316032        158.3273        6.360550        258.6572       0.1395658E-03
    5 s   22    11.52081        6.475569        154.4266        6.392033        255.9026       0.1248794E-03
    5 s   23    11.30344        6.635766        150.6985        6.413756        253.5653       0.1079076E-03
    5 s   24    11.10452        6.796392        147.1369        6.426993        251.5584       0.9028301E-04
    5 s   25    10.92160        6.957271        143.7345        6.434909        249.8556       0.7333931E-04
    5 s   26    10.75274        7.118321        140.4826        6.441500        248.4626       0.5800770E-04
    6 s    1    52.75707        1.976899        505.8427        7.780782        539.6249      -0.6686212E-04
    6 s    2    39.97901        2.496805        400.5119        16.35698        211.4078      -0.2307503E-03
    6 s    3    32.27377        2.821827        354.3804        11.90662        428.6107      -0.7704450E-03
    6 s    4    27.38561        3.078559        324.8273        8.234937        328.9077      -0.6619516E-03
    6 s    5    23.59700        3.242142        308.4381        5.535189        269.7603      -0.2313268E-03
    6 s    6    20.80944        3.378985        295.9469        5.666730        258.8138      -0.1207485E-04
    6 s    7    18.85803        3.533215        283.0284        6.802204        258.1828       0.6596013E-04
    6 s    8    17.54459        3.725414        268.4265        8.597811        279.0977       0.5852283E-04
    6 s    9    16.67285        3.956816        252.7284        9.707068        319.2009       0.3305227E-04
    6 s   10    16.51326        4.331463        230.8689        15.95391        89.89866       0.4987536E-01
    6 s   11    16.47274        4.732343        211.3118        15.89864        89.97902       0.4878955E-01
    6 s   12    16.09240        5.025084        199.0017        5.881369        248.6528       0.1217261E-03
    6 s   13    15.35055        5.176907        193.1655        6.302200        245.2231       0.1069132E-03
    6 s   14    14.75432        5.344411        187.1114        7.176317        250.3370       0.8557408E-04
    6 s   15    14.30445        5.538795        180.5447        8.334410        273.4544       0.5466203E-04
    6 s   16    13.96634        5.756773        173.7084        8.988320        302.0448       0.3360100E-04
    6 s   17    13.68905        5.984446        167.0999        9.166263        322.1283       0.2513502E-04
    6 s   18    13.44468        6.213480        160.9404        9.126384        334.4237       0.2335063E-04
    6 s   19    13.22004        6.439910        155.2817        8.965364        341.3640       0.2598502E-04
    6 s   20    13.00678        6.660952        150.1287        8.693046        343.3014       0.3343421E-04
    6 s   21    12.79765        6.873551        145.4852        8.285980        338.1188       0.4742677E-04
    6 s   22    12.58611        7.074350        141.3557        7.760882        323.4394       0.6797659E-04
    6 s   23    12.37010        7.261953        137.7040        7.261824        303.2911       0.8860174E-04
    6 s   24    12.15470        7.439142        134.4241        6.939953        286.0048       0.1008965E-03
    6 s   25    11.94724        7.610623        131.3953        6.794701        274.4779       0.1032218E-03
    6 s   26    11.75219        7.779957        128.5354        6.756795        267.3942       0.9826323E-04
    7 s    1    59.28404        2.221476        450.1512        7.962292        255.9646       0.1228056E-03
    7 s    2    40.93230        2.556341        391.1842        26.00429        117.5286      -0.2909985E-04
    7 s    3    37.11177        3.244832        308.1824        15.10910        136.5945       0.2830947E-03
    7 s    4    30.18713        3.393492        294.6817        8.189033        355.4654      -0.2251812E-03
    7 s    5    26.60008        3.654754        273.6162        12.02395        495.8838      -0.5150203E-03
    7 s    6    24.40858        3.963404        252.3084        12.20931        507.9087      -0.4812843E-03
    7 s    7    22.63572        4.240999        235.7935        9.637301        400.5497      -0.2606254E-03
    7 s    8    20.92371        4.442936        225.0764        6.819755        310.4741      -0.1285617E-04
    7 s    9    19.37410        4.597881        217.4915        5.800141        276.6565       0.1078800E-03
    7 s   10    18.06980        4.739748        210.9817        5.610292        262.6657       0.1403469E-03
    7 s   11    16.98917        4.880705        204.8884        5.678427        254.5643       0.1359273E-03
    7 s   12    16.43434        5.131861        194.8611        15.84766        90.04559       0.4787367E-01
    7 s   13    16.39796        5.530140        180.8273        15.80125        90.09899       0.4709277E-01
    7 s   14    16.36352        5.927305        168.7107        15.75962        90.14038       0.4641973E-01
    7 s   15    16.09948        6.233846        160.4146        5.479778        234.0807       0.1206972E-03
    7 s   16    15.45768        6.371485        156.9493        5.522495        231.2810       0.1104168E-03
    7 s   17    14.89281        6.510695        153.5934        5.607076        229.0736       0.1067286E-03
    7 s   18    14.39492        6.652630        150.3165        5.742909        227.3776       0.1074299E-03
    7 s   19    13.95667        6.798748        147.0859        5.945689        226.3037       0.1090181E-03
    7 s   20    13.57324        6.951041        143.8633        6.243357        226.3829       0.1073302E-03
    7 s   21    13.24224        7.112336        140.6008        6.671184        228.9790       0.9807969E-04
    7 s   22    12.96252        7.285919        137.2510        7.214757        236.0882       0.7960803E-04
    7 s   23    12.72979        7.473117        133.8130        7.728572        247.5934       0.5752513E-04
    7 s   24    12.53355        7.671015        130.3608        8.058451        259.5471       0.4003764E-04
    7 s   25    12.36178        7.874695        126.9891        8.201443        268.5567       0.2913971E-04
    7 s   26    12.20587        8.080295        123.7579        8.223603        274.0432       0.2289456E-04
    8 s    1    76.96676        2.884078        346.7313        14.27211        937.7155      -0.6837147E-03
    8 s    2    51.19855        3.197497        312.7446        1.508615        231.0459       0.3343499E-05
    8 s    3    37.33994        3.264782        306.2992        15.58297        142.3239       0.2189428E-03
    8 s    4    34.49547        3.877816        257.8771        18.25943        224.6822       0.5787373E-03
    8 s    5    30.66441        4.213178        237.3505        11.23492        577.8291      -0.4267405E-03
    8 s    6    27.38813        4.447217        224.8597        7.973589        337.9873      -0.2283333E-03
    8 s    7    24.87302        4.660176        214.5842        9.810033        330.0786      -0.2933297E-05
    8 s    8    23.29074        4.945551        202.2019        12.71494        406.0545      -0.2039788E-04
    8 s    9    22.23843        5.277646        189.4784        13.56814        464.3982      -0.2221458E-04
    8 s   10    21.08667        5.531079        180.7966        6.214809        283.5478      -0.4898559E-04
    8 s   11    19.77100        5.679877        176.0601        5.753191        261.2898       0.1041613E-03
    8 s   12    18.64191        5.821206        171.7857        5.570375        249.6340       0.1524670E-03
    8 s   13    17.67136        5.959588        167.7968        5.497492        242.5501       0.1528046E-03
    8 s   14    16.83151        6.096822        164.0199        5.472166        237.6905       0.1369107E-03
    8 s   15    16.33098        6.323487        158.1406        15.72276        90.17110       0.4583354E-01
    8 s   16    16.30031        6.718808        148.8359        15.69045        90.19252       0.4531787E-01
    8 s   17    16.27143        7.113385        140.5800        15.66234        90.20594       0.4486003E-01
    8 s   18    16.13648        7.457495        134.0933        5.178160        233.6853       0.1063004E-03
    8 s   19    15.57638        7.587761        131.7912        5.236544        233.6527       0.9609280E-04
    8 s   20    15.07475        7.719986        129.5339        5.334759        234.2667       0.9225015E-04
    8 s   21    14.62519        7.855113        127.3056        5.468327        235.3755       0.9320064E-04
    8 s   22    14.22220        7.993958        125.0945        5.631611        236.8648       0.9711941E-04
    8 s   23    13.86097        8.137183        122.8927        5.818002        238.6345       0.1023040E-03
    8 s   24    13.53719        8.285277        120.6960        6.020238        240.5918       0.1073103E-03
    8 s   25    13.24691        8.438541        118.5039        6.230683        242.6488       0.1109925E-03
    8 s   26    12.98652        8.597084        116.3185        6.441603        244.7246       0.1125189E-03
    9 s    1    84.72905        3.174944        314.9662       0.5174504        221.8291      -0.1275903E-05
    9 s    2    51.90784        3.241795        308.4711        14.14688        965.2201       0.2165364E-04
    9 s    3    41.08669        3.592376        278.3673        13.90860        696.3218       0.4166455E-03
    9 s    4    35.37015        3.976143        251.5000        20.99509        132.8676       0.5079042E-03
    9 s    5    32.47912        4.462512        224.0890        6.068115        251.2752       0.8831551E-04
    9 s    6    28.69732        4.659799        214.6015        9.853140        404.5779      -0.7361994E-03
    9 s    7    26.25643        4.919370        203.2781        10.40982        482.2214      -0.1143585E-02
    9 s    8    24.31369        5.162764        193.6947        8.958490        409.2032      -0.8737173E-03
    9 s    9    22.60354        5.364293        186.4179        7.259624        327.1448      -0.3870164E-03
    9 s   10    21.40572        5.614766        178.1018        13.29969        484.5007      -0.9023449E-05
    9 s   11    20.67639        5.939981        168.3507        12.70515        492.6887       0.4597419E-06
    9 s   12    20.01605        6.250302        159.9923        12.14221        495.3851       0.2868662E-05
    9 s   13    19.41672        6.548205        152.7136        11.71471        498.4955       0.2903061E-05
    9 s   14    18.87415        6.836722        146.2689        11.35765        506.4304       0.4980318E-05
    9 s   15    18.24838        7.065919        141.5244        5.525649        251.8160       0.1579642E-03
    9 s   16    17.46404        7.198488        138.9181        5.205792        237.3081       0.1447547E-03
    9 s   17    16.76267        7.328141        136.4602        5.163881        234.6332       0.1233303E-03
    9 s   18    16.24430        7.507326        133.2032        15.63799        90.21257       0.4445012E-01
    9 s   19    16.21884        7.900724        126.5707        15.61692        90.21346       0.4408035E-01
    9 s   20    16.19496        8.293663        120.5740        15.59866        90.20952       0.4374455E-01
    9 s   21    16.17259        8.686214        115.1250        15.58276        90.20155       0.4343779E-01
    9 s   22    15.75530        8.855676        112.9219        5.906478        252.2969       0.6536793E-04
    9 s   23    15.32649        8.997523        111.1417        5.515938        239.2610       0.6560167E-04
    9 s   24    14.92392        9.134009        109.4810        5.416234        234.2269       0.6396989E-04
    9 s   25    14.55118        9.269384        107.8820        5.413836        231.7175       0.6343639E-04
    9 s   26    14.20749        9.405366        106.3223        5.460899        230.4244       0.6398607E-04
   10 s    1    91.83595        3.441252        290.5919        26.56637        88.76637       0.5102351E-04
   10 s    2    65.19039        4.071328        245.6201        16.60888        297.7887      -0.8945609E-03
   10 s    3    48.98549        4.283000        233.4812        4.015833        268.0547      -0.4512316E-03
   10 s    4    38.81848        4.363787        229.1587        3.294120        236.0709       0.5230250E-04
   10 s    5    33.47570        4.599439        217.4178        24.78662        95.52413       0.1351332E-02
   10 s    6    32.15485        5.221224        191.5260        23.98175        98.45236       0.1796792E-02
   10 s    7    29.43653        5.515189        181.3175        7.141129        270.5180      -0.1202150E-03
   10 s    8    26.86174        5.703816        175.3212        8.293954        280.0196      -0.6296802E-03
   10 s    9    24.99781        5.932506        168.5628        9.947948        322.7053      -0.1002866E-02
   10 s   10    23.59475        6.188953        161.5782        10.32025        346.1316      -0.9883235E-03
   10 s   11    22.38998        6.432268        155.4662        8.934476        315.7685      -0.5926606E-03
   10 s   12    21.23538        6.631054        150.8056        7.057408        273.5281      -0.1494932E-03
   10 s   13    20.14027        6.792217        147.2273        5.971845        250.3741       0.8069871E-04
   10 s   14    19.14650        6.935375        144.1883        5.566079        238.5075       0.1524805E-03
   10 s   15    18.39822        7.123937        140.3718        10.99781        437.8026       0.5193215E-05
   10 s   16    17.95660        7.401516        135.1075        11.08789        478.0886       0.5125795E-06
   10 s   17    17.56159        7.677404        130.2524        10.98138        481.3618       0.5674013E-06
   10 s   18    17.20281        7.950301        125.7814        10.84206        477.8328       0.1183152E-05
   10 s   19    16.87116        8.218490        121.6769        10.57629        463.6091       0.3348811E-05
   10 s   20    16.54886        8.474896        117.9956        9.764931        413.5963       0.1310533E-04
   10 s   21    16.18460        8.692667        115.0395        7.440022        303.3814       0.4662796E-04
   10 s   22    16.14482        9.074616        110.1975        9.987203        398.5902       0.2481827E-04
   10 s   23    15.88857        9.327501        107.2098        10.14326        416.2340       0.1676569E-04
   10 s   24    15.65042        9.578658        104.3988        9.898076        406.5718       0.1649210E-04
   10 s   25    15.41556        9.820014        101.8329        9.355484        379.9244       0.2061081E-04
   10 s   26    15.17640        10.04679        99.53432        8.474156        340.6257       0.2905486E-04
   11 s    1    99.93045        3.744567        267.0536        14.79400        614.1105       0.6679686E-03
   11 s    2    65.65737        4.100493        243.8731        21.48962        100.9217      -0.2612627E-03
   11 s    3    51.30442        4.485753        222.9280        10.64952        467.9538      -0.1307836E-02
   11 s    4    42.49161        4.776703        209.3494        11.93940        637.7361      -0.9391560E-03
   11 s    5    36.90290        5.070324        197.2260        11.39167        573.2836      -0.6702104E-04
   11 s    6    32.83437        5.331564        187.5622        9.574018        304.9355       0.2735518E-03
   11 s    7    30.98742        5.805762        172.2427        13.65216        310.4527       0.4620310E-03
   11 s    8    28.82563        6.120830        163.3765        12.91223        698.0326      -0.8826711E-04
   11 s    9    27.17134        6.448329        155.0789        13.20755        762.1413      -0.2976878E-03
   11 s   10    25.66124        6.730997        148.5664        7.737816        310.2804      -0.2755987E-04
   11 s   11    24.12274        6.930060        144.2989        8.905958        317.5196      -0.5030188E-03
   11 s   12    22.98369        7.176990        139.3342        10.62873        383.1925      -0.8105418E-03
   11 s   13    22.07292        7.443995        134.3365        10.43032        401.1054      -0.6915229E-03
   11 s   14    21.21820        7.685798        130.1101        8.813569        351.7940      -0.2912066E-03
   11 s   15    20.36442        7.885265        126.8188        7.243891        301.5618       0.3928219E-04
   11 s   16    19.53999        8.054169        124.1593        6.360775        273.5000       0.1796039E-03
   11 s   17    18.77435        8.207586        121.8385        5.951391        258.7847       0.2059249E-03
   11 s   18    18.07667        8.354157        119.7009        5.789926        250.7155       0.1863518E-03
   11 s   19    17.44742        8.499208        117.6580        5.845078        247.8493       0.1530595E-03
   11 s   20    16.89329        8.651285        115.5898        6.480383        258.3986       0.1140951E-03
   11 s   21    16.45472        8.837743        113.1511        8.636767        324.4042       0.5824735E-04
   11 s   22    16.15162        9.078439        110.1511        15.56883        90.19018       0.4315608E-01
   11 s   23    16.13197        9.470390        105.5923        15.55648        90.17596       0.4289616E-01
   11 s   24    16.11355        9.862111        101.3982        15.54539        90.15931       0.4265535E-01
   11 s   25    16.02680        10.20939        97.94908        6.792647        267.9641       0.8339007E-04
   11 s   26    15.69096        10.38742        96.27026        7.478143        286.1273       0.6278614E-04
   12 s    1    114.3479        4.284813        233.3824       0.8674798        220.9308       0.3517235E-04
   12 s    2    69.21228        4.322507        231.3472        2.666893        234.7954      -0.5227139E-06
   12 s    3    54.24824        4.743143        210.8307        25.66404        85.16715       0.1188308E-05
   12 s    4    47.40981        5.329584        187.6319        2.783009        201.2461      -0.1398737E-04
   12 s    5    39.39706        5.413013        184.7400        4.218795        219.9709      -0.4559791E-04
   12 s    6    34.24288        5.560274        179.8472        8.055251        302.6865       0.3058504E-05
   12 s    7    31.20810        5.847108        171.0247        22.02154        105.2849       0.1767868E-02
   12 s    8    30.30830        6.435659        155.3843        23.21514        92.81333       0.2344995E-02
   12 s    9    27.85612        6.610842        151.2667        5.225724        243.9740      -0.8537368E-04
   12 s   10    25.96204        6.809899        146.8450        12.58647        538.7772      -0.7342235E-03
   12 s   11    24.88883        7.150145        139.8573        14.05914        733.7952      -0.6409175E-03
   12 s   12    24.03359        7.504835        133.2474        14.32955        709.6985      -0.4453101E-03
   12 s   13    23.31970        7.864468        127.1542        14.43959        643.6942      -0.1978047E-03
   12 s   14    22.69519        8.220807        121.6426        13.05525        427.6131      -0.5306608E-04
   12 s   15    21.88596        8.474419        118.0022        9.820020        377.8614      -0.7471017E-03
   12 s   16    21.13968        8.713546        114.7638        9.137143        372.7860      -0.3943838E-03
   12 s   17    20.41801        8.926145        112.0304        7.860540        328.5315      -0.1702564E-04
   12 s   18    19.71122        9.109568        109.7747        6.882705        294.0388       0.1831220E-03
   12 s   19    19.03928        9.274655        107.8207        6.370053        275.0033       0.2416619E-03
   12 s   20    18.41566        9.430914        106.0343        6.145071        264.8094       0.2341252E-03
   12 s   21    17.84331        9.583550        104.3455        6.064774        259.1660       0.2029940E-03
   12 s   22    17.32020        9.735268        102.7193        6.068176        256.2829       0.1672714E-03
   12 s   23    16.84338        9.888025        101.1324        6.152853        255.8650       0.1346420E-03
   12 s   24    16.41280        10.04526        99.54942        6.367371        258.9768       0.1064188E-03
   12 s   25    16.09630        10.25365        97.52620        15.53528        90.14011       0.4243120E-01
   12 s   26    16.08007        10.64502        93.94066        15.52595        90.11957       0.4222218E-01
   13 s    1    120.4470        4.513356        221.5646        14.40823        723.0981      -0.3973934E-03
   13 s    2    77.95430        4.868471        205.4033        14.26149        885.6103       0.1963704E-02
   13 s    3    59.80310        5.228827        191.2475        14.38811        898.2135       0.1076543E-02
   13 s    4    47.81924        5.375610        186.0254        24.45129        89.80681       0.7843087E-04
   13 s    5    42.88700        5.892518        169.7067        14.62338        426.1960      -0.1378867E-02
   13 s    6    38.19922        6.202694        161.2203        10.12971        519.7898      -0.1432509E-02
   13 s    7    34.07009        6.383326        156.6581        5.053153        274.6818      -0.2946711E-03
   13 s    8    30.59032        6.495544        153.9517        4.515137        236.0131       0.2301953E-04
   13 s    9    29.56884        7.017306        142.5048        22.90477        91.53350       0.2535352E-02
   13 s   10    28.91907        7.585533        131.8299        21.90527        93.67774       0.2553874E-02
   13 s   11    26.94159        7.739869        129.2012        5.050927        246.5235      -0.7562163E-04
   13 s   12    25.21150        7.872654        127.0220        5.763567        254.2228      -0.2610171E-03
   13 s   13    23.82279        8.034131        124.4690        7.296587        285.0384      -0.5886554E-03
   13 s   14    22.75685        8.243140        121.3130        10.39483        439.4803      -0.8336776E-03
   13 s   15    22.17259        8.585404        116.4768        14.14831        592.0562      -0.1358009E-04
   13 s   16    21.67422        8.933878        111.9335        13.68924        553.2303      -0.1191085E-04
   13 s   17    21.19976        9.267905        107.8993        13.00399        530.6250      -0.5365035E-04
   13 s   18    20.73390        9.582199        104.3602        12.10164        504.8484      -0.5703810E-04
   13 s   19    20.26226        9.870406        101.3130        10.89134        459.6241       0.3920844E-05
   13 s   20    19.77592        10.12752        98.74088        9.260529        391.9247       0.1170212E-03
   13 s   21    19.24883        10.33845        96.72632        7.664242        330.7135       0.2147497E-03
   13 s   22    18.70961        10.51622        95.09120        6.646489        295.0021       0.2437968E-03
   13 s   23    18.18500        10.67564        93.67124        6.154227        277.0992       0.2262549E-03
   13 s   24    17.68966        10.82675        92.36385        5.950357        267.8798       0.1938360E-03
   13 s   25    17.22827        10.97474        91.11831        5.889874        262.8574       0.1611904E-03
   13 s   26    16.80095        11.12224        89.90997        5.904225        260.0588       0.1332844E-03
   14 s    1    133.3514        4.996909        200.1237        27.57112        87.55194       0.1157290E-03
   14 s    2    83.89101        5.239236        190.8675        1.158706        196.3774       0.3261336E-07
   14 s    3    60.34077        5.275838        189.5434        1.848324        200.8011       0.1912017E-05
   14 s    4    49.71574        5.588805        178.9291        14.45865        622.2906      -0.7384196E-03
   14 s    5    43.94713        6.038176        165.6129        23.42251        96.02563      -0.2215488E-03
   14 s    6    39.86885        6.473805        154.4687        6.998759        252.3603      -0.5270850E-03
   14 s    7    35.88426        6.723227        148.7381        12.42077        496.7299      -0.1601415E-02
   14 s    8    33.22197        7.054348        141.7565        13.62315        659.0119      -0.1499877E-02
   14 s    9    31.09968        7.380607        135.4902        11.87111        504.6798      -0.8776023E-03
   14 s   10    28.99906        7.606514        131.4663        6.887868        255.9796      -0.4259223E-04
   14 s   11    28.35176        8.144987        122.7749        22.07667        90.92012       0.2719206E-02
   14 s   12    27.29297        8.522625        117.3347        11.94239        535.9168      -0.2455042E-03
   14 s   13    26.01478        8.773372        113.9813        7.967684        328.7971      -0.1761513E-03
   14 s   14    24.68824        8.942741        111.8225        6.247531        273.5455      -0.2618557E-03
   14 s   15    23.51168        9.103909        109.8429        6.895331        282.4865      -0.4449576E-03
   14 s   16    22.54760        9.293875        107.5977        8.404793        322.7051      -0.6229399E-03
   14 s   17    21.78375        9.523209        105.0066        9.876217        385.4806      -0.6326366E-03
   14 s   18    21.16223        9.780154        102.2479        10.52858        432.3057      -0.4285054E-03
   14 s   19    20.62517        10.04719        99.53029        10.29877        429.0775      -0.1395742E-03
   14 s   20    20.11005        10.29863        97.10030        9.831760        404.0024       0.3849900E-04
   14 s   21    19.62615        10.54111        94.86671        9.584473        393.5673       0.6662331E-04
   14 s   22    19.17537        10.77802        92.78146        9.348263        388.5054       0.4940468E-04
   14 s   23    18.75121        11.00803        90.84274        9.041361        380.3767       0.3666114E-04
   14 s   24    18.34865        11.23007        89.04660        8.718574        370.0529       0.3125272E-04
   14 s   25    17.96523        11.44420        87.38051        8.410047        358.7683       0.3054782E-04
   14 s   26    17.59943        11.65083        85.83078        8.117507        346.6613       0.3303302E-04
   15 s    1    139.2167        5.216692        191.6924       0.6701483        195.2342      -0.3562342E-05
   15 s    2    90.26137        5.637083        177.3967        24.02674        110.4300      -0.5203603E-03
   15 s    3    69.65976        6.090634        164.1865        13.67846        728.1872      -0.7862321E-03
   15 s    4    55.96481        6.291296        158.9498        3.267200        230.9648       0.1612310E-03
   15 s    5    46.32513        6.364904        157.1116        3.279241        216.4819       0.3599753E-04
   15 s    6    41.01302        6.659592        150.1593        24.71692        88.23083       0.1147135E-03
   15 s    7    38.88598        7.285626        137.2566        24.98147        88.47460       0.3073582E-03
   15 s    8    35.60335        7.560009        132.2750        3.173357        231.3901      -0.2946515E-04
   15 s    9    32.29446        7.664153        130.4776        5.744706        272.0583      -0.2488739E-03
   15 s   10    30.05876        7.884477        126.8315        11.74826        503.4648      -0.5967253E-03
   15 s   11    28.55763        8.204130        121.8898        13.24294        639.7699      -0.4228927E-03
   15 s   12    27.84660        8.695503        115.0020        21.78984        90.30804       0.2767507E-02
   15 s   13    26.79810        9.037543        110.6495        10.25961        378.7974      -0.4571590E-04
   15 s   14    25.75973        9.330862        107.1712        12.66798        513.3963      -0.6488894E-04
   15 s   15    24.93409        9.654677        103.5767        13.10067        538.5159      -0.5839063E-04
   15 s   16    24.20481        9.976959        100.2309        12.31027        475.0071      -0.1782055E-04
   15 s   17    23.36544        10.21467        97.89838        6.602376        281.1636      -0.9839485E-04
   15 s   18    22.44451        10.37276        96.40635        6.494092        278.6700      -0.2638158E-03
   15 s   19    21.65469        10.54870        94.79837        7.691628        309.6938      -0.3779472E-03
   15 s   20    21.00916        10.75908        92.94477        9.103541        364.7413      -0.3565983E-03
   15 s   21    20.47723        10.99822        90.92384        9.852916        413.9316      -0.1564061E-03
   15 s   22    20.00261        11.24298        88.94435        9.542001        410.8902       0.1104390E-03
   15 s   23    19.53760        11.46969        87.18633        8.504967        366.1405       0.2940446E-03
   15 s   24    19.06576        11.66898        85.69732        7.462533        324.5821       0.3409488E-03
   15 s   25    18.59768        11.84708        84.40897        6.836951        301.1843       0.3060926E-03
   15 s   26    18.14910        12.01472        83.23126        6.608280        291.4042       0.2484262E-03
   16 s    1    142.7460        5.348941        186.9529        17.57688        644.3945      -0.1441517E-02
   16 s    2    92.24517        5.760977        173.5817        16.44088        263.0857      -0.1413102E-02
   16 s    3    72.06489        6.300925        158.7069        8.456292        159.9545      -0.9020399E-04
   16 s    4    58.00542        6.520691        153.3580        13.41760        640.5954      -0.1536011E-03
   16 s    5    49.98840        6.868225        145.5980        13.89992        855.0579       0.5547702E-03
   16 s    6    44.40364        7.210153        138.6933        13.44074        883.5382       0.7953333E-03
   16 s    7    39.98010        7.490618        133.5003        2.866261        239.3688       0.3507804E-05
   16 s    8    36.98412        7.853202        127.3366        14.65201        426.4810       0.1863010E-04
   16 s    9    34.47340        8.181261        122.2305        12.75083        868.1310      -0.8534616E-03
   16 s   10    32.36963        8.490622        117.7770        11.63019        665.4945      -0.1193973E-02
   16 s   11    30.30270        8.705458        114.8705        5.530030        271.9933      -0.1748287E-03
   16 s   12    28.30370        8.838239        113.1447        5.974875        264.0867      -0.7971712E-06
   16 s   13    27.39510        9.238878        108.2382        21.54127        89.96293       0.2784108E-02
   16 s   14    26.97613        9.771475        102.3387        9.365613        380.3315      -0.6050077E-03
   16 s   15    25.72810        9.962125        100.3802        6.481110        297.6315      -0.2107968E-03
   16 s   16    24.54770        10.11829        98.83089        6.504176        287.0946      -0.1735007E-03
   16 s   17    23.68097        10.35261        96.59397        12.21134        467.9951      -0.1484518E-03
   16 s   18    23.08909        10.67066        93.71494        12.88113        502.3198      -0.8490148E-04
   16 s   19    22.56101        10.99020        90.99012        12.63652        492.8174      -0.6212611E-04
   16 s   20    22.06377        11.29916        88.50216        11.97824        468.7453      -0.6782960E-04
   16 s   21    21.55487        11.57701        86.37810        9.897213        390.5026      -0.1486249E-03
   16 s   22    20.99162        11.79889        84.75375        8.436226        348.2974      -0.2277022E-03
   16 s   23    20.47119        12.01776        83.21018        9.187464        383.6799      -0.1438126E-03
   16 s   24    20.02738        12.25752        81.58256        9.863471        423.4849       0.6421001E-04
   16 s   25    19.62898        12.50405        79.97412        9.668387        415.2387       0.2827709E-03
   16 s   26    19.23686        12.73481        78.52492        8.664229        362.7678       0.3965403E-03
   17 s    1    164.6407        6.169372        162.0910        15.15048        638.5185      -0.3776912E-04
   17 s    2    100.2344        6.259925        159.7463        1.171249        203.6525       0.4483061E-05
   17 s    3    72.23570        6.315860        158.3316        20.25159        99.34387      -0.4730989E-04
   17 s    4    61.93137        6.962028        143.6363        25.86065        84.76478       0.1474292E-05
   17 s    5    53.85068        7.398887        135.1555        1.755483        223.0954      -0.6031861E-04
   17 s    6    45.83538        7.442636        134.3610        1.875536        217.9299       0.1087517E-04
   17 s    7    40.27699        7.546244        132.5163        12.65273        612.5841       0.4914426E-03
   17 s    8    37.34414        7.929648        126.1090        23.27764        97.48230       0.2084122E-03
   17 s    9    36.01686        8.547557        116.9925        24.62142        88.22490       0.4510484E-03
   17 s   10    33.11148        8.685212        115.1382        4.476120        242.1907      -0.2467191E-03
   17 s   11    30.91990        8.882770        112.5775        11.48589        543.7969      -0.1604482E-02
   17 s   12    29.44093        9.193357        108.7742        12.81694        721.4908      -0.1779971E-02
   17 s   13    28.18480        9.505201        105.2056        11.95411        604.8788      -0.1372856E-02
   17 s   14    26.99041        9.776648        102.2845        21.13672        90.73983       0.2724037E-02
   17 s   15    26.62539        10.30956        96.99732        21.16541        89.33614       0.2761211E-02
   17 s   16    26.10319        10.75945        92.94155        12.77269        562.6366      -0.8554148E-03
   17 s   17    25.29133        11.05662        90.44357        10.09605        419.7194      -0.4757576E-03
   17 s   18    24.32896        11.24366        88.93898        5.888248        286.7764      -0.1278792E-03
   17 s   19    23.36689        11.38277        87.85207        5.528699        272.8946      -0.1010921E-03
   17 s   20    22.51128        11.52833        86.74281        6.307142        282.9036      -0.1302061E-03
   17 s   21    21.80879        11.71339        85.37240        8.929809        341.6920      -0.9975218E-04
   17 s   22    21.30219        11.97345        83.51814        11.35599        439.3038      -0.3116178E-04
   17 s   23    20.89001        12.26363        81.54194        11.71050        471.2181      -0.1618918E-04
   17 s   24    20.51391        12.55530        79.64766        11.58453        475.4984      -0.1227517E-04
   17 s   25    20.15854        12.84138        77.87323        11.27960        466.4104      -0.2029941E-05
   17 s   26    19.81675        13.11870        76.22708        10.90051        452.1870       0.4396434E-04
   18 s    1    166.7846        6.249707        160.0075        2.140860        213.7382      -0.3031320E-04
   18 s    2    105.4739        6.587148        151.8108        15.43917        804.1855       0.3601472E-03
   18 s    3    79.58978        6.958857        143.7018        14.50413        964.8614       0.1072940E-02
   18 s    4    64.94557        7.300870        136.9700        10.70069        578.8396       0.5153141E-04
   18 s    5    55.29636        7.597518        131.6219        24.02132        92.40205      -0.5615794E-04
   18 s    6    49.53446        8.043282        124.3274        14.34991        639.4559      -0.1799579E-02
   18 s    7    44.71486        8.377716        119.3643        11.29012        520.2262      -0.1159590E-02
   18 s    8    40.17178        8.530069        117.2323        3.037784        227.1782       0.5416744E-04
   18 s    9    36.23969        8.600439        116.2731        3.138313        215.9055       0.4091014E-04
   18 s   10    34.96523        9.171453        109.0340        24.76805        87.78257       0.5378064E-03
   18 s   11    33.83173        9.719290        102.8882        9.098330        387.1061       0.3657603E-03
   18 s   12    31.62971        9.876832        101.2470        4.837671        258.6251      -0.1897896E-03
   18 s   13    29.66685        10.00502        99.94987        5.750391        269.0190      -0.5385233E-03
   18 s   14    28.11603        10.18438        98.18961        8.921240        346.4656      -0.9696835E-03
   18 s   15    26.98282        10.44796        95.71245        11.91861        490.1010      -0.1081871E-02
   18 s   16    26.29537        10.83866        92.26230        21.02448        89.05379       0.2731281E-02
   18 s   17    25.67459        11.22417        89.09347        8.861612        342.5233      -0.7505706E-04
   18 s   18    24.91065        11.51249        86.86216        13.32037        524.5211      -0.2518838E-03
   18 s   19    24.33940        11.85651        84.34182        13.95690        563.1833      -0.2079603E-03
   18 s   20    23.81071        12.19379        82.00895        12.61774        481.7277      -0.1540742E-03
   18 s   21    23.19252        12.45658        80.27883        8.256560        326.9845      -0.1057356E-03
   18 s   22    22.47061        12.63019        79.17538        6.196876        279.5175      -0.9859870E-04
   18 s   23    21.77208        12.78146        78.23834        6.072980        275.3409      -0.1197977E-03
   18 s   24    21.14156        12.93945        77.28305        6.662345        288.0716      -0.1312856E-03
   18 s   25    20.59484        13.11932        76.22348        7.809076        321.4533      -0.9880525E-04
   18 s   26    20.14057        13.33307        75.00147        9.287477        382.9547      -0.3010104E-05
   19 s    1    173.9088        6.516663        153.4528        28.71902        85.63144       0.9809500E-05
   19 s    2    115.1541        7.191707        139.0491        25.52341        90.86780       0.3851725E-04
   19 s    3    84.18189        7.360363        135.8629        1.009434        209.1166       0.8251522E-05
   19 s    4    65.90576        7.408810        134.9744        5.053872        250.4675       0.2050465E-03
   19 s    5    56.14116        7.713591        129.6413        15.45996        462.1129      -0.1121487E-02
   19 s    6    50.82494        8.252827        121.1706        24.65385        88.87720      -0.1000654E-03
   19 s    7    45.60865        8.545177        117.0251        4.856974        257.7116      -0.4438583E-03
   19 s    8    41.43140        8.797537        113.6682        13.16531        760.7794      -0.7320822E-03
   19 s    9    38.47569        9.131088        109.5160        13.21254        829.6792       0.1794339E-03
   19 s   10    36.02477        9.449374        105.8271        12.15319        679.5526       0.6253311E-03
   19 s   11    34.08587        9.792302        102.1210        24.29189        88.60208       0.5872490E-03
   19 s   12    32.36409        10.10616        98.94959        10.54809        563.9700       0.3597158E-04
   19 s   13    30.76650        10.37587        96.37749        10.84271        587.0686      -0.4009449E-03
   19 s   14    29.37426        10.64014        93.98371        10.15758        513.5120      -0.6377205E-03
   19 s   15    28.07495        10.87084        91.98917        8.107962        380.9137      -0.3918476E-03
   19 s   16    26.80220        11.04757        90.51760        6.401547        303.9780      -0.4489698E-04
   19 s   17    25.99565        11.36452        87.99312        20.90669        88.79129       0.2693960E-02
   19 s   18    25.72244        11.88766        84.12082        20.80686        88.54912       0.2651840E-02
   19 s   19    25.20110        12.27628        81.45792        9.020015        384.4420      -0.4480735E-03
   19 s   20    24.37231        12.48139        80.11925        8.238954        327.4164      -0.4418271E-04
   19 s   21    23.70416        12.73138        78.54606        12.09011        430.0941      -0.1355521E-05
   19 s   22    23.24378        13.06477        76.54173        14.05609        534.0344      -0.5809204E-05
   19 s   23    22.85491        13.41714        74.53153        13.81069        525.0632      -0.6283844E-06
   19 s   24    22.37935        13.69702        73.00857        7.431342        289.2392      -0.2153692E-04
   19 s   25    21.75129        13.85599        72.17094        5.946062        262.5017      -0.4182808E-04
   19 s   26    21.15522        14.00477        71.40424        6.041699        265.2116      -0.5559806E-04
   20 s    1    187.3405        7.019974        142.4507        15.99711        922.5517       0.1690116E-02
   20 s    2    117.4974        7.338055        136.2759        1.684142        214.0301      -0.1640649E-03
   20 s    3    89.21356        7.800302        128.2002        21.45423        166.2825      -0.1467802E-02
   20 s    4    73.32435        8.242771        121.3184        15.49497        813.0160      -0.7270635E-03
   20 s    5    61.41214        8.437804        118.5143        1.646407        212.1479       0.9913325E-04
   20 s    6    52.21328        8.478263        117.9487        1.854288        213.0460      -0.1962665E-04
   20 s    7    47.37105        8.875378        112.6713        24.72660        87.17780       0.3796896E-04
   20 s    8    44.65718        9.482498        105.4574        21.91214        108.9737       0.3751642E-04
   20 s    9    40.87263        9.699933        103.0935        2.769821        244.4213      -0.1854386E-04
   20 s   10    37.25113        9.771051        102.3431        3.177214        244.3135      -0.9478540E-06
   20 s   11    34.38553        9.878389        101.2311        6.289688        315.5570       0.9805359E-04
   20 s   12    33.32550        10.40637        96.09500        24.40505        88.06857       0.6649728E-03
   20 s   13    32.21534        10.86448        92.04306        5.793809        296.2443       0.1886663E-03
   20 s   14    30.38629        11.00673        90.85354        5.988978        291.8835      -0.2068693E-03
   20 s   15    28.87918        11.18225        89.42747        8.398668        356.7645      -0.9264026E-03
   20 s   16    27.72324        11.42722        87.51037        11.03944        489.6537      -0.1514297E-02
   20 s   17    26.80438        11.71808        85.33822        12.08595        580.7080      -0.1574483E-02
   20 s   18    26.00101        12.01640        83.21959        11.59030        544.1817      -0.1191543E-02
   20 s   19    25.47249        12.40848        80.59005        20.72110        88.32615       0.2607051E-02
   20 s   20    25.03186        12.81916        78.00823        11.68072        481.5853      -0.1060544E-02
   20 s   21    24.40855        13.10970        76.27937        11.30146        461.8163      -0.7120580E-03
   20 s   22    23.78107        13.36677        74.81238        9.184753        361.0169      -0.3105792E-03
   20 s   23    23.11701        13.57100        73.68651        7.578498        307.5865      -0.9498634E-04
   20 s   24    22.56321        13.80955        72.41365        12.80955        505.0833      -0.2112451E-04
   20 s   25    22.20998        14.14819        70.68041        13.68169        573.9740      -0.5557360E-05
   20 s   26    21.87734        14.48281        69.04736        12.93462        528.1976      -0.3069607E-05
