    0 s    2    4.961370       0.3098519        3227.349        6.460063        511.4769       0.3533599E-02
    0 s    3    5.374365       0.4699024        2128.101        6.762810        421.3208      -0.1974500E-02
    0 s    4    5.777753       0.6495073        1539.629        7.570672        377.6458      -0.3117164E-02
    0 s    5    6.143769       0.8441315        1184.650        7.940994        360.3631      -0.2887990E-02
    0 s    6    6.424006        1.043114        958.6679        7.921656        351.9275      -0.2204679E-02
    0 s    7    6.603784        1.237276        808.2270        7.552011        345.4037      -0.1391087E-02
    0 s    8    6.679521        1.418328        705.0554        6.891215        338.3904      -0.6714534E-03
    0 s    9    6.663770        1.581452        632.3302        6.167982        331.2130      -0.2288394E-03
    0 s   10    6.589602        1.728467        578.5475        5.627222        324.6834      -0.5101075E-04
    0 s   11    6.490733        1.864679        536.2853        5.293674        318.5480      -0.3064068E-05
    0 s   12    6.386412        1.994249        501.4418        5.081898        312.1928       0.4452948E-05
    0 s   13    6.284145        2.119300        471.8539        4.924168        305.2299       0.3401977E-05
    0 s   14    6.185929        2.240709        446.2873        4.787052        297.5311       0.1760930E-05
    0 s   15    6.091823        2.358802        423.9440        4.657629        289.1539       0.7783703E-06
    0 s   16    6.001416        2.473718        404.2498        4.532569        280.2733       0.3132700E-06
    0 s   17    5.914328        2.585568        386.7622        4.412381        271.1222       0.1180371E-06
    0 s   18    5.830330        2.694495        371.1271        4.298719        261.9414       0.4237202E-07
    0 s   19    5.749323        2.800682        357.0559        4.193200        252.9433       0.1480186E-07
    0 s   20    5.671297        2.904349        344.3112        4.096968        244.2935       0.5264701E-08
    0 s   21    5.596286        3.005736        332.6972        4.010609        236.1052       0.2073673E-08
    0 s   22    5.524328        3.105092        322.0516        3.934209        228.4439       0.8461177E-09
    0 s   23    5.455454        3.202663        312.2401        3.867477        221.3368       0.4040637E-09
    0 s   24    5.389670        3.298685        303.1511        3.809864        214.7823       0.2419975E-09
    0 s   25    5.326958        3.393376        294.6918        3.760667        208.7599       0.1129278E-09
    0 s   26    5.267271        3.486937        286.7847        3.719106        203.2377       0.1424664E-09
    1 s    2    10.92961       0.6825858        1465.017        10.92366        310.8742       0.7856331E-03
    1 s    3    10.77488       0.9420913        1061.468        9.833339        285.2890       0.3646966E-04
    1 s    4    10.42543        1.171977        853.2593        8.468065        278.0100      -0.1373729E-03
    1 s    5    9.890810        1.358961        735.8561        6.411819        306.7415      -0.6227236E-03
    1 s    6    9.239074        1.500218        666.5699        5.206058        348.9405      -0.1398231E-02
    1 s    7    8.708333        1.631582        612.9022        5.465678        366.3951      -0.1929968E-02
    1 s    8    8.375743        1.778504        562.2704        6.334528        374.4862      -0.2093559E-02
    1 s    9    8.213493        1.949234        513.0220        7.284582        380.2289      -0.1836010E-02
    1 s   10    8.162957        2.141161        467.0363        7.988430        383.8564      -0.1253716E-02
    1 s   11    8.169896        2.347075        426.0623        8.402870        384.9217      -0.5335879E-03
    1 s   12    8.200520        2.560731        390.5135        8.612386        382.0813       0.1997086E-03
    1 s   13    8.236779        2.777817        359.9949        8.671236        369.7409       0.8731829E-03
    1 s   14    8.265221        2.993884        334.0142        8.478939        324.5650       0.1331344E-02
    1 s   15    8.251115        3.194897        312.9991        7.314200        210.9484       0.8362531E-03
    1 s   16    8.158228        3.362732        297.3772        6.311596        166.3346       0.1696518E-03
    1 s   17    8.045552        3.517276        284.3109        6.082251        159.5926       0.4298540E-04
    1 s   18    7.937688        3.668414        272.5974        6.003411        157.5861       0.1385160E-04
    1 s   19    7.838040        3.818164        261.9060        5.964605        156.6901       0.5005588E-05
    1 s   20    7.746638        3.967159        252.0695        5.940813        156.2322       0.1910897E-05
    1 s   21    7.662790        4.115645        242.9753        5.922938        155.9943       0.7484483E-06
    1 s   22    7.585647        4.263710        234.5375        5.906612        155.8708       0.2960872E-06
    1 s   23    7.514361        4.411359        226.6875        5.889464        155.7966       0.1172241E-06
    1 s   24    7.448153        4.558555        219.3678        5.870177        155.7265       0.4617123E-07
    1 s   25    7.386327        4.705234        212.5293        5.848056        155.6276       0.1800936E-07
    1 s   26    7.328271        4.851320        206.1295        5.822795        155.4756       0.6929054E-08
    2 s    1    10.82408       0.4055970        2465.502        13.05371        393.4387      -0.1473053E-03
    2 s    2    15.15906       0.9467270        1056.271        20.19614        94.94610       0.3455078E-01
    2 s    3    14.12588        1.235083        809.6624        5.938535        419.4302       0.8637733E-03
    2 s    4    12.19958        1.371418        729.1721        5.323889        367.1063      -0.1143673E-03
    2 s    5    11.02981        1.515456        659.8673        6.439437        286.8655      -0.3974637E-03
    2 s    6    10.41878        1.691776        591.0947        7.459342        235.7931      -0.2820275E-03
    2 s    7    10.03715        1.880546        531.7604        7.545983        213.6277      -0.1840248E-03
    2 s    8    9.735234        2.067178        483.7513        7.353486        200.3368      -0.1321312E-03
    2 s    9    9.473058        2.248155        444.8091        7.108815        190.6590      -0.9802034E-04
    2 s   10    9.237645        2.423054        412.7023        6.871110        183.2295      -0.6921157E-04
    2 s   11    9.023662        2.592347        385.7508        6.661909        177.6299      -0.3867324E-04
    2 s   12    8.828860        2.756939        362.7211        6.496674        173.9152       0.2471080E-05
    2 s   13    8.653178        2.918246        342.6716        6.405796        173.1308       0.8049225E-04
    2 s   14    8.501499        3.079471        324.7311        6.537541        182.2093       0.3343583E-03
    2 s   15    8.404439        3.254265        307.2890        7.636596        256.7510       0.1496308E-02
    2 s   16    8.396063        3.460765        288.9534        8.580176        374.9099       0.2786544E-02
    2 s   17    8.416031        3.679238        271.7954        8.757035        409.4416       0.3488862E-02
    2 s   18    8.438722        3.899967        256.4124        8.789655        420.2737       0.4046621E-02
    2 s   19    8.459847        4.121066        242.6556        8.786801        425.3824       0.4538406E-02
    2 s   20    8.478563        4.341988        230.3092        8.771459        428.5038       0.4980270E-02
    2 s   21    8.494810        4.562519        219.1772        8.750908        430.6420       0.5377678E-02
    2 s   22    8.508745        4.782561        209.0930        8.728000        432.0823       0.5733147E-02
    2 s   23    8.520576        5.002065        199.9174        8.703569        432.7480       0.6046365E-02
    2 s   24    8.530458        5.220967        191.5354        8.675379        431.7154       0.6305606E-02
    2 s   25    8.538058        5.438909        183.8604        8.606979        418.5316       0.6357450E-02
    2 s   26    8.517861        5.638829        177.3418        6.867089        209.7393       0.4623921E-03
    3 s    1    25.21099       0.9446994        1058.538        5.612773        827.0113      -0.9618695E-03
    3 s    2    17.62786        1.100911        908.3387        6.914976        359.8730       0.7844740E-03
    3 s    3    16.40828        1.434642        697.0380        17.60510        89.65033       0.2472697E-01
    3 s    4    16.57766        1.863580        536.6015        16.91795        89.58797       0.2136367E-01
    3 s    5    16.57821        2.277785        439.0230        16.43887        89.95194       0.1908582E-01
    3 s    6    15.68042        2.546148        392.7502        5.639303        286.0274      -0.2379155E-04
    3 s    7    14.33118        2.685071        372.4296        5.469950        277.4054      -0.8145576E-04
    3 s    8    13.28004        2.819881        354.6249        5.329507        270.1389      -0.1312993E-03
    3 s    9    12.44137        2.952599        338.6847        5.304384        264.1340      -0.1401621E-03
    3 s   10    11.76578        3.086190        324.0241        5.391918        258.9197      -0.1129729E-03
    3 s   11    11.21893        3.223011        310.2689        5.553688        254.0738      -0.6867188E-04
    3 s   12    10.77415        3.364383        297.2313        5.748879        249.3501      -0.2352078E-04
    3 s   13    10.41000        3.510726        284.8414        5.946517        244.6694       0.1329561E-04
    3 s   14    10.10923        3.661833        273.0873        6.127375        240.0607       0.3867600E-04
    3 s   15    9.858132        3.817147        261.9758        6.282063        235.5975       0.5328312E-04
    3 s   16    9.645987        3.975970        251.5109        6.408052        231.3525       0.5949812E-04
    3 s   17    9.464501        4.137598        241.6861        6.506845        227.3741       0.6007907E-04
    3 s   18    9.307320        4.301391        232.4829        6.581829        223.6823       0.5747596E-04
    3 s   19    9.169582        4.466802        223.8738        6.636905        220.2749       0.5360628E-04
    3 s   20    9.047563        4.633381        215.8251        6.675757        217.1358       0.4991142E-04
    3 s   21    8.938391        4.800764        208.3002        6.701564        214.2448       0.4760818E-04
    3 s   22    8.839835        4.968659        201.2615        6.717014        211.5895       0.4824333E-04
    3 s   23    8.750155        5.136841        194.6722        6.724672        209.1927       0.5538874E-04
    3 s   24    8.668026        5.305164        188.4956        6.729013        207.2533       0.8365795E-04
    3 s   25    8.592867        5.473824        182.6876        6.767965        208.2417       0.2881157E-03
    3 s   26    8.549471        5.659755        176.6861        8.473935        404.2977       0.6412599E-02
    4 s    1    38.07542        1.426752        700.8926        11.88231        365.7652      -0.1003521E-03
    4 s    2    27.89900        1.742373        573.9299        13.08785        447.0211      -0.2362424E-03
    4 s    3    23.71941        2.073884        482.1871        13.29577        509.9361      -0.1114802E-03
    4 s    4    20.20674        2.271544        440.2292        5.022543        309.0172      -0.3046724E-03
    4 s    5    17.50698        2.405395        415.7322        5.594707        294.8217      -0.7188760E-04
    4 s    6    16.52504        2.683295        372.6761        16.15375        90.04197       0.1759746E-01
    4 s    7    16.45535        3.083053        324.3538        15.97593        90.15869       0.1656555E-01
    4 s    8    16.38508        3.479205        287.4220        15.84631        90.28511       0.1579869E-01
    4 s    9    15.44557        3.665558        272.8097        6.466004        341.8701      -0.2956465E-04
    4 s   10    14.57343        3.822643        261.5991        6.158516        316.7800      -0.4587511E-04
    4 s   11    13.83765        3.975325        251.5518        6.073895        302.5231      -0.4930791E-04
    4 s   12    13.21720        4.127262        242.2914        6.085948        293.2732      -0.3495678E-04
    4 s   13    12.69188        4.280282        233.6295        6.153903        286.7641      -0.8284239E-05
    4 s   14    12.24499        4.435465        225.4555        6.254255        281.9196       0.2211472E-04
    4 s   15    11.86279        4.593365        217.7053        6.367706        278.1240       0.4901050E-04
    4 s   16    11.53378        4.754097        210.3449        6.478316        274.9847       0.6811891E-04
    4 s   17    11.24831        4.917428        203.3583        6.574295        272.2427       0.7802640E-04
    4 s   18    10.99832        5.082891        196.7384        6.648424        269.7326       0.7944386E-04
    4 s   19    10.77714        5.249893        190.4801        6.697945        267.3594       0.7431980E-04
    4 s   20    10.57935        5.417828        184.5758        6.724020        265.0823       0.6505515E-04
    4 s   21    10.40069        5.586155        179.0140        6.730776        262.8988       0.5391813E-04
    4 s   22    10.23788        5.754464        173.7781        6.724048        260.8283       0.4269011E-04
    4 s   23    10.08845        5.922497        168.8477        6.710028        258.8960       0.3253111E-04
    4 s   24    9.950590        6.090143        164.1998        6.694110        257.1208       0.2401799E-04
    4 s   25    9.822944        6.257407        159.8106        6.680199        255.5081       0.1728467E-04
    4 s   26    9.704480        6.424372        155.6572        6.670521        254.0484       0.1219068E-04
    5 s    1    47.47039        1.778798        562.1774        30.70163        98.89711      -0.5315769E-04
    5 s    2    33.42586        2.087541        479.0325        2.567188        334.9583      -0.4554574E-03
    5 s    3    24.74405        2.163472        462.2199        3.793869        297.7697      -0.6636376E-03
    5 s    4    21.42456        2.408447        415.2054        13.13268        473.1214      -0.1020510E-03
    5 s    5    19.86362        2.729189        366.4092        12.43911        489.4309      -0.3900169E-04
    5 s    6    18.63684        3.026204        330.4470        11.23730        488.8434      -0.2189633E-04
    5 s    7    17.53584        3.285492        304.3684        9.391906        460.6999      -0.1819158E-04
    5 s    8    16.45535        3.494126        286.1946        7.421898        390.8137      -0.8683430E-05
    5 s    9    16.31897        3.872833        258.2089        15.76120        90.28993       0.1523694E-01
    5 s   10    16.06233        4.213184        237.3502        9.669368        348.3182      -0.5525842E-05
    5 s   11    15.50101        4.453182        224.5585        9.500327        364.2965      -0.4465776E-05
    5 s   12    15.00957        4.686955        213.3582        9.170557        374.9275      -0.3499474E-05
    5 s   13    14.55927        4.910051        203.6639        8.634158        377.1882      -0.1200666E-05
    5 s   14    14.12564        5.116683        195.4391        7.860594        364.1191       0.4787018E-05
    5 s   15    13.69497        5.302802        188.5796        7.047343        337.5765       0.1667027E-04
    5 s   16    13.27428        5.471512        182.7648        6.499546        312.4394       0.3283490E-04
    5 s   17    12.87962        5.630584        177.6015        6.261315        295.7904       0.4924752E-04
    5 s   18    12.52072        5.786469        172.8170        6.225185        285.9889       0.6296588E-04
    5 s   19    12.19996        5.942995        168.2653        6.300598        280.4149       0.7251532E-04
    5 s   20    11.91573        6.102208        163.8751        6.433182        277.3405       0.7738695E-04
    5 s   21    11.66477        6.265088        159.6147        6.589620        275.7208       0.7772447E-04
    5 s   22    11.44317        6.431932        155.4743        6.747496        274.8901       0.7413464E-04
    5 s   23    11.24688        6.602564        151.4563        6.890781        274.3905       0.6752678E-04
    5 s   24    11.07197        6.776468        147.5695        7.008013        273.8886       0.5895050E-04
    5 s   25    10.91472        6.952889        143.8251        7.091476        273.1346       0.4944033E-04
    5 s   26    10.77177        7.130920        140.2344        7.136669        271.9432       0.3989241E-04
    6 s    1    53.01405        1.986528        503.3908        7.934787        578.0881       0.8975515E-03
    6 s    2    40.03097        2.500050        399.9921        19.19867        149.3293       0.8533393E-04
    6 s    3    32.26538        2.821093        354.4725        11.50873        411.3661      -0.8769837E-03
    6 s    4    27.34016        3.073450        325.3673        8.366724        335.9581      -0.1311575E-02
    6 s    5    23.59542        3.241925        308.4587        5.642786        275.6490      -0.7756615E-03
    6 s    6    20.81135        3.379296        295.9197        5.682938        261.7701      -0.3294970E-03
    6 s    7    18.87993        3.537319        282.7000        7.133654        266.1391      -0.1078216E-03
    6 s    8    17.60707        3.738683        267.4739        8.868630        292.9898      -0.2780183E-04
    6 s    9    16.73508        3.971587        251.7885        9.595065        325.2705      -0.9338227E-05
    6 s   10    16.25825        4.264574        234.4900        15.69317        90.32004       0.1479407E-01
    6 s   11    16.20307        4.654872        214.8287        15.63988        90.33629       0.1444174E-01
    6 s   12    16.15305        5.044025        198.2544        15.59699        90.34303       0.1415491E-01
    6 s   13    15.48508        5.222275        191.4874        6.422879        244.1253      -0.9428644E-07
    6 s   14    14.88309        5.391053        185.4925        7.106858        248.3853       0.5361741E-05
    6 s   15    14.40681        5.578430        179.2619        7.855118        261.3390       0.8649729E-05
    6 s   16    14.02740        5.781940        172.9523        8.364183        278.0946       0.9629059E-05
    6 s   17    13.71183        5.994402        166.8223        8.584464        292.7051       0.9886191E-05
    6 s   18    13.43661        6.209749        161.0371        8.612111        303.3074       0.1042391E-04
    6 s   19    13.18778        6.424196        155.6615        8.521825        310.1625       0.1160753E-04
    6 s   20    12.95670        6.635304        150.7090        8.348806        313.6901       0.1361759E-04
    6 s   21    12.73742        6.841202        146.1731        8.106787        313.9091       0.1657127E-04
    6 s   22    12.52550        7.040281        142.0398        7.805282        310.5354       0.2040847E-04
    6 s   23    12.31785        7.231281        138.2881        7.465472        303.5419       0.2465642E-04
    6 s   24    12.11316        7.413718        134.8851        7.128058        293.8689       0.2835890E-04
    6 s   25    11.91213        7.588261        131.7825        6.840692        283.3723       0.3050610E-04
    6 s   26    11.71691        7.756601        128.9225        6.634499        273.8261       0.3065626E-04
    7 s    1    60.08414        2.251457        444.1569        7.093993        252.1019       0.2625885E-03
    7 s    2    40.79697        2.547889        392.4818        21.55156        154.0039       0.3230717E-03
    7 s    3    36.69101        3.208043        311.7165        25.83227        95.20310      -0.3259383E-04
    7 s    4    30.47484        3.425835        291.8997        7.324327        342.2126      -0.2086237E-03
    7 s    5    26.66588        3.663795        272.9410        11.20783        463.5967      -0.7840867E-03
    7 s    6    24.37800        3.958439        252.6249        11.93679        495.3670      -0.9610961E-03
    7 s    7    22.62853        4.239651        235.8684        10.21988        422.4166      -0.8024408E-03
    7 s    8    21.00528        4.460258        224.2023        7.546348        331.0677      -0.4627971E-03
    7 s    9    19.50317        4.628511        216.0522        6.165098        286.0404      -0.1986251E-03
    7 s   10    18.21005        4.776534        209.3568        5.781710        265.7321      -0.7196239E-04
    7 s   11    17.12814        4.920627        203.2261        5.786405        254.2552      -0.2339994E-04
    7 s   12    16.22830        5.067522        197.3351        5.993734        247.0192      -0.7184003E-05
    7 s   13    16.10770        5.432251        184.0858        15.56180        90.34294       0.1391655E-01
    7 s   14    16.06650        5.819715        171.8297        15.53250        90.33802       0.1371480E-01
    7 s   15    16.02898        6.206549        161.1201        15.50783        90.32953       0.1354128E-01
    7 s   16    15.63332        6.443882        155.1859        5.952154        252.1273       0.2513181E-04
    7 s   17    15.08305        6.593858        151.6563        6.035027        248.2408       0.3822269E-04
    7 s   18    14.59669        6.745879        148.2386        6.116091        244.5260       0.4949656E-04
    7 s   19    14.16462        6.900047        144.9266        6.208054        241.0717       0.5806391E-04
    7 s   20    13.77976        7.056803        141.7072        6.325095        238.1062       0.6286185E-04
    7 s   21    13.43699        7.216940        138.5629        6.480424        236.0045       0.6328732E-04
    7 s   22    13.13260        7.381517        135.4735        6.680425        235.2553       0.5946205E-04
    7 s   23    12.86342        7.551562        132.4229        6.914637        236.2726       0.5235229E-04
    7 s   24    12.62595        7.727563        129.4069        7.150664        239.0415       0.4364104E-04
    7 s   25    12.41571        7.909047        126.4375        7.347861        242.9267       0.3511105E-04
    7 s   26    12.22760        8.094679        123.5380        7.481028        246.9832       0.2788941E-04
    8 s    1    76.22390        2.856242        350.1104        14.35503        900.0596      -0.2711148E-02
    8 s    2    51.46661        3.214239        311.1157        13.98378        726.9216      -0.6343331E-03
    8 s    3    37.75917        3.301437        302.8984        3.490480        263.9940       0.3692401E-04
    8 s    4    34.05078        3.827825        261.2449        20.26943        156.9351       0.1673212E-03
    8 s    5    30.41930        4.179501        239.2630        12.05458        701.6176      -0.3606763E-03
    8 s    6    27.44021        4.455673        224.4330        9.909118        493.2317      -0.7288700E-03
    8 s    7    25.02226        4.688138        213.3043        9.459411        375.8745      -0.1693321E-03
    8 s    8    23.32739        4.953333        201.8843        11.78181        425.4438      -0.3544552E-05
    8 s    9    22.18587        5.265173        189.9273        12.80717        510.1145      -0.2371926E-05
    8 s   10    21.16178        5.550780        180.1549        8.444240        417.0195      -0.3864749E-03
    8 s   11    19.91473        5.721170        174.7894        6.050926        304.2253      -0.3175055E-03
    8 s   12    18.78710        5.866543        170.4581        5.687819        278.8642      -0.1438538E-03
    8 s   13    17.81524        6.008112        166.4416        5.671682        267.6241      -0.5546097E-04
    8 s   14    16.98074        6.150877        162.5784        5.756616        261.0681      -0.1307980E-04
    8 s   15    16.26033        6.296128        158.8278        5.858819        256.2700       0.9579137E-05
    8 s   16    15.99473        6.592855        151.6794        15.48686        90.31836       0.1338998E-01
    8 s   17    15.96339        6.978719        143.2928        15.46885        90.30514       0.1325648E-01
    8 s   18    15.93463        7.364211        135.7919        15.45324        90.29033       0.1313747E-01
    8 s   19    15.76172        7.678045        130.2415        5.508757        246.9157       0.4462894E-04
    8 s   20    15.26352        7.816658        127.9319        5.575547        243.8800       0.5927856E-04
    8 s   21    14.81554        7.957350        125.6700        5.672090        242.0369       0.7098685E-04
    8 s   22    14.41222        8.100762        123.4452        5.791533        241.0576       0.7984496E-04
    8 s   23    14.04871        8.247397        121.2504        5.928618        240.7453       0.8563340E-04
    8 s   24    13.72075        8.397623        119.0813        6.077792        240.9566       0.8820069E-04
    8 s   25    13.42449        8.551664        116.9363        6.233044        241.5734       0.8761228E-04
    8 s   26    13.15648        8.709595        114.8159        6.388354        242.4951       0.8417488E-04
    9 s    1    86.14584        3.228034        309.7861       0.4157808        231.2313      -0.4286568E-05
    9 s    2    52.01676        3.248597        307.8252        1.560532        256.6720      -0.2818168E-05
    9 s    3    40.72960        3.561154        280.8078        13.51071        702.4847       0.8406201E-03
    9 s    4    34.81848        3.914126        255.4849        17.82500        175.0373       0.5320640E-03
    9 s    5    32.67833        4.489883        222.7229        19.77684        109.3654       0.1796570E-03
    9 s    6    28.71478        4.662634        214.4710        7.666273        317.7284      -0.4113950E-03
    9 s    7    26.13191        4.896039        204.2467        10.45516        457.8661      -0.1601193E-02
    9 s    8    24.29004        5.157742        193.8833        10.18011        466.8345      -0.1946539E-02
    9 s    9    22.72803        5.393838        185.3968        8.743345        373.2588      -0.1515815E-02
    9 s   10    21.45602        5.627960        177.6843        11.61567        375.1925      -0.4790594E-03
    9 s   11    20.68866        5.943507        168.2508        12.87791        477.0168      -0.1033831E-03
    9 s   12    20.05282        6.261783        159.6989        12.54314        505.9717      -0.5164729E-04
    9 s   13    19.47859        6.569069        152.2286        12.01057        516.7676      -0.3974726E-04
    9 s   14    18.93263        6.857906        145.8171        10.90426        493.4849      -0.5314726E-04
    9 s   15    18.32279        7.094728        140.9497        7.747911        354.1314      -0.8236536E-04
    9 s   16    17.61378        7.260207        137.7371        5.936060        280.4320      -0.4146739E-04
    9 s   17    16.93337        7.402765        135.0847        5.559331        260.5495      -0.6453341E-06
    9 s   18    16.31633        7.540614        132.6152        5.487015        251.8391       0.2585706E-04
    9 s   19    15.90817        7.749389        129.0424        15.43956        90.27423       0.1303047E-01
    9 s   20    15.88378        8.134302        122.9362        15.42743        90.25708       0.1293352E-01
    9 s   21    15.86124        8.518989        117.3848        15.41653        90.23904       0.1284509E-01
    9 s   22    15.84036        8.903485        112.3156        15.40659        90.22019       0.1276396E-01
    9 s   23    15.42298        9.054171        110.4463        5.654811        248.6948       0.6552522E-04
    9 s   24    15.02523        9.196019        108.7427        5.690337        246.3737       0.7483183E-04
    9 s   25    14.66090        9.339280        107.0746        5.762679        245.5258       0.8077194E-04
    9 s   26    14.32722        9.484630        105.4337        5.855915        245.5480       0.8391050E-04
   10 s    1    92.61147        3.470312        288.1585        28.43920        90.62711       0.1270668E-03
   10 s    2    64.47107        4.026405        248.3605        14.20453        791.4045      -0.1830892E-02
   10 s    3    49.44703        4.323354        231.3019        7.484782        366.5896      -0.1900456E-02
   10 s    4    39.39975        4.429131        225.7779        3.175082        250.2248      -0.5753310E-04
   10 s    5    32.95000        4.527210        220.8866        9.141424        178.3848       0.2158865E-03
   10 s    6    31.46672        5.109487        195.7143        24.05416        91.67810       0.3790302E-03
   10 s    7    29.88704        5.599596        178.5843        7.076649        301.6890       0.2475754E-03
   10 s    8    27.13874        5.762635        173.5317        6.730500        282.7715      -0.3789196E-03
   10 s    9    25.08305        5.952735        167.9900        8.618459        322.2778      -0.1212380E-02
   10 s   10    23.59726        6.189612        161.5610        10.15672        384.0663      -0.1864639E-02
   10 s   11    22.43487        6.445162        155.1551        10.03871        399.2835      -0.1898191E-02
   10 s   12    21.38550        6.677931        149.7470        8.504285        347.8720      -0.1338035E-02
   10 s   13    20.37170        6.870266        145.5548        7.066224        296.5493      -0.6892805E-03
   10 s   14    19.44010        7.041725        142.0107        6.993645        276.7605      -0.2812158E-03
   10 s   15    18.70768        7.243762        138.0498        9.540005        331.2113      -0.6031192E-04
   10 s   16    18.20995        7.505944        133.2277        11.02156        415.2646      -0.9126356E-05
   10 s   17    17.80667        7.784545        128.4597        11.18484        448.0754      -0.2495703E-05
   10 s   18    17.44646        8.062907        124.0248        11.05178        457.7567      -0.1112548E-05
   10 s   19    17.10978        8.334732        119.9799        10.60678        446.9826      -0.3527908E-06
   10 s   20    16.75817        8.582089        116.5217        8.754891        365.5019       0.6018405E-05
   10 s   21    16.31833        8.764489        114.0968        6.245414        274.2637       0.3111183E-04
   10 s   22    15.85589        8.912217        112.2055        5.719992        254.4852       0.5176895E-04
   10 s   23    15.82098        9.287818        107.6679        15.39740        90.20060       0.1268911E-01
   10 s   24    15.80295        9.672011        103.3911        15.38876        90.18030       0.1261969E-01
   10 s   25    15.59628        9.935134        100.6529        9.135277        354.3472       0.2364702E-04
   10 s   26    15.34109        10.15581        98.46578        8.270520        319.7673       0.3918142E-04
   11 s    1    98.21876        3.680427        271.7076        14.85170        597.8532       0.1648205E-02
   11 s    2    67.06380        4.188328        238.7587        27.40879        88.97219      -0.1809260E-04
   11 s    3    51.26420        4.482236        223.1029        8.480374        367.0273      -0.1606528E-02
   11 s    4    42.49828        4.777453        209.3165        13.06407        693.5793      -0.2388635E-02
   11 s    5    37.11815        5.099899        196.0823        12.57975        689.1903      -0.7944119E-03
   11 s    6    33.20604        5.391915        185.4629        10.41311        484.5091       0.3182210E-03
   11 s    7    30.47030        5.708875        175.1659        23.22483        91.08608       0.4892326E-03
   11 s    8    29.13049        6.185564        161.6668        12.36099        582.1026       0.1494987E-03
   11 s    9    27.38182        6.498281        153.8869        12.48900        633.9927      -0.1740065E-04
   11 s   10    25.86254        6.783800        147.4100        9.313692        412.2027      -0.3289253E-06
   11 s   11    24.29068        6.978306        143.3012        7.484438        314.0661      -0.4078661E-03
   11 s   12    23.00772        7.184494        139.1887        9.145021        355.4467      -0.1206714E-02
   11 s   13    22.03200        7.430194        134.5860        10.32736        416.1385      -0.1779768E-02
   11 s   14    21.21833        7.685846        130.1093        9.923028        417.5220      -0.1740299E-02
   11 s   15    20.43986        7.914477        126.3507        8.321590        355.7291      -0.1209805E-02
   11 s   16    19.65381        8.101086        123.4402        6.751419        300.4521      -0.6415532E-03
   11 s   17    18.88855        8.257512        121.1019        5.905421        271.5286      -0.2973896E-03
   11 s   18    18.17744        8.400728        119.0373        5.640190        258.0731      -0.1250351E-03
   11 s   19    17.53805        8.543357        117.0500        5.881598        254.8926      -0.3837747E-04
   11 s   20    17.00136        8.706629        114.8550        7.609461        285.3709       0.3141928E-05
   11 s   21    16.63037        8.932088        111.9559        10.00776        374.7428       0.7390907E-05
   11 s   22    16.34849        9.189095        108.8246        10.38515        405.1457       0.6958891E-05
   11 s   23    16.09252        9.447230        105.8511        10.21614        402.3958       0.8952996E-05
   11 s   24    15.84529        9.697925        103.1148        9.797645        383.9740       0.1395045E-04
   11 s   25    15.78619        10.05611        99.44204        15.38047        90.15858       0.1255503E-01
   11 s   26    15.77050        10.44008        95.78471        15.37249        90.13690       0.1249443E-01
   12 s    1    116.1488        4.352299        229.7636        1.111860        238.5056       0.2293695E-04
   12 s    2    70.17299        4.382506        228.1799        1.730102        238.7536       0.6854779E-04
   12 s    3    55.61508        4.862652        205.6491        26.14820        89.53671       0.3522927E-05
   12 s    4    48.76029        5.481398        182.4352        20.71737        132.1180      -0.2456890E-03
   12 s    5    40.65996        5.586530        179.0020        2.975962        220.3579      -0.3585038E-04
   12 s    6    35.04432        5.690410        175.7343        5.803065        261.0013      -0.7744081E-04
   12 s    7    31.47135        5.896430        169.5941        10.49552        419.8975       0.1301860E-03
   12 s    8    29.63046        6.291727        158.9389        22.97428        90.10394       0.5596269E-03
   12 s    9    28.37905        6.734944        148.4793        5.465581        276.4631       0.1494002E-03
   12 s   10    26.33613        6.908024        144.7592        9.578414        362.4679      -0.2542218E-03
   12 s   11    25.08224        7.205709        138.7788        13.15380        569.4066      -0.4406931E-03
   12 s   12    24.15518        7.542805        132.5767        13.70581        609.5491      -0.3846569E-03
   12 s   13    23.38742        7.887304        126.7860        13.82930        605.4884      -0.2724293E-03
   12 s   14    22.72411        8.231280        121.4878        13.44962        603.0133      -0.2946740E-03
   12 s   15    21.82462        8.450667        118.3338        8.438605        345.9057      -0.1547084E-02
   12 s   16    21.05285        8.677756        115.2372        9.589608        404.9021      -0.1855919E-02
   12 s   17    20.39617        8.916598        112.1504        9.372915        407.4219      -0.1649070E-02
   12 s   18    19.76923        9.136375        109.4526        8.196789        356.7279      -0.1110015E-02
   12 s   19    19.14277        9.325064        107.2379        7.010214        310.3048      -0.6042773E-03
   12 s   20    18.53157        9.490268        105.3711        6.317947        284.7039      -0.2913451E-03
   12 s   21    17.95604        9.644098        103.6904        6.056891        272.7893      -0.1238287E-03
   12 s   22    17.42682        9.795198        102.0908        6.069800        268.4583      -0.3403988E-04
   12 s   23    16.94756        9.949187        100.5107        6.275533        269.2638       0.1615954E-04
   12 s   24    16.52172        10.11193        98.89312        6.671246        275.4524       0.4465902E-04
   12 s   25    16.14691        10.28590        97.22048        7.270008        288.5881       0.5676581E-04
   12 s   26    15.82578        10.47667        95.45014        7.983669        308.6078       0.5703296E-04
   13 s    1    119.4370        4.475511        223.4382        14.96120        711.8166      -0.8934165E-03
   13 s    2    77.39061        4.833267        206.8994        13.97434        888.2474       0.2555792E-02
   13 s    3    59.28007        5.183096        192.9349        14.12520        948.8668       0.1939481E-02
   13 s    4    49.16843        5.527279        180.9209        2.381960        211.8349      -0.1040918E-04
   13 s    5    42.67478        5.863359        170.5507        13.64586        809.5965      -0.3168261E-02
   13 s    6    38.09001        6.184961        161.6825        11.91750        746.2430      -0.3226085E-02
   13 s    7    34.36540        6.438656        155.3119        8.183202        433.7365      -0.1318358E-02
   13 s    8    31.09784        6.603309        151.4392        5.503446        303.3181      -0.3044191E-04
   13 s    9    28.91997        6.863315        145.7022        22.57972        89.45471       0.6068666E-03
   13 s   10    28.30690        7.424959        134.6809        22.24247        89.07154       0.6367989E-03
   13 s   11    27.41271        7.875213        126.9807        5.516295        274.5493       0.8512069E-04
   13 s   12    25.61038        7.997211        125.0436        4.637206        253.1261      -0.8123045E-04
   13 s   13    24.07256        8.118364        123.1775        5.213579        258.3514      -0.3875889E-03
   13 s   14    22.81829        8.265396        120.9863        6.909430        280.2257      -0.7397531E-03
   13 s   15    22.14521        8.574799        116.6208        13.52249        541.6448      -0.8221491E-05
   13 s   16    21.61295        8.908622        112.2508        13.15731        523.8037      -0.1112382E-04
   13 s   17    21.11587        9.231231        108.3279        12.63295        501.0869      -0.1386965E-03
   13 s   18    20.64076        9.539155        104.8311        12.00906        484.4539      -0.4680317E-03
   13 s   19    20.18150        9.831064        101.7184        11.37131        476.6112      -0.8673212E-03
   13 s   20    19.74135        10.10982        98.91376        10.51032        450.4675      -0.9968298E-03
   13 s   21    19.28274        10.35666        96.55622        9.231299        392.9581      -0.8203917E-03
   13 s   22    18.80373        10.56913        94.61518        7.833626        334.7416      -0.5150356E-03
   13 s   23    18.31265        10.75057        93.01831        6.785074        296.4813      -0.2625328E-03
   13 s   24    17.82861        10.91179        91.64397        6.189097        275.3523      -0.1086389E-03
   13 s   25    17.36615        11.06258        90.39484        5.916790        264.1099      -0.2404971E-04
   13 s   26    16.93253        11.20934        89.21128        5.846743        258.3838       0.2204009E-04
   14 s    1    133.1153        4.988059        200.4788        27.46549        88.96491       0.2491037E-03
   14 s    2    87.52789        5.466370        182.9368       0.8274663        206.2081      -0.2579682E-04
   14 s    3    62.80048        5.490900        182.1195        1.199921        206.7417       0.1068672E-04
   14 s    4    49.42726        5.556375        179.9734        17.75038        215.6405      -0.8144993E-03
   14 s    5    44.65506        6.135443        162.9874        24.23275        91.92415      -0.9726964E-04
   14 s    6    40.97751        6.653826        150.2895        6.628927        240.1371      -0.6105084E-03
   14 s    7    36.49556        6.837759        146.2467        9.217315        343.2536      -0.2085273E-02
   14 s    8    33.47591        7.108268        140.6812        11.98322        493.0315      -0.2173273E-02
   14 s    9    31.24092        7.414126        134.8777        12.15988        537.9010      -0.1197005E-02
   14 s   10    29.32757        7.692684        129.9936        9.538502        396.0979      -0.2202471E-03
   14 s   11    27.77218        7.978484        125.3371        21.93378        88.77208       0.6558702E-03
   14 s   12    27.27920        8.518323        117.3940        12.44553        476.9728       0.2397727E-04
   14 s   13    26.12015        8.808907        113.5215        10.70147        449.8023       0.3560852E-04
   14 s   14    24.95074        9.037826        110.6461        7.623409        325.2248      -0.1181394E-03
   14 s   15    23.77259        9.204935        108.6374        6.138109        282.8453      -0.3576950E-03
   14 s   16    22.70613        9.359217        106.8465        6.431514        285.8500      -0.6580455E-03
   14 s   17    21.80993        9.534651        104.8806        7.762575        319.1999      -0.1005670E-02
   14 s   18    21.09795        9.750445        102.5594        9.538375        383.5425      -0.1208132E-02
   14 s   19    20.55083        10.01098        99.89036        10.81982        450.9443      -0.1103476E-02
   14 s   20    20.08832        10.28750        97.20530        11.23431        477.8935      -0.8512573E-03
   14 s   21    19.67480        10.56723        94.63217        11.12452        471.0030      -0.5969443E-03
   14 s   22    19.28705        10.84079        92.24421        10.76363        449.1477      -0.3794222E-03
   14 s   23    18.91459        11.10395        90.05806        10.29768        425.1655      -0.2300677E-03
   14 s   24    18.55250        11.35484        88.06819        9.777671        402.3065      -0.1436476E-03
   14 s   25    18.19750        11.59216        86.26519        9.206356        379.4066      -0.9421695E-04
   14 s   26    17.84671        11.81454        84.64150        8.578847        355.1658      -0.6048483E-04
   15 s    1    140.7101        5.272652        189.6579        18.47046        607.6630       0.8359088E-04
   15 s    2    90.32713        5.641190        177.2676        22.47871        172.9164      -0.1747861E-02
   15 s    3    69.43449        6.070938        164.7192        14.49813        886.3714      -0.1891898E-02
   15 s    4    56.74061        6.378507        156.7765        9.472947        481.5131       0.5350544E-03
   15 s    5    47.61444        6.542051        152.8573        4.777714        274.5713       0.3539619E-03
   15 s    6    41.57355        6.750610        148.1348        23.01192        94.33837      -0.1026896E-03
   15 s    7    39.22147        7.348483        136.0825        23.77161        93.53703      -0.8348965E-05
   15 s    8    36.70873        7.794726        128.2919        3.224010        265.8323      -0.1204585E-04
   15 s    9    33.16179        7.869989        127.0650        3.558692        253.5705      -0.1357676E-03
   15 s   10    30.46801        7.991823        125.1279        6.756653        314.9965      -0.3341763E-03
   15 s   11    28.61787        8.221435        121.6333        11.17233        489.0134      -0.2206209E-03
   15 s   12    27.30112        8.525168        117.2997        21.39084        90.73709       0.6479615E-03
   15 s   13    26.88118        9.065558        110.3076        21.46634        88.28661       0.6726397E-03
   15 s   14    26.10720        9.456725        105.7449        10.91960        384.5354      -0.8424497E-05
   15 s   15    25.21352        9.762875        102.4288        13.20704        487.7777      -0.1002108E-04
   15 s   16    24.52314        10.10817        98.92986        13.83565        529.4064      -0.3358392E-04
   15 s   17    23.66379        10.34511        96.66407        5.310058        267.5567      -0.1359247E-03
   15 s   18    22.67169        10.47775        95.44029        5.387070        263.4040      -0.3054246E-03
   15 s   19    21.79680        10.61793        94.18031        5.906322        270.0825      -0.5436853E-03
   15 s   20    21.04280        10.77630        92.79619        6.860280        290.2415      -0.8793670E-03
   15 s   21    20.41206        10.96321        91.21414        8.171827        330.3354      -0.1286337E-02
   15 s   22    19.89503        11.18252        89.42530        9.367317        385.5530      -0.1590086E-02
   15 s   23    19.45859        11.42330        87.54035        9.835684        419.9471      -0.1581936E-02
   15 s   24    19.05881        11.66472        85.72859        9.443838        402.4390      -0.1243534E-02
   15 s   25    18.66488        11.88989        84.10507        8.619584        358.9960      -0.7650068E-03
   15 s   26    18.27210        12.09614        82.67100        7.985867        327.1873      -0.3782783E-03
   16 s    1    145.5658        5.454602        183.3314       0.5009319        202.8967       0.1211075E-04
   16 s    2    91.96961        5.743768        174.1017        21.18092        145.2349      -0.1663357E-02
   16 s    3    73.03511        6.385755        156.5986        27.20535        87.89475       0.1475420E-04
   16 s    4    59.16778        6.651357        150.3453        6.775641        292.1828      -0.4199602E-03
   16 s    5    50.16089        6.891923        145.0974        11.59872        531.7672       0.4895487E-03
   16 s    6    44.31318        7.195465        138.9764        12.51652        679.9877       0.4740779E-03
   16 s    7    40.09795        7.512698        133.1080        13.04609        614.0826      -0.3611977E-03
   16 s    8    36.86062        7.826978        127.7632        12.77958        540.0427      -0.1344616E-02
   16 s    9    34.37538        8.157999        122.5791        13.37794        873.5071      -0.2108493E-02
   16 s   10    32.38112        8.493636        117.7352        13.47518        903.0672      -0.2339716E-02
   16 s   11    30.71769        8.824678        113.3186        12.73059        762.5704      -0.1903115E-02
   16 s   12    29.05848        9.073929        110.2058        6.497907        299.1571      -0.1511548E-03
   16 s   13    27.37219        9.231149        108.3289        7.166247        289.2480      -0.7012589E-05
   16 s   14    26.50587        9.601136        104.1543        21.28112        88.09158       0.6742561E-03
   16 s   15    25.92982        10.04023        99.59930        7.684983        352.7184      -0.1133332E-03
   16 s   16    24.76267        10.20690        97.97292        5.897442        288.8266      -0.3210681E-04
   16 s   17    23.91032        10.45288        95.66742        13.65410        525.6754      -0.5346064E-04
   16 s   18    23.34127        10.78720        92.70248        13.04826        503.3088      -0.6556601E-04
   16 s   19    22.79340        11.10341        90.06246        12.22472        475.2820      -0.7590789E-04
   16 s   20    22.25258        11.39585        87.75122        11.07083        435.7164      -0.1142864E-03
   16 s   21    21.68336        11.64602        85.86622        8.690798        355.9152      -0.2809157E-03
   16 s   22    21.05638        11.83528        84.49311        6.896398        305.2135      -0.5806199E-03
   16 s   23    20.45365        12.00746        83.28154        7.113245        309.9589      -0.9251254E-03
   16 s   24    19.92734        12.19630        81.99210        8.121671        343.7470      -0.1329602E-02
   16 s   25    19.48563        12.41273        80.56248        9.234681        396.9488      -0.1655491E-02
   16 s   26    19.10993        12.65079        79.04647        9.775383        434.8208      -0.1691831E-02
   17 s    1    163.8705        6.140510        162.8529        15.74108        763.8695       0.1453447E-02
   17 s    2    103.5368        6.466173        154.6510        6.205000        309.2335       0.9791315E-03
   17 s    3    74.84488        6.543990        152.8120        2.769924        231.8156      -0.2393153E-03
   17 s    4    62.85961        7.066376        141.5153        26.77095        87.96644      -0.1136199E-06
   17 s    5    55.10660        7.571446        132.0752        10.37417        525.0224      -0.1511102E-02
   17 s    6    47.37426        7.692514        129.9965        2.206789        251.1721      -0.6919623E-04
   17 s    7    41.32516        7.742628        129.1551        2.027630        237.1322       0.8298563E-05
   17 s    8    37.49231        7.961111        125.6106        23.47530        92.29539      -0.2529384E-04
   17 s    9    36.05098        8.555654        116.8818        23.72700        90.00821       0.5293855E-04
   17 s   10    34.11392        8.948154        111.7549        3.030884        230.3339      -0.1390888E-03
   17 s   11    31.44746        9.034329        110.6889        4.240998        243.6235      -0.5190935E-03
   17 s   12    29.51951        9.217894        108.4847        11.27094        510.7140      -0.1879795E-02
   17 s   13    28.23503        9.522140        105.0184        12.23099        654.3779      -0.1390500E-02
   17 s   14    27.07877        9.808657        101.9508        10.47582        503.2577      -0.6279830E-03
   17 s   15    26.16792        10.13242        98.69306        21.12104        87.91709       0.6731413E-03
   17 s   16    25.86183        10.65997        93.80894        20.98162        87.76139       0.6699654E-03
   17 s   17    25.31196        11.06563        90.36988        10.92703        463.7950      -0.3084510E-03
   17 s   18    24.47233        11.30992        88.41794        8.340842        356.6122      -0.7712769E-04
   17 s   19    23.58165        11.48739        87.05200        6.233886        292.4048      -0.8100603E-04
   17 s   20    22.72789        11.63926        85.91610        6.231426        283.0461      -0.1550176E-03
   17 s   21    22.00182        11.81707        84.62338        8.358387        323.3718      -0.1466507E-03
   17 s   22    21.44994        12.05650        82.94283        10.44445        391.8706      -0.7312988E-04
   17 s   23    20.99595        12.32582        81.13050        10.96842        419.1025      -0.5629350E-04
   17 s   24    20.58898        12.60124        79.35724        11.02284        423.9065      -0.7207550E-04
   17 s   25    20.21054        12.87451        77.67289        10.78071        412.2055      -0.1350652E-03
   17 s   26    19.84227        13.13559        76.12904        10.00737        378.8336      -0.3459960E-03
   18 s    1    172.9333        6.480112        154.3183        27.28799        88.36062       0.4187575E-04
   18 s    2    105.5241        6.590284        151.7385        10.11210        381.9075       0.1169894E-02
   18 s    3    79.12947        6.918610        144.5377        13.77152        791.9249       0.5222080E-03
   18 s    4    64.59077        7.260985        137.7224        13.67563        943.5159      -0.1169843E-02
   18 s    5    56.14441        7.714038        129.6338        12.57500        142.3103      -0.2336165E-03
   18 s    6    49.26115        7.998902        125.0172        13.91273        688.4137      -0.2288590E-02
   18 s    7    44.59492        8.355246        119.6853        14.41530        861.8123      -0.1846447E-02
   18 s    8    40.94326        8.693885        115.0234        11.74973        560.5428      -0.7232136E-03
   18 s    9    37.37787        8.870552        112.7326        3.679232        246.4450      -0.1262335E-04
   18 s   10    34.87806        9.148591        109.3065        23.53009        89.78627       0.8988934E-04
   18 s   11    33.87969        9.733068        102.7425        21.57530        102.4986       0.5445363E-04
   18 s   12    31.96476        9.981458        100.1858        7.556864        339.6870      -0.7437042E-03
   18 s   13    30.08940        10.14752        98.54626        6.034995        279.9194      -0.9612106E-03
   18 s   14    28.46012        10.30902        97.00247        7.251255        300.0533      -0.1100513E-02
   18 s   15    27.16955        10.52026        95.05465        9.700494        379.3880      -0.1036460E-02
   18 s   16    26.16448        10.78471        92.72383        11.22888        467.1488      -0.6876152E-03
   18 s   17    25.58325        11.18423        89.41157        20.85856        87.62137       0.6654111E-03
   18 s   18    25.19937        11.64592        85.86695        9.999992        375.5119      -0.1763523E-03
   18 s   19    24.49897        11.93425        83.79247        12.66283        490.8484      -0.1462125E-03
   18 s   20    23.93252        12.25617        81.59156        12.63561        502.5898      -0.8936574E-04
   18 s   21    23.34691        12.53951        79.74796        9.596463        380.3521      -0.8639208E-04
   18 s   22    22.65937        12.73629        78.51581        6.527362        295.9638      -0.1599706E-03
   18 s   23    21.94652        12.88386        77.61649        5.525819        272.2245      -0.2591308E-03
   18 s   24    21.27398        13.02049        76.80203        5.524281        270.0702      -0.3695394E-03
   18 s   25    20.66649        13.16496        75.95922        6.161087        282.8745      -0.4900029E-03
   18 s   26    20.14384        13.33523        74.98931        7.651727        322.2111      -0.5539947E-03
   19 s    1    173.5223        6.502182        153.7945        2.914403        202.8545      -0.3769632E-05
   19 s    2    114.7784        7.168243        139.5042        25.01427        103.2893      -0.4474523E-04
   19 s    3    87.16053        7.620798        131.2199        4.512089        273.0090      -0.1393020E-03
   19 s    4    68.19136        7.665745        130.4505        1.410664        227.8130       0.5304731E-04
   19 s    5    56.40285        7.749546        129.0398        18.53855        128.4941      -0.4315268E-03
   19 s    6    51.60071        8.378795        119.3489        25.20329        90.02437      -0.1126607E-04
   19 s    7    47.15224        8.834380        113.1941        2.100864        221.6741      -0.1497325E-03
   19 s    8    41.95117        8.907904        112.2599        4.838150        263.0215      -0.4566007E-03
   19 s    9    38.51868        9.141292        109.3937        12.58865        630.1602      -0.4207273E-03
   19 s   10    36.06831        9.460795        105.6994        12.53790        677.0480      -0.6370896E-04
   19 s   11    33.96036        9.756243        102.4985        12.42879        297.3451      -0.2182754E-03
   19 s   12    32.90332        10.27454        97.32800        8.084590        349.7386      -0.1010546E-03
   19 s   13    31.15595        10.50721        95.17276        10.22847        483.9365      -0.5039677E-03
   19 s   14    29.74085        10.77293        92.82523        10.87647        539.7607      -0.7919569E-03
   19 s   15    28.51671        11.04190        90.56416        10.37878        502.0023      -0.6477294E-03
   19 s   16    27.33848        11.26862        88.74199        7.480374        347.2537      -0.6544484E-04
   19 s   17    26.16617        11.43907        87.41970        6.922582        305.7516      -0.5773912E-04
   19 s   18    25.32850        11.70560        85.42918        20.74880        87.49506       0.6599167E-03
   19 s   19    25.09455        12.22437        81.80381        20.64985        87.38061       0.6538026E-03
   19 s   20    24.62086        12.60868        79.31043        10.41927        412.6744      -0.7246707E-04
   19 s   21    23.97112        12.87476        77.67133        11.46071        410.6324      -0.1034687E-05
   19 s   22    23.46704        13.19026        75.81352        13.49161        494.8378      -0.9621230E-05
   19 s   23    23.03753        13.52434        73.94074        12.19510        438.2533      -0.5421334E-07
   19 s   24    22.47687        13.75671        72.69181        7.490739        308.6199      -0.6686805E-04
   19 s   25    21.86336        13.92738        71.80099        6.344296        282.6476      -0.1665103E-03
   19 s   26    21.26865        14.07986        71.02344        5.944231        273.6422      -0.2719865E-03
   20 s    1    185.4241        6.948161        143.9230        14.66190        841.0406       0.5705293E-03
   20 s    2    117.7896        7.356300        135.9379        18.31739        320.6321      -0.5441319E-03
   20 s    3    88.58498        7.745343        129.1098        15.61372        286.5934      -0.7360314E-03
   20 s    4    72.71336        8.174087        122.3378        16.80926        867.8700      -0.1749305E-03
   20 s    5    62.35127        8.566838        116.7292        14.35194        798.5439       0.9106419E-03
   20 s    6    54.11289        8.786717        113.8082        2.463844        230.1972       0.3033895E-04
   20 s    7    48.05362        9.003262        111.0709        24.40004        91.67612      -0.2608558E-06
   20 s    8    44.94308        9.543206        104.7866        14.20014        361.2673      -0.1417431E-02
   20 s    9    41.53758        9.857738        101.4431        12.23267        693.3757      -0.2300415E-02
   20 s   10    38.19450        10.01850        99.81534        3.236062        231.2172      -0.7950105E-04
   20 s   11    35.21316        10.11615        98.85180        4.832070        259.6231      -0.9367791E-05
   20 s   12    33.04457        10.31864        96.91196        23.02042        89.56580       0.1538788E-03
   20 s   13    32.30448        10.89455        91.78905        22.86738        89.16743       0.1813372E-03
   20 s   14    30.78195        11.15005        89.68573        5.166741        287.0250      -0.3444866E-03
   20 s   15    29.13345        11.28070        88.64696        5.728306        285.4508      -0.8376081E-03
   20 s   16    27.81451        11.46484        87.22321        9.431618        387.9838      -0.1495399E-02
   20 s   17    26.84500        11.73583        85.20912        11.77208        525.4927      -0.1372483E-02
   20 s   18    26.04423        12.03638        83.08146        12.14182        558.5742      -0.9328567E-03
   20 s   19    25.32020        12.33430        81.07476        11.57710        508.2504      -0.4436359E-03
   20 s   20    24.87882        12.74078        78.48812        20.55980        87.27650       0.6472997E-03
   20 s   21    24.37914        13.09391        76.37139        9.910265        411.8191      -0.3979426E-03
   20 s   22    23.74239        13.34503        74.93427        9.953412        420.8293      -0.1515083E-03
   20 s   23    23.15295        13.59211        73.57212        10.53155        438.6286      -0.7843936E-04
   20 s   24    22.72166        13.90652        71.90870        13.48532        576.1055      -0.6514349E-04
   20 s   25    22.35312        14.23937        70.22782        13.03338        554.9682      -0.7409484E-04
   20 s   26    21.98710        14.55548        68.70266        12.22331        512.3402      -0.9239215E-04
