    0 s    2    4.963207       0.3099666        3226.154        6.497133        508.7113      -0.1657894E-01
    0 s    3    5.372465       0.4697364        2128.854        6.755298        417.0334      -0.1377386E-01
    0 s    4    5.764840       0.6480557        1543.077        7.517105        373.2198      -0.1004743E-01
    0 s    5    6.119206       0.8407566        1189.405        7.859652        355.5615      -0.6957829E-02
    0 s    6    6.389115        1.037449        963.9031        7.824800        346.6286      -0.4645604E-02
    0 s    7    6.560480        1.229163        813.5618        7.451180        339.6722      -0.2875725E-02
    0 s    8    6.629866        1.407785        710.3360        6.790877        332.3317      -0.1543091E-02
    0 s    9    6.608392        1.568310        637.6290        6.051785        324.6589      -0.6892894E-03
    0 s   10    6.527180        1.712093        584.0803        5.482075        317.2841      -0.2670517E-03
    0 s   11    6.420298        1.844444        542.1687        5.131930        310.1799      -0.9699621E-04
    0 s   12    6.308788        1.970010        507.6116        4.926250        303.0787      -0.3472259E-04
    0 s   13    6.201605        2.091464        478.1339        4.794369        295.8386      -0.1247939E-04
    0 s   14    6.101437        2.210104        452.4674        4.696681        288.4339      -0.4517325E-05
    0 s   15    6.008453        2.326520        429.8264        4.614380        280.9013      -0.1643592E-05
    0 s   16    5.921997        2.440982        409.6711        4.539264        273.3089      -0.5991889E-06
    0 s   17    5.841254        2.553622        391.6006        4.468098        265.7401      -0.2181889E-06
    0 s   18    5.765479        2.664524        375.3015        4.399896        258.2813      -0.7908057E-07
    0 s   19    5.694057        2.773760        360.5214        4.334637        251.0130      -0.2837007E-07
    0 s   20    5.626502        2.881409        347.0525        4.272661        244.0036      -0.9932027E-08
    0 s   21    5.562436        2.987556        334.7218        4.214373        237.3058      -0.3264541E-08
    0 s   22    5.501567        3.092299        323.3840        4.160111        230.9557      -0.8824677E-09
    0 s   23    5.443663        3.195741        312.9165        4.110083        224.9735      -0.6792273E-10
    0 s   24    5.388534        3.297989        303.2150        4.064353        219.3655       0.1169451E-09
    0 s   25    5.336023        3.399151        294.1911        4.022852        214.1269       0.1861801E-09
    0 s   26    5.285989        3.499328        285.7691        3.985399        209.2441       0.1531895E-09
    1 s    2    10.87594       0.6792340        1472.247        10.91351        311.4023      -0.1195938E-02
    1 s    3    10.74147       0.9391700        1064.770        9.880443        284.6296      -0.5213782E-03
    1 s    4    10.41911        1.171266        853.7767        8.621896        275.1720      -0.6650811E-03
    1 s    5    9.929430        1.364268        732.9941        6.712142        299.8150      -0.1541512E-02
    1 s    6    9.304204        1.510794        661.9038        5.297965        348.8555      -0.2712414E-02
    1 s    7    8.763833        1.641980        609.0208        5.374880        371.5267      -0.3371104E-02
    1 s    8    8.408252        1.785407        560.0965        6.142523        379.3012      -0.3711675E-02
    1 s    9    8.220966        1.951008        512.5556        7.052109        382.7694      -0.3751148E-02
    1 s   10    8.149115        2.137530        467.8296        7.760497        384.0287      -0.3517118E-02
    1 s   11    8.139944        2.338470        427.6300        8.194132        383.4188      -0.3155827E-02
    1 s   12    8.158877        2.547727        392.5067        8.425815        380.4043      -0.2779321E-02
    1 s   13    8.187366        2.761153        362.1675        8.523772        372.4367      -0.2421642E-02
    1 s   14    8.214836        2.975633        336.0629        8.495532        351.0310      -0.2053135E-02
    1 s   15    8.228968        3.186322        313.8415        8.153860        288.9639      -0.1503906E-02
    1 s   16    8.195041        3.377906        296.0414        6.986558        191.4226      -0.5238910E-03
    1 s   17    8.101836        3.541882        282.3358        6.247945        161.2995      -0.9863835E-04
    1 s   18    7.995275        3.695028        270.6340        6.019868        155.0717      -0.2426229E-04
    1 s   19    7.891635        3.844272        260.1273        5.912893        152.7157      -0.7529875E-05
    1 s   20    7.793994        3.991411        250.5380        5.846448        151.4109      -0.2666003E-05
    1 s   21    7.702846        4.137159        241.7118        5.799887        150.5410      -0.1019586E-05
    1 s   22    7.618011        4.281901        233.5411        5.765188        149.8909      -0.4088633E-06
    1 s   23    7.539089        4.425876        225.9439        5.737971        149.3510      -0.1689845E-06
    1 s   24    7.465600        4.569233        218.8551        5.715256        148.8498      -0.7124413E-07
    1 s   25    7.397033        4.712054        212.2217        5.694793        148.3348      -0.3044075E-07
    1 s   26    7.332884        4.854373        205.9998        5.674816        147.7652      -0.1314052E-07
    2 s    1    10.76381       0.4033384        2479.307        12.94512        397.3338      -0.3921104E-03
    2 s    2    15.29403       0.9551565        1046.949        20.08089        96.24529      -0.1587575E-01
    2 s    3    14.20407        1.241919        805.2052        6.139625        441.6557      -0.2235005E-02
    2 s    4    12.28247        1.380736        724.2515        5.341668        391.1603      -0.2092118E-02
    2 s    5    11.07501        1.521666        657.1744        6.229671        305.3200      -0.1639751E-02
    2 s    6    10.43152        1.693845        590.3729        7.380254        243.2015      -0.7997039E-03
    2 s    7    10.04633        1.882266        531.2745        7.581612        217.0554      -0.4205254E-03
    2 s    8    9.751068        2.070540        482.9658        7.442666        202.4999      -0.2743736E-03
    2 s    9    9.498617        2.254221        443.6122        7.231501        192.2167      -0.2080472E-03
    2 s   10    9.273756        2.432526        411.0953        7.016212        184.3257      -0.1756988E-03
    2 s   11    9.069976        2.605653        383.7810        6.817610        178.2104      -0.1629822E-03
    2 s   12    8.883989        2.774154        360.4703        6.645913        173.7143      -0.1674220E-03
    2 s   13    8.714290        2.938856        340.2685        6.514273        171.1650      -0.1971278E-03
    2 s   14    8.561467        3.101192        322.4566        6.464580        172.4638      -0.2885178E-03
    2 s   15    8.432830        3.265258        306.2545        6.710351        189.1642      -0.6064305E-03
    2 s   16    8.360499        3.446106        290.1826        7.778388        277.4633      -0.1393616E-02
    2 s   17    8.354264        3.652235        273.8049        8.422307        371.4697      -0.1657870E-02
    2 s   18    8.367357        3.866986        258.5994        8.561725        400.9481      -0.1596895E-02
    2 s   19    8.382941        4.083603        244.8818        8.587649        410.6675      -0.1499303E-02
    2 s   20    8.397509        4.300480        232.5322        8.580643        414.7533      -0.1407108E-02
    2 s   21    8.410191        4.517070        221.3824        8.560221        416.5622      -0.1325749E-02
    2 s   22    8.420774        4.733115        211.2774        8.532041        416.7554      -0.1254199E-02
    2 s   23    8.429169        4.948404        202.0854        8.494265        414.1853      -0.1187837E-02
    2 s   24    8.434718        5.162371        193.7095        8.407239        397.8809      -0.1099445E-02
    2 s   25    8.420643        5.364113        186.4241        6.964935        219.1463      -0.3091073E-03
    2 s   26    8.347611        5.526123        180.9587        6.302910        183.6376      -0.1301759E-04
    3 s    1    24.95761       0.9352050        1069.284        6.321488        896.1912      -0.3316081E-02
    3 s    2    17.68808        1.104671        905.2466        7.434427        346.5677      -0.1240486E-02
    3 s    3    16.60304        1.451671        688.8614        17.25230        90.00987      -0.3474651E-02
    3 s    4    16.71322        1.878820        532.2490        16.33364        90.14105       0.7961039E-03
    3 s    5    16.64790        2.287361        437.1850        15.72822        90.53871       0.3214661E-02
    3 s    6    15.60273        2.533533        394.7058        5.505977        289.6889      -0.4343247E-03
    3 s    7    14.24500        2.668925        374.6827        5.333442        278.9267      -0.3426712E-03
    3 s    8    13.18925        2.800604        357.0658        5.218496        270.4989      -0.2538966E-03
    3 s    9    12.35032        2.930991        341.1815        5.224958        263.6403      -0.1781753E-03
    3 s   10    11.67731        3.062983        326.4791        5.335856        257.6214      -0.1211879E-03
    3 s   11    11.13407        3.198632        312.6337        5.507399        251.9322      -0.8173236E-04
    3 s   12    10.69256        3.338908        299.4992        5.698926        246.3016      -0.5586621E-04
    3 s   13    10.33050        3.483916        287.0334        5.881957        240.6403      -0.3948803E-04
    3 s   14    10.03021        3.633210        275.2387        6.040149        234.9654      -0.2929845E-04
    3 s   15    9.777857        3.786064        264.1266        6.166491        229.3399      -0.2295453E-04
    3 s   16    9.562744        3.941659        253.7003        6.260192        223.8339      -0.1892702E-04
    3 s   17    9.376690        4.099209        243.9495        6.324090        218.5087      -0.1629070E-04
    3 s   18    9.213491        4.258028        234.8505        6.362773        213.4143      -0.1453756E-04
    3 s   19    9.068472        4.417548        226.3699        6.381351        208.5929      -0.1344191E-04
    3 s   20    8.938118        4.577332        218.4679        6.384770        204.0846      -0.1299386E-04
    3 s   21    8.819787        4.737062        211.1013        6.377567        199.9395      -0.1344125E-04
    3 s   22    8.711508        4.896530        204.2263        6.364260        196.2542      -0.1563717E-04
    3 s   23    8.611885        5.055669        197.7978        6.352256        193.3570      -0.2297057E-04
    3 s   24    8.520512        5.214880        191.7590        6.384616        193.7684      -0.6131835E-04
    3 s   25    8.453384        5.384970        185.7020        7.769197        312.9859      -0.8093033E-03
    3 s   26    8.449244        5.593405        178.7820        8.374286        418.5587      -0.1070170E-02
    4 s    1    37.58662        1.408436        710.0074        11.36781        363.9233      -0.6691011E-03
    4 s    2    27.43388        1.713325        583.6604        12.70146        449.6167      -0.4530491E-03
    4 s    3    23.26646        2.034280        491.5743        12.73774        525.5965      -0.8570584E-04
    4 s    4    20.10820        2.260468        442.3863        5.402815        341.2186      -0.4829063E-03
    4 s    5    17.43650        2.395711        417.4126        5.531240        302.7427      -0.4470808E-03
    4 s    6    16.53634        2.685130        372.4214        15.37888        90.47457       0.4626931E-02
    4 s    7    16.41677        3.075824        325.1161        15.16380        90.48440       0.5371269E-02
    4 s    8    16.30530        3.462264        288.8284        15.02383        90.47045       0.5775783E-02
    4 s    9    15.48466        3.674834        272.1211        6.754189        350.9553      -0.8549023E-04
    4 s   10    14.61946        3.834716        260.7755        6.112568        318.6768      -0.3684063E-04
    4 s   11    13.86524        3.983250        251.0513        5.799258        299.5565       0.1120133E-04
    4 s   12    13.21409        4.126291        242.3484        5.655435        287.2930       0.4413002E-04
    4 s   13    12.65322        4.267244        234.3433        5.623762        279.0549       0.6077617E-04
    4 s   14    12.17048        4.408474        226.8358        5.672153        273.4433       0.6499981E-04
    4 s   15    11.75505        4.551647        219.7007        5.775000        269.6480       0.6139948E-04
    4 s   16    11.39729        4.697838        212.8639        5.910695        267.1436       0.5370814E-04
    4 s   17    11.08867        4.847638        206.2860        6.061760        265.5644       0.4449326E-04
    4 s   18    10.82168        5.001254        199.9499        6.214808        264.6426       0.3533099E-04
    4 s   19    10.58974        5.158606        193.8508        6.360187        264.1748       0.2707789E-04
    4 s   20    10.38718        5.319417        187.9905        6.491434        264.0018       0.2011099E-04
    4 s   21    10.20915        5.483281        182.3726        6.604677        263.9968       0.1450886E-04
    4 s   22    10.05152        5.649721        176.9999        6.698031        264.0578       0.1017964E-04
    4 s   23    9.910845        5.818233        171.8735        6.771037        264.1029       0.6947713E-05
    4 s   24    9.784214        5.988314        166.9919        6.824182        264.0659       0.4609626E-05
    4 s   25    9.669220        6.159481        162.3513        6.858516        263.8937       0.2967657E-05
    4 s   26    9.563862        6.331282        157.9459        6.875384        263.5435       0.1847529E-05
    5 s    1    47.94904        1.796734        556.5655        28.06641        99.11672      -0.9992354E-04
    5 s    2    33.27669        2.078226        481.1797        3.101752        356.9889      -0.2019686E-02
    5 s    3    24.73992        2.163111        462.2971        4.215120        301.0462      -0.1171701E-02
    5 s    4    21.13453        2.375842        420.9033        12.65016        421.0679      -0.2757767E-03
    5 s    5    19.60585        2.693773        371.2266        12.52423        470.6617      -0.9683522E-04
    5 s    6    18.44897        2.995698        333.8120        11.54246        476.2271      -0.6586640E-04
    5 s    7    17.43120        3.265887        306.1956        9.977559        457.8129      -0.7748807E-04
    5 s    8    16.44189        3.491268        286.4289        8.076107        404.3270      -0.9976150E-04
    5 s    9    16.20577        3.845968        260.0126        14.93657        90.41775       0.5984740E-02
    5 s   10    16.05266        4.210647        237.4932        9.307321        331.9656      -0.4038659E-04
    5 s   11    15.45957        4.441276        225.1605        9.107459        346.3706      -0.9480569E-05
    5 s   12    14.93940        4.665043        214.3603        8.773216        355.4755       0.1553874E-04
    5 s   13    14.46865        4.879489        204.9395        8.368378        359.3017       0.4091448E-04
    5 s   14    14.03387        5.083444        196.7170        7.941696        357.1936       0.6747656E-04
    5 s   15    13.62861        5.277104        189.4979        7.553132        349.8404       0.9156497E-04
    5 s   16    13.25139        5.462080        183.0805        7.250404        339.6993       0.1080999E-03
    5 s   17    12.90282        5.640730        177.2820        7.044862        329.2841       0.1144847E-03
    5 s   18    12.58310        5.815296        171.9603        6.918817        319.9135       0.1115101E-03
    5 s   19    12.29116        5.987424        167.0167        6.845346        311.8724       0.1017930E-03
    5 s   20    12.02488        6.158107        162.3876        6.800177        304.9706       0.8820863E-04
    5 s   21    11.78155        6.327810        158.0326        6.765143        298.8974       0.7314423E-04
    5 s   22    11.55826        6.496621        153.9262        6.728140        293.3682       0.5831836E-04
    5 s   23    11.35221        6.664396        150.0511        6.682335        288.1694       0.4483407E-04
    5 s   24    11.16087        6.830878        146.3941        6.625395        283.1671       0.3329429E-04
    5 s   25    10.98208        6.995799        142.9429        6.558702        278.3019       0.2391912E-04
    5 s   26    10.81414        7.158965        139.6850        6.486399        273.5767       0.1665264E-04
    6 s    1    52.14739        1.954053        511.7568        8.727154        610.4390      -0.3858552E-02
    6 s    2    39.61493        2.474067        404.1928        17.20207        170.9450      -0.2048944E-02
    6 s    3    32.07455        2.804408        356.5815        12.46751        456.0278      -0.3775333E-02
    6 s    4    27.45782        3.086676        323.9731        9.659303        383.4119      -0.2703239E-02
    6 s    5    23.81533        3.272140        305.6104        5.857610        287.1135      -0.1170337E-02
    6 s    6    21.00784        3.411200        293.1520        5.693585        268.5496      -0.5884939E-03
    6 s    7    19.03515        3.566400        280.3948        6.865824        268.8735      -0.3549159E-03
    6 s    8    17.69358        3.757052        266.1661        8.361351        284.9604      -0.1933475E-03
    6 s    9    16.76368        3.978372        251.3591        9.191761        310.8237      -0.9221113E-04
    6 s   10    16.11852        4.227923        236.5227        14.88185        90.36960       0.6075953E-02
    6 s   11    16.04265        4.608785        216.9769        14.84889        90.32015       0.6099866E-02
    6 s   12    15.97677        4.988976        200.4419        14.82946        90.27526       0.6085358E-02
    6 s   13    15.57106        5.251271        190.4301        7.065843        260.5553       0.3193210E-04
    6 s   14    14.99816        5.432733        184.0694        7.435406        261.4131       0.6452813E-04
    6 s   15    14.52184        5.622973        177.8419        7.758186        265.0721       0.7456522E-04
    6 s   16    14.12026        5.820218        171.8149        7.991182        270.6705       0.7198167E-04
    6 s   17    13.77494        6.021996        166.0579        8.122119        277.0207       0.6488902E-04
    6 s   18    13.47149        6.225870        160.6201        8.162913        283.1948       0.5765064E-04
    6 s   19    13.19932        6.429817        155.5254        8.131738        288.6651       0.5190130E-04
    6 s   20    12.95071        6.632233        150.7788        8.043185        293.1351       0.4796298E-04
    6 s   21    12.71995        6.831819        146.3739        7.907287        296.3371       0.4562726E-04
    6 s   22    12.50276        7.027503        142.2980        7.733246        297.9229       0.4441107E-04
    6 s   23    12.29607        7.218494        138.5330        7.535066        297.5299       0.4358412E-04
    6 s   24    12.09802        7.404452        135.0539        7.335044        295.0546       0.4224855E-04
    6 s   25    11.90805        7.585661        131.8277        7.159284        290.9182       0.3965219E-04
    6 s   26    11.72655        7.762983        128.8165        7.025999        285.9523       0.3557310E-04
    7 s    1    59.84543        2.242512        445.9285        5.888307        255.9570      -0.1169889E-02
    7 s    2    40.54296        2.532025        394.9408        23.02206        131.6226      -0.1777092E-02
    7 s    3    36.41448        3.183865        314.0836        25.49969        91.84224      -0.6739855E-04
    7 s    4    29.97122        3.369221        296.8046        6.408942        325.4119      -0.4643262E-03
    7 s    5    26.18002        3.597040        278.0064        11.25994        472.8931      -0.1260137E-02
    7 s    6    23.98667        3.894895        256.7463        12.16208        518.2058      -0.1227029E-02
    7 s    7    22.33715        4.185058        238.9453        10.78401        454.4889      -0.9618775E-03
    7 s    8    20.81925        4.420755        226.2057        8.110372        352.5483      -0.6639100E-03
    7 s    9    19.38367        4.600153        217.3841        6.551536        298.2929      -0.4149850E-03
    7 s   10    18.14031        4.758242        210.1617        6.236583        277.2495      -0.2460153E-03
    7 s   11    17.11048        4.915556        203.4358        6.392519        267.6792      -0.1224660E-03
    7 s   12    16.26543        5.079116        196.8847        6.701861        262.6377      -0.3001760E-04
    7 s   13    15.91944        5.368761        186.2627        14.81832        90.23522       0.6049812E-02
    7 s   14    15.86934        5.748300        173.9645        14.81201        90.20016       0.6003617E-02
    7 s   15    15.82532        6.127688        163.1937        14.80831        90.16964       0.5952935E-02
    7 s   16    15.70086        6.471721        154.5184        5.809960        248.9059       0.9126206E-04
    7 s   17    15.13645        6.617207        151.1212        5.817077        243.7575       0.1260872E-03
    7 s   18    14.63407        6.763156        147.8600        5.846734        239.4363       0.1418859E-03
    7 s   19    14.18552        6.910227        144.7130        5.907806        235.7957       0.1432338E-03
    7 s   20    13.78466        7.059314        141.6568        6.009288        232.8341       0.1345649E-03
    7 s   21    13.42687        7.211502        138.6674        6.156924        230.6499       0.1196726E-03
    7 s   22    13.10846        7.367953        135.7229        6.350045        229.4261       0.1015961E-03
    7 s   23    12.82616        7.529689        132.8076        6.577598        229.3761       0.8276844E-04
    7 s   24    12.57650        7.697299        129.9157        6.816168        230.6088       0.6515050E-04
    7 s   25    12.35549        7.870686        127.0537        7.035689        232.9725       0.5012282E-04
    7 s   26    12.15867        8.049050        124.2383        7.212307        236.0483       0.3825982E-04
    8 s    1    75.68915        2.836204        352.5840        13.72086        913.3823      -0.5067198E-02
    8 s    2    50.75280        3.169659        315.4913        11.75703        793.9999      -0.3067863E-02
    8 s    3    37.33725        3.264547        306.3213        2.704097        268.6468      -0.1498833E-04
    8 s    4    33.51409        3.767494        265.4284        16.97659        216.4794      -0.2328903E-02
    8 s    5    29.80577        4.095204        244.1881        12.01469        665.9191      -0.3451791E-02
    8 s    6    26.94217        4.374802        228.5818        10.17966        512.8631      -0.2180911E-02
    8 s    7    24.54314        4.598370        217.4684        8.434022        355.6616      -0.4596906E-03
    8 s    8    22.75033        4.830802        207.0050        10.42655        387.0311      -0.5015019E-04
    8 s    9    21.54522        5.113133        195.5748        11.87309        463.8218      -0.1757566E-04
    8 s   10    20.62797        5.410761        184.8169        11.66771        509.8129      -0.6177978E-04
    8 s   11    19.76225        5.677365        176.1381        9.235279        427.1454      -0.2376169E-03
    8 s   12    18.80582        5.872390        170.2884        6.779635        315.7446      -0.2731535E-03
    8 s   13    17.88321        6.031035        165.8090        6.072369        279.6378      -0.1588392E-03
    8 s   14    17.06103        6.179961        161.8133        5.879090        264.3145      -0.4996733E-04
    8 s   15    16.33800        6.326201        158.0727        5.823404        255.3371       0.3345559E-04
    8 s   16    15.78639        6.506977        153.6812        14.80585        90.14299       0.5901342E-02
    8 s   17    15.75175        6.886194        145.2181        14.80382        90.11949       0.5850835E-02
    8 s   18    15.72072        7.265351        137.6396        14.80180        90.09846       0.5802447E-02
    8 s   19    15.69276        7.644453        130.8138        14.79954        90.07927       0.5756631E-02
    8 s   20    15.27718        7.823653        127.8175        5.849744        260.1622       0.1740841E-03
    8 s   21    14.84019        7.970592        125.4612        5.888985        256.0175       0.1903108E-03
    8 s   22    14.44402        8.118636        123.1734        5.937226        252.6456       0.1927409E-03
    8 s   23    14.08381        8.268000        120.9482        5.995107        249.8386       0.1850999E-03
    8 s   24    13.75560        8.418954        118.7796        6.065244        247.5283       0.1708753E-03
    8 s   25    13.45614        8.571824        116.6613        6.149270        245.6870       0.1529762E-03
    8 s   26    13.18270        8.726956        114.5875        6.246929        244.2898       0.1336038E-03
    9 s    1    85.64402        3.209230        311.6012       0.3201037        228.5208      -0.8127673E-04
    9 s    2    51.74292        3.231495        309.4543        2.624395        240.4396      -0.6812769E-03
    9 s    3    40.06370        3.502932        285.4752        12.71266        574.6583      -0.3723160E-02
    9 s    4    34.33301        3.859553        259.0974        20.03251        124.0219      -0.1349241E-02
    9 s    5    32.29905        4.437772        225.3383        20.11269        101.3893       0.1006177E-03
    9 s    6    28.26578        4.589726        217.8779        6.745042        295.2849      -0.1532201E-02
    9 s    7    25.68825        4.812916        207.7743        10.76962        455.5974      -0.2768413E-02
    9 s    8    23.98839        5.093691        196.3213        11.43746        516.8092      -0.2642100E-02
    9 s    9    22.61185        5.366265        186.3493        10.32121        432.8958      -0.1987246E-02
    9 s   10    21.36278        5.603503        178.4598        8.916471        339.1919      -0.1177400E-02
    9 s   11    20.29785        5.831232        171.4904        9.908533        334.0829      -0.4585501E-03
    9 s   12    19.54695        6.103818        163.8319        11.60100        416.4670      -0.1130561E-03
    9 s   13    18.97418        6.398960        156.2754        11.88929        473.5779      -0.4047824E-04
    9 s   14    18.48078        6.694233        149.3823        11.66579        503.1236      -0.2670100E-04
    9 s   15    18.01673        6.976219        143.3441        10.67311        488.8293      -0.3568746E-04
    9 s   16    17.49275        7.210320        138.6901        7.842307        365.3046      -0.4515454E-04
    9 s   17    16.88414        7.381243        135.4785        6.206995        294.8611       0.1640094E-04
    9 s   18    16.29614        7.531282        132.7795        5.875576        274.6445       0.8758407E-04
    9 s   19    15.76064        7.677521        130.2504        5.829225        265.7060       0.1406305E-03
    9 s   20    15.66742        8.023500        124.6339        14.79696        90.06143       0.5713499E-02
    9 s   21    15.64434        8.402495        119.0123        14.79402        90.04448       0.5672964E-02
    9 s   22    15.62322        8.781436        113.8766        14.79073        90.02806       0.5634828E-02
    9 s   23    15.37508        9.026052        110.7904        6.157862        263.9786       0.1850855E-03
    9 s   24    14.99790        9.179288        108.9409        6.103755        256.3631       0.2035530E-03
    9 s   25    14.64988        9.332256        107.1552        6.118582        251.9284       0.2087810E-03
    9 s   26    14.32895        9.485775        105.4210        6.142864        248.7090       0.2036853E-03
   10 s    1    95.21737        3.567960        280.2722        21.89873        155.2738      -0.3761461E-02
   10 s    2    63.54447        3.968536        251.9821        14.39995        810.2645      -0.6768023E-02
   10 s    3    48.97457        4.282045        233.5333        8.831147        422.5638      -0.3230087E-02
   10 s    4    39.05913        4.390840        227.7469        2.761580        245.8353      -0.5007055E-03
   10 s    5    32.56007        4.473635        223.5319        7.465739        184.1477      -0.4705087E-03
   10 s    6    31.03325        5.039103        198.4480        23.37667        88.42590       0.3194822E-03
   10 s    7    29.53723        5.534056        180.6993        9.229064        370.1397      -0.2628189E-02
   10 s    8    26.94757        5.722043        174.7628        6.906683        294.2792      -0.1882230E-02
   10 s    9    24.88731        5.906280        169.3113        8.260794        311.0328      -0.1899219E-02
   10 s   10    23.40255        6.138539        162.9052        10.35403        377.7759      -0.2220780E-02
   10 s   11    22.30172        6.406911        156.0815        10.88395        421.0127      -0.2237893E-02
   10 s   12    21.32570        6.659257        150.1669        9.145881        368.5991      -0.1690643E-02
   10 s   13    20.33638        6.858356        145.8075        7.035363        303.6978      -0.9612772E-03
   10 s   14    19.38268        7.020925        142.4314        6.234003        274.3989      -0.5013853E-03
   10 s   15    18.54455        7.180595        139.2642        6.843356        270.8257      -0.2343746E-03
   10 s   16    17.91011        7.382352        135.4582        9.532638        327.3825      -0.6341959E-04
   10 s   17    17.48705        7.644816        130.8076        11.08167        410.1267      -0.1167667E-04
   10 s   18    17.14932        7.925580        126.1737        11.27113        448.0877       0.5704501E-07
   10 s   19    16.84256        8.204560        121.8834        10.97241        456.6409       0.8685835E-05
   10 s   20    16.53647        8.468553        118.0839        9.966431        423.9929       0.2996770E-04
   10 s   21    16.18409        8.692390        115.0432        7.841121        334.9477       0.8765051E-04
   10 s   22    15.77846        8.868693        112.7562        6.500146        281.7486       0.1487398E-03
   10 s   23    15.60381        9.160325        109.1664        14.78711        90.01189       0.5598842E-02
   10 s   24    15.58589        9.539164        104.8310        14.78316        89.99570       0.5564730E-02
   10 s   25    15.54120        9.900048        101.0096        9.778325        388.1558       0.2628571E-04
   10 s   26    15.30570        10.13238        98.69346        8.362918        335.3013       0.6947855E-04
   11 s    1    97.01709        3.635398        275.0730        21.18298        169.5554      -0.4778119E-02
   11 s    2    68.62992        4.286137        233.3103        27.09523        92.62470      -0.3311110E-04
   11 s    3    50.46791        4.412614        226.6230        6.165352        316.7382      -0.1661737E-02
   11 s    4    41.59821        4.676271        213.8456        12.30598        689.1067      -0.3270486E-02
   11 s    5    36.27180        4.983613        200.6576        12.30084        714.0352      -0.3152310E-02
   11 s    6    32.53032        5.282192        189.3154        11.57273        591.7496      -0.3148151E-02
   11 s    7    30.02593        5.625619        177.7582        22.41450        88.30139       0.4008063E-03
   11 s    8    28.44657        6.040341        165.5536        11.84198        539.4953      -0.1377258E-02
   11 s    9    26.75555        6.349653        157.4889        12.71478        660.1224      -0.1255368E-02
   11 s   10    25.38982        6.659805        150.1546        11.59584        567.8981      -0.4402129E-03
   11 s   11    24.00595        6.896507        145.0009        7.902797        341.1518      -0.1857760E-03
   11 s   12    22.75724        7.106277        140.7207        9.426028        364.0056      -0.1089183E-02
   11 s   13    21.84871        7.368382        135.7150        11.38110        448.9626      -0.1838882E-02
   11 s   14    21.12835        7.653253        130.6634        11.15359        458.7143      -0.1952383E-02
   11 s   15    20.41640        7.905393        126.4959        8.930728        366.8276      -0.1417832E-02
   11 s   16    19.64575        8.097765        123.4909        6.716950        294.4346      -0.7542667E-03
   11 s   17    18.87305        8.250736        121.2013        5.729082        264.3781      -0.3604975E-03
   11 s   18    18.15468        8.390211        119.1865        5.527696        252.6119      -0.1534669E-03
   11 s   19    17.51257        8.530941        117.2204        5.807962        249.4594      -0.3383318E-04
   11 s   20    16.96229        8.686621        115.1196        6.818087        259.3973       0.3113818E-04
   11 s   21    16.53827        8.882621        112.5794        8.942094        307.8488       0.3538788E-04
   11 s   22    16.23594        9.125831        109.5791        10.25092        368.6252       0.1881366E-04
   11 s   23    15.98905        9.386487        106.5361        10.49800        397.3434       0.1297289E-04
   11 s   24    15.76295        9.647529        103.6535        10.33154        403.4566       0.1436422E-04
   11 s   25    15.56931        9.917956        100.8272        14.77891        89.97928       0.5532209E-02
   11 s   26    15.55395        10.29673        97.11824        8.450245        222.1062       0.5418256E-03
   12 s    1    115.3007        4.320518        231.4538        1.113174        237.7655      -0.3804797E-03
   12 s    2    69.56822        4.344736        230.1636        1.336804        233.7414      -0.1787928E-03
   12 s    3    56.83338        4.969172        201.2408        26.72353        92.82770      -0.7346115E-04
   12 s    4    48.29839        5.429474        184.1799        13.98229        791.6357      -0.6669620E-02
   12 s    5    40.34833        5.543714        180.3845        2.769835        222.9801      -0.7317103E-05
   12 s    6    34.67354        5.630204        177.6135        4.375692        241.2056      -0.8250484E-04
   12 s    7    30.86599        5.783011        172.9203        8.345470        330.8601      -0.6439514E-03
   12 s    8    29.17321        6.194635        161.4300        22.46967        86.53434       0.5027823E-03
   12 s    9    28.20387        6.693370        149.4016        5.064466        275.1852      -0.1297711E-02
   12 s   10    26.05090        6.833208        146.3442        6.914467        295.7550      -0.1798254E-02
   12 s   11    24.63074        7.076001        141.3228        12.22849        494.8875      -0.1921518E-02
   12 s   12    23.69576        7.399343        135.1471        13.33112        594.8027      -0.1271210E-02
   12 s   13    22.92672        7.731935        129.3337        13.26996        590.3581      -0.8032413E-03
   12 s   14    22.24816        8.058878        124.0868        12.90093        561.4466      -0.4539832E-03
   12 s   15    21.62642        8.373920        119.4184        12.12773        559.5415      -0.5160401E-03
   12 s   16    20.96682        8.642293        115.7100        10.59674        486.7817      -0.2090370E-02
   12 s   17    20.35608        8.899070        112.3713        9.818126        445.2140      -0.1571008E-02
   12 s   18    19.73949        9.122634        109.6175        8.106443        356.3159      -0.9320034E-03
   12 s   19    19.10034        9.304399        107.4760        6.572650        296.5593      -0.4810024E-03
   12 s   20    18.46478        9.456069        105.7522        5.680085        266.7480      -0.2186103E-03
   12 s   21    17.85966        9.592333        104.2499        5.284383        252.6335      -0.7256781E-04
   12 s   22    17.29784        9.722701        102.8521        5.174344        246.0000       0.1411198E-04
   12 s   23    16.78327        9.852737        101.4946        5.244403        243.5051       0.6991780E-04
   12 s   24    16.31701        9.986638        100.1338        5.489334        244.4888       0.1066348E-03
   12 s   25    15.90415        10.13125        98.70446        6.085718        252.3438       0.1239664E-03
   12 s   26    15.55745        10.29904        97.09644        7.487341        281.8731       0.1041727E-03
   13 s    1    117.4084        4.399495        227.2988        13.54980        692.5796      -0.5362205E-02
   13 s    2    75.91054        4.740833        210.9334        13.67595        854.1060      -0.6524822E-02
   13 s    3    58.19508        5.088231        196.5320        14.36893        890.2147      -0.7530821E-02
   13 s    4    48.80699        5.486647        182.2607        2.087645        215.7193      -0.1551960E-03
   13 s    5    42.05719        5.778504        173.0552        13.83892        949.3772      -0.5439980E-02
   13 s    6    37.63130        6.110477        163.6533        12.66922        848.4229      -0.3875344E-02
   13 s    7    34.08886        6.386843        156.5719        9.214542        504.8264      -0.2446449E-02
   13 s    8    30.92273        6.566128        152.2968        5.691912        320.2924      -0.1485363E-02
   13 s    9    28.46556        6.755475        148.0281        22.05126        86.30990       0.5347878E-03
   13 s   10    27.85943        7.307589        136.8440        21.83954        85.88441       0.5548331E-03
   13 s   11    27.19311        7.812127        128.0061        6.723708        297.5089      -0.1675860E-02
   13 s   12    25.44430        7.945349        125.8598        4.656479        253.7653      -0.9167287E-03
   13 s   13    23.90768        8.062761        124.0270        4.992407        254.9321      -0.8229420E-03
   13 s   14    22.64790        8.203675        121.8966        6.544090        279.6167      -0.1119349E-02
   13 s   15    21.69063        8.398783        119.0649        9.445046        337.2015      -0.1468005E-02
   13 s   16    21.08011        8.688991        115.0882        12.38509        458.9321      -0.2633896E-03
   13 s   17    20.59044        9.001528        111.0922        12.61421        495.4009      -0.6448760E-03
   13 s   18    20.15437        9.314372        107.3610        12.37925        505.1812      -0.6983661E-03
   13 s   19    19.74117        9.616567        103.9872        11.83254        486.6831      -0.4617751E-03
   13 s   20    19.34366        9.906151        100.9474        11.39305        472.0542      -0.2537321E-03
   13 s   21    18.97480        10.19127        98.12320        11.06710        464.3280      -0.1510711E-03
   13 s   22    18.61326        10.46207        95.58339        10.49947        443.3269      -0.1287165E-03
   13 s   23    18.23275        10.70367        93.42592        8.480453        358.8425      -0.1378003E-03
   13 s   24    17.78384        10.88439        91.87468        6.300558        286.5815      -0.5423376E-04
   13 s   25    17.31788        11.03183        90.64680        5.627208        265.6141       0.3188557E-04
   13 s   26    16.87277        11.16978        89.52727        5.439367        257.9166       0.8257821E-04
   14 s    1    134.8659        5.053661        197.8764        27.13624        110.8411      -0.2486830E-02
   14 s    2    86.73285        5.416717        184.6137       0.9688288        212.7735      -0.3952546E-04
   14 s    3    62.27876        5.445284        183.6452        1.364927        213.2039      -0.2158349E-04
   14 s    4    50.18186        5.641204        177.2671        25.69855        94.31123      -0.2227049E-03
   14 s    5    45.62448        6.268637        159.5243        24.24523        93.55875      -0.7158435E-04
   14 s    6    40.74038        6.615321        151.1642        5.001371        257.3243      -0.1847406E-02
   14 s    7    36.12848        6.768984        147.7327        7.935425        305.5514      -0.2068931E-02
   14 s    8    33.02363        7.012233        142.6079        11.25087        438.5505      -0.2576836E-02
   14 s    9    30.77746        7.304138        136.9087        11.94605        516.7245      -0.2749399E-02
   14 s   10    28.93944        7.590877        131.7371        10.78273        453.7864      -0.2622317E-02
   14 s   11    27.33549        7.853030        127.3394        21.54069        85.84474       0.5603189E-03
   14 s   12    26.64029        8.318814        120.2094        11.66395        562.8101      -0.1768307E-02
   14 s   13    25.54788        8.615911        116.0643        11.96104        559.8201      -0.1880901E-02
   14 s   14    24.57224        8.900724        112.3504        10.51992        441.4697      -0.1751026E-02
   14 s   15    23.56375        9.124072        109.6002        7.482228        312.1060      -0.1344708E-02
   14 s   16    22.54387        9.292338        107.6155        6.465541        279.2944      -0.1139048E-02
   14 s   17    21.64138        9.460967        105.6974        7.328595        297.0999      -0.1328576E-02
   14 s   18    20.91143        9.664245        103.4742        9.114262        357.0069      -0.1784595E-02
   14 s   19    20.34492        9.910674        100.9013        10.57756        439.4022      -0.2140257E-02
   14 s   20    19.88342        10.18257        98.20701        10.56652        453.8220      -0.1966746E-02
   14 s   21    19.41751        10.42904        95.88608        9.120821        377.9683      -0.1272033E-02
   14 s   22    18.92573        10.63770        94.00529        7.843620        320.0072      -0.5495002E-03
   14 s   23    18.46475        10.83986        92.25209        8.831991        338.5656      -0.1258890E-03
   14 s   24    18.11265        11.08564        90.20682        10.57399        411.3814      -0.1278624E-04
   14 s   25    17.82942        11.35769        88.04610        11.07713        444.3322      -0.1466434E-05
   14 s   26    17.57768        11.63643        85.93698        11.18676        453.9680      -0.7666133E-07
   15 s    1    139.6102        5.231435        191.1521        20.30966        280.7544      -0.7609849E-02
   15 s    2    89.61648        5.596808        178.6733        17.24533        658.6082      -0.6210549E-02
   15 s    3    68.48840        5.988218        166.9946        14.27719        926.9693      -0.4704894E-02
   15 s    4    56.09171        6.305561        158.5902        10.75041        609.8408      -0.4754317E-02
   15 s    5    47.33792        6.504058        153.7502        5.592528        290.1406      -0.2829587E-02
   15 s    6    42.32847        6.873192        145.4928        22.98972        95.59849      -0.1136276E-03
   15 s    7    39.20827        7.346010        136.1283        13.51473        510.0832      -0.4502355E-02
   15 s    8    36.08097        7.661426        130.5240        11.26103        730.3561      -0.3197268E-02
   15 s    9    32.84537        7.794894        128.2891        3.177919        264.6887      -0.1126989E-06
   15 s   10    30.06826        7.886969        126.7914        4.594002        283.3734      -0.1624900E-03
   15 s   11    28.03108        8.052860        124.1795        9.076173        420.2582      -0.1065368E-02
   15 s   12    26.87516        8.392157        119.1589        21.34614        85.67209       0.5612227E-03
   15 s   13    26.46706        8.925901        112.0335        21.14585        85.61879       0.5558795E-03
   15 s   14    25.50756        9.239522        108.2307        7.366590        286.7885      -0.1729681E-04
   15 s   15    24.46640        9.473584        105.5567        11.34753        401.3057      -0.2979411E-03
   15 s   16    23.74983        9.789419        102.1511        13.56810        518.6958      -0.4674736E-03
   15 s   17    23.20289        10.14361        98.58421        14.14563        565.6496      -0.3377910E-03
   15 s   18    22.46273        10.38118        96.32814        5.600200        274.7710      -0.6274381E-03
   15 s   19    21.60269        10.52338        95.02655        5.973423        279.3628      -0.8405757E-03
   15 s   20    20.86483        10.68517        93.58769        7.187518        308.8953      -0.1249346E-02
   15 s   21    20.27009        10.88696        91.85301        9.134228        382.0553      -0.1869251E-02
   15 s   22    19.80986        11.13465        89.80974        10.63275        479.8175      -0.2243251E-02
   15 s   23    19.42100        11.40124        87.70976        10.57655        492.5165      -0.2020489E-02
   15 s   24    19.03082        11.64759        85.85467        9.079099        405.2996      -0.1327642E-02
   15 s   25    18.60317        11.85058        84.38406        7.296433        327.8463      -0.6287918E-03
   15 s   26    18.15379        12.01782        83.20978        6.237660        291.2194      -0.2268808E-03
   16 s    1    144.1327        5.400901        185.1543       0.5763565        209.8103      -0.3129388E-04
   16 s    2    93.41957        5.834322        171.3995        26.82395        93.08426      -0.3820602E-03
   16 s    3    74.51210        6.514894        153.4944        11.52203        153.0803      -0.5287727E-03
   16 s    4    58.68584        6.597181        151.5799        4.539541        251.5199      -0.9062220E-03
   16 s    5    49.34204        6.779416        147.5053        9.967185        428.1356      -0.3652991E-02
   16 s    6    43.49015        7.061823        141.6065        12.40775        503.7884      -0.4877731E-02
   16 s    7    39.91326        7.478096        133.7239        22.06098        97.10901      -0.2859555E-03
   16 s    8    36.50855        7.752220        128.9953        4.276018        253.2223      -0.1432950E-02
   16 s    9    33.76277        8.012614        124.8032        13.09804        732.0526      -0.3917421E-02
   16 s   10    31.79612        8.340191        119.9013        13.21417        816.2521      -0.3272935E-02
   16 s   11    30.14646        8.660575        115.4658        12.41229        714.3753      -0.2631612E-02
   16 s   12    28.59140        8.928079        112.0062        8.253937        367.7352      -0.1142737E-02
   16 s   13    26.94042        9.085537        110.0650        5.495650        261.5178      -0.1085613E-03
   16 s   14    26.10193        9.454819        105.7662        20.96343        85.60702       0.5478865E-03
   16 s   15    25.56786        9.900078        101.0093        8.854745        408.2006      -0.1893925E-02
   16 s   16    24.49203        10.09535        99.05552        6.685340        315.3767      -0.1279533E-02
   16 s   17    23.44109        10.24775        97.58242        5.816807        282.4191      -0.1031411E-02
   16 s   18    22.73530        10.50715        95.17328        14.30615        571.9219      -0.5483595E-03
   16 s   19    22.30125        10.86366        92.04998        14.14836        575.9392      -0.3587398E-03
   16 s   20    21.89126        11.21082        89.19957        13.58248        556.5076      -0.2863450E-03
   16 s   21    21.47475        11.53398        86.70035        11.83656        478.6734      -0.4014097E-03
   16 s   22    20.92716        11.76265        85.01482        6.986530        315.7283      -0.8859665E-03
   16 s   23    20.32715        11.93320        83.79982        7.198787        322.5246      -0.1259634E-02
   16 s   24    19.82238        12.13206        82.42625        8.931843        389.2361      -0.1800482E-02
   16 s   25    19.42668        12.37517        80.80694        10.51080        489.5824      -0.2140981E-02
   16 s   26    19.09736        12.64247        79.09849        10.77464        520.7115      -0.1959238E-02
   17 s    1    161.7719        6.061873        164.9655        15.04460        795.5198      -0.7036486E-02
   17 s    2    102.5717        6.405901        156.1061        10.78615        477.2945      -0.6856210E-02
   17 s    3    74.64837        6.526809        153.2142        18.62385        112.0521      -0.1566139E-03
   17 s    4    63.62918        7.152887        139.8037        14.10071        585.3741      -0.5087959E-02
   17 s    5    54.40073        7.474462        133.7889        10.85611        674.0640      -0.3612779E-02
   17 s    6    46.97851        7.628253        131.0916        2.863066        274.2764      -0.7438166E-03
   17 s    7    41.02660        7.686689        130.0950        2.249070        242.9185      -0.4525149E-03
   17 s    8    37.88771        8.045069        124.2997        22.57488        90.41785       0.1038332E-03
   17 s    9    36.27288        8.608314        116.1668        22.26153        90.17269       0.1136511E-03
   17 s   10    33.81263        8.869126        112.7507        3.597304        234.8866      -0.7442752E-03
   17 s   11    31.19673        8.962300        111.5785        4.216201        240.8043      -0.6892449E-03
   17 s   12    29.16983        9.108702        109.7851        8.468469        351.6825      -0.1826678E-02
   17 s   13    27.78481        9.370304        106.7201        11.54977        582.6168      -0.2598220E-02
   17 s   14    26.64827        9.652717        103.5978        10.88810        543.8706      -0.2421785E-02
   17 s   15    25.77265        9.979375        100.2067        20.79840        85.61354       0.5385445E-03
   17 s   16    25.47372        10.49999        95.23820        20.64902        85.63152       0.5282604E-03
   17 s   17    24.92521        10.89656        91.77209        11.36765        500.8754      -0.2321054E-02
   17 s   18    24.16528        11.16802        89.54139        10.01230        431.9067      -0.2103651E-02
   17 s   19    23.35817        11.37852        87.88487        6.970492        320.5389      -0.1294139E-02
   17 s   20    22.51804        11.53180        86.71675        5.704656        283.8763      -0.7551745E-03
   17 s   21    21.74787        11.68067        85.61155        6.819820        296.8057      -0.4523270E-03
   17 s   22    21.20057        11.91633        83.91845        11.65978        444.5321      -0.4465817E-04
   17 s   23    20.81166        12.21763        81.84892        12.11057        483.9065      -0.1163355E-04
   17 s   24    20.44957        12.51592        79.89826        11.71140        471.9151      -0.2295983E-04
   17 s   25    20.09575        12.80138        78.11656        11.09232        443.4326      -0.7371981E-04
   17 s   26    19.74012        13.06797        76.52295        10.20601        402.2984      -0.2721930E-03
   18 s    1    172.9925        6.482330        154.2655       0.7787880        216.8025      -0.7114791E-04
   18 s    2    104.5051        6.526647        153.2180        4.612662        261.4486      -0.1809887E-02
   18 s    3    77.84425        6.806238        146.9241        13.85556        772.0468      -0.7038539E-02
   18 s    4    64.20926        7.218097        138.5407        27.02320        95.88846      -0.3066945E-03
   18 s    5    55.84634        7.673084        130.3257        4.317278        248.5344      -0.1337810E-02
   18 s    6    48.63036        7.896476        126.6388        12.26548        559.6928      -0.4318128E-02
   18 s    7    43.85382        8.216393        121.7079        13.03202        715.2317      -0.5073641E-02
   18 s    8    40.17719        8.531218        117.2166        11.91875        589.8312      -0.4997722E-02
   18 s    9    36.92641        8.763411        114.1108        6.070528        280.3958      -0.2203338E-02
   18 s   10    34.94307        9.165641        109.1031        21.80950        91.39910       0.3161855E-04
   18 s   11    33.22642        9.545395        104.7626        11.80763        623.3531      -0.3971916E-02
   18 s   12    31.45267        9.821549        101.8169        10.18630        476.4597      -0.3021863E-02
   18 s   13    29.76294        10.03742        99.62720        6.953026        311.7953      -0.1648607E-02
   18 s   14    28.15476        10.19841        98.05453        6.556193        291.6692      -0.1185969E-02
   18 s   15    26.81273        10.38210        96.31961        8.440603        343.7164      -0.1508091E-02
   18 s   16    25.76543        10.62023        94.15993        10.56987        441.3199      -0.2038977E-02
   18 s   17    25.20072        11.01700        90.76879        20.51349        85.65722       0.5177151E-03
   18 s   18    24.88679        11.50147        86.94544        7.600356        324.1131      -0.4117737E-03
   18 s   19    24.09294        11.73645        85.20461        11.15776        442.5389      -0.1336992E-02
   18 s   20    23.50696        12.03823        83.06866        12.62733        527.5224      -0.1898307E-02
   18 s   21    22.98428        12.34474        81.00618        11.57159        471.8730      -0.1924060E-02
   18 s   22    22.40948        12.59583        79.39135        8.475760        352.1294      -0.1439259E-02
   18 s   23    21.76289        12.77606        78.27139        6.345442        295.9544      -0.9521105E-03
   18 s   24    21.11845        12.92530        77.36766        5.837221        283.6098      -0.7661568E-03
   18 s   25    20.52411        13.07426        76.48619        6.268815        293.6416      -0.7724365E-03
   18 s   26    20.00767        13.24509        75.49968        7.614828        334.0403      -0.8419152E-03
   19 s    1    175.5009        6.576322        152.0607        31.41797        86.49275      -0.2435595E-03
   19 s    2    115.4905        7.212717        138.6440        17.53153        321.5700      -0.5362190E-02
   19 s    3    86.41390        7.555517        132.3536        5.821177        324.0218      -0.2736291E-02
   19 s    4    67.73381        7.614310        131.3317        1.604181        232.9533      -0.5723734E-03
   19 s    5    57.43351        7.891155        126.7242        26.25686        91.69318      -0.1252973E-03
   19 s    6    52.55861        8.534336        117.1737        24.55605        96.66372      -0.3920299E-03
   19 s    7    46.68194        8.746267        114.3345        2.428064        225.3710      -0.4156598E-03
   19 s    8    41.52110        8.816583        113.4226        3.635298        244.0228      -0.7118526E-03
   19 s    9    37.80421        8.971732        111.4612        9.608516        429.6182      -0.3393746E-02
   19 s   10    35.27555        9.252851        108.0748        12.28537        522.8958      -0.4284845E-02
   19 s   11    33.83840        9.721207        102.8679        21.82297        87.80199       0.2401763E-03
   19 s   12    32.35492        10.10329        98.97764        5.795477        290.7121      -0.4316790E-03
   19 s   13    30.53655        10.29832        97.10324        9.845423        461.9553      -0.1286127E-02
   19 s   14    29.18882        10.57297        94.58078        11.81138        640.6631      -0.1552556E-02
   19 s   15    28.08158        10.87341        91.96747        12.11607        680.3341      -0.1342800E-02
   19 s   16    27.06590        11.15627        89.63570        9.713187        467.5562      -0.5580967E-03
   19 s   17    25.93777        11.33922        88.18948        5.986539        299.3017      -0.5469321E-05
   19 s   18    24.95019        11.53077        86.72450        20.39077        85.68645       0.5069840E-03
   19 s   19    24.71933        12.04159        83.04552        20.27993        85.71640       0.4962079E-03
   19 s   20    24.41784        12.50471        79.96986        11.29052        524.2989      -0.9789030E-03
   19 s   21    23.75366        12.75797        78.38239        9.304649        370.9901      -0.5018015E-04
   19 s   22    23.14309        13.00817        76.87474        11.18602        411.1844      -0.2088224E-03
   19 s   23    22.67811        13.31335        75.11258        12.90037        491.2839      -0.3892651E-03
   19 s   24    22.26572        13.62748        73.38116        11.00084        420.0180      -0.1753835E-04
   19 s   25    21.72417        13.83872        72.26104        7.113140        312.5492      -0.7137265E-03
   19 s   26    21.15344        14.00359        71.41027        6.279202        290.5336      -0.6735321E-03
   20 s    1    183.1366        6.862445        145.7206        15.79169        788.7454      -0.7564299E-02
   20 s    2    118.3242        7.389685        135.3238        26.69499        105.5384      -0.1473549E-02
   20 s    3    87.93704        7.688691        130.0611        11.27466        360.3543      -0.4344598E-02
   20 s    4    71.60608        8.049611        124.2296        14.83721        770.5142      -0.6715432E-02
   20 s    5    61.14408        8.400974        119.0338        13.11205        712.4839      -0.6024412E-02
   20 s    6    53.41900        8.674045        115.2865        6.440782        255.1758      -0.2196316E-02
   20 s    7    48.13783        9.019039        110.8766        12.35151        541.4873      -0.4078257E-02
   20 s    8    43.88878        9.319336        107.3038        12.15352        826.5688      -0.4203276E-02
   20 s    9    40.57741        9.629871        103.8436        12.88160        928.9112      -0.4357875E-02
   20 s   10    37.77921        9.909568        100.9126        3.037468        240.7380      -0.2012740E-04
   20 s   11    34.77113        9.989166        100.1085        3.613378        244.7465      -0.7492254E-04
   20 s   12    32.88149        10.26772        97.39261        21.69903        87.07842       0.2710802E-03
   20 s   13    32.05545        10.81056        92.50214        21.55142        86.67790       0.2835268E-03
   20 s   14    30.55642        11.06835        90.34767        4.859878        286.6759      -0.1167213E-02
   20 s   15    28.87741        11.18156        89.43295        4.576761        271.5942      -0.8137245E-03
   20 s   16    27.46255        11.31976        88.34108        7.460772        333.9572      -0.1363959E-02
   20 s   17    26.47710        11.57500        86.39310        12.13084        603.8552      -0.1867043E-02
   20 s   18    25.72425        11.88850        84.11492        12.79859        692.7519      -0.1758702E-02
   20 s   19    25.05485        12.20503        81.93341        12.51932        658.4004      -0.1545200E-02
   20 s   20    24.50581        12.54976        79.68280        20.18012        85.74530       0.4854652E-03
   20 s   21    24.02808        12.90536        77.48720        9.929438        440.0847      -0.1948037E-02
   20 s   22    23.42916        13.16897        75.93608        10.81184        506.3405      -0.2167003E-02
   20 s   23    22.87738        13.43033        74.45834        10.08495        454.9290      -0.2136366E-02
   20 s   24    22.34492        13.67595        73.12106        10.68976        447.7862      -0.2101499E-02
   20 s   25    21.95015        13.98267        71.51707        12.79926        527.9530      -0.7980656E-03
   20 s   26    21.59974        14.29904        69.93476        12.52143        516.8292      -0.4054721E-03
