    0 s    2    4.944126       0.3087749        3238.605        6.274121        510.6561      -0.1286231E-02
    0 s    3    5.322552       0.4653723        2148.817        6.568005        413.4099       0.3951370E-02
    0 s    4    5.699405       0.6406998        1560.793        7.366532        367.0714       0.4559403E-02
    0 s    5    6.047008       0.8308369        1203.606        7.749851        348.5405       0.4052323E-02
    0 s    6    6.317930        1.025890        974.7636        7.777415        339.8693       0.3333341E-02
    0 s    7    6.499744        1.217783        821.1641        7.505363        334.3699       0.2542263E-02
    0 s    8    6.590555        1.399437        714.5730        6.974035        329.6764       0.1709586E-02
    0 s    9    6.597731        1.565780        638.6593        6.318458        325.2106       0.9669193E-03
    0 s   10    6.543174        1.716289        582.6526        5.739854        320.6354       0.4647896E-03
    0 s   11    6.454708        1.854330        539.2784        5.324553        315.2674       0.2010969E-03
    0 s   12    6.352580        1.983685        504.1123        5.035974        308.5808       0.8236269E-04
    0 s   13    6.247059        2.106793        474.6551        4.817291        300.4644       0.3276007E-04
    0 s   14    6.142324        2.224914        449.4555        4.633053        291.1129       0.1277969E-04
    0 s   15    6.039857        2.338680        427.5916        4.467200        280.8914       0.4906203E-05
    0 s   16    5.940162        2.448470        408.4183        4.314308        270.2310       0.1856479E-05
    0 s   17    5.843473        2.554592        391.4519        4.173603        259.5456       0.6934297E-06
    0 s   18    5.749977        2.657360        376.3133        4.045811        249.1765       0.2562233E-06
    0 s   19    5.659870        2.757107        362.6991        3.931719        239.3671       0.9403614E-07
    0 s   20    5.573333        2.854180        350.3633        3.831652        230.2641       0.3449999E-07
    0 s   21    5.490518        2.948929        339.1062        3.745375        221.9336       0.1274168E-07
    0 s   22    5.411528        3.041690        328.7646        3.672201        214.3829       0.4927533E-08
    0 s   23    5.336412        3.132779        319.2054        3.611129        207.5808       0.1739331E-08
    0 s   24    5.265166        3.222483        310.3197        3.560990        201.4740       0.5867924E-09
    0 s   25    5.197740        3.311061        302.0179        3.520559        195.9987       0.2627829E-09
    0 s   26    5.134045        3.398741        294.2266        3.488630        191.0884       0.1611290E-09
    1 s    2    10.77189       0.6727358        1486.468        10.91579        301.9244      -0.5153345E-03
    1 s    3    10.67639       0.9334800        1071.260        9.920677        273.4660       0.5104296E-04
    1 s    4    10.39173        1.168188        856.0264        8.802385        260.1105       0.1727470E-03
    1 s    5    9.959316        1.368374        730.7945        7.011965        282.2634       0.6626487E-03
    1 s    6    9.351712        1.518508        658.5412        5.278918        348.5022       0.1814113E-02
    1 s    7    8.798891        1.648548        606.5942        5.288310        375.3705       0.2865640E-02
    1 s    8    8.426383        1.789257        558.8913        5.989033        381.6561       0.3864035E-02
    1 s    9    8.218134        1.950336        512.7322        6.848681        382.4471       0.4766742E-02
    1 s   10    8.127104        2.131757        469.0967        7.573082        380.3313       0.5428133E-02
    1 s   11    8.104684        2.328340        429.4905        8.052686        375.2431       0.5828627E-02
    1 s   12    8.115387        2.534147        394.6101        8.314023        364.4015       0.6007108E-02
    1 s   13    8.136616        2.744038        364.4264        8.369149        337.2696       0.5856944E-02
    1 s   14    8.146197        2.950771        338.8945        7.976856        263.7751       0.4602645E-02
    1 s   15    8.099910        3.136349        318.8421        6.791840        176.4521       0.1547188E-02
    1 s   16    8.000500        3.297719        303.2400        6.217872        154.9492       0.3424222E-03
    1 s   17    7.893963        3.451006        289.7706        6.054324        150.7025       0.9880594E-04
    1 s   18    7.793249        3.601661        277.6497        5.988236        149.5740       0.3454409E-04
    1 s   19    7.700379        3.751105        266.5881        5.952784        149.3897       0.1341780E-04
    1 s   20    7.615155        3.899825        256.4217        5.928645        149.6049       0.5530067E-05
    1 s   21    7.536832        4.047994        247.0360        5.907993        150.0062       0.2359028E-05
    1 s   22    7.464551        4.195645        238.3424        5.886985        150.4795       0.1026758E-05
    1 s   23    7.397478        4.342742        230.2692        5.863588        150.9518       0.4519808E-06
    1 s   24    7.334852        4.489211        222.7563        5.836746        151.3728       0.2000867E-06
    1 s   25    7.276006        4.634958        215.7517        5.805984        151.7070       0.8873168E-07
    1 s   26    7.220360        4.779883        209.2102        5.771184        151.9302       0.3930922E-07
    2 s    1    10.58355       0.3965840        2521.534        12.86152        386.3091       0.1265752E-03
    2 s    2    14.98487       0.9358481        1068.549        19.18366        96.04952      -0.3115225E-01
    2 s    3    14.04114        1.227673        814.5489        5.858366        407.7921      -0.6091265E-03
    2 s    4    12.09489        1.359650        735.4836        4.962799        370.6141       0.6306078E-03
    2 s    5    10.84536        1.490113        671.0899        5.770574        289.8789       0.8771829E-03
    2 s    6    10.19386        1.655254        604.1370        7.215635        221.7017       0.4798524E-03
    2 s    7    9.819459        1.839761        543.5489        7.399492        197.8761       0.2762909E-03
    2 s    8    9.526286        2.022810        494.3618        7.206811        185.4067       0.2216269E-03
    2 s    9    9.270952        2.200191        454.5059        6.965956        176.6679       0.2205939E-03
    2 s   10    9.041948        2.371722        421.6345        6.743066        170.1918       0.2539435E-03
    2 s   11    8.834987        2.538144        393.9886        6.558824        165.6764       0.3302834E-03
    2 s   12    8.648590        2.700647        370.2816        6.432522        163.5233       0.4943440E-03
    2 s   13    8.484183        2.861253        349.4972        6.421901        166.2132       0.9203856E-03
    2 s   14    8.352757        3.025592        330.5138        6.815478        189.4745       0.2415349E-02
    2 s   15    8.292549        3.210941        311.4352        7.985281        289.3434       0.5705465E-02
    2 s   16    8.297352        3.420078        292.3910        8.538745        370.8645       0.7138008E-02
    2 s   17    8.318898        3.636775        274.9689        8.678716        396.6692       0.7590915E-02
    2 s   18    8.342558        3.855525        259.3681        8.718891        406.2297       0.7850473E-02
    2 s   19    8.364949        4.074839        245.4085        8.725286        410.9686       0.8053514E-02
    2 s   20    8.385122        4.294136        232.8757        8.716105        413.8314       0.8229376E-02
    2 s   21    8.402834        4.513119        221.5763        8.698182        415.6848       0.8385191E-02
    2 s   22    8.418093        4.731608        211.3446        8.674414        416.6905       0.8520323E-02
    2 s   23    8.430971        4.949462        202.0422        8.645014        416.4087       0.8624595E-02
    2 s   24    8.441416        5.166470        193.5557        8.602358        412.1910       0.8644974E-02
    2 s   25    8.447849        5.381444        185.8237        8.420150        373.5036       0.7910922E-02
    2 s   26    8.416541        5.571755        179.4767        6.772912        198.7883       0.5687035E-03
    3 s    1    24.89873       0.9329984        1071.813        6.105798        813.7486       0.8681713E-03
    3 s    2    17.52970        1.094780        913.4253        6.855654        355.1210      -0.6226884E-03
    3 s    3    16.09158        1.406952        710.7565        16.49835        89.62406      -0.2092054E-01
    3 s    4    16.21685        1.823021        548.5401        16.16757        88.26947      -0.1674847E-01
    3 s    5    16.25698        2.233650        447.6977        16.06016        87.96804      -0.1367077E-01
    3 s    6    15.69326        2.548232        392.4290        5.496373        260.5690       0.1830028E-03
    3 s    7    14.31998        2.682972        372.7210        5.270162        257.6903       0.2108869E-03
    3 s    8    13.24621        2.812697        355.5307        5.114033        254.5551       0.2347867E-03
    3 s    9    12.38898        2.940166        340.1169        5.092797        251.5548       0.2570694E-03
    3 s   10    11.69901        3.068674        325.8736        5.191350        248.4840       0.2728546E-03
    3 s   11    11.14124        3.200691        312.4325        5.366175        245.1543       0.2791211E-03
    3 s   12    10.68832        3.337581        299.6182        5.575249        241.5012       0.2751825E-03
    3 s   13    10.31825        3.479786        287.3740        5.787320        237.5643       0.2623325E-03
    3 s   14    10.01337        3.627110        275.7016        5.982628        233.4413       0.2430486E-03
    3 s   15    9.759593        3.778992        264.6208        6.150929        229.2456       0.2201692E-03
    3 s   16    9.545865        3.934701        254.1489        6.288821        225.0792       0.1963004E-03
    3 s   17    9.363593        4.093484        244.2907        6.397192        221.0192       0.1735272E-03
    3 s   18    9.206159        4.254639        235.0376        6.479201        217.1167       0.1533825E-03
    3 s   19    9.068493        4.417558        226.3694        6.538891        213.4028       0.1370006E-03
    3 s   20    8.946714        4.581735        218.2579        6.580383        209.8970       0.1254302E-03
    3 s   21    8.837852        4.746765        210.6698        6.607513        206.6177       0.1202390E-03
    3 s   22    8.739628        4.912335        203.5692        6.623871        203.6027       0.1250473E-03
    3 s   23    8.650311        5.078227        196.9191        6.633661        200.9751       0.1511802E-03
    3 s   24    8.568720        5.244385        190.6801        6.647653        199.3422       0.2518214E-03
    3 s   25    8.495503        5.411801        184.7814        6.794240        207.0361       0.1092004E-02
    3 s   26    8.463669        5.602954        178.4773        8.401193        393.6650       0.8545116E-02
    4 s    1    37.33547        1.399025        714.7837        11.37694        326.2844       0.9030759E-04
    4 s    2    27.26385        1.702706        587.3004        12.59922        390.7193       0.1729281E-03
    4 s    3    23.12421        2.021844        494.5981        12.80166        401.3713       0.1235683E-03
    4 s    4    20.21525        2.272501        440.0437        5.473441        251.9809       0.2698372E-03
    4 s    5    17.53690        2.409506        415.0228        5.560559        261.5629       0.1991923E-03
    4 s    6    16.28214        2.643853        378.2358        16.06278        87.84300      -0.1156885E-01
    4 s    7    16.30263        3.054439        327.3924        16.08736        87.86113      -0.1014282E-01
    4 s    8    16.31938        3.465254        288.5791        16.07516        88.01744      -0.9138335E-02
    4 s    9    15.51389        3.681772        271.6084        7.563981        373.0387       0.9456729E-04
    4 s   10    14.70758        3.857829        259.2131        6.610618        325.3136       0.1279373E-03
    4 s   11    13.98080        4.016449        248.9761        6.125423        298.5485       0.1502585E-03
    4 s   12    13.34284        4.166493        240.0100        5.898005        283.4283       0.1661615E-03
    4 s   13    12.78856        4.312887        231.8633        5.821178        274.4451       0.1761677E-03
    4 s   14    12.30896        4.458635        224.2839        5.839317        268.9822       0.1796275E-03
    4 s   15    11.89446        4.605629        217.1256        5.916120        265.6766       0.1764981E-03
    4 s   16    11.53595        4.754991        210.3054        6.025566        263.7375       0.1675472E-03
    4 s   17    11.22512        4.907289        203.7785        6.149015        262.6690       0.1540731E-03
    4 s   18    10.95464        5.062703        197.5230        6.273511        262.1422       0.1375860E-03
    4 s   19    10.71811        5.221142        191.5290        6.390432        261.9293       0.1195648E-03
    4 s   20    10.51006        5.382344        185.7927        6.494371        261.8675       0.1012993E-03
    4 s   21    10.32582        5.545943        180.3120        6.582250        261.8362       0.8380504E-04
    4 s   22    10.16147        5.711517        175.0848        6.652636        261.7440       0.6779563E-04
    4 s   23    10.01372        5.878625        170.1078        6.705224        261.5198       0.5369737E-04
    4 s   24    9.879816        6.046826        165.3760        6.740471        261.1071       0.4169090E-04
    4 s   25    9.757470        6.215698        160.8830        6.759341        260.4608       0.3176674E-04
    4 s   26    9.644778        6.384849        156.6208        6.763147        259.5460       0.2378296E-04
    5 s    1    46.44175        1.740253        574.6291        32.18689        92.45756       0.1366789E-04
    5 s    2    33.28119        2.078507        481.1147        2.926419        299.4673       0.2826063E-03
    5 s    3    24.74714        2.163742        462.1622        4.110312        292.5711       0.2823985E-03
    5 s    4    20.90776        2.350351        425.4684        12.41101        529.6924       0.5300140E-05
    5 s    5    19.37113        2.661522        375.7248        12.23139        488.4056       0.1135971E-04
    5 s    6    18.21619        2.957899        338.0778        11.43759        479.6405       0.1255785E-04
    5 s    7    17.24716        3.231405        309.4629        10.39842        468.9281       0.2320331E-04
    5 s    8    16.36506        3.474953        287.7737        9.029691        433.0861       0.4567996E-04
    5 s    9    16.33057        3.875586        258.0255        16.04783        88.09255      -0.8442104E-02
    5 s   10    15.82089        4.149854        240.9724        9.421684        316.2250       0.4773262E-04
    5 s   11    15.27434        4.388061        227.8911        9.576755        337.6785       0.3124159E-04
    5 s   12    14.81743        4.626957        216.1248        9.502592        352.0030       0.2515788E-04
    5 s   13    14.41709        4.862099        205.6725        9.282649        360.9221       0.2528940E-04
    5 s   14    14.05196        5.089996        196.4638        8.919790        364.6237       0.3119620E-04
    5 s   15    13.70524        5.306776        188.4383        8.390296        360.8019       0.4431993E-04
    5 s   16    13.36395        5.508474        181.5385        7.729510        346.7105       0.6431720E-04
    5 s   17    13.02398        5.693697        175.6328        7.105240        326.0334       0.8427867E-04
    5 s   18    12.69171        5.865491        170.4887        6.665042        306.8946       0.9601259E-04
    5 s   19    12.37577        6.028641        165.8749        6.403451        292.5584       0.9805648E-04
    5 s   20    12.08093        6.186810        161.6342        6.256178        282.2531       0.9305933E-04
    5 s   21    11.80832        6.342187        157.6743        6.173982        274.6117       0.8393603E-04
    5 s   22    11.55718        6.496016        153.9405        6.129213        268.6597       0.7287458E-04
    5 s   23    11.32604        6.649033        150.3978        6.107572        263.8035       0.6136981E-04
    5 s   24    11.11322        6.801716        147.0217        6.101866        259.6942       0.5038126E-04
    5 s   25    10.91712        6.954416        143.7935        6.108527        256.1299       0.4046598E-04
    5 s   26    10.73627        7.107415        140.6981        6.125718        252.9963       0.3188687E-04
    6 s    1    52.43409        1.964796        508.9586        8.947066        597.7098      -0.3973106E-03
    6 s    2    39.45857        2.464302        405.7945        14.67448        270.7513       0.1906523E-03
    6 s    3    31.85930        2.785588        358.9907        11.98118        438.3352       0.7621795E-03
    6 s    4    27.14873        3.051930        327.6615        8.934862        349.4846       0.6961115E-03
    6 s    5    23.53981        3.234284        309.1875        6.115000        280.3941       0.4007251E-03
    6 s    6    20.82155        3.380952        295.7747        5.875077        264.0462       0.2616903E-03
    6 s    7    18.87184        3.535802        282.8212        6.579463        260.4050       0.1971954E-03
    6 s    8    17.48868        3.713544        269.2845        7.679031        266.2039       0.1405411E-03
    6 s    9    16.52005        3.920554        255.0660        8.815479        288.3227       0.8375460E-04
    6 s   10    16.33547        4.284828        233.3816        15.99667        88.22997      -0.7941105E-02
    6 s   11    16.33440        4.692600        213.1015        15.93420        88.36736      -0.7578213E-02
    6 s   12    16.20910        5.061526        197.5689        6.279009        265.0318       0.1417808E-03
    6 s   13    15.48018        5.220623        191.5480        6.439993        259.6396       0.1352781E-03
    6 s   14    14.86461        5.384358        185.7232        6.659311        255.1140       0.1297504E-03
    6 s   15    14.34610        5.554922        180.0205        6.993784        252.9949       0.1189175E-03
    6 s   16    13.91425        5.735304        174.3587        7.431329        255.3050       0.9972950E-04
    6 s   17    13.55623        5.926382        168.7370        7.818351        261.6490       0.7731369E-04
    6 s   18    13.25294        6.124864        163.2689        8.014930        268.2686       0.5943659E-04
    6 s   19    12.98591        6.325857        158.0813        8.030697        272.2569       0.4803146E-04
    6 s   20    12.74265        6.525685        153.2406        7.933369        273.1640       0.4134932E-04
    6 s   21    12.51593        6.722244        148.7598        7.776596        271.6276       0.3744544E-04
    6 s   22    12.30172        6.914504        144.6235        7.594029        268.4393       0.3495232E-04
    6 s   23    12.09781        7.102108        140.8033        7.407103        264.2918       0.3296270E-04
    6 s   24    11.90308        7.285138        137.2658        7.229988        259.7438       0.3089820E-04
    6 s   25    11.71701        7.463962        133.9771        7.071593        255.2199       0.2845676E-04
    6 s   26    11.53943        7.639112        130.9053        6.936518        251.0154       0.2557554E-04
    7 s    1    58.40540        2.188552        456.9232        7.195227        234.0335      -0.1093235E-03
    7 s    2    40.59329        2.535168        394.4511        28.38480        104.2370      -0.2442691E-05
    7 s    3    37.10737        3.244448        308.2189        20.37707        116.1732       0.3280691E-04
    7 s    4    30.18555        3.393315        294.6971        7.522921        331.4936       0.1634884E-03
    7 s    5    26.46279        3.635891        275.0358        11.35781        454.1487       0.3388474E-03
    7 s    6    24.22604        3.933764        254.2095        12.00073        486.4402       0.3540336E-03
    7 s    7    22.49881        4.215347        237.2284        10.13517        414.9983       0.3184032E-03
    7 s    8    20.87730        4.433083        225.5767        7.424135        329.7624       0.2627581E-03
    7 s    9    19.38731        4.601016        217.3433        6.250842        292.7876       0.2121291E-03
    7 s   10    18.12374        4.753894        210.3538        6.052752        278.5248       0.1773605E-03
    7 s   11    17.07788        4.906188        203.8242        6.137871        270.9226       0.1547050E-03
    7 s   12    16.32814        5.098698        196.1285        15.86675        88.49784      -0.7310884E-02
    7 s   13    16.31766        5.503058        181.7171        15.79893        88.61769      -0.7110249E-02
    7 s   14    16.30392        5.905717        169.3274        15.73384        88.72477      -0.6956579E-02
    7 s   15    16.25717        6.294904        158.8587        5.997411        256.7353       0.1348918E-03
    7 s   16    15.63792        6.445781        155.1402        6.062571        252.9046       0.1369318E-03
    7 s   17    15.09374        6.598535        151.5488        6.145134        250.2716       0.1413423E-03
    7 s   18    14.61322        6.753518        148.0710        6.240337        248.3759       0.1454989E-03
    7 s   19    14.18718        6.911038        144.6961        6.348177        247.0396       0.1473606E-03
    7 s   20    13.80827        7.071404        141.4146        6.468000        246.1959       0.1457321E-03
    7 s   21    13.47039        7.234879        138.2193        6.596505        245.8079       0.1402663E-03
    7 s   22    13.16834        7.401605        135.1058        6.727624        245.8254       0.1313147E-03
    7 s   23    12.89747        7.571554        132.0733        6.853608        246.1651       0.1196976E-03
    7 s   24    12.65362        7.744498        129.1239        6.966759        246.7128       0.1064462E-03
    7 s   25    12.43296        7.920036        126.2621        7.061134        247.3429       0.9257011E-04
    7 s   26    12.23209        8.097654        123.4926        7.133499        247.9429       0.7890157E-04
    8 s    1    76.02746        2.848881        351.0151        14.22416        871.1855       0.1552890E-02
    8 s    2    51.06973        3.189452        313.5334        7.897488        316.1556       0.1479125E-03
    8 s    3    37.37020        3.267428        306.0512        10.65874        176.8387       0.9353291E-05
    8 s    4    33.99694        3.821772        261.6587        14.19078        445.6913       0.6222514E-03
    8 s    5    30.05821        4.129889        242.1373        11.28964        663.1992       0.7340169E-03
    8 s    6    27.00914        4.385677        228.0149        9.076900        455.9459       0.3529045E-03
    8 s    7    24.57066        4.603526        217.2248        9.045949        375.3689       0.6617618E-04
    8 s    8    22.87563        4.857408        205.8711        11.18279        429.9612       0.9720532E-05
    8 s    9    21.69163        5.147880        194.2547        11.73424        492.8212       0.1146140E-04
    8 s   10    20.70094        5.429900        184.1655        10.54021        493.6016       0.5105432E-04
    8 s   11    19.70829        5.661863        176.6203        7.966510        376.4145       0.1329639E-03
    8 s   12    18.69984        5.839296        171.2535        6.488550        301.2421       0.1556270E-03
    8 s   13    17.77664        5.995093        166.8031        6.059077        274.5481       0.1465057E-03
    8 s   14    16.96521        6.145251        162.7273        5.971964        262.9223       0.1377622E-03
    8 s   15    16.28782        6.306774        158.5597        15.67338        88.81788      -0.6836340E-02
    8 s   16    16.27011        6.706364        149.1121        15.61852        88.89666      -0.6740184E-02
    8 s   17    16.25142        7.104639        140.7531        15.56962        88.96137      -0.6661620E-02
    8 s   18    16.23224        7.501754        133.3022        15.52659        89.01271      -0.6596121E-02
    8 s   19    15.76976        7.681964        130.1750        6.118722        262.4742       0.1078323E-03
    8 s   20    15.29870        7.834674        127.6377        6.105962        255.6895       0.1172572E-03
    8 s   21    14.87302        7.988221        125.1843        6.171552        252.3742       0.1243478E-03
    8 s   22    14.48887        8.143843        122.7921        6.267390        250.6906       0.1292574E-03
    8 s   23    14.14182        8.302057        120.4521        6.377200        249.9574       0.1316788E-03
    8 s   24    13.82774        8.463109        118.1599        6.493716        249.8585       0.1313890E-03
    8 s   25    13.54292        8.627106        115.9137        6.612399        250.2114       0.1283722E-03
    8 s   26    13.28405        8.794052        113.7132        6.729552        250.8883       0.1228171E-03
    9 s    1    84.62766        3.171145        315.3435       0.7259039        224.7660       0.7974856E-06
    9 s    2    51.37532        3.208537        311.6685        7.425179        445.9490       0.1070770E-03
    9 s    3    40.42730        3.534722        282.9077        13.33387        636.7873       0.3255644E-03
    9 s    4    35.23085        3.960484        252.4944        24.53205        103.9703       0.7391897E-04
    9 s    5    32.49064        4.464096        224.0095        4.901438        246.9724       0.2258095E-03
    9 s    6    28.43388        4.617023        216.5898        7.850087        318.6280       0.5126791E-03
    9 s    7    25.89132        4.850963        206.1446        10.35210        431.7776       0.6025597E-03
    9 s    8    24.09104        5.115487        195.4848        10.51244        440.5295       0.5036721E-03
    9 s    9    22.61907        5.367980        186.2898        9.556660        366.3868       0.3832775E-03
    9 s   10    21.33492        5.596196        178.6928        8.923951        308.4830       0.2439260E-03
    9 s   11    20.29734        5.831088        171.4946        10.02731        331.2626       0.9167172E-04
    9 s   12    19.51107        6.092615        164.1331        10.71559        388.2047       0.2554847E-04
    9 s   13    18.86387        6.361758        157.1892        10.76608        423.1672       0.9439062E-05
    9 s   14    18.30225        6.629563        150.8395        10.63867        441.4655       0.6070937E-05
    9 s   15    17.80005        6.892322        145.0890        10.33699        445.8236       0.8330430E-05
    9 s   16    17.32649        7.141791        140.0209        9.455602        415.7598       0.2247132E-04
    9 s   17    16.82448        7.355160        135.9590        7.532231        329.4389       0.6217346E-04
    9 s   18    16.28562        7.526423        132.8652        6.386872        279.0870       0.9324878E-04
    9 s   19    16.21296        7.897861        126.6166        15.48906        89.05166      -0.6540509E-02
    9 s   20    16.15907        8.275280        120.8418        10.34506        395.2529       0.1917707E-04
    9 s   21    15.88439        8.531422        117.2138        10.10211        386.9075       0.2292546E-04
    9 s   22    15.61666        8.777749        113.9244        9.532090        361.7055       0.3381214E-04
    9 s   23    15.33821        9.004404        111.0568        8.532828        320.8700       0.5466313E-04
    9 s   24    15.03834        9.204043        108.6479        7.477740        283.9850       0.7857453E-04
    9 s   25    14.72866        9.382440        106.5821        6.862209        264.0286       0.9431839E-04
    9 s   26    14.42678        9.550539        104.7061        6.616386        255.0088       0.1019251E-03
   10 s    1    89.05907        3.337198        299.6526        24.05645        87.92260      -0.3397033E-04
   10 s    2    63.19576        3.946758        253.3725        24.62505        89.86034       0.1407793E-03
   10 s    3    48.82984        4.269390        234.2255        7.135027        351.6538       0.2286768E-03
   10 s    4    38.92271        4.375504        228.5451        3.259997        244.0011       0.8529708E-04
   10 s    5    33.49363        4.601903        217.3014        24.90439        96.63513      -0.4595767E-04
   10 s    6    32.15536        5.221308        191.5229        23.74209        102.3021      -0.3541295E-04
   10 s    7    29.66583        5.558150        179.9160        7.719296        317.8025       0.8546035E-03
   10 s    8    26.98945        5.730935        174.4916        6.814648        271.6867       0.5190528E-03
   10 s    9    24.94889        5.920895        168.8934        8.554767        304.9266       0.4193441E-03
   10 s   10    23.48638        6.160528        162.3238        10.42552        370.9807       0.3990271E-03
   10 s   11    22.37503        6.427974        155.5700        10.55636        399.2276       0.3668487E-03
   10 s   12    21.36274        6.670824        149.9065        8.630323        342.2829       0.2867035E-03
   10 s   13    20.34339        6.860720        145.7573        6.736602        286.5565       0.2050429E-03
   10 s   14    19.37445        7.017946        142.4918        5.993783        261.7305       0.1574034E-03
   10 s   15    18.50908        7.166863        139.5311        6.016503        252.6730       0.1298198E-03
   10 s   16    17.77242        7.325597        136.5077        6.860003        259.2470       0.1034975E-03
   10 s   17    17.20343        7.520826        132.9641        8.834071        305.9682       0.5967388E-04
   10 s   18    16.79057        7.759786        128.8695        10.04899        362.8026       0.2997430E-04
   10 s   19    16.45540        8.015963        124.7511        10.36050        388.9895       0.2060478E-04
   10 s   20    16.19386        8.293097        120.5822        15.45653        89.07940      -0.6492551E-02
   10 s   21    16.17515        8.687589        115.1067        15.42843        89.09713      -0.6450664E-02
   10 s   22    16.14213        9.073104        110.2159        6.908212        263.3546       0.8510853E-04
   10 s   23    15.77016        9.257988        108.0148        7.926564        287.8650       0.6558348E-04
   10 s   24    15.47257        9.469806        105.5988        8.952208        321.1148       0.4379371E-04
   10 s   25    15.22919        9.701293        103.0790        9.467261        342.5307       0.3059760E-04
   10 s   26    15.01411        9.939353        100.6102        9.509561        345.0431       0.2598155E-04
   11 s    1    97.68257        3.660335        273.1990        14.44753        587.1169       0.1710867E-02
   11 s    2    64.01538        3.997946        250.1285        12.87042        440.4717       0.1451574E-02
   11 s    3    50.66306        4.429676        225.7502        8.084936        317.7215       0.3147803E-03
   11 s    4    41.90626        4.710901        212.2736        12.59007        623.5402       0.9027761E-04
   11 s    5    36.58720        5.026948        198.9279        12.50302        647.9718       0.5119009E-03
   11 s    6    32.82857        5.330622        187.5954        11.92696        382.5872       0.9647888E-03
   11 s    7    30.85090        5.780183        173.0049        10.02523        356.2231       0.3368710E-03
   11 s    8    28.52316        6.056604        165.1090        11.85929        614.4716       0.5864115E-03
   11 s    9    26.79015        6.357864        157.2855        12.00160        639.7507       0.3858927E-03
   11 s   10    25.32186        6.641977        150.5576        10.31963        464.7568       0.6491648E-04
   11 s   11    23.91527        6.870458        145.5507        8.509957        333.3023       0.3208536E-04
   11 s   12    22.73263        7.098592        140.8730        10.05706        362.1514       0.1578860E-03
   11 s   13    21.86001        7.372193        135.6448        11.55191        440.5721       0.2338262E-03
   11 s   14    21.14970        7.660987        130.5315        11.24643        456.3765       0.2385699E-03
   11 s   15    20.46085        7.922604        126.2211        9.514490        385.5421       0.2034118E-03
   11 s   16    19.73626        8.135070        122.9246        7.563930        312.8977       0.1632746E-03
   11 s   17    19.00404        8.308002        120.3659        6.409358        275.2938       0.1359356E-03
   11 s   18    18.30894        8.461502        118.1823        5.945656        258.6206       0.1196967E-03
   11 s   19    17.67184        8.608528        116.1639        5.849562        251.4774       0.1098255E-03
   11 s   20    17.09776        8.755997        114.2074        5.967312        249.5933       0.1030257E-03
   11 s   21    16.58707        8.908828        112.2482        6.285753        252.5427       0.9622622E-04
   11 s   22    16.15697        9.081447        110.1146        15.40417        89.10606      -0.6413726E-02
   11 s   23    16.13943        9.474770        105.5435        15.38317        89.10733      -0.6380942E-02
   11 s   24    16.12259        9.867640        101.3414        15.36493        89.10200      -0.6351746E-02
   11 s   25    16.10650        10.26015        97.46442        15.34892        89.09025      -0.6325951E-02
   11 s   26    15.79665        10.45739        95.62613        6.425640        250.0387       0.9716071E-04
   12 s    1    114.8241        4.302659        232.4144       0.9846247        227.9475      -0.2463593E-04
   12 s    2    69.37603        4.332734        230.8012        1.766471        230.0864       0.1035492E-03
   12 s    3    52.21245        4.565145        219.0511        24.21672        84.40662      -0.1594473E-04
   12 s    4    45.98473        5.169383        193.4467        23.96674        84.88598       0.1212452E-03
   12 s    5    40.08898        5.508079        181.5515        3.021956        218.7751      -0.4392341E-06
   12 s    6    34.51427        5.604341        178.4331        5.003068        247.7725       0.3094221E-04
   12 s    7    31.16722        5.839449        171.2490        23.15945        96.93478      -0.4844306E-04
   12 s    8    30.26013        6.425432        155.6316        23.07784        93.89728      -0.1011326E-03
   12 s    9    28.23857        6.701606        149.2180        5.581931        263.4905       0.6448684E-03
   12 s   10    26.17864        6.866714        145.6301        8.132200        308.8880       0.7175154E-03
   12 s   11    24.78512        7.120351        140.4425        11.76038        463.1695       0.5431460E-03
   12 s   12    23.80266        7.432723        134.5402        12.91947        550.8006       0.2979697E-03
   12 s   13    23.00585        7.758622        128.8889        13.05046        554.1892       0.1432073E-03
   12 s   14    22.31230        8.082113        123.7300        12.77569        531.8396       0.6043561E-04
   12 s   15    21.67804        8.393910        119.1340        11.99609        512.6130       0.4216758E-04
   12 s   16    21.02203        8.665052        115.4061        10.00532        436.5424       0.1072501E-03
   12 s   17    20.38362        8.911111        112.2195        9.606456        410.9699       0.9310092E-04
   12 s   18    19.77715        9.140037        109.4087        8.639038        358.3847       0.8763398E-04
   12 s   19    19.17799        9.342223        107.0409        7.561108        310.3590       0.9478621E-04
   12 s   20    18.59109        9.520752        105.0337        6.777681        280.2344       0.1024063E-03
   12 s   21    18.03065        9.684168        103.2613        6.336472        263.5301       0.1062045E-03
   12 s   22    17.50613        9.839777        101.6283        6.131963        254.4108       0.1070170E-03
   12 s   23    17.02088        9.992232        100.0777        6.071097        249.4983       0.1061664E-03
   12 s   24    16.57641        10.14540        98.56685        6.101431        247.2079       0.1040798E-03
   12 s   25    16.16809        10.29939        97.09313        6.218210        247.3142       0.1012765E-03
   12 s   26    16.09111        10.65232        93.87624        15.33481        89.07443      -0.6302841E-02
   13 s    1    118.6649        4.446579        224.8920        14.68390        669.3021      -0.9417503E-03
   13 s    2    76.93835        4.805022        208.1156        13.95563        849.6275       0.1136755E-02
   13 s    3    58.89240        5.149201        194.2049        13.61503        901.3283       0.2542404E-02
   13 s    4    48.42496        5.443701        183.6985        2.520049        221.4410       0.2935869E-04
   13 s    5    41.82234        5.746237        174.0269        19.81681        139.9328       0.3702969E-03
   13 s    6    37.68166        6.118654        163.4346        12.55290        652.2198      -0.2219967E-03
   13 s    7    34.10719        6.390278        156.4877        8.830017        421.7525       0.2056183E-03
   13 s    8    30.92236        6.566048        152.2986        5.774735        283.0153       0.5612319E-03
   13 s    9    29.49908        7.000750        142.8418        22.62020        92.93324      -0.1065775E-03
   13 s   10    28.83547        7.563605        132.2121        22.19241        92.61845      -0.1136234E-03
   13 s   11    27.41086        7.874681        126.9893        5.913160        274.6739       0.6949572E-03
   13 s   12    25.62288        8.001115        124.9826        4.719369        246.6931       0.3500301E-03
   13 s   13    24.08933        8.124021        123.0918        5.233330        249.7331       0.2408211E-03
   13 s   14    22.82968        8.269520        120.9260        6.520076        268.3143       0.1906007E-03
   13 s   15    21.84369        8.458051        118.2305        8.759726        310.9343       0.1435662E-03
   13 s   16    21.15904        8.721527        114.6588        11.82551        412.1528       0.4191485E-04
   13 s   17    20.63553        9.021241        110.8495        11.99571        453.8560       0.3135412E-04
   13 s   18    20.16083        9.317354        107.3266        11.63877        461.1563       0.2726341E-04
   13 s   19    19.70957        9.601174        104.1539        11.05596        445.8399       0.2368147E-04
   13 s   20    19.27379        9.870373        101.3133        10.49930        425.5624       0.2296602E-04
   13 s   21    18.86258        10.13100        98.70698        10.00617        405.6131       0.2526979E-04
   13 s   22    18.45814        10.37488        96.38667        9.483370        381.2216       0.3171315E-04
   13 s   23    18.06231        10.60361        94.30751        8.773655        347.8517       0.4479108E-04
   13 s   24    17.66563        10.81204        92.48948        7.882319        310.1815       0.6412934E-04
   13 s   25    17.26596        10.99875        90.91941        7.090460        280.7266       0.8275944E-04
   13 s   26    16.87238        11.16953        89.52932        6.614823        263.7552       0.9478923E-04
   14 s    1    130.9032        4.905170        203.8665        24.81249        87.97066       0.1387545E-03
   14 s    2    85.99406        5.370577        186.1997        1.043022        204.8489      -0.1184666E-04
   14 s    3    61.77792        5.401494        185.1340        1.486832        205.6504       0.1250082E-04
   14 s    4    48.83690        5.490010        182.1490        13.15201        601.2510       0.1557258E-02
   14 s    5    42.60538        5.853824        170.8285        17.84409        166.0958      -0.3054846E-04
   14 s    6    39.51613        6.416531        155.8474        23.94081        86.29842       0.8502942E-04
   14 s    7    36.15441        6.773843        147.6267        9.046280        308.7195      -0.1309828E-03
   14 s    8    33.18444        7.046377        141.9169        12.25982        476.5565       0.1738117E-03
   14 s    9    31.02667        7.363279        135.8091        12.71412        554.3498       0.8361526E-03
   14 s   10    29.22408        7.665538        130.4540        10.91381        443.2120       0.1182710E-02
   14 s   11    28.20064        8.101574        123.4328        10.75808        430.9745       0.6509724E-03
   14 s   12    26.87242        8.391302        119.1710        12.12138        569.1572       0.9553427E-03
   14 s   13    25.78840        8.697024        114.9819        12.13734        539.0626       0.9337323E-03
   14 s   14    24.80423        8.984754        111.2996        10.36615        404.3472       0.7887230E-03
   14 s   15    23.76060        9.200294        108.6922        7.115287        286.0938       0.4725153E-03
   14 s   16    22.72333        9.366310        106.7656        6.512297        269.3778       0.2668211E-03
   14 s   17    21.81663        9.537582        104.8484        7.309911        288.2279       0.1570289E-03
   14 s   18    21.06805        9.736630        102.7049        8.641885        331.7461       0.7613936E-04
   14 s   19    20.46328        9.968330        100.3177        9.791516        387.0216       0.1605227E-04
   14 s   20    19.96316        10.22341        97.81476        9.994989        405.9732      -0.5578169E-05
   14 s   21    19.48289        10.46416        95.56429        9.152546        364.6954       0.1562057E-04
   14 s   22    19.00032        10.67962        93.63626        8.155986        320.7130       0.4896754E-04
   14 s   23    18.52957        10.87792        91.92937        7.839184        306.4132       0.6239097E-04
   14 s   24    18.09897        11.07726        90.27503        8.175416        316.9866       0.5527558E-04
   14 s   25    17.72011        11.28805        88.58924        8.666334        336.8517       0.4171276E-04
   14 s   26    17.38499        11.50888        86.88946        8.951649        350.2835       0.3200920E-04
   15 s    1    140.0571        5.248182        190.5422        15.86803        604.9216       0.1384630E-02
   15 s    2    88.19972        5.508327        181.5433        23.44017        108.4212      -0.1276344E-03
   15 s    3    68.63149        6.000728        166.6464        15.69192        768.2326      -0.1265636E-02
   15 s    4    56.31216        6.330343        157.9693        9.966715        466.6642       0.1400199E-02
   15 s    5    47.27982        6.496075        153.9391        4.565348        257.0194       0.9581335E-03
   15 s    6    40.71540        6.611265        151.2570        5.442833        237.0794       0.2351932E-03
   15 s    7    37.56005        7.037200        142.1020        24.35451        85.45190       0.7608468E-04
   15 s    8    36.00525        7.645349        130.7985        23.09570        94.70607       0.1231585E-03
   15 s    9    32.86159        7.798745        128.2258        3.512280        259.3277       0.1530462E-09
   15 s   10    30.12880        7.902848        126.5367        5.358551        285.8027       0.6918839E-04
   15 s   11    28.25726        8.117839        123.1855        21.61896        93.43632      -0.1029047E-03
   15 s   12    27.74375        8.663388        115.4283        21.59725        91.36577      -0.1355060E-03
   15 s   13    26.95249        9.089609        110.0157        5.451276        251.8956       0.6149541E-04
   15 s   14    25.53257        9.248580        108.1247        7.847230        292.8134       0.4829927E-05
   15 s   15    24.53659        9.500760        105.2547        12.07102        432.0004       0.1283381E-03
   15 s   16    23.84091        9.826960        101.7609        13.61000        511.2821       0.1367289E-03
   15 s   17    23.25304        10.16554        98.37158        12.37725        438.3791       0.1936809E-04
   15 s   18    22.50017        10.39849        96.16785        6.808791        271.5106       0.8526471E-04
   15 s   19    21.67453        10.55837        94.71160        6.386011        264.0717       0.9459487E-04
   15 s   20    20.94904        10.72829        93.21148        7.335576        287.8258       0.3656499E-04
   15 s   21    20.35078        10.93030        91.48883        8.870224        341.9165      -0.4217317E-04
   15 s   22    19.87174        11.16943        89.53009        10.13505        412.3377      -0.9962706E-04
   15 s   23    19.46499        11.42706        87.51155        10.27463        432.4689      -0.9573517E-04
   15 s   24    19.07151        11.67250        85.67148        9.215210        376.9862      -0.3210139E-04
   15 s   25    18.65576        11.88408        84.14615        7.747026        314.2170       0.4172752E-04
   15 s   26    18.22405        12.06433        82.88898        6.781985        281.1643       0.8317994E-04
   16 s    1    142.8910        5.354373        186.7632       0.7668784        202.0700       0.2627316E-04
   16 s    2    90.52626        5.653627        176.8776        16.57479        261.9169      -0.1490278E-02
   16 s    3    70.46152        6.160736        162.3183        23.62773        84.89923       0.4360355E-05
   16 s    4    58.68964        6.597608        151.5701        6.617195        265.0866       0.3159464E-04
   16 s    5    49.74519        6.834808        146.3099        11.29999        494.6687       0.1938042E-02
   16 s    6    43.88919        7.126618        140.3190        11.83042        657.4732       0.2023716E-02
   16 s    7    39.62096        7.423331        134.7104        11.86070        720.2583       0.1097323E-02
   16 s    8    36.24148        7.695509        129.9459        8.224792        295.1376       0.6486803E-04
   16 s    9    33.98435        8.065199        123.9895        12.90607        661.1446       0.7276925E-04
   16 s   10    31.99754        8.393024        119.1466        13.18762        759.4635       0.1541327E-03
   16 s   11    30.32829        8.712810        114.7735        11.88667        593.6088       0.4524084E-03
   16 s   12    28.65449        8.947778        111.7596        6.671688        294.7475       0.2982352E-03
   16 s   13    27.28911        9.203133        108.6586        21.37912        90.87066      -0.1460491E-03
   16 s   14    26.88352        9.737932        102.6912        21.12266        90.97101      -0.1455361E-03
   16 s   15    25.75947        9.974270        100.2580        7.987109        332.9337       0.9451343E-03
   16 s   16    24.63798        10.15550        98.46877        6.471688        279.5285       0.6688689E-03
   16 s   17    23.60857        10.32097        96.89016        7.453371        289.3679       0.5379822E-03
   16 s   18    22.89625        10.58153        94.50425        12.82099        468.2559       0.2850427E-03
   16 s   19    22.39822        10.91090        91.65146        13.13766        504.4748       0.1321929E-03
   16 s   20    21.93000        11.23065        89.04203        12.35964        480.4499       0.7180837E-04
   16 s   21    21.45582        11.52381        86.77686        10.91043        418.9425       0.5062860E-04
   16 s   22    20.92689        11.76250        85.01593        8.098126        316.0260       0.3331372E-04
   16 s   23    20.35550        11.94984        83.68312        7.402226        298.0298      -0.3922599E-04
   16 s   24    19.84844        12.14800        82.31806        8.608607        341.5865      -0.1312204E-03
   16 s   25    19.43582        12.38099        80.76896        9.944618        410.7296      -0.1845206E-03
   16 s   26    19.08665        12.63537        79.14290        10.19867        429.2866      -0.1521800E-03
   17 s    1    163.2089        6.115719        163.5131        15.27562        748.7395       0.8613632E-03
   17 s    2    102.7394        6.416375        155.8512        5.902373        300.9283       0.1639269E-02
   17 s    3    74.26710        6.493473        154.0008        2.673539        215.5074      -0.1611035E-03
   17 s    4    60.13965        6.760611        147.9156        23.82510        83.04713       0.6211433E-05
   17 s    5    53.50711        7.351682        136.0233        23.22569        84.97923      -0.2728894E-04
   17 s    6    46.96352        7.625820        131.1334        2.607012        254.1259       0.2785887E-03
   17 s    7    41.02340        7.686090        130.1052        2.520700        237.0492       0.2265593E-03
   17 s    8    36.66965        7.786428        128.4286        8.202906        299.3250       0.3468529E-03
   17 s    9    34.82872        8.265587        120.9835        24.11471        85.16775       0.5171680E-04
   17 s   10    33.80328        8.866672        112.7819        15.11210        117.3693       0.6712068E-04
   17 s   11    31.25051        8.977748        111.3865        5.268796        242.6787       0.8511275E-04
   17 s   12    29.38012        9.174366        108.9994        10.61701        414.7213       0.6182536E-03
   17 s   13    28.06537        9.464922        105.6533        11.81356        534.9843       0.1095524E-02
   17 s   14    26.90340        9.745133        102.6153        10.38704        429.0050       0.1161794E-02
   17 s   15    26.52069        10.26902        97.38026        21.07342        89.88747      -0.1638972E-03
   17 s   16    26.02335        10.72654        93.22669        10.84261        433.5280       0.1007241E-02
   17 s   17    25.17431        11.00546        90.86398        11.17331        463.3240       0.1129619E-02
   17 s   18    24.37566        11.26524        88.76860        8.929690        361.8657       0.9369355E-03
   17 s   19    23.49333        11.44436        87.37925        5.853637        270.3029       0.4399131E-03
   17 s   20    22.61526        11.58158        86.34398        5.379145        255.4716       0.2106873E-03
   17 s   21    21.82990        11.72473        85.28983        6.327288        271.4646       0.9588879E-04
   17 s   22    21.19994        11.91598        83.92093        9.137233        352.4036       0.2067259E-04
   17 s   23    20.72295        12.16555        82.19930        10.42358        416.9032       0.2048750E-05
   17 s   24    20.30417        12.42693        80.47039        10.40669        420.5575      -0.4446230E-05
   17 s   25    19.91165        12.68411        78.83880        10.16299        407.6263      -0.1831254E-04
   17 s   26    19.54087        12.93607        77.30325        10.04906        401.8225      -0.5171674E-04
   18 s    1    171.3279        6.419955        155.7643        25.83513        86.20570       0.7403911E-04
   18 s    2    104.7009        6.538871        152.9316        8.817550        348.2946       0.1898856E-02
   18 s    3    78.22570        6.839589        146.2076        13.39714        787.9133       0.9679935E-03
   18 s    4    63.96640        7.190796        139.0667        14.39523        944.4748      -0.1414886E-02
   18 s    5    54.69501        7.514895        133.0691        9.395313        431.1089      -0.1919036E-03
   18 s    6    48.79680        7.923504        126.2068        19.50959        127.1331       0.2887455E-03
   18 s    7    44.28601        8.297367        120.5202        13.15956        609.1312       0.2162313E-02
   18 s    8    40.49505        8.598711        116.2965        10.33725        464.7258       0.1764806E-02
   18 s    9    36.98558        8.777455        113.9282        4.472396        242.8776       0.3854703E-03
   18 s   10    33.84247        8.876953        112.6513        12.65299        128.3957       0.5666037E-04
   18 s   11    32.98005        9.474616        105.5452        23.97092        85.10992       0.3961199E-04
   18 s   12    31.59160        9.864934        101.3692        10.00651        427.4813       0.3757481E-03
   18 s   13    29.90304        10.08467        99.16042        7.323561        292.1570       0.2958876E-03
   18 s   14    28.33286        10.26292        97.43814        7.432683        288.2876       0.4175312E-03
   18 s   15    27.04434        10.47178        95.49473        9.328322        351.7633       0.7280875E-03
   18 s   16    26.19444        10.79706        92.61777        20.97090        89.41293      -0.1705399E-03
   18 s   17    25.87697        11.31264        88.39669        6.126173        272.1734       0.6597138E-05
   18 s   18    24.85557        11.48703        87.05467        8.594191        312.0840       0.1696514E-03
   18 s   19    24.12974        11.75438        85.07468        12.27340        437.9024       0.6263246E-03
   18 s   20    23.57896        12.07511        82.81501        12.93674        466.1007       0.7767802E-03
   18 s   21    23.05152        12.38085        80.76990        11.02953        380.8551       0.6916544E-03
   18 s   22    22.44292        12.61463        79.27305        7.765093        293.3618       0.4200239E-03
   18 s   23    21.77999        12.78610        78.20993        6.254521        266.1383       0.2094805E-03
   18 s   24    21.14044        12.93876        77.28717        6.093138        266.6701       0.9134562E-04
   18 s   25    20.55894        13.09645        76.35659        6.606924        283.2555       0.1016583E-04
   18 s   26    20.04990        13.27304        75.34067        7.583490        317.9648      -0.5801612E-04
   19 s    1    172.2793        6.455605        154.9042        1.647967        198.6825      -0.2612840E-04
   19 s    2    112.9076        7.051406        141.8157        24.61893        88.21996      -0.1713416E-03
   19 s    3    86.41646        7.555740        132.3497        3.897483        256.1233       0.7057858E-03
   19 s    4    67.64546        7.604377        131.5032        1.812843        228.1312       0.3534639E-04
   19 s    5    55.98887        7.692666        129.9939        7.378350        286.4980      -0.4331176E-03
   19 s    6    49.32416        8.009134        124.8574        17.73532        171.7326       0.8548327E-03
   19 s    7    45.75081        8.571811        116.6615        24.01891        85.04768       0.7661412E-04
   19 s    8    41.56768        8.826475        113.2955        4.866917        248.1535       0.4927118E-03
   19 s    9    38.03189        9.025765        110.7939        10.57306        488.6274       0.1235405E-02
   19 s   10    35.48747        9.308440        107.4294        11.57163        603.3363       0.9066410E-03
   19 s   11    33.40217        9.595886        104.2113        11.32061        549.1302       0.5557716E-03
   19 s   12    32.26999        10.07677        99.23816        23.90748        84.92679       0.2976989E-04
   19 s   13    30.60872        10.32266        96.87428        9.804898        457.7811       0.1941091E-03
   19 s   14    29.25254        10.59605        94.37475        11.64910        625.1843       0.3481325E-03
   19 s   15    28.12260        10.88930        91.83331        11.45256        592.6904       0.4338613E-03
   19 s   16    27.03218        11.14237        89.74751        8.244836        359.5000       0.2266779E-03
   19 s   17    25.90027        11.32283        88.31715        20.89294        88.95616      -0.1773304E-03
   19 s   18    25.63414        11.84685        84.41060        20.83343        88.52290      -0.1796500E-03
   19 s   19    25.26422        12.30703        81.25440        12.25306        632.3651       0.9889571E-03
   19 s   20    24.56473        12.57994        79.49166        9.209452        375.5553       0.2950302E-03
   19 s   21    23.83242        12.80027        78.12334        9.459807        338.3919       0.4607875E-05
   19 s   22    23.26884        13.07886        76.45927        12.74842        443.4589       0.1699322E-03
   19 s   23    22.86044        13.42039        74.51351        14.16287        526.8626       0.2256305E-03
   19 s   24    22.41040        13.71602        72.90743        7.611692        307.6767       0.2553760E-03
   19 s   25    21.80165        13.88808        72.00420        6.410818        277.5419       0.2097499E-03
   19 s   26    21.21268        14.04281        71.21084        6.034302        267.1182       0.1131769E-03
   20 s    1    184.8064        6.925016        144.4040        16.41531        883.0338      -0.2847843E-02
   20 s    2    117.4927        7.337760        136.2814        15.45319        574.2142      -0.4155406E-03
   20 s    3    87.72453        7.670111        130.3762        20.51617        113.4316       0.3024580E-03
   20 s    4    71.92420        8.085373        123.6801        14.66602        692.1328       0.2327791E-02
   20 s    5    61.42845        8.440046        118.4828        13.45698        677.9948      -0.3547961E-04
   20 s    6    53.46547        8.681590        115.1863        3.534815        224.3817      -0.1273688E-03
   20 s    7    46.67517        8.744998        114.3511        2.579012        209.2171       0.1005994E-03
   20 s    8    43.25220        9.184164        108.8831        24.37486        86.10673       0.4248127E-04
   20 s    9    40.90441        9.707474        103.0134        13.72256        507.1717       0.1691171E-02
   20 s   10    37.82971        9.922813        100.7779        3.109359        226.3232       0.3146851E-05
   20 s   11    34.83702        10.00809        99.91914        3.824968        234.6493       0.1157389E-04
   20 s   12    32.42699        10.12580        98.75765        5.954806        282.0875       0.5692709E-04
   20 s   13    31.65929        10.67696        93.65965        23.89325        84.98228       0.2255926E-04
   20 s   14    30.59251        11.08143        90.24110        5.018043        258.2558       0.2087353E-03
   20 s   15    28.94561        11.20797        89.22224        5.517595        261.0604       0.2609202E-03
   20 s   16    27.62419        11.38639        87.82416        9.300354        372.6552       0.6365756E-03
   20 s   17    26.68571        11.66620        85.71774        12.42334        617.2566       0.1008439E-02
   20 s   18    25.93858        11.98755        83.41987        12.99050        722.6426       0.1127670E-02
   20 s   19    25.39255        12.36954        80.84377        20.78739        88.11567      -0.1824354E-03
   20 s   20    24.87954        12.74116        78.48582        9.381065        368.4930       0.9688048E-03
   20 s   21    24.22054        13.00873        76.87147        11.19312        497.6960       0.1224125E-02
   20 s   22    23.62899        13.28129        75.29391        10.34483        447.2387       0.1056266E-02
   20 s   23    23.03346        13.52196        73.95380        8.855514        367.7879       0.8328911E-03
   20 s   24    22.52156        13.78406        72.54758        13.83346        555.0824       0.5254513E-03
   20 s   25    22.17405        14.12530        70.79493        13.17742        534.1600       0.3055754E-03
   20 s   26    21.80985        14.43813        69.26103        11.79466        476.6620       0.1940562E-03
