4.000000000000000000e+01
1.000000000000000000e+02
4.000000000000000000e+01
6.000000000000000000e+01
6.000000000000000000e+01
4.000000000000000000e+01
6.541711830191068167e-01
6.521406471719609632e-01
6.480795754776691453e-01
6.419879679362315850e-01
6.045233869593112930e-01
5.958601274994985708e-01
5.856408212865933383e-01
5.737211688779126906e-01
5.599568708307739451e-01
5.442036277024943081e-01
5.263171400503908748e-01
5.061531084317810736e-01
5.528914553719411762e-01
5.430159575435823394e-01
5.307580042645997365e-01
5.184183619017316280e-01
5.058902955270365709e-01
4.930670702125735660e-01
4.798419510304007263e-01
4.661082030525771080e-01
4.517590913511611017e-01
4.412141257805036187e-01
3.983970977868466767e-01
7.699567289279548588e-01
6.979038581070476921e-01
5.050647009888556971e-01
5.066590359441217606e-01
5.629272354616484675e-01
5.614651191548363229e-01
5.585408865412121449e-01
5.541545376207758222e-01
5.136151281874713481e-01
5.046541470775677274e-01
4.945717058205525984e-01
4.830135045312171638e-01
4.696252433243528479e-01
4.540526223147511309e-01
4.359413416172032152e-01
4.149371013465004698e-01
1.369835847626414527e+00
1.353273383967142918e+00
1.324605742301569133e+00
1.296329545266419192e+00
1.267521748983119867e+00
1.237259309573097266e+00
1.204619183157778384e+00
1.168678325858589551e+00
1.128513693796958650e+00
1.090853939747359780e+00
1.021196758750588796e+00
1.929174167320672373e+00
1.746419202636949386e+00
1.181963711348296808e+00
1.198584031549207340e+00
1.832622744682089466e-01
1.822404702138804011e-01
1.801968617052232824e-01
1.771314489422376182e-01
7.265372614196592416e-01
7.209947456808873945e-01
7.099968105537742824e-01
6.989945011114488960e-01
6.876663791609808341e-01
6.756910065094388074e-01
6.627469449638921928e-01
6.485127563314104782e-01
6.326670024190631514e-01
6.092798454998489266e-01
5.543114189295245131e-01
1.044841864699419309e+00
9.413800000000001056e-01
6.637437231203892063e-01
6.603639356458954612e-01
5.629272354616484675e-01
5.614651191548363229e-01
5.585408865412121449e-01
5.541545376207758222e-01
5.136151281874713481e-01
5.046541470775677274e-01
4.945717058205525984e-01
4.830135045312171638e-01
4.696252433243528479e-01
4.540526223147511309e-01
4.359413416172032152e-01
4.149371013465004698e-01
1.369835847626414527e+00
1.353273383967142918e+00
1.324605742301569133e+00
1.296329545266419192e+00
1.267521748983119867e+00
1.237259309573097266e+00
1.204619183157778384e+00
1.168678325858589551e+00
1.128513693796958650e+00
1.090853939747359780e+00
1.021196758750588796e+00
1.929094167320672515e+00
1.746419202636949386e+00
1.214893768639146110e+00
1.225525431486422789e+00
1.832622744682089466e-01
1.822404702138804011e-01
1.801968617052232824e-01
1.771314489422376182e-01
7.265372614196592416e-01
7.209947456808873945e-01
7.099968105537742824e-01
6.989945011114488960e-01
6.876663791609808341e-01
6.756910065094388074e-01
6.627469449638921928e-01
6.485127563314104782e-01
6.326670024190631514e-01
6.092798454998489266e-01
5.543114189295245131e-01
1.044841864699419309e+00
9.413800000000001056e-01
6.748625655313137406e-01
6.880280328048972160e-01
5.000000000000000278e-02
5.000000000000000278e-02
5.000000000000000278e-02
5.000000000000000278e-02
5.000000000000000278e-02
5.000000000000000278e-02
5.000000000000000278e-02
5.000000000000000278e-02
5.000000000000000278e-02
5.000000000000000278e-02
5.000000000000000278e-02
5.000000000000000278e-02
5.000000000000000278e-02
5.000000000000000278e-02
5.000000000000000278e-02
5.000000000000000278e-02
5.000000000000000278e-02
5.000000000000000278e-02
5.000000000000000278e-02
5.000000000000000278e-02
5.000000000000000278e-02
5.000000000000000278e-02
5.000000000000000278e-02
5.000000000000000278e-02
5.000000000000000278e-02
4.746188902841000368e-02
4.556007738188667944e-02
