ANISOTROPIC PREM
1 1.0 0
13 33 66 6371.0
33 0.0 1221.5
   13.0885    0.0000   -8.8381    0.0000    0.0000
   11.2622    0.0000   -6.3640    0.0000    0.0000
    3.6678    0.0000   -4.4475    0.0000    0.0000
 1327.7000    
   84.6000    
   11.2622    0.0000   -6.3640    0.0000    0.0000
    3.6678    0.0000   -4.4475    0.0000    0.0000
    1.0000    0.0000    
33 1221.5 3480.0
   12.5815   -1.2638   -3.6426   -5.5281    0.0000
   11.0487   -4.0362    4.8023  -13.5732    0.0000
    0.0000    0.0000    0.0000    0.0000    0.0000
57823.0000    
    0.0000    
   11.0487   -4.0362    4.8023  -13.5732    0.0000
    0.0000    0.0000    0.0000    0.0000    0.0000
    1.0000    0.0000    
5 3480.0 3630.0
    7.9565   -6.4761    5.5283   -3.0807    0.0000
   15.3891   -5.3181    5.5242   -2.5514    0.0000
    6.9254    1.4672   -2.0834    0.9783    0.0000
57823.0000    
  312.0000   
   15.3891   -5.3181    5.5242   -2.5514    0.0000
    6.9254    1.4672   -2.0834    0.9783    0.0000
    1.0000    0.0000    
55 3630.0 5600.0
    7.9565   -6.4761    5.5283   -3.0807    0.0000
   24.9520  -40.4673   51.4832  -26.6419    0.0000
   11.1671  -13.7818   17.4575   -9.2777    0.0000
57823.0000    
  312.0000    
   24.9520  -40.4673   51.4832  -26.6419    0.0000
   11.1671  -13.7818   17.4575   -9.2777    0.0000
    1.0000    0.0000    
4 5600.0 5701.0
    7.9565   -6.4761    5.5283   -3.0807    0.0000
   29.2766  -23.6027    5.5242   -2.5514    0.0000
   22.3459  -17.2473   -2.0834    0.9783    0.0000
57823.0000    
  312.0000    
   29.2766  -23.6027    5.5242   -2.5514    0.0000
   22.3459  -17.2473   -2.0834    0.9783    0.0000
    1.0000    0.0000    
2 5701.0 5771.0
    5.3197   -1.4836    0.0000    0.0000    0.0000
   19.0957   -9.8672    0.0000    0.0000    0.0000
    9.9839   -4.9324    0.0000    0.0000    0.0000
57823.0000    
  143.0000   
   19.0957   -9.8672    0.0000    0.0000    0.0000
    9.9839   -4.9324    0.0000    0.0000    0.0000
    1.0000    0.0000    
7 5771.0 5971.0
   11.2494   -8.0298    0.0000    0.0000    0.0000
   39.7027  -32.6166    0.0000    0.0000    0.0000
   22.3512  -18.5856    0.0000    0.0000    0.0000
57823.0000    
  143.0000   
   39.7023  -32.6166    0.0000    0.0000    0.0000
   22.3512  -18.5856    0.0000    0.0000    0.0000
    1.0000    0.0000   
9 5971.0 6151.0
    7.1089   -3.8045    0.0000    0.0000    0.0000
   20.3926  -12.2569    0.0000    0.0000    0.0000
    8.9496   -4.4597    0.0000    0.0000    0.0000
57823.0000    
  143.0000   
   20.3926  -12.2569    0.0000    0.0000    0.0000
    8.9496   -4.4597    0.0000    0.0000    0.0000
    1.0000    0.0000   
6 6151.0 6291.0
    2.6910    0.6924    0.0000    0.0000    0.0000
    0.8317    7.2180    0.0000    0.0000    0.0000
    5.8582   -1.4678    0.0000    0.0000    0.0000
57823.0000    
   80.0000    
    3.5908    4.6172    0.0000    0.0000    0.0000
   -1.0839    5.7176    0.0000    0.0000    0.0000
    3.3687   -2.4778    
3 6291.0 6346.6
    2.6910    0.6924    0.0000    0.0000    0.0000
    0.8317    7.2180    0.0000    0.0000    0.0000
    5.8582   -1.4678    0.0000    0.0000    0.0000
57823.0000    
  600.0000    
    3.5908    4.6172    0.0000    0.0000    0.0000
   -1.0839    5.7176    0.0000    0.0000    0.0000
    3.3687   -2.4778    
2 6346.6 6356.0
    2.9000    0.0000    0.0000    0.0000    0.0000
    6.8000    0.0000    0.0000    0.0000    0.0000
    3.9000    0.0000    0.0000    0.0000    0.0000
57823.0000   
  600.0000    
    6.8000    0.0000    0.0000    0.0000    0.0000
    3.9000    0.0000    0.0000    0.0000    0.0000
    1.0000    0.0000    
2 6356.0 6368.0
    2.6000    0.0000    0.0000    0.0000    0.0000
    5.8000    0.0000    0.0000    0.0000    0.0000
    3.2000    0.0000    0.0000    0.0000    0.0000
57823.0000    
  600.0000    
    5.8000    0.0000    0.0000    0.0000    0.0000
    3.2000    0.0000    0.0000    0.0000    0.0000
    1.0000    0.0000    
2 6368.0 6371.0
    1.0200    0.0000    0.0000    0.0000    0.0000
    1.4500    0.0000    0.0000    0.0000    0.0000
    0.0000    0.0000    0.0000    0.0000    0.0000
57823.0000    
    0.0000    
    1.4500    0.0000    0.0000    0.0000    0.0000
    0.0000    0.0000    0.0000    0.0000    0.0000
    1.0000    0.0000    
