3.094800000000000182e+02
4.684599999999999795e+02
6.467799999999999727e+02
8.399900000000000091e+02
1.037539999999999964e+03
1.230980000000000018e+03
1.412809999999999945e+03
1.577559999999999945e+03
1.861900000000000091e+03
1.989730000000000018e+03
2.112019999999999982e+03
2.230469999999999800e+03
2.345449999999999818e+03
2.457500000000000000e+03
2.566530000000000200e+03
2.776860000000000127e+03
2.878360000000000127e+03
2.977480000000000018e+03
6.799099999999999682e+02
9.399800000000000182e+02
1.172890000000000100e+03
1.370089999999999918e+03
1.521480000000000018e+03
1.654559999999999945e+03
1.797859999999999900e+03
1.961940000000000055e+03
2.146300000000000182e+03
2.345639999999999873e+03
2.552550000000000182e+03
2.764320000000000164e+03
2.973730000000000018e+03
3.170559999999999945e+03
3.337579999999999927e+03
4.041700000000000159e+02
1.242819999999999936e+03
1.379509999999999991e+03
1.515230000000000018e+03
1.681099999999999909e+03
1.865109999999999900e+03
2.049389999999999873e+03
2.228570000000000164e+03
2.403090000000000146e+03
2.572239999999999782e+03
2.737150000000000091e+03
2.899780000000000200e+03
3.062250000000000000e+03
3.238690000000000055e+03
3.440800000000000182e+03
5.397210000000000036e+03
9.442899999999999636e+02
1.106279999999999973e+03
2.548800000000000182e+03
2.685780000000000200e+03
2.819250000000000000e+03
2.951389999999999873e+03
5.427090000000000146e+03
5.620729999999999563e+03
1.411799999999999955e+03
1.721410000000000082e+03
2.048269999999999982e+03
2.278300000000000182e+03
2.411119999999999891e+03
2.090469999999999800e+03
2.168679999999999836e+03
2.379179999999999836e+03
2.703389999999999873e+03
3.011030000000000200e+03
3.291630000000000109e+03
3.525909999999999854e+03
4.456840000000000146e+03
4.695729999999999563e+03
5.134930000000000291e+03
5.326850000000000364e+03
5.502430000000000291e+03
5.668750000000000000e+03
2.821699999999999818e+03
3.964989999999999782e+03
4.211020000000000437e+03
5.601229999999999563e+03
6.235659999999999854e+03
3.657539999999999964e+03
3.955630000000000109e+03
4.234380000000000109e+03
4.449420000000000073e+03
4.614449999999999818e+03
2.872630000000000109e+03
4.165220000000000255e+03
4.430289999999999964e+03
4.646439999999999600e+03
5.503010000000000218e+03
3.230920000000000073e+03
3.555699999999999818e+03
3.878300000000000182e+03
4.618880000000000109e+03
5.138470000000000255e+03
5.606090000000000146e+03
5.882359999999999673e+03
6.183659999999999854e+03
6.480680000000000291e+03
6.764710000000000036e+03
7.025289999999999964e+03
6.186470000000000255e+03
7.672659999999999854e+03
7.936380000000000109e+03
8.196750000000000000e+03
8.446049999999999272e+03
8.671329999999999927e+03
3.687690000000000055e+03
4.765979999999999563e+03
5.072760000000000218e+03
5.348930000000000291e+03
6.431869999999999891e+03
6.705569999999999709e+03
7.142970000000000255e+03
7.679550000000000182e+03
9.332850000000000364e+03
9.570469999999999345e+03
9.808510000000000218e+03
5.643850000000000364e+03
5.852439999999999600e+03
6.132060000000000400e+03
7.133439999999999600e+03
7.448909999999999854e+03
7.769840000000000146e+03
8.090279999999999745e+03
8.404520000000000437e+03
8.686690000000000509e+03
8.928219999999999345e+03
4.494380000000000109e+03
4.844550000000000182e+03
5.193810000000000400e+03
6.158109999999999673e+03
8.472670000000000073e+03
8.744850000000000364e+03
9.363719999999999345e+03
9.664479999999999563e+03
9.954469999999999345e+03
5.542039999999999964e+03
6.769369999999999891e+03
7.042539999999999964e+03
7.344529999999999745e+03
8.729829999999999927e+03
8.981500000000000000e+03
6.030899999999999636e+03
6.323449999999999818e+03
8.427739999999999782e+03
9.592149999999999636e+03
9.921120000000000800e+03
6.830810000000000400e+03
7.149100000000000364e+03
7.470180000000000291e+03
8.433360000000000582e+03
8.730129999999999200e+03
9.299319999999999709e+03
6.128909999999999854e+03
7.802590000000000146e+03
9.148440000000000509e+03
9.428469999999999345e+03
9.698540000000000873e+03
9.932670000000000073e+03
6.888970000000000255e+03
7.238539999999999964e+03
7.956810000000000400e+03
9.351139999999999418e+03
9.644790000000000873e+03
6.953989999999999782e+03
8.465520000000000437e+03
4.770000000000000000e+02
4.050000000000000000e+02
3.730000000000000000e+02
3.640000000000000000e+02
3.580000000000000000e+02
3.500000000000000000e+02
3.420000000000000000e+02
3.300000000000000000e+02
2.940000000000000000e+02
2.950000000000000000e+02
2.940000000000000000e+02
2.940000000000000000e+02
2.850000000000000000e+02
2.740000000000000000e+02
2.620000000000000000e+02
2.560000000000000000e+02
2.380000000000000000e+02
2.390000000000000000e+02
3.270000000000000000e+02
3.030000000000000000e+02
2.980000000000000000e+02
3.310000000000000000e+02
4.000000000000000000e+02
4.160000000000000000e+02
4.220000000000000000e+02
4.200000000000000000e+02
4.260000000000000000e+02
4.050000000000000000e+02
3.740000000000000000e+02
3.310000000000000000e+02
2.880000000000000000e+02
2.070000000000000000e+02
1.640000000000000000e+02
4.140000000000000000e+02
4.500000000000000000e+02
3.880000000000000000e+02
3.130000000000000000e+02
2.360000000000000000e+02
2.280000000000000000e+02
2.020000000000000000e+02
1.860000000000000000e+02
1.860000000000000000e+02
1.780000000000000000e+02
1.750000000000000000e+02
1.750000000000000000e+02
1.820000000000000000e+02
2.470000000000000000e+02
3.340000000000000000e+02
3.250000000000000000e+02
8.740000000000000000e+02
3.240000000000000000e+02
2.960000000000000000e+02
2.830000000000000000e+02
2.750000000000000000e+02
2.600000000000000000e+02
2.380000000000000000e+02
4.310000000000000000e+02
3.800000000000000000e+02
4.850000000000000000e+02
5.200000000000000000e+02
2.920000000000000000e+02
2.870000000000000000e+02
3.580000000000000000e+02
3.100000000000000000e+02
5.310000000000000000e+02
5.680000000000000000e+02
5.470000000000000000e+02
5.790000000000000000e+02
4.630000000000000000e+02
3.990000000000000000e+02
4.430000000000000000e+02
4.030000000000000000e+02
3.650000000000000000e+02
3.240000000000000000e+02
3.150000000000000000e+02
4.590000000000000000e+02
3.200000000000000000e+02
3.760000000000000000e+02
2.890000000000000000e+02
3.270000000000000000e+02
5.140000000000000000e+02
5.570000000000000000e+02
4.460000000000000000e+02
3.810000000000000000e+02
3.330000000000000000e+02
1.000000000000000000e+03
7.590000000000000000e+02
4.020000000000000000e+02
3.320000000000000000e+02
4.890000000000000000e+02
4.390000000000000000e+02
7.420000000000000000e+02
5.210000000000000000e+02
3.490000000000000000e+02
4.940000000000000000e+02
3.230000000000000000e+02
3.910000000000000000e+02
4.480000000000000000e+02
5.030000000000000000e+02
4.990000000000000000e+02
4.360000000000000000e+02
3.400000000000000000e+02
3.810000000000000000e+02
4.150000000000000000e+02
4.130000000000000000e+02
3.890000000000000000e+02
3.330000000000000000e+02
5.810000000000000000e+02
6.960000000000000000e+02
6.420000000000000000e+02
3.990000000000000000e+02
6.140000000000000000e+02
4.310000000000000000e+02
3.720000000000000000e+02
3.610000000000000000e+02
3.200000000000000000e+02
3.600000000000000000e+02
3.730000000000000000e+02
2.620000000000000000e+02
4.090000000000000000e+02
5.590000000000000000e+02
5.080000000000000000e+02
5.570000000000000000e+02
5.520000000000000000e+02
5.150000000000000000e+02
5.280000000000000000e+02
4.250000000000000000e+02
3.700000000000000000e+02
6.630000000000000000e+02
9.280000000000000000e+02
9.210000000000000000e+02
5.700000000000000000e+02
3.370000000000000000e+02
3.880000000000000000e+02
4.900000000000000000e+02
5.010000000000000000e+02
4.780000000000000000e+02
6.930000000000000000e+02
3.240000000000000000e+02
4.160000000000000000e+02
5.450000000000000000e+02
4.740000000000000000e+02
3.680000000000000000e+02
7.640000000000000000e+02
4.050000000000000000e+02
5.530000000000000000e+02
4.670000000000000000e+02
5.150000000000000000e+02
5.490000000000000000e+02
5.900000000000000000e+02
6.340000000000000000e+02
6.970000000000000000e+02
4.440000000000000000e+02
3.140000000000000000e+02
4.200000000000000000e+02
4.270000000000000000e+02
4.340000000000000000e+02
5.330000000000000000e+02
4.720000000000000000e+02
3.350000000000000000e+02
7.560000000000000000e+02
9.890000000000000000e+02
3.940000000000000000e+02
6.160000000000000000e+02
5.880000000000000000e+02
7.750000000000000000e+02
5.800000000000000000e+02
