1.221500000000000000e+03
3.450000000000000000e+03
3.630000000000000000e+03
5.701000000000000000e+03
5.971000000000000000e+03
6.151000000000000000e+03
1.308849999999999980e+01
1.308849999999999980e+01
1.308849999999999980e+01
1.308849999999999980e+01
1.258150000000000013e+01
1.258150000000000013e+01
1.258150000000000013e+01
1.258150000000000013e+01
1.258150000000000013e+01
1.258150000000000013e+01
1.258150000000000013e+01
1.258150000000000013e+01
7.956500000000000128e+00
7.956500000000000128e+00
7.956500000000000128e+00
7.956500000000000128e+00
7.956500000000000128e+00
7.956500000000000128e+00
7.956500000000000128e+00
7.956500000000000128e+00
7.956500000000000128e+00
7.956500000000000128e+00
5.319700000000000095e+00
1.124939999999999962e+01
7.108900000000000219e+00
2.690999999999999837e+00
2.690999999999999837e+00
1.126219999999999999e+01
1.126219999999999999e+01
1.126219999999999999e+01
1.126219999999999999e+01
1.104870000000000019e+01
1.104870000000000019e+01
1.104870000000000019e+01
1.104870000000000019e+01
1.104870000000000019e+01
1.104870000000000019e+01
1.104870000000000019e+01
1.104870000000000019e+01
1.538909999999999911e+01
2.495200000000000173e+01
2.495200000000000173e+01
2.495200000000000173e+01
2.495200000000000173e+01
2.495200000000000173e+01
2.495200000000000173e+01
2.495200000000000173e+01
2.495200000000000173e+01
2.927659999999999840e+01
1.909570000000000078e+01
3.970270000000000010e+01
2.039260000000000161e+01
8.316999999999999948e-01
8.316999999999999948e-01
3.667800000000000171e+00
3.667800000000000171e+00
3.667800000000000171e+00
3.667800000000000171e+00
6.925399999999999778e+00
1.116709999999999958e+01
1.116709999999999958e+01
1.116709999999999958e+01
1.116709999999999958e+01
1.116709999999999958e+01
1.116709999999999958e+01
1.116709999999999958e+01
1.116709999999999958e+01
2.234590000000000032e+01
9.983900000000000219e+00
2.235119999999999862e+01
8.949600000000000222e+00
5.858200000000000074e+00
5.858200000000000074e+00
1.126219999999999999e+01
1.126219999999999999e+01
1.126219999999999999e+01
1.126219999999999999e+01
1.104870000000000019e+01
1.104870000000000019e+01
1.104870000000000019e+01
1.104870000000000019e+01
1.104870000000000019e+01
1.104870000000000019e+01
1.104870000000000019e+01
1.104870000000000019e+01
1.538909999999999911e+01
2.495200000000000173e+01
2.495200000000000173e+01
2.495200000000000173e+01
2.495200000000000173e+01
2.495200000000000173e+01
2.495200000000000173e+01
2.495200000000000173e+01
2.495200000000000173e+01
2.927659999999999840e+01
1.909570000000000078e+01
3.970230000000000103e+01
2.039260000000000161e+01
3.590800000000000214e+00
3.590800000000000214e+00
3.667800000000000171e+00
3.667800000000000171e+00
3.667800000000000171e+00
3.667800000000000171e+00
6.925399999999999778e+00
1.116709999999999958e+01
1.116709999999999958e+01
1.116709999999999958e+01
1.116709999999999958e+01
1.116709999999999958e+01
1.116709999999999958e+01
1.116709999999999958e+01
1.116709999999999958e+01
2.234590000000000032e+01
9.983900000000000219e+00
2.235119999999999862e+01
8.949600000000000222e+00
-1.083900000000000086e+00
-1.083900000000000086e+00
1.000000000000000000e+00
1.000000000000000000e+00
1.000000000000000000e+00
1.000000000000000000e+00
1.000000000000000000e+00
1.000000000000000000e+00
1.000000000000000000e+00
1.000000000000000000e+00
1.000000000000000000e+00
1.000000000000000000e+00
1.000000000000000000e+00
1.000000000000000000e+00
1.000000000000000000e+00
1.000000000000000000e+00
1.000000000000000000e+00
1.000000000000000000e+00
1.000000000000000000e+00
1.000000000000000000e+00
1.000000000000000000e+00
1.000000000000000000e+00
1.000000000000000000e+00
1.000000000000000000e+00
1.000000000000000000e+00
1.000000000000000000e+00
1.000000000000000000e+00
3.368700000000000028e+00
3.368700000000000028e+00
