    0 t    2    6.146248       0.3838509        2605.178        9.289264        247.4185       0.8552542E-09
    0 t    3    6.785990       0.5933266        1685.412        7.705050        236.3659       0.1103158E-08
    0 t    4    6.894810       0.7750815        1290.187        6.886179        224.1379       0.2541263E-09
    0 t    5    6.841530       0.9400013        1063.828        6.330305        212.1559       0.5509370E-09
    0 t    6    6.732260        1.093168        914.7728        5.935098        201.2364       0.8515090E-09
    0 t    7    6.607180        1.237912        807.8116        5.649176        191.6342       0.1181539E-08
    0 t    8    6.482512        1.376495        726.4826        5.436850        183.3084       0.1480211E-08
    0 t    9    6.364524        1.510435        662.0609        5.274116        176.1176       0.1546913E-08
    0 t   10    6.255249        1.640765        609.4717        5.145721        169.9074       0.1529089E-08
    0 t   11    6.154955        1.768216        565.5418        5.042120        164.5373       0.1661967E-08
    0 t   12    6.063209        1.893324        528.1715        4.957184        159.8854       0.2811269E-08
    0 t   13    5.979330        2.016503        495.9081        4.886787        155.8481       0.2181299E-08
    0 t   14    5.902587        2.138075        467.7105        4.827990        152.3370       0.2476745E-08
    0 t   15    5.832273        2.258302        442.8105        4.778601        149.2767       0.2768006E-08
    0 t   16    5.767736        2.377398        420.6280        4.736918        146.6034       0.2908321E-08
    0 t   17    5.708384        2.495536        400.7156        4.701590        144.2630       0.2980077E-08
    0 t   18    5.653691        2.612861        382.7222        4.671525        142.2092       0.3223876E-08
    0 t   19    5.603185        2.729493        366.3683        4.645830        140.4030       0.3386059E-08
    0 t   20    5.556447        2.845533        351.4281        4.623772        138.8112       0.3242039E-08
    0 t   21    5.513107        2.961061        337.7168        4.604744        137.4055       0.3364890E-08
    0 t   22    5.472834        3.076149        325.0818        4.588243        136.1619       0.3597380E-08
    0 t   23    5.435335        3.190852        313.3959        4.573850        135.0596       0.2836818E-08
    0 t   24    5.400348        3.305220        302.5517        4.561218        134.0813       0.2094803E-08
    1 t    1    32.81954        1.229805        813.1369        2.683197        263.5536       0.1608806E-09
    1 t    2    21.09079        1.317181        759.1972        4.263569        260.6547      -0.2811873E-11
    1 t    3    16.47776        1.440717        694.0989        5.560754        258.2011       0.5908065E-12
    1 t    4    14.16588        1.592461        627.9590        6.512418        256.3574       0.5510369E-10
    1 t    5    12.83533        1.763527        567.0454        7.109064        254.4846       0.2567358E-09
    1 t    6    11.98140        1.945510        514.0040        7.396376        251.9447       0.2843361E-09
    1 t    7    11.37724        2.131625        469.1256        7.453850        248.5711       0.2425813E-09
    1 t    8    10.91282        2.317226        431.5504        7.369149        244.6406       0.3750759E-09
    1 t    9    10.53319        2.499747        400.0404        7.218071        240.5930       0.4693716E-09
    1 t   10    10.21047        2.678228        373.3811        7.052102        236.7646       0.6501938E-09
    1 t   11    9.929798        2.852665        350.5494        6.896800        233.2839       0.7742783E-09
    1 t   12    9.682304        3.023439        330.7492        6.759144        230.1149       0.6837370E-09
    1 t   13    9.461875        3.190976        313.3838        6.636943        227.1460       0.7014617E-09
    1 t   14    9.263817        3.355602        298.0091        6.525420        224.2575       0.8110910E-09
    1 t   15    9.084345        3.517530        284.2904        6.420337        221.3535       0.1004541E-08
    1 t   16    8.920379        3.676883        271.9695        6.318899        218.3708       0.9586928E-09
    1 t   17    8.769422        3.833730        260.8426        6.219672        215.2769       0.7064142E-09
    1 t   18    8.629468        3.988121        250.7447        6.122189        212.0637       0.4875992E-09
    1 t   19    8.498915        4.140098        241.5402        6.026567        208.7409       0.1864912E-09
    1 t   20    8.376489        4.289715        233.1157        5.933214        205.3307       0.2890653E-10
    1 t   21    8.261171        4.437033        225.3759        5.842634        201.8623       0.3018535E-10
    1 t   22    8.152150        4.582128        218.2392        5.755319        198.3682       0.2286172E-09
    1 t   23    8.048768        4.725087        211.6363        5.671692        194.8814       0.4149562E-09
    1 t   24    7.950495        4.866007        205.5073        5.592092        191.4334       0.6939607E-09
    2 t    1    59.44255        2.227415        448.9509        1.402393        218.5258      -0.1529059E-09
    2 t    2    36.41143        2.273999        439.7540        2.317759        219.3279      -0.1302845E-09
    2 t    3    26.79920        2.343163        426.7736        3.206082        220.6540      -0.1035710E-09
    2 t    4    21.65299        2.434125        410.8252        4.059076        222.5964      -0.8524452E-10
    2 t    5    18.52948        2.545884        392.7909        4.866490        225.1901      -0.6993633E-10
    2 t    6    16.48687        2.677097        373.5389        5.610704        228.3385      -0.5895526E-10
    2 t    7    15.08252        2.825842        353.8769        6.262323        231.7408      -0.2622453E-10
    2 t    8    14.07804        2.989328        334.5233        6.782913        234.8882       0.1041619E-10
    2 t    9    13.33141        3.163824        316.0732        7.138448        237.2048       0.1173412E-10
    2 t   10    12.75245        3.344995        298.9541        7.317427        238.3060       0.7264614E-09
    2 t   11    12.28274        3.528627        283.3964        7.341649        238.2029       0.4328722E-09
    2 t   12    11.88555        3.711435        269.4376        7.261605        237.2847       0.1184357E-09
    2 t   13    11.53927        3.891569        256.9657        7.137396        236.0844      -0.1441119E-10
    2 t   14    11.23209        4.068564        245.7870        7.016714        235.0184       0.3032487E-09
    2 t   15    10.95759        4.242865        235.6898        6.924318        234.2791       0.1974072E-09
    2 t   16    10.71178        4.415277        226.4863        6.865509        233.8810       0.4230623E-09
    2 t   17    10.49154        4.586589        218.0269        6.835103        233.7523       0.3074990E-09
    2 t   18    10.29404        4.757407        210.1985        6.824621        233.8005       0.2469632E-09
    2 t   19    10.11660        4.928125        202.9169        6.825972        233.9417       0.7265641E-09
    2 t   20    9.956685        5.098955        196.1186        6.832706        234.1093       0.8503265E-09
    2 t   21    9.811990        5.269969        189.7544        6.840130        234.2528       0.5714466E-09
    2 t   22    9.680440        5.441143        183.7849        6.845022        234.3349       0.6220969E-09
    2 t   23    9.560202        5.612385        178.1774        6.845285        234.3281       0.8038035E-09
    2 t   24    9.449673        5.783562        172.9038        6.839658        234.2132       0.1009265E-08
    3 t    1    85.83763        3.216485        310.8984       0.8959845        210.2744      -0.6778459E-10
    3 t    2    51.98042        3.246327        308.0404        1.488661        211.3062      -0.6574187E-10
    3 t    3    37.63895        3.290926        303.8658        2.075428        212.8565      -0.6121899E-10
    3 t    4    29.80136        3.350126        298.4963        2.656010        214.9322      -0.5023327E-10
    3 t    5    24.91906        3.423788        292.0742        3.232113        217.5499      -0.4869110E-10
    3 t    6    21.62765        3.511844        284.7507        3.807714        220.7403      -0.4735150E-10
    3 t    7    19.29109        3.614353        276.6747        4.388810        224.5501      -0.4638390E-10
    3 t    8    17.57341        3.731535        267.9862        4.981927        229.0323      -0.4592334E-10
    3 t    9    16.28066        3.863741        258.8165        5.590319        234.2109      -0.4607550E-10
    3 t   10    15.29267        4.011299        249.2958        6.207293        240.0031      -0.4994533E-10
    3 t   11    14.52979        4.174166        239.5688        6.809051        246.1137      -0.6163226E-10
    3 t   12    13.93520        4.351467        229.8075        7.353910        251.9767      -0.7179506E-10
    3 t   13    13.46547        4.541171        220.2075        7.793307        256.8406       0.4342551E-10
    3 t   14    13.08605        4.740119        210.9652        8.088297        259.9728       0.7123497E-10
    3 t   15    12.76939        4.944409        202.2486        8.218824        260.8321       0.5426800E-09
    3 t   16    12.49397        5.149878        194.1794        8.183796        259.1519       0.4544656E-09
    3 t   17    12.24367        5.352566        186.8263        8.000820        255.0283       0.3780700E-09
    3 t   18    12.00737        5.549223        180.2054        7.709693        249.0455      -0.5780708E-10
    3 t   19    11.77886        5.737865        174.2808        7.370494        242.2396      -0.7114989E-10
    3 t   20    11.55622        5.918097        168.9732        7.046072        235.7318      -0.8252944E-10
    3 t   21    11.34042        6.090880        164.1799        6.779152        230.2867      -0.9615222E-10
    3 t   22    11.13353        6.257889        159.7983        6.584498        226.1791       0.1031304E-09
    3 t   23    10.93743        6.420898        155.7414        6.457429        223.3513       0.7857930E-10
    3 t   24    10.75333        6.581449        151.9422        6.385509        221.6103       0.6399528E-10
    4 t    1    117.4519        4.401125        227.2146       0.6817642        226.4460      -0.2708026E-09
    4 t    2    70.83444        4.423815        226.0492        1.131261        226.4398      -0.2614207E-09
    4 t    3    50.98317        4.457665        224.3327        1.573374        226.4153      -0.2566341E-09
    4 t    4    40.05200        4.502453        222.1011        2.005421        226.3553      -0.2507890E-09
    4 t    5    33.17336        4.557899        219.3993        2.424989        226.2400      -0.2333113E-09
    4 t    6    28.47478        4.623664        216.2787        2.830027        226.0489      -0.2218131E-09
    4 t    7    25.08217        4.699362        212.7948        3.218955        225.7640      -0.2202213E-09
    4 t    8    22.53265        4.784579        209.0048        3.590829        225.3748      -0.2024905E-09
    4 t    9    20.55816        4.878883        204.9649        3.945568        224.8835      -0.1908227E-09
    4 t   10    18.99283        4.981859        200.7283        4.284297        224.3130      -0.1747548E-09
    4 t   11    17.72862        5.093136        196.3427        4.609809        223.7158      -0.1628710E-09
    4 t   12    16.69239        5.212441        191.8487        4.927141        223.1861      -0.1596224E-09
    4 t   13    15.83315        5.339661        187.2778        5.244142        222.8729      -0.1521227E-09
    4 t   14    15.11462        5.474919        182.6511        5.571682        222.9932      -0.1507760E-09
    4 t   15    14.51064        5.618635        177.9792        5.922572        223.8356      -0.1499697E-09
    4 t   16    14.00217        5.771539        173.2640        6.307552        225.7329      -0.1524451E-09
    4 t   17    13.57485        5.934519        168.5057        6.726839        228.9631      -0.1723543E-09
    4 t   18    13.21693        6.108224        163.7137        7.159841        233.5580      -0.4181550E-10
    4 t   19    12.91742        6.292496        158.9195        7.563698        239.1180       0.6321801E-10
    4 t   20    12.66512        6.485982        154.1786        7.889798        244.8565      -0.4626045E-10
    4 t   21    12.44900        6.686295        149.5597        8.106862        249.9238      -0.1422519E-09
    4 t   22    12.25918        6.890589        145.1255        8.209449        253.7262      -0.1531000E-09
    4 t   23    12.08764        7.096137        140.9217        8.210299        256.0061      -0.1354478E-09
    4 t   24    11.92840        7.300640        136.9743        8.129520        256.7543      -0.1451483E-09
