    0 t    2    6.074774       0.3793872        2635.829        9.206789        247.9182      -0.3285876E-09
    0 t    3    6.717839       0.5873679        1702.511        7.661424        238.8110      -0.3406622E-10
    0 t    4    6.832892       0.7681209        1301.878        6.844576        227.8469       0.3964364E-09
    0 t    5    6.781267       0.9317214        1073.282        6.263334        216.2116       0.8212995E-09
    0 t    6    6.668051        1.082741        923.5815        5.829779        204.9228       0.1101611E-08
    0 t    7    6.534802        1.224352        816.7588        5.504604        194.5673       0.1313606E-08
    0 t    8    6.399538        1.358877        735.9019        5.258227        185.3633       0.1491203E-08
    0 t    9    6.269967        1.487995        672.0454        5.068546        177.3200       0.1303633E-08
    0 t   10    6.149090        1.612919        619.9938        4.920268        170.3531       0.8603840E-09
    0 t   11    6.037763        1.734548        576.5189        4.803102        164.3449       0.8815856E-09
    0 t   12    5.935885        1.853566        539.5006        4.709986        159.1726       0.8872359E-09
    0 t   13    5.842941        1.970506        507.4839        4.635849        154.7198       0.7942440E-09
    0 t   14    5.758253        2.085793        479.4339        4.576888        150.8817       0.1192997E-08
    0 t   15    5.681104        2.199768        454.5933        4.530142        147.5663       0.1361914E-08
    0 t   16    5.610789        2.312706        432.3939        4.493264        144.6950       0.1658928E-08
    0 t   17    5.546645        2.424828        412.4004        4.464365        142.2008       0.1482934E-08
    0 t   18    5.488059        2.536314        394.2729        4.441919        140.0272       0.2248701E-08
    0 t   19    5.434474        2.647309        377.7421        4.424691        138.1267       0.2458131E-08
    0 t   20    5.385387        2.757931        362.5907        4.411680        136.4598       0.2880978E-08
    0 t   21    5.340347        2.868273        348.6418        4.402073        134.9929       0.3107968E-08
    0 t   22    5.298950        2.978413        335.7493        4.395210        133.6982       0.4314620E-08
    0 t   23    5.260837        3.088412        323.7910        4.390558        132.5520       0.3991074E-08
    0 t   24    5.225685        3.198319        312.6642        4.387681        131.5346       0.4245119E-08
    1 t    1    32.92770        1.233858        810.4661        2.432354        257.3784       0.1107507E-11
    1 t    2    21.02730        1.313216        761.4894        3.879851        252.3330       0.1036712E-10
    1 t    3    16.30932        1.425989        701.2674        5.092718        247.2640       0.2182094E-10
    1 t    4    13.92663        1.565564        638.7473        6.016006        243.0388       0.5959556E-10
    1 t    5    12.55037        1.724376        579.9201        6.631398        239.6100       0.3724937E-09
    1 t    6    11.67021        1.894979        527.7103        6.966957        236.5921       0.5199987E-09
    1 t    7    11.05432        2.071122        482.8301        7.086568        233.7597       0.5760914E-09
    1 t    8    10.58852        2.248365        444.7676        7.067473        231.1644       0.3595297E-09
    1 t    9    10.21462        2.424144        412.5167        6.979422        228.9846       0.4091651E-09
    1 t   10    9.902316        2.597399        385.0006        6.871605        227.3411       0.3859662E-09
    1 t   11    9.635103        2.768004        361.2712        6.770051        226.2192       0.7291498E-09
    1 t   12    9.403092        2.936251        340.5703        6.683343        225.4970       0.8259167E-09
    1 t   13    9.199567        3.102514        322.3193        6.610653        225.0084       0.1250279E-08
    1 t   14    9.019464        3.267091        306.0827        6.547755        224.5906       0.1100960E-08
    1 t   15    8.858733        3.430172        291.5306        6.490132        224.1058       0.1150009E-08
    1 t   16    8.714056        3.591839        278.4089        6.434106        223.4460       0.7139854E-09
    1 t   17    8.582692        3.752097        266.5176        6.376994        222.5306       0.4731653E-09
    1 t   18    8.462369        3.910896        255.6959        6.316951        221.3019       0.1791527E-09
    1 t   19    8.351207        4.068145        245.8123        6.252747        219.7213       0.1271638E-10
    1 t   20    8.247640        4.223729        236.7576        6.183598        217.7672       0.4983033E-09
    1 t   21    8.150368        4.377521        228.4398        6.109059        215.4333       0.7578631E-09
    1 t   22    8.058307        4.529381        220.7807        6.028958        212.7278       0.8038204E-09
    1 t   23    7.970557        4.679173        213.7130        5.943378        209.6736       0.5940486E-09
    1 t   24    7.886372        4.826762        207.1782        5.852644        206.3066       0.9625263E-09
    2 t    1    58.17095        2.179766        458.7648        1.311303        208.8734      -0.1442749E-09
    2 t    2    35.60071        2.223367        449.7683        2.171132        209.8605      -0.1294300E-09
    2 t    3    26.17107        2.288243        437.0166        3.010854        211.4972      -0.1159190E-09
    2 t    4    21.11642        2.373806        421.2644        3.823781        213.9062      -0.1028043E-09
    2 t    5    18.04477        2.479286        403.3419        4.601342        217.1533      -0.8394668E-10
    2 t    6    16.03445        2.603634        384.0786        5.329304        221.1777      -0.6483594E-10
    2 t    7    14.65287        2.745342        364.2534        5.985087        225.7358       0.1375249E-10
    2 t    8    13.66796        2.902253        344.5599        6.540306        230.4053       0.9282660E-10
    2 t    9    12.94247        3.071519        325.5718        6.970067        234.6888       0.8656286E-10
    2 t   10    12.38965        3.249831        307.7083        7.263652        238.1745       0.6889318E-10
    2 t   11    11.95281        3.433842        291.2190        7.428666        240.6460       0.6768277E-09
    2 t   12    11.59462        3.620588        276.1983        7.486926        242.0788       0.1000600E-08
    2 t   13    11.29072        3.807746        262.6226        7.466549        242.5667       0.7033086E-09
    2 t   14    11.02541        3.993700        250.3944        7.394781        242.2424       0.6817109E-09
    2 t   15    10.78865        4.177452        239.3804        7.293590        241.2304       0.5544888E-09
    2 t   16    10.57396        4.358472        229.4382        7.178205        239.6320       0.5902149E-09
    2 t   17    10.37704        4.536532        220.4327        7.057851        237.5304       0.4244001E-09
    2 t   18    10.19488        4.711577        212.2431        6.937529        235.0038      -0.4294297E-10
    2 t   19    10.02529        4.883645        204.7651        6.819862        232.1363      -0.4475762E-10
    2 t   20    9.866602        5.052822        197.9092        6.706451        229.0226       0.4642892E-09
    2 t   21    9.717526        5.219233        191.5990        6.598628        225.7678       0.5018569E-09
    2 t   22    9.577057        5.383034        185.7689        6.497725        222.4818       0.2246033E-09
    2 t   23    9.444420        5.544414        180.3617        6.405059        219.2712       0.5773139E-09
    2 t   24    9.319016        5.703595        175.3280        6.321764        216.2312       0.6008707E-09
    3 t    1    85.70984        3.211696        311.3619       0.9597452        224.6062      -0.7836758E-10
    3 t    2    51.93715        3.243625        308.2971        1.591003        225.4602      -0.7649662E-10
    3 t    3    37.64208        3.291200        303.8406        2.209823        226.6935      -0.7406627E-10
    3 t    4    29.83631        3.354055        298.1465        2.811995        228.2490      -0.7147678E-10
    3 t    5    24.97685        3.431728        291.3984        3.393879        230.0509      -0.6918416E-10
    3 t    6    21.70048        3.523669        283.7951        3.952294        232.0059      -0.6765023E-10
    3 t    7    19.37062        3.629254        275.5387        4.484181        234.0044      -0.6729806E-10
    3 t    8    17.64989        3.747775        266.8250        4.986015        235.9226      -0.6606104E-10
    3 t    9    16.34252        3.878424        257.8367        5.453018        237.6257      -0.6545646E-10
    3 t   10    15.32679        4.020250        248.7408        5.878408        238.9727      -0.6539447E-10
    3 t   11    14.52261        4.172103        239.6873        6.253173        239.8262      -0.6793628E-10
    3 t   12    13.87474        4.332588        230.8089        6.567008        240.0677       0.9605079E-10
    3 t   13    13.34358        4.500063        222.2191        6.810733        239.6199       0.2893376E-09
    3 t   14    12.89993        4.672701        214.0090        6.979611        238.4676       0.2000807E-10
    3 t   15    12.52207        4.848644        206.2432        7.076059        236.6689      -0.1084084E-09
    3 t   16    12.19390        5.026194        198.9577        7.110135        234.3473       0.9363204E-10
    3 t   17    11.90377        5.203976        192.1608        7.097296        231.6648       0.4510244E-09
    3 t   18    11.64343        5.381029        185.8380        7.054410        228.7859       0.6730896E-09
    3 t   19    11.40715        5.556793        179.9599        6.995939        225.8482       0.9444564E-09
    3 t   20    11.19089        5.731010        174.4893        6.931770        222.9481       0.8062917E-09
    3 t   21    10.99175        5.903612        169.3878        6.867037        220.1449       0.3763643E-09
    3 t   22    10.80745        6.074610        164.6196        6.803304        217.4744       0.3983017E-09
    3 t   23    10.63615        6.244027        160.1531        6.740188        214.9655       0.4270741E-09
    3 t   24    10.47625        6.411865        155.9609        6.676795        212.6527      -0.1277117E-09
    4 t    1    114.6556        4.296344        232.7560       0.6914766        228.4604      -0.2957098E-09
    4 t    2    69.16204        4.319369        231.5153        1.148469        228.4537      -0.2917550E-09
    4 t    3    49.79478        4.353759        229.6866        1.599698        228.4325      -0.2969307E-09
    4 t    4    39.13479        4.399345        227.3066        2.043297        228.3846      -0.2851239E-09
    4 t    5    32.43112        4.455918        224.4207        2.477799        228.2949      -0.2681214E-09
    4 t    6    27.85629        4.523236        221.0807        2.902194        228.1467      -0.2564313E-09
    4 t    7    24.55738        4.601038        217.3423        3.315944        227.9219      -0.2380230E-09
    4 t    8    22.08279        4.689057        213.2625        3.718913        227.6021      -0.2227709E-09
    4 t    9    20.17109        4.787022        208.8981        4.111196        227.1672      -0.2216735E-09
    4 t   10    18.66042        4.894669        204.3039        4.492778        226.5944      -0.2221071E-09
    4 t   11    17.44523        5.011723        199.5322        4.862958        225.8541      -0.2275752E-09
    4 t   12    16.45360        5.137874        194.6330        5.219512        224.9050      -0.2156829E-09
    4 t   13    15.63469        5.272729        189.6551        5.557661        223.6896      -0.2009080E-09
    4 t   14    14.95122        5.415734        184.6472        5.869170        222.1327      -0.1612401E-09
    4 t   15    14.37491        5.566080        179.6597        6.142239        220.1522      -0.1635436E-09
    4 t   16    13.88352        5.722635        174.7447        6.363066        217.6911      -0.8214869E-10
    4 t   17    13.45913        5.883933        169.9544        6.519563        214.7698       0.2390316E-09
    4 t   18    13.08723        6.048279        165.3363        6.606510        211.5445       0.1202739E-09
    4 t   19    12.75625        6.213983        160.9274        6.629833        208.3297      -0.2141562E-09
    4 t   20    12.45749        6.379651        156.7484        6.607097        205.5513      -0.2311630E-09
    4 t   21    12.18487        6.544429        152.8017        6.562899        203.6353      -0.2464217E-09
    4 t   22    11.93449        6.708090        149.0737        6.521307        202.8927       0.6296328E-10
    4 t   23    11.70402        6.870932        145.5407        6.499636        203.4617       0.5190813E-10
    4 t   24    11.49205        7.033574        142.1752        6.506260        205.3171       0.5494292E-10
