    0 t    2    6.166638       0.3851244        2596.564        9.310948        257.6025      -0.1170474E-09
    0 t    3    6.803427       0.5948511        1681.093        7.704066        247.1644       0.1474542E-09
    0 t    4    6.905456       0.7762782        1288.198        6.860993        235.0782       0.6159940E-09
    0 t    5    6.843225       0.9402342        1063.565        6.278470        222.7008       0.6208089E-09
    0 t    6    6.723492        1.091744        915.9657        5.854589        210.9778       0.8638027E-09
    0 t    7    6.586821        1.234098        810.3084        5.538755        200.3467       0.1377560E-08
    0 t    8    6.449753        1.369539        730.1724        5.296506        190.9209       0.1757635E-08
    0 t    9    6.318887        1.499604        666.8425        5.105276        182.6648       0.1946580E-08
    0 t   10    6.196593        1.625379        615.2409        4.951120        175.4866       0.1515295E-08
    0 t   11    6.083456        1.747675        572.1887        4.825422        169.2756       0.8810001E-09
    0 t   12    5.979317        1.867128        535.5818        4.722549        163.9175       0.1048510E-08
    0 t   13    5.883711        1.984256        503.9673        4.638462        159.3022       0.1222982E-08
    0 t   14    5.796054        2.099486        476.3071        4.570012        155.3273       0.1402564E-08
    0 t   15    5.715732        2.213177        451.8392        4.514604        151.9006       0.1585526E-08
    0 t   16    5.642132        2.325625        429.9919        4.470042        148.9410       0.1613523E-08
    0 t   17    5.574667        2.437078        410.3274        4.434458        146.3783       0.1779851E-08
    0 t   18    5.512783        2.547740        392.5047        4.406268        144.1526       0.2307067E-08
    0 t   19    5.455965        2.657778        376.2541        4.384137        142.2129       0.2497744E-08
    0 t   20    5.403740        2.767329        361.3593        4.366951        140.5164       0.2436408E-08
    0 t   21    5.355673        2.876505        347.6442        4.353786        139.0272       0.2331148E-08
    0 t   22    5.311373        2.985395        334.9640        4.343879        137.7151       0.2172284E-08
    0 t   23    5.270481        3.094074        323.1985        4.336605        136.5548       0.1943367E-08
    0 t   24    5.232679        3.202600        312.2463        4.331452        135.5249       0.1634583E-08
    1 t    1    32.70026        1.225335        816.1032        2.696815        262.9174       0.8124508E-11
    1 t    2    21.02522        1.313086        761.5648        4.278323        258.6782       0.1034796E-10
    1 t    3    16.43396        1.436888        695.9487        5.564615        254.2990       0.1283447E-10
    1 t    4    14.12982        1.588407        629.5616        6.486570        250.0766       0.1212276E-09
    1 t    5    12.79646        1.758187        568.7679        7.026401        245.5008       0.3621837E-09
    1 t    6    11.92936        1.937059        516.2465        7.224216        240.0752       0.5424155E-09
    1 t    7    11.30165        2.117462        472.2635        7.165212        233.9148       0.5323917E-09
    1 t    8    10.80497        2.294326        435.8578        6.959908        227.7606       0.5403598E-09
    1 t    9    10.38831        2.465365        405.6195        6.714234        222.4780       0.4992121E-09
    1 t   10    10.02862        2.630530        380.1516        6.497436        218.5226       0.3790979E-09
    1 t   11    9.714900        2.790928        358.3037        6.333864        215.8413       0.1764284E-09
    1 t   12    9.440312        2.947874        339.2275        6.219144        214.1063       0.6620876E-10
    1 t   13    9.199279        3.102417        322.3294        6.139105        212.9462       0.1814654E-09
    1 t   14    8.986761        3.255245        307.1965        6.080016        212.0545       0.3921747E-09
    1 t   15    8.798242        3.406749        293.5350        6.031686        211.2115       0.3859866E-09
    1 t   16    8.629793        3.557106        281.1274        5.987421        210.2730       0.4281934E-09
    1 t   17    8.478080        3.706364        269.8062        5.943160        209.1529       0.3831291E-09
    1 t   18    8.340321        3.854491        259.4376        5.896652        207.8074       0.4294561E-09
    1 t   19    8.214225        4.001416        249.9115        5.846832        206.2226       0.6552333E-09
    1 t   20    8.097912        4.147052        241.1352        5.793407        204.4057       0.9028985E-09
    1 t   21    7.989854        4.291309        233.0291        5.736574        202.3782       0.7362107E-09
    1 t   22    7.888809        4.434110        225.5244        5.676839        200.1705       0.6542685E-09
    1 t   23    7.793772        4.575390        218.5606        5.614880        197.8183       0.1142314E-08
    1 t   24    7.703933        4.715102        212.0845        5.551461        195.3595       0.2073317E-08
    2 t    1    57.45432        2.152913        464.4870        1.276646        197.8208      -0.1356201E-09
    2 t    2    35.15242        2.195370        455.5041        2.114558        198.8559      -0.1209717E-09
    2 t    3    25.83216        2.258610        442.7502        2.937773        200.6597      -0.1024743E-09
    2 t    4    20.83597        2.342280        426.9345        3.748297        203.5035      -0.8311044E-10
    2 t    5    17.80332        2.446111        408.8122        4.549929        207.6828      -0.5588274E-10
    2 t    6    15.82646        2.569861        389.1261        5.338890        213.4007      -0.3036529E-10
    2 t    7    14.48000        2.712954        368.6019        6.090166        220.5524      -0.3032622E-10
    2 t    8    13.53421        2.873852        347.9650        6.752952        228.5199       0.7587596E-10
    2 t    9    12.85015        3.049611        327.9107        7.270987        236.2792       0.3449620E-09
    2 t   10    12.33753        3.236161        309.0081        7.614755        242.8823       0.4644705E-09
    2 t   11    11.93657        3.429178        291.6151        7.792580        247.8566       0.7070587E-09
    2 t   12    11.60839        3.624888        275.8706        7.836706        251.1926       0.8175003E-09
    2 t   13    11.32832        3.820427        261.7508        7.785287        253.1118       0.6994925E-09
    2 t   14    11.08103        4.013845        249.1377        7.672197        253.8784       0.9102547E-09
    2 t   15    10.85708        4.203947        237.8717        7.523927        253.7230       0.7771143E-09
    2 t   16    10.65072        4.390112        227.7846        7.359950        252.8352       0.5081705E-09
    2 t   17    10.45847        4.572130        218.7164        7.194132        251.3791       0.9115706E-09
    2 t   18    10.27820        4.750083        210.5226        7.036036        249.5041       0.7541928E-09
    2 t   19    10.10864        4.924248        203.0767        6.891797        247.3461       0.6128861E-09
    2 t   20    9.948999        5.095019        196.2701        6.764705        245.0216       0.4438669E-09
    2 t   21    9.798714        5.262839        190.0115        6.655721        242.6215       0.2083001E-09
    2 t   22    9.657333        5.428155        184.2247        6.564038        240.2091      -0.5563285E-10
    2 t   23    9.524417        5.591377        178.8468        6.487676        237.8222      -0.6590947E-10
    2 t   24    9.399503        5.752856        173.8267        6.424023        235.4778      -0.7988732E-10
    3 t    1    82.78919        3.102255        322.3462        1.065016        230.3336      -0.4880853E-10
    3 t    2    50.24087        3.137687        318.7061        1.765858        231.8162      -0.4897413E-10
    3 t    3    36.49025        3.190490        313.4315        2.452777        233.9452      -0.4936714E-10
    3 t    4    29.00178        3.260241        306.7258        3.119889        236.6047      -0.5014674E-10
    3 t    5    24.35558        3.346368        298.8315        3.761047        239.6397      -0.5151240E-10
    3 t    6    21.23533        3.448140        290.0114        4.369808        242.8593      -0.5369152E-10
    3 t    7    19.02588        3.564664        280.5314        4.939407        246.0454      -0.5694245E-10
    3 t    8    17.40074        3.694870        270.6455        5.462707        248.9659      -0.6762444E-10
    3 t    9    16.17011        3.837507        260.5858        5.932230        251.3936      -0.5180550E-10
    3 t   10    15.21580        3.991137        250.5552        6.340495        253.1316      -0.4852042E-10
    3 t   11    14.46009        4.154141        240.7237        6.681002        254.0444      -0.5460637E-10
    3 t   12    13.84971        4.324771        231.2261        6.950024        254.0884      -0.5962923E-10
    3 t   13    13.34707        4.501242        222.1609        7.148692        253.3307       0.1450281E-09
    3 t   14    12.92525        4.681871        213.5898        7.284110        251.9384       0.2241658E-09
    3 t   15    12.56487        4.865217        205.5407        7.368211        250.1341       0.3434214E-09
    3 t   16    12.25207        5.050167        198.0132        7.414326        248.1301       0.3792784E-09
    3 t   17    11.97683        5.235914        190.9886        7.433220        246.0710       0.4083009E-09
    3 t   18    11.73179        5.421861        184.4385        7.430753        244.0114       0.1078448E-08
    3 t   19    11.51123        5.607497        178.3327        7.408101        241.9309       0.2558306E-09
    3 t   20    11.31058        5.792301        172.6430        7.363825        239.7750       0.2601096E-09
    3 t   21    11.12599        5.975714        167.3440        7.296456        237.4996       0.2671214E-09
    3 t   22    10.95432        6.157158        162.4126        7.206586        235.1064       0.1002868E-08
    3 t   23    10.79301        6.336111        157.8255        7.097941        232.6575       0.2376673E-09
    3 t   24    10.64015        6.512182        153.5584        6.977258        230.2669       0.2273090E-09
    4 t    1    112.1809        4.203613        237.8906       0.7033015        233.4294      -0.2275270E-09
    4 t    2    67.68375        4.227046        236.5718        1.169574        233.5662      -0.2249723E-09
    4 t    3    48.74647        4.262101        234.6261        1.632306        233.7705      -0.2213748E-09
    4 t    4    38.32826        4.308679        232.0897        2.090750        234.0419      -0.2169966E-09
    4 t    5    31.78156        4.366670        229.0075        2.544751        234.3818      -0.2270305E-09
    4 t    6    27.31885        4.435967        225.4300        2.994776        234.7938      -0.2227203E-09
    4 t    7    24.10607        4.516482        221.4113        3.441828        235.2835      -0.2188253E-09
    4 t    8    21.70180        4.608156        217.0065        3.887153        235.8568      -0.2144153E-09
    4 t    9    19.85058        4.710959        212.2710        4.331651        236.5154      -0.2126945E-09
    4 t   10    18.39432        4.824869        207.2595        4.774892        237.2479      -0.2127320E-09
    4 t   11    17.22976        4.949822        202.0275        5.213714        238.0161      -0.2023327E-09
    4 t   12    16.28627        5.085624        196.6327        5.640616        238.7383      -0.1925195E-09
    4 t   13    15.51340        5.231826        191.1379        6.042619        239.2777      -0.1726812E-09
    4 t   14    14.87352        5.387588        185.6118        6.401715        239.4500      -0.1675309E-09
    4 t   15    14.33749        5.551588        180.1286        6.697991        239.0655      -0.1756451E-09
    4 t   16    13.88207        5.722038        174.7629        6.915450        238.0083      -0.1911173E-09
    4 t   17    13.48873        5.896872        169.5814        7.048760        236.3244      -0.2018686E-09
    4 t   18    13.14304        6.074076        164.6341        7.107704        234.2648       0.1489114E-09
    4 t   19    12.83442        6.252063        159.9472        7.116226        232.2395       0.1038517E-09
    4 t   20    12.55572        6.429955        155.5221        7.105284        230.6897       0.3348300E-09
    4 t   21    12.30254        6.607630        151.3402        7.102732        229.9479       0.1686599E-09
    4 t   22    12.07227        6.785536        147.3723        7.125590        230.1565      -0.2075568E-09
    4 t   23    11.86321        6.964384        143.5877        7.177805        231.2642      -0.2011046E-09
    4 t   24    11.67385        7.144841        139.9611        7.252666        233.0695       0.2627096E-09
