    0 t    2    6.106503       0.3813687        2622.134        9.207774        252.9631       0.1263748E-09
    0 t    3    6.731667       0.5885768        1699.014        7.604173        241.8477       0.1226822E-08
    0 t    4    6.828135       0.7675862        1302.785        6.768447        229.5869       0.1172556E-08
    0 t    5    6.764671       0.9294412        1075.915        6.204025        217.6533       0.6550163E-09
    0 t    6    6.647616        1.079423        926.4205        5.807376        206.8733       0.1010400E-08
    0 t    7    6.516963        1.221010        818.9944        5.524516        197.4849       0.1151093E-08
    0 t    8    6.388566        1.356547        737.1658        5.317947        189.4245       0.1172557E-08
    0 t    9    6.268336        1.487608        672.2202        5.162659        182.5300       0.1124566E-08
    0 t   10    6.158012        1.615260        619.0955        5.042765        176.6294       0.1293051E-08
    0 t   11    6.057619        1.740253        574.6292        4.948210        171.5677       0.1313981E-08
    0 t   12    5.966520        1.863132        536.7306        4.872434        167.2126       0.1537456E-08
    0 t   13    5.883866        1.984308        503.9541        4.810955        163.4528       0.1664256E-08
    0 t   14    5.808778        2.104095        475.2638        4.760573        160.1953       0.1884872E-08
    0 t   15    5.740428        2.222739        449.8953        4.718923        157.3626       0.2007975E-08
    0 t   16    5.678063        2.340436        427.2709        4.684216        154.8905       0.2454135E-08
    0 t   17    5.621013        2.457339        406.9442        4.655075        152.7252       0.2130362E-08
    0 t   18    5.568685        2.573576        388.5644        4.630430        150.8221       0.1927101E-08
    0 t   19    5.520562        2.689245        371.8515        4.609442        149.1439       0.2083931E-08
    0 t   20    5.476189        2.804431        356.5785        4.591447        147.6593       0.2517604E-08
    0 t   21    5.435169        2.919201        342.5595        4.575918        146.3420       0.2147928E-08
    0 t   22    5.397155        3.033611        329.6401        4.562433        145.1699       0.2285848E-08
    0 t   23    5.361842        3.147707        317.6915        4.550655        144.1242       0.1733528E-08
    0 t   24    5.328963        3.261529        306.6046        4.540308        143.1889       0.1829520E-08
    1 t    1    32.38325        1.213456        824.0923        2.696809        260.6864       0.6530265E-10
    1 t    2    20.83594        1.301264        768.4833        4.283446        257.9617       0.6224443E-10
    1 t    3    16.30134        1.425292        701.6106        5.577592        255.5587       0.5484054E-11
    1 t    4    14.03060        1.577253        634.0137        6.509249        253.4815       0.9568120E-11
    1 t    5    12.72077        1.747787        572.1520        7.065911        250.9710       0.3458855E-09
    1 t    6    11.87367        1.928017        518.6676        7.296436        247.3537       0.4903862E-09
    1 t    7    11.26623        2.110826        473.7483        7.287873        242.5285       0.2751897E-09
    1 t    8    10.79144        2.291452        436.4046        7.137106        236.9095       0.2251122E-09
    1 t    9    10.39698        2.467420        405.2816        6.926522        231.0727       0.2166504E-09
    1 t   10    10.05696        2.637961        379.0806        6.708736        225.4356       0.5356728E-09
    1 t   11    9.757732        2.803233        356.7309        6.506739        220.1657       0.5708046E-09
    1 t   12    9.491033        2.963712        337.4147        6.325010        215.2666       0.4484179E-09
    1 t   13    9.251055        3.119878        320.5254        6.160925        210.6889       0.6295799E-09
    1 t   14    9.033368        3.272127        305.6116        6.011186        206.3902       0.9411139E-09
    1 t   15    8.834513        3.420793        292.3299        5.873892        202.3492       0.9795973E-09
    1 t   16    8.651798        3.566176        280.4124        5.748440        198.5594       0.6112874E-09
    1 t   17    8.483131        3.708573        269.6455        5.634834        195.0176       0.2480088E-09
    1 t   18    8.326878        3.848278        259.8565        5.533099        191.7180       0.2176733E-10
    1 t   19    8.181733        3.985588        250.9040        5.442991        188.6498       0.3635063E-09
    1 t   20    8.046624        4.120786        242.6721        5.363927        185.7982       0.7672617E-09
    1 t   21    7.920647        4.254138        235.0652        5.295065        183.1458       0.9159337E-09
    1 t   22    7.803016        4.385888        228.0040        5.235405        180.6752       0.8058106E-09
    1 t   23    7.693035        4.516251        221.4226        5.183899        178.3699       0.6456801E-09
    1 t   24    7.590080        4.645420        215.2658        5.139523        176.2147       0.4822987E-10
    2 t    1    57.60961        2.158732        463.2349        1.393223        208.6728      -0.1669442E-09
    2 t    2    35.30703        2.205026        453.5094        2.303754        209.6954      -0.1450658E-09
    2 t    3    26.00593        2.273804        439.7917        3.189228        211.3189      -0.1162791E-09
    2 t    4    21.03224        2.364344        422.9504        4.042098        213.6152      -0.9486873E-10
    2 t    5    18.01876        2.475712        403.9242        4.852058        216.6136      -0.7029612E-10
    2 t    6    16.05279        2.606612        383.6397        5.599202        220.2241      -0.5281864E-10
    2 t    7    14.70477        2.755067        362.9676        6.248604        224.1459       0.4055165E-10
    2 t    8    13.74247        2.918074        342.6918        6.755447        227.8541       0.4218466E-10
    2 t    9    13.02701        3.091583        323.4589        7.084909        230.7769       0.4393439E-10
    2 t   10    12.47053        3.271047        305.7125        7.234809        232.6026       0.2827458E-09
    2 t   11    12.01729        3.452367        289.6564        7.242398        233.4588       0.3875723E-09
    2 t   12    11.63350        3.632728        275.2752        7.169122        233.7897       0.6488287E-09
    2 t   13    11.30000        3.810877        262.4068        7.073943        234.0551       0.4211727E-09
    2 t   14    11.00632        3.986782        250.8288        6.993796        234.5092       0.3461395E-09
    2 t   15    10.74622        4.161020        240.3257        6.941098        235.1758      -0.5620235E-11
    2 t   16    10.51522        4.334257        230.7200        6.912488        235.9395      -0.8731667E-11
    2 t   17    10.30944        4.506981        221.8780        6.898478        236.6425       0.2620242E-09
    2 t   18    10.12533        4.679434        213.7011        6.889350        237.1418       0.2707297E-09
    2 t   19    9.959585        4.851638        206.1160        6.877534        237.3335       0.5164266E-09
    2 t   20    9.809264        5.023458        199.0660        6.858042        237.1560       0.1173513E-08
    2 t   21    9.671784        5.194665        192.5052        6.828141        236.5863       0.4116772E-09
    2 t   22    9.544944        5.364984        186.3939        6.786838        235.6326       0.4559920E-09
    2 t   23    9.426901        5.534130        180.6969        6.734414        234.3275       0.2265921E-09
    2 t   24    9.316146        5.701839        175.3820        6.672035        232.7206       0.4727307E-09
    3 t    1    83.59801        3.132562        319.2275       0.8971540        204.8559      -0.5606173E-10
    3 t    2    50.63733        3.162447        316.2108        1.490913        205.7933      -0.5450073E-10
    3 t    3    36.68050        3.207125        311.8058        2.079564        207.2185      -0.5148673E-10
    3 t    4    29.05719        3.266470        306.1409        2.663747        209.1594      -0.4920386E-10
    3 t    5    24.31216        3.340402        299.3652        3.246427        211.6591      -0.4703260E-10
    3 t    6    21.11712        3.428945        291.6349        3.832827        214.7776      -0.4648545E-10
    3 t    7    18.85298        3.532269        283.1041        4.429320        218.5838      -0.4267655E-10
    3 t    8    17.19268        3.650691        273.9207        5.040319        223.1268      -0.4595428E-10
    3 t    9    15.94698        3.784552        264.2320        5.662256        228.3715      -0.4897253E-10
    3 t   10    14.99767        3.933922        254.1992        6.275530        234.0970      -0.5319894E-10
    3 t   11    14.26508        4.098120        244.0143        6.839902        239.8073      -0.7061575E-11
    3 t   12    13.69116        4.275262        233.9038        7.301550        244.7679       0.1872392E-09
    3 t   13    13.23113        4.462140        224.1077        7.612268        248.2243       0.1464453E-09
    3 t   14    12.85004        4.654627        214.8400        7.748982        249.6942      -0.2621907E-10
    3 t   15    12.52154        4.848440        206.2519        7.723026        249.1624       0.3031613E-09
    3 t   16    12.22739        5.039997        198.4128        7.577888        247.0943       0.2642341E-09
    3 t   17    11.95662        5.227076        191.3115        7.375379        244.2498       0.2357898E-09
    3 t   18    11.70395        5.408996        184.8772        7.173310        241.3693       0.4555117E-09
    3 t   19    11.46767        5.586275        179.0102        7.008019        238.9374       0.3844705E-09
    3 t   20    11.24757        5.760032        173.6101        6.892134        237.1485       0.1705689E-09
    3 t   21    11.04366        5.931491        168.5917        6.822892        236.0056       0.1896153E-09
    3 t   22    10.85567        6.101709        163.8885        6.791183        235.4251      -0.9929554E-10
    3 t   23    10.68294        6.271498        159.4515        6.786904        235.2983      -0.1096552E-09
    3 t   24    10.52455        6.441427        155.2451        6.801106        235.5164      -0.9342130E-10
    4 t    1    111.1023        4.163196        240.2001       0.6958008        217.4937      -0.2840505E-09
    4 t    2    67.03238        4.186366        238.8707        1.155596        217.7490      -0.2707363E-09
    4 t    3    48.27604        4.220969        236.9124        1.609547        218.1257      -0.2628727E-09
    4 t    4    37.95605        4.266837        234.3656        2.055851        218.6181      -0.2531656E-09
    4 t    5    31.46925        4.323761        231.2801        2.493265        219.2217      -0.2445478E-09
    4 t    6    27.04507        4.391511        227.7121        2.921314        219.9355      -0.2318811E-09
    4 t    7    23.85722        4.469856        223.7208        3.340532        220.7655      -0.2008845E-09
    4 t    8    21.46840        4.558596        219.3658        3.752767        221.7295      -0.1774609E-09
    4 t    9    19.62572        4.657596        214.7030        4.161523        222.8625      -0.1683416E-09
    4 t   10    18.17306        4.766832        209.7829        4.572289        224.2229      -0.1600233E-09
    4 t   11    17.00915        4.886446        204.6477        4.992620        225.8992      -0.1554913E-09
    4 t   12    16.06582        5.016785        199.3308        5.431448        228.0108      -0.1524730E-09
    4 t   13    15.29573        5.158418        193.8579        5.896555        230.6938      -0.1478135E-09
    4 t   14    14.66494        5.312034        188.2518        6.388893        234.0505      -0.1388910E-09
    4 t   15    14.14789        5.478175        182.5426        6.893955        238.0475      -0.1343905E-09
    4 t   16    13.72367        5.656748        176.7800        7.375359        242.3908       0.1837385E-09
    4 t   17    13.37355        5.846516        171.0420        7.779794        246.4893       0.3766965E-09
    4 t   18    13.07986        6.044875        165.4294        8.055046        249.6062       0.1032620E-09
    4 t   19    12.82636        6.248137        160.0477        8.168833        251.1335      -0.1468709E-09
    4 t   20    12.59908        6.452163        154.9868        8.118119        250.8239      -0.1573626E-09
    4 t   21    12.38725        6.653127        150.3053        7.931109        248.8987      -0.1747633E-09
    4 t   22    12.18388        6.848264        146.0224        7.662619        245.9873      -0.1917412E-09
    4 t   23    11.98580        7.036348        142.1192        7.376982        242.8561      -0.2156638E-09
    4 t   24    11.79276        7.217622        138.5498        7.124118        240.0773      -0.2512682E-09
