    0 t    2    6.033488       0.3768088        2653.866        9.146444        248.7468       0.4262567E-09
    0 t    3    6.673877       0.5835241        1713.725        7.619697        238.7936      -0.4700548E-10
    0 t    4    6.791596       0.7634786        1309.794        6.822785        227.1592       0.3479719E-09
    0 t    5    6.745543       0.9268130        1078.966        6.263715        215.1604       0.7570659E-09
    0 t    6    6.639516        1.078108        927.5508        5.850569        203.7805       0.1172635E-08
    0 t    7    6.513942        1.220444        819.3742        5.540625        193.4964       0.1322257E-08
    0 t    8    6.385957        1.355993        737.4669        5.302902        184.4284       0.1364841E-08
    0 t    9    6.262701        1.486270        672.8251        5.115489        176.5275       0.1532769E-08
    0 t   10    6.146886        1.612341        620.2161        4.964135        169.6852       0.2094915E-08
    0 t   11    6.039288        1.734986        576.3734        4.839892        163.7799       0.1670619E-08
    0 t   12    5.939858        1.854807        539.1398        4.737017        158.6934       0.1850072E-08
    0 t   13    5.848211        1.972284        507.0265        4.651570        154.3161       0.2630408E-08
    0 t   14    5.763833        2.087814        478.9698        4.580615        150.5492       0.3011415E-08
    0 t   15    5.686172        2.201731        454.1881        4.521808        147.3048       0.2955000E-08
    0 t   16    5.614684        2.314311        432.0940        4.473195        144.5061       0.3660855E-08
    0 t   17    5.548843        2.425789        412.2370        4.433116        142.0871       0.3495532E-08
    0 t   18    5.488155        2.536359        394.2660        4.400155        139.9908       0.3025817E-08
    0 t   19    5.432162        2.646183        377.9029        4.373105        138.1693       0.3669551E-08
    0 t   20    5.380437        2.755396        362.9243        4.350946        136.5818       0.2981470E-08
    0 t   21    5.332593        2.864108        349.1488        4.332821        135.1941       0.3293857E-08
    0 t   22    5.288275        2.972413        336.4271        4.318011        133.9773       0.3932491E-08
    0 t   23    5.247160        3.080383        324.6349        4.305921        132.9071       0.4299742E-08
    0 t   24    5.208957        3.188081        313.6683        4.296057        131.9632       0.2786363E-08
    1 t    1    32.63873        1.223030        817.6417        2.492947        256.0483      -0.2432037E-11
    1 t    2    20.88566        1.304370        766.6537        3.976962        251.8026       0.1882551E-11
    1 t    3    16.24032        1.419957        704.2467        5.219071        247.6762       0.7102917E-11
    1 t    4    13.90324        1.562936        639.8214        6.159522        244.2104       0.1494804E-09
    1 t    5    12.55762        1.725372        579.5852        6.774315        241.0011       0.3869143E-09
    1 t    6    11.69675        1.899289        526.5128        7.084281        237.3917       0.4169265E-09
    1 t    7    11.08957        2.077726        481.2954        7.147325        233.0834       0.5249943E-09
    1 t    8    10.62204        2.255482        443.3643        7.043863        228.3284       0.7028872E-09
    1 t    9    10.23709        2.429476        411.6114        6.859855        223.7216       0.7044860E-09
    1 t   10    9.906993        2.598625        384.8188        6.665431        219.7990       0.4800010E-09
    1 t   11    9.618482        2.763229        361.8954        6.499994        216.7729       0.1296583E-09
    1 t   12    9.364481        2.924194        341.9745        6.374324        214.5482      -0.1492712E-11
    1 t   13    9.140128        3.082468        324.4154        6.283037        212.8818       0.5368693E-12
    1 t   14    8.941308        3.238781        308.7581        6.215705        211.5142       0.1539412E-09
    1 t   15    8.764302        3.393607        294.6717        6.162550        210.2310       0.4135144E-09
    1 t   16    8.605765        3.547202        281.9123        6.116182        208.8773       0.7482289E-09
    1 t   17    8.462767        3.699670        270.2944        6.071591        207.3523       0.1072095E-08
    1 t   18    8.332792        3.851012        259.6720        6.025628        205.5983       0.7768627E-09
    1 t   19    8.213716        4.001168        249.9270        5.976480        203.5916       0.4970178E-09
    1 t   20    8.103763        4.150048        240.9611        5.923267        201.3332       0.1995309E-09
    1 t   21    8.001465        4.297546        232.6909        5.865762        198.8431       0.3800202E-10
    1 t   22    7.905614        4.443556        225.0450        5.804194        196.1542       0.2579991E-09
    1 t   23    7.815225        4.587984        217.9607        5.739114        193.3082       0.1200240E-08
    1 t   24    7.729502        4.730751        211.3829        5.671289        190.3514       0.1647412E-08
    2 t    1    58.21608        2.181457        458.4092        1.207036        194.0968      -0.1293257E-09
    2 t    2    35.57240        2.221599        450.1262        1.999169        195.0239      -0.1198547E-09
    2 t    3    26.09252        2.281375        438.3322        2.776078        196.5905      -0.1044316E-09
    2 t    4    20.99709        2.360392        423.6585        3.537421        198.9823      -0.8778468E-10
    2 t    5    17.89188        2.458279        406.7886        4.284859        202.4004      -0.6737927E-10
    2 t    6    15.85615        2.574682        388.3974        5.016791        206.9971      -0.5245024E-10
    2 t    7    14.45931        2.709076        369.1295        5.719707        212.7585       0.9192747E-11
    2 t    8    13.47073        2.860372        349.6049        6.361569        219.3573       0.1609452E-10
    2 t    9    12.75272        3.026487        330.4160        6.897513        226.1153       0.2720802E-09
    2 t   10    12.21592        3.204262        312.0843        7.289673        232.2100       0.6887505E-09
    2 t   11    11.79977        3.389876        294.9960        7.524988        237.0074       0.3328040E-09
    2 t   12    11.46313        3.579529        279.3664        7.616808        240.2432       0.2440309E-09
    2 t   13    11.17874        3.769982        265.2533        7.594966        241.9754       0.5225557E-09
    2 t   14    10.92917        3.958836        252.5995        7.494927        242.4452       0.5680665E-09
    2 t   15    10.70372        4.144566        241.2798        7.350173        241.9581       0.2819481E-09
    2 t   16    10.49617        4.326406        231.1387        7.187723        240.8115       0.7115869E-09
    2 t   17    10.30301        4.504169        222.0165        7.026450        239.2594       0.1107906E-08
    2 t   18    10.12231        4.678040        213.7648        6.877691        237.5025       0.1019378E-08
    2 t   19    9.952961        4.848411        206.2531        6.747100        235.6904       0.1102818E-08
    2 t   20    9.794249        5.015769        199.3712        6.636629        233.9296       0.2223493E-09
    2 t   21    9.645626        5.180616        193.0272        6.546049        232.2913      -0.6113841E-10
    2 t   22    9.506604        5.343434        187.1456        6.473913        230.8182      -0.6781058E-10
    2 t   23    9.376700        5.504659        181.6643        6.418132        229.5290      -0.7165539E-10
    2 t   24    9.255416        5.664669        176.5328        6.376305        228.4239      -0.8083310E-10
    3 t    1    84.07407        3.150401        317.4199       0.9456714        217.7806      -0.5298024E-10
    3 t    2    50.94825        3.181865        314.2811        1.568126        218.8790      -0.5225173E-10
    3 t    3    36.92799        3.228764        309.7161        2.178841        220.4659      -0.5132003E-10
    3 t    4    29.27317        3.290749        303.8822        2.773631        222.4707      -0.5036208E-10
    3 t    5    24.50847        3.367375        296.9672        3.348825        224.8037      -0.4958880E-10
    3 t    6    21.29674        3.458112        289.1752        3.901407        227.3613      -0.4923038E-10
    3 t    7    19.01360        3.562363        280.7126        4.429078        230.0333      -0.4952510E-10
    3 t    8    17.32827        3.679482        271.7774        4.930155        232.7106      -0.5070563E-10
    3 t    9    16.04909        3.808787        262.5508        5.403171        235.2925      -0.5934169E-10
    3 t   10    15.05726        3.949550        253.1934        5.846048        237.6901      -0.6441301E-10
    3 t   11    14.27502        4.100975        243.8444        6.254880        239.8241      -0.6391885E-10
    3 t   12    13.64911        4.262131        234.6244        6.622760        241.6179      -0.5755603E-11
    3 t   13    13.14138        4.431872        225.6383        6.939544        242.9895       0.1140828E-09
    3 t   14    12.72345        4.608775        216.9774        7.193549        243.8505       0.3406245E-09
    3 t   15    12.37356        4.791141        208.7185        7.375178        244.1198       0.4980231E-09
    3 t   16    12.07480        4.977101        200.9202        7.480931        243.7467       0.3928999E-09
    3 t   17    11.81416        5.164798        193.6184        7.515493        242.7342       0.3743232E-09
    3 t   18    11.58190        5.352590        186.8255        7.490702        241.1455      -0.1318846E-09
    3 t   19    11.37100        5.539182        180.5321        7.422076        239.0918       0.2042110E-09
    3 t   20    11.17657        5.723674        174.7130        7.324868        236.7100       0.1978041E-09
    3 t   21    10.99529        5.905513        169.3333        7.211483        234.1413       0.2131924E-09
    3 t   22    10.82489        6.084413        164.3544        7.090866        231.5194       0.2134046E-09
    3 t   23    10.66383        6.260276        159.7374        6.969238        228.9647      -0.1456928E-09
    3 t   24    10.51100        6.433135        155.4452        6.851141        226.5809       0.1956826E-09
    4 t    1    113.9898        4.271395        234.1155       0.6341358        221.7538      -0.3125848E-09
    4 t    2    68.73216        4.292522        232.9633        1.054291        221.8469      -0.3102795E-09
    4 t    3    49.45575        4.324116        231.2611        1.470757        221.9826      -0.3069929E-09
    4 t    4    38.83880        4.366071        229.0389        1.882470        222.1572      -0.3086544E-09
    4 t    5    32.15703        4.418259        226.3335        2.288745        222.3669      -0.2993543E-09
    4 t    6    27.59335        4.480540        223.1874        2.689330        222.6087      -0.2904097E-09
    4 t    7    24.29977        4.552773        219.6463        3.084428        222.8815      -0.2918669E-09
    4 t    8    21.82741        4.634828        215.7577        3.474663        223.1865      -0.2784296E-09
    4 t    9    19.91646        4.726594        211.5689        3.860980        223.5278      -0.2704957E-09
    4 t   10    18.40620        4.827986        207.1257        4.244446        223.9120      -0.2601673E-09
    4 t   11    17.19190        4.938945        202.4724        4.625931        224.3469      -0.2587211E-09
    4 t   12    16.20238        5.059426        197.6509        5.005605        224.8397      -0.2477612E-09
    4 t   13    15.38751        5.189371        192.7016        5.382227        225.3928      -0.2354388E-09
    4 t   14    14.71085        5.328665        187.6643        5.752251        225.9997      -0.2291817E-09
    4 t   15    14.14503        5.477066        182.5795        6.108906        226.6396      -0.2279588E-09
    4 t   16    13.66877        5.634116        177.4901        6.441701        227.2747      -0.2193682E-09
    4 t   17    13.26498        5.799053        172.4420        6.737090        227.8554      -0.9476188E-11
    4 t   18    12.91949        5.970761        167.4828        6.980950        228.3369       0.1879639E-09
    4 t   19    12.62040        6.147808        162.6596        7.162748        228.7081       0.5286112E-09
    4 t   20    12.35778        6.328589        158.0131        7.279875        229.0183       0.7860724E-09
    4 t   21    12.12366        6.511557        153.5731        7.339722        229.3794       0.2684908E-09
    4 t   22    11.91202        6.695461        149.3549        7.357663        229.9282       0.2599224E-09
    4 t   23    11.71858        6.879476        145.3599        7.351548        230.7655      -0.2073456E-09
    4 t   24    11.54044        7.063193        141.5790        7.335699        231.9062      -0.2102871E-09
