    0 t    2    6.070801       0.3791391        2637.555        9.179638        250.9245       0.5170316E-09
    0 t    3    6.704420       0.5861945        1705.918        7.617395        241.1943       0.3795222E-10
    0 t    4    6.812710       0.7658521        1305.735        6.804442        230.0599       0.4608639E-09
    0 t    5    6.759252       0.9286966        1076.778        6.245112        218.7618       0.9186891E-09
    0 t    6    6.648875        1.079628        926.2452        5.841268        208.1412       0.1426403E-08
    0 t    7    6.521684        1.221894        818.4015        5.544968        198.5686       0.1671682E-08
    0 t    8    6.394187        1.357740        736.5178        5.322613        190.1166       0.1833177E-08
    0 t    9    6.272975        1.488709        671.7231        5.151243        182.7252       0.1839633E-08
    0 t   10    6.160355        1.615874        618.8600        5.016059        176.2906       0.1772581E-08
    0 t   11    6.056793        1.740015        574.7075        4.907641        170.7006       0.1153695E-08
    0 t   12    5.961993        1.861719        537.1381        4.819799        165.8479       0.1170935E-08
    0 t   13    5.875365        1.981441        504.6832        4.748236        161.6340       0.1370377E-08
    0 t   14    5.796225        2.099548        476.2930        4.689791        157.9713       0.1577501E-08
    0 t   15    5.723890        2.216336        451.1952        4.642034        154.7829       0.1970533E-08
    0 t   16    5.657709        2.332046        428.8080        4.603038        152.0022       0.2213330E-08
    0 t   17    5.597082        2.446878        408.6841        4.571250        149.5717       0.2234857E-08
    0 t   18    5.541462        2.560994        390.4734        4.545408        147.4426       0.2198439E-08
    0 t   19    5.490355        2.674531        373.8974        4.524478        145.5731       0.2097051E-08
    0 t   20    5.443321        2.787599        358.7316        4.507612        143.9278       0.1925145E-08
    0 t   21    5.399961        2.900291        344.7929        4.494115        142.4763       0.1657096E-08
    0 t   22    5.359924        3.012685        331.9299        4.483413        141.1931       0.1275489E-08
    0 t   23    5.322892        3.124842        320.0162        4.475032        140.0563       0.1367305E-08
    0 t   24    5.288585        3.236817        308.9455        4.468579        139.0470       0.7981109E-09
    1 t    1    32.86162        1.231382        812.0957        2.599266        269.1483       0.2890533E-11
    1 t    2    21.07274        1.316054        759.8474        4.133048        265.1750       0.6185964E-11
    1 t    3    16.42220        1.435860        696.4469        5.395019        261.2898       0.1057416E-10
    1 t    4    14.08294        1.583136        631.6577        6.322459        257.9032       0.1598222E-09
    1 t    5    12.73121        1.749222        571.6828        6.901153        254.6031       0.2091291E-09
    1 t    6    11.85993        1.925787        519.2683        7.170418        250.8655       0.3770061E-09
    1 t    7    11.24042        2.105991        474.8359        7.206267        246.5394       0.5330911E-09
    1 t    8    10.76156        2.285109        437.6159        7.097977        241.8864       0.5265949E-09
    1 t    9    10.36817        2.460583        406.4077        6.926270        237.3326       0.4497724E-09
    1 t   10    10.03266        2.631587        379.9988        6.746873        233.1936       0.4134611E-09
    1 t   11    9.740618        2.798317        357.3577        6.586603        229.5622       0.4402544E-09
    1 t   12    9.483489        2.961356        337.6831        6.451372        226.3627       0.3428106E-09
    1 t   13    9.255251        3.121293        320.3801        6.337205        223.4541       0.3223222E-09
    1 t   14    9.051162        3.278573        305.0107        6.237780        220.7014       0.5254755E-09
    1 t   15    8.867319        3.433496        291.2483        6.147741        218.0039       0.8682451E-09
    1 t   16    8.700491        3.586247        278.8430        6.063483        215.2984       0.1017153E-08
    1 t   17    8.548027        3.736943        267.5984        5.982918        212.5524       0.7662514E-09
    1 t   18    8.407765        3.885660        257.3565        5.904997        209.7548       0.4452320E-09
    1 t   19    8.277951        4.032459        247.9876        5.829299        206.9089       0.1702356E-09
    1 t   20    8.157161        4.177394        239.3837        5.755740        204.0263       0.2228093E-09
    1 t   21    8.044238        4.320519        231.4537        5.684392        201.1232       0.4321694E-09
    1 t   22    7.938233        4.461890        224.1203        5.615381        198.2176       0.7040717E-09
    1 t   23    7.838365        4.601569        217.3172        5.548836        195.3276       0.8083271E-09
    1 t   24    7.743987        4.739617        210.9875        5.484860        192.4703       0.5937975E-09
    2 t    1    58.59060        2.195491        455.4789        1.305652        214.6610      -0.1413915E-09
    2 t    2    35.84951        2.238905        446.6469        2.161985        215.3938      -0.1227074E-09
    2 t    3    26.34578        2.303518        434.1186        2.999349        216.6367      -0.1035483E-09
    2 t    4    21.24972        2.388791        418.6218        3.812719        218.5143      -0.8224093E-10
    2 t    5    18.15221        2.494048        400.9546        4.595453        221.1141      -0.6557527E-10
    2 t    6    16.12520        2.618370        381.9170        5.333699        224.4146      -0.5613596E-10
    2 t    7    14.73291        2.760339        362.2743        6.000974        228.2029       0.2446895E-11
    2 t    8    13.74082        2.917724        342.7329        6.559788        232.0444       0.6787834E-11
    2 t    9    13.00916        3.087346        323.9028        6.975062        235.3928       0.3248895E-09
    2 t   10    12.44890        3.265373        306.2437        7.231917        237.8178       0.5405995E-09
    2 t   11    12.00192        3.447951        290.0273        7.343503        239.1819       0.2128047E-09
    2 t   12    11.63068        3.631849        275.3418        7.344473        239.6382      -0.1970566E-10
    2 t   13    11.31173        3.814830        262.1349        7.277220        239.4928       0.3341157E-09
    2 t   14    11.03087        3.995677        250.2705        7.179225        239.0516       0.8163790E-09
    2 t   15    10.77966        4.173969        239.5801        7.076194        238.5303       0.1094620E-08
    2 t   16    10.55286        4.349772        229.8971        6.981533        238.0396       0.5603601E-09
    2 t   17    10.34692        4.523366        221.0743        6.899690        237.6127       0.3771180E-09
    2 t   18    10.15916        4.695070        212.9894        6.830219        237.2423      -0.4441586E-10
    2 t   19    9.987362        4.865169        205.5427        6.770809        236.9065       0.4630667E-09
    2 t   20    9.829616        5.033881        198.6539        6.718951        236.5836       0.5074881E-09
    2 t   21    9.684266        5.201369        192.2571        6.672607        236.2570       0.2441597E-09
    2 t   22    9.549868        5.367752        186.2977        6.630330        235.9149       0.5376384E-09
    2 t   23    9.425177        5.533117        180.7299        6.591150        235.5491       0.2550784E-09
    2 t   24    9.309115        5.697535        175.5145        6.554407        235.1521      -0.4999136E-10
    3 t    1    85.63529        3.208903        311.6330       0.9172175        215.9303      -0.6389956E-10
    3 t    2    51.87005        3.239435        308.6958        1.522178        216.7151      -0.6333020E-10
    3 t    3    37.57111        3.284994        304.4146        2.118028        217.8850      -0.6268906E-10
    3 t    4    29.75861        3.345320        298.9251        2.702338        219.4320      -0.6220249E-10
    3 t    5    24.89224        3.420103        292.3888        3.273622        221.3458      -0.6213722E-10
    3 t    6    21.61018        3.509007        284.9809        3.831151        223.6127      -0.6277227E-10
    3 t    7    19.27682        3.611679        276.8795        4.374323        226.2118      -0.6244786E-10
    3 t    8    17.55555        3.727742        268.2589        4.901398        229.1055      -0.6227455E-10
    3 t    9    16.25117        3.856742        259.2862        5.407547        232.2233      -0.6442306E-10
    3 t   10    15.24212        3.998041        250.1225        5.882661        235.4410      -0.7064664E-10
    3 t   11    14.44800        4.150669        240.9250        6.310344        238.5685      -0.7689771E-10
    3 t   12    13.81261        4.313187        231.8471        6.670192        241.3671      -0.8457968E-10
    3 t   13    13.29494        4.483660        223.0321        6.944269        243.6116       0.9257099E-11
    3 t   14    12.86438        4.659822        214.6005        7.125233        245.1749       0.5706267E-09
    3 t   15    12.49822        4.839411        206.6367        7.220955        246.0807       0.5314167E-09
    3 t   16    12.18017        5.020534        199.1820        7.252234        246.4836       0.4748607E-09
    3 t   17    11.89904        5.201904        192.2373        7.245085        246.5921      -0.8410927E-10
    3 t   18    11.64740        5.382861        185.7748        7.222499        246.5872      -0.8403195E-10
    3 t   19    11.42036        5.563227        179.7518        7.199731        246.5776      -0.8424470E-10
    3 t   20    11.21451        5.743103        174.1219        7.183877        246.5956       0.1792441E-09
    3 t   21    11.02726        5.922683        168.8424        7.175961        246.6160       0.6588448E-09
    3 t   22    10.85643        6.102141        163.8769        7.173494        246.5777       0.7039000E-09
    3 t   23    10.70009        6.281564        159.1960        7.172451        246.4011       0.8070357E-09
    3 t   24    10.55642        6.460933        154.7764        7.168431        245.9992       0.5123924E-09
    4 t    1    112.6028        4.219421        236.9994       0.6895153        228.5045      -0.2688120E-09
    4 t    2    67.92961        4.242400        235.7156        1.147262        228.9433      -0.2615946E-09
    4 t    3    48.91458        4.276800        233.8197        1.602367        229.5979      -0.2488931E-09
    4 t    4    38.45160        4.322545        231.3452        2.054272        230.4654      -0.2468825E-09
    4 t    5    31.87532        4.379553        228.3338        2.502899        231.5436      -0.2583655E-09
    4 t    6    27.39140        4.447747        224.8329        2.948754        232.8320      -0.2456784E-09
    4 t    7    24.16259        4.527070        220.8934        3.392983        234.3336      -0.2223776E-09
    4 t    8    21.74582        4.617503        216.5673        3.837347        236.0546      -0.2050609E-09
    4 t    9    19.88478        4.719075        211.9059        4.284018        238.0031      -0.1900831E-09
    4 t   10    18.42101        4.831870        206.9592        4.735065        240.1846      -0.1803246E-09
    4 t   11    17.25131        4.956014        201.7751        5.191428        242.5913      -0.1706353E-09
    4 t   12    16.30548        5.091622        196.4011        5.651207        245.1841      -0.1599087E-09
    4 t   13    15.53380        5.238706        190.8868        6.107368        247.8661      -0.1521435E-09
    4 t   14    14.89954        5.397012        185.2877        6.545596        250.4548      -0.1480902E-09
    4 t   15    14.37427        5.565830        179.6677        6.943812        252.6684      -0.1547341E-09
    4 t   16    13.93493        5.743827        174.1000        7.274854        254.1469      -0.1722176E-09
    4 t   17    13.56218        5.928982        168.6630        7.512274        254.5144      -0.1961191E-09
    4 t   18    13.23960        6.118698        163.4335        7.637263        253.4726      -0.1430924E-09
    4 t   19    12.95348        6.310063        158.4770        7.644404        250.8967       0.6593299E-09
    4 t   20    12.69295        6.500235        153.8406        7.544875        246.9108       0.5659593E-09
    4 t   21    12.45005        6.686856        149.5471        7.365748        241.9000       0.3807955E-09
    4 t   22    12.21968        6.868386        145.5946        7.143845        236.4247       0.2310295E-09
    4 t   23    11.99921        7.044223        141.9603        6.915547        231.0581      -0.3045529E-09
    4 t   24    11.78777        7.214570        138.6084        6.708132        226.2465      -0.3299249E-09
