    0 t    2    6.125182       0.3825353        2614.138        9.283332        255.1354       0.1570761E-08
    0 t    3    6.774785       0.5923468        1688.200        7.734782        246.0174       0.2240709E-08
    0 t    4    6.894954       0.7750977        1290.160        6.932806        235.2817       0.2659253E-08
    0 t    5    6.850281       0.9412036        1062.469        6.375900        224.1301       0.1445960E-08
    0 t    6    6.745813        1.095368        912.9350        5.967916        213.4857       0.5242434E-09
    0 t    7    6.622145        1.240716        805.9860        5.664049        203.8176       0.6270099E-09
    0 t    8    6.496355        1.379435        724.9346        5.432723        195.2638       0.7889903E-09
    0 t    9    6.375518        1.513044        660.9192        5.251952        187.7965       0.8582303E-09
    0 t   10    6.262303        1.642615        608.7852        5.107379        181.3240       0.9282679E-09
    0 t   11    6.157441        1.768930        565.3135        4.989819        175.7368       0.1078867E-08
    0 t   12    6.060832        1.892582        528.3786        4.893242        170.9255       0.9518274E-09
    0 t   13    5.972031        2.014041        496.5141        4.813463        166.7879       0.9939496E-09
    0 t   14    5.890472        2.133686        468.6724        4.747393        163.2315       0.1138174E-08
    0 t   15    5.815555        2.251829        444.0835        4.692635        160.1743       0.1287389E-08
    0 t   16    5.746698        2.368726        422.1678        4.647265        157.5448       0.1440377E-08
    0 t   17    5.683352        2.484592        402.4805        4.609710        155.2812       0.1329464E-08
    0 t   18    5.625010        2.599606        384.6737        4.578667        153.3304       0.1062220E-08
    0 t   19    5.571206        2.713916        368.4713        4.553055        151.6472       0.9906990E-09
    0 t   20    5.521518        2.827645        353.6512        4.531974        150.1932       0.8690184E-09
    0 t   21    5.475566        2.940898        340.0322        4.514677        148.9357       0.6872832E-09
    0 t   22    5.433003        3.053761        327.4651        4.500539        147.8471       0.4339982E-09
    0 t   23    5.393522        3.166305        315.8255        4.489043        146.9039       0.4703335E-09
    0 t   24    5.356842        3.278592        305.0089        4.479757        146.0861       0.1040233E-09
    1 t    1    32.81337        1.229574        813.2899        2.583172        261.4576      -0.6965152E-11
    1 t    2    21.03480        1.313684        761.2179        4.103986        257.0228      -0.6128187E-11
    1 t    3    16.38518        1.432623        698.0204        5.355188        252.6226       0.1777538E-10
    1 t    4    14.04463        1.578829        633.3807        6.277198        248.7944       0.7940809E-10
    1 t    5    12.69140        1.743752        573.4761        6.852720        245.1635       0.4092442E-09
    1 t    6    11.81831        1.919028        521.0972        7.113891        241.1459       0.3765508E-09
    1 t    7    11.19580        2.097630        476.7286        7.132667        236.5343       0.2510330E-09
    1 t    8    10.71225        2.274638        439.6304        7.002091        231.6339       0.1221385E-09
    1 t    9    10.31292        2.447473        408.5847        6.811840        226.9924       0.2105500E-09
    1 t   10    9.971319        2.615498        382.3363        6.624625        223.0184       0.4474826E-09
    1 t   11    9.674101        2.779208        359.8148        6.468669        219.8162       0.6432502E-09
    1 t   12    9.413377        2.939463        340.1982        6.347589        217.2641       0.7998335E-09
    1 t   13    9.183391        3.097058        322.8871        6.254312        215.1573       0.6819993E-09
    1 t   14    8.979392        3.252576        307.4486        6.179941        213.2991       0.3353174E-09
    1 t   15    8.797325        3.406394        293.5656        6.117213        211.5356       0.9866971E-10
    1 t   16    8.633745        3.558735        280.9987        6.061086        209.7585       0.1154028E-09
    1 t   17    8.485762        3.709722        269.5619        6.008345        207.8989       0.3567233E-09
    1 t   18    8.350973        3.859414        259.1067        5.957056        205.9183       0.8606366E-09
    1 t   19    8.227392        4.007830        249.5116        5.906132        203.8011       0.1116905E-08
    1 t   20    8.113383        4.154974        240.6754        5.855029        201.5486       0.1272648E-08
    1 t   21    8.007595        4.300838        232.5128        5.803557        199.1743       0.8417839E-09
    1 t   22    7.908918        4.445413        224.9510        5.751745        196.6994       0.8106409E-09
    1 t   23    7.816432        4.588692        217.9270        5.699763        194.1503       0.5904456E-09
    1 t   24    7.729377        4.730675        211.3863        5.647860        191.5551       0.6087175E-10
    2 t    1    57.28796        2.146679        465.8358        1.302621        203.0288      -0.1324942E-09
    2 t    2    35.06637        2.189996        456.6218        2.157255        203.8674      -0.1192604E-09
    2 t    3    25.78504        2.254490        443.5593        2.994948        205.3028      -0.1022987E-09
    2 t    4    20.81314        2.339713        427.4028        3.814322        207.5181      -0.8422573E-10
    2 t    5    17.79667        2.445198        408.9648        4.614232        210.6990      -0.6744491E-10
    2 t    6    15.82963        2.570376        389.0481        5.386323        214.9529      -0.4983498E-10
    2 t    7    14.48706        2.714277        368.4222        6.105460        220.1751      -0.8936910E-11
    2 t    8    13.53987        2.875054        347.8196        6.727493        225.9285       0.2151928E-09
    2 t    9    12.85034        3.049655        327.9060        7.204120        231.4968       0.2309294E-09
    2 t   10    12.32939        3.234025        309.2122        7.506860        236.1547       0.4783913E-09
    2 t   11    11.91784        3.423795        292.0735        7.639302        239.4396       0.1116949E-08
    2 t   12    11.57687        3.615043        276.6218        7.631835        241.2281       0.7177933E-09
    2 t   13    11.28202        3.804810        262.8252        7.528632        241.6556       0.3602337E-09
    2 t   14    11.01872        3.991273        250.5466        7.374567        240.9959      -0.2441432E-10
    2 t   15    10.77879        4.173634        239.5994        7.205261        239.5603      -0.4202040E-11
    2 t   16    10.55781        4.351815        229.7892        7.042821        237.6313      -0.3073787E-11
    2 t   17    10.35326        4.526137        220.9390        6.897418        235.4360       0.1283941E-09
    2 t   18    10.16349        4.697070        212.8987        6.771667        233.1472       0.2427602E-09
    2 t   19    9.987214        4.865097        205.5458        6.664665        230.8925       0.2464621E-09
    2 t   20    9.823333        5.030663        198.7809        6.574391        228.7633       0.4255378E-09
    2 t   21    9.670844        5.194160        192.5239        6.498729        226.8198       0.4603469E-09
    2 t   22    9.528834        5.355929        186.7090        6.435708        225.0949       0.4181321E-09
    2 t   23    9.396463        5.516261        181.2822        6.383476        223.5974       0.7444785E-09
    2 t   24    9.272955        5.675404        176.1989        6.340230        222.3173       0.6829179E-09
    3 t    1    83.45585        3.127235        319.7712       0.9226422        212.3245      -0.6351071E-10
    3 t    2    50.56526        3.157947        316.6615        1.531067        213.3004      -0.6104031E-10
    3 t    3    36.64211        3.203768        312.1325        2.130022        214.7186      -0.6137032E-10
    3 t    4    29.03900        3.264425        306.3326        2.716743        216.5255      -0.6200927E-10
    3 t    5    24.30623        3.339587        299.4382        3.289379        218.6519      -0.7840630E-10
    3 t    6    21.11677        3.428888        291.6397        3.847074        221.0167      -0.7576332E-10
    3 t    7    18.85129        3.531952        283.1296        4.389855        223.5325      -0.7458310E-10
    3 t    8    17.18194        3.648410        274.0920        4.918129        226.1130      -0.7533892E-10
    3 t    9    15.91894        3.777899        264.6974        5.431495        228.6798      -0.5763446E-10
    3 t   10    14.94464        3.920010        255.1014        5.926581        231.1660      -0.3766419E-10
    3 t   11    14.18177        4.074186        245.4478        6.394181        233.5105      -0.4382824E-10
    3 t   12    13.57677        4.239544        235.8744        6.817252        235.6454       0.3400438E-09
    3 t   13    13.09042        4.414686        226.5167        7.172611        237.4840       0.3575188E-09
    3 t   14    12.69268        4.597628        217.5035        7.437860        238.9311      -0.7133314E-10
    3 t   15    12.36011        4.785932        208.9457        7.600749        239.9175       0.4890915E-09
    3 t   16    12.07469        4.977054        200.9221        7.665151        240.4374       0.4752991E-09
    3 t   17    11.82318        5.168742        193.4707        7.650117        240.5575       0.8577287E-09
    3 t   18    11.59651        5.359344        186.5900        7.582921        240.3859       0.5918264E-09
    3 t   19    11.38888        5.547896        180.2485        7.490001        240.0203       0.6141525E-09
    3 t   20    11.19675        5.734011        174.3980        7.390279        239.5094      -0.1124692E-09
    3 t   21    11.01790        5.917656        168.9858        7.293261        238.8471      -0.1253968E-09
    3 t   22    10.85074        6.098938        163.9630        7.201085        237.9928      -0.1469713E-09
    3 t   23    10.69395        6.277960        159.2874        7.111964        236.9006      -0.1713128E-09
    3 t   24    10.54634        6.454763        154.9244        7.023096        235.5414      -0.1978746E-09
    4 t    1    111.9531        4.195076        238.3747       0.6713000        216.8814      -0.2183718E-09
    4 t    2    67.52975        4.217428        237.1113        1.114764        216.9592      -0.2163339E-09
    4 t    3    48.61729        4.250806        235.2495        1.552443        217.0796      -0.2085387E-09
    4 t    4    38.20697        4.295044        232.8265        1.982648        217.2482      -0.2001836E-09
    4 t    5    31.65978        4.349939        229.8883        2.404280        217.4744      -0.2079019E-09
    4 t    6    27.19139        4.415270        226.4867        2.816953        217.7720      -0.1955813E-09
    4 t    7    23.96909        4.490817        222.6766        3.221081        218.1607      -0.1845920E-09
    4 t    8    21.55215        4.576379        218.5134        3.617917        218.6659      -0.1754098E-09
    4 t    9    19.68557        4.671799        214.0503        4.009520        219.3190      -0.1748185E-09
    4 t   10    18.21174        4.776977        209.3374        4.398615        220.1556      -0.1755175E-09
    4 t   11    17.02811        4.891890        204.4200        4.788259        221.2119      -0.1777147E-09
    4 t   12    16.06519        5.016586        199.3387        5.181182        222.5195      -0.1852687E-09
    4 t   13    15.27423        5.151167        194.1308        5.578631        224.0955      -0.1911611E-09
    4 t   14    14.61993        5.295730        188.8314        5.978573        225.9294      -0.1941440E-09
    4 t   15    14.07579        5.450256        183.4776        6.373447        227.9659      -0.1825011E-09
    4 t   16    13.62105        5.614447        178.1119        6.748422        230.0926       0.2794975E-09
    4 t   17    13.23866        5.787548        172.7848        7.081969        232.1431       0.3052086E-09
    4 t   18    12.91400        5.968221        167.5541        7.350277        233.9296      -0.3177820E-10
    4 t   19    12.63431        6.154583        162.4805        7.534730        235.2989      -0.2194770E-09
    4 t   20    12.38871        6.344427        157.6186        7.628991        236.1889       0.3108842E-09
    4 t   21    12.16839        6.535578        153.0086        7.641997        236.6489       0.2988181E-09
    4 t   22    11.96681        6.726255        148.6711        7.595399        236.8146       0.9717090E-09
    4 t   23    11.77961        6.915305        144.6068        7.516551        236.8458       0.4531028E-09
    4 t   24    11.60425        7.102246        140.8005        7.430229        236.8618      -0.2208914E-09
