    0 t    2    6.110287       0.3816051        2620.510        9.238192        250.0046       0.5453743E-09
    0 t    3    6.746942       0.5899124        1695.167        7.659374        240.4409      -0.2173067E-10
    0 t    4    6.853460       0.7704331        1297.971        6.831355        229.4850       0.3321238E-09
    0 t    5    6.796367       0.9337961        1070.898        6.260182        218.4431       0.7126173E-09
    0 t    6    6.682116        1.085025        921.6374        5.850803        208.2055       0.1030680E-08
    0 t    7    6.551795        1.227536        814.6403        5.555503        199.1414       0.1215865E-08
    0 t    8    6.422331        1.363717        733.2902        5.339058        191.2894       0.1496597E-08
    0 t    9    6.300362        1.495208        668.8033        5.176540        184.5480       0.1556209E-08
    0 t   10    6.188046        1.623138        616.0907        5.051525        178.7782       0.1953723E-08
    0 t   11    6.085636        1.748301        571.9837        4.953455        173.8430       0.1717020E-08
    0 t   12    5.992614        1.871280        534.3935        4.875414        169.6193       0.2323596E-08
    0 t   13    5.908193        1.992512        501.8790        4.812685        166.0007       0.1975007E-08
    0 t   14    5.831527        2.112335        473.4097        4.761900        162.8960       0.2715417E-08
    0 t   15    5.761801        2.231015        448.2265        4.720556        160.2281       0.3055131E-08
    0 t   16    5.698264        2.348762        425.7562        4.686739        157.9317       0.2818940E-08
    0 t   17    5.640241        2.465745        405.5569        4.658958        155.9522       0.2703489E-08
    0 t   18    5.587131        2.582100        387.2817        4.636037        154.2433       0.3305056E-08
    0 t   19    5.538401        2.697935        370.6538        4.617042        152.7665       0.3048308E-08
    0 t   20    5.493583        2.813339        355.4495        4.601222        151.4891       0.3215380E-08
    0 t   21    5.452264        2.928383        341.4854        4.587976        150.3836       0.2749791E-08
    0 t   22    5.414081        3.043125        328.6096        4.576818        149.4270       0.2093821E-08
    0 t   23    5.378712        3.157612        316.6951        4.567355        148.5995       0.2224066E-08
    0 t   24    5.345876        3.271881        305.6346        4.559266        147.8846       0.1297234E-08
    1 t    1    33.04993        1.238438        807.4687        2.557274        254.0918      -0.4524443E-12
    1 t    2    21.16661        1.321916        756.4777        4.082866        250.7892       0.1373227E-11
    1 t    3    16.47634        1.440593        694.1585        5.358009        247.6363       0.4251182E-11
    1 t    4    14.11992        1.587294        630.0032        6.314956        244.9342       0.1216006E-09
    1 t    5    12.76333        1.753636        570.2439        6.928671        242.1744       0.5427616E-09
    1 t    6    11.89378        1.931283        517.7906        7.227231        238.7182       0.4511601E-09
    1 t    7    11.27856        2.113136        473.2304        7.277941        234.3168       0.4621179E-09
    1 t    8    10.80363        2.294041        435.9121        7.165532        229.2048       0.3627278E-09
    1 t    9    10.41193        2.470969        404.6995        6.971924        223.8756       0.3823247E-09
    1 t   10    10.07508        2.642715        378.3988        6.758616        218.7677       0.4008536E-09
    1 t   11    9.778702        2.809258        355.9659        6.558901        214.0901       0.6477194E-09
    1 t   12    9.514705        2.971104        336.5752        6.383120        209.8455       0.6215136E-09
    1 t   13    9.277643        3.128844        319.6068        6.229525        205.9380       0.9059822E-09
    1 t   14    9.063295        3.282968        304.6024        6.092774        202.2590       0.8695785E-09
    1 t   15    8.868189        3.433833        291.2198        5.968029        198.7262       0.7155570E-09
    1 t   16    8.689448        3.581696        279.1974        5.852070        195.2896       0.4770838E-09
    1 t   17    8.524713        3.726751        268.3303        5.743127        191.9259       0.2576854E-09
    1 t   18    8.372067        3.869162        258.4539        5.640387        188.6293       0.1824414E-10
    1 t   19    8.229959        4.009081        249.4337        5.543553        185.4045       0.3523072E-09
    1 t   20    8.097134        4.146653        241.1583        5.452552        182.2613       0.7350266E-09
    1 t   21    7.972567        4.282025        233.5344        5.367370        179.2116       0.6729931E-09
    1 t   22    7.855416        4.415341        226.4831        5.287978        176.2669       0.7939363E-09
    1 t   23    7.744978        4.546745        219.9376        5.214301        173.4378       0.6310041E-09
    1 t   24    7.640664        4.676379        213.8406        5.146218        170.7330       0.1050914E-08
    2 t    1    58.84958        2.205196        453.4745        1.299921        198.5908      -0.1418442E-09
    2 t    2    36.00167        2.248408        444.7591        2.151268        199.5646      -0.1256065E-09
    2 t    3    26.45054        2.312678        432.3992        2.982235        201.1101      -0.1062025E-09
    2 t    4    21.32660        2.397433        417.1127        3.788228        203.3071      -0.8823476E-10
    2 t    5    18.21005        2.501995        399.6811        4.564556        206.2205      -0.6833491E-10
    2 t    6    16.16919        2.625512        380.8781        5.301293        209.8466      -0.2056084E-10
    2 t    7    14.76714        2.766752        361.4347        5.976734        214.0285      -0.7750768E-11
    2 t    8    13.76925        2.923759        342.0254        6.555502        218.3842      -0.4248961E-11
    2 t    9    13.03557        3.093615        323.2465        6.998389        222.3497       0.2760583E-09
    2 t   10    12.47632        3.272564        305.5708        7.280969        225.3855       0.7576478E-09
    2 t   11    12.03196        3.456581        289.3032        7.406834        227.2108       0.5079887E-09
    2 t   12    11.66345        3.642080        274.5684        7.406446        227.8839       0.5654036E-09
    2 t   13    11.34620        3.826456        261.3384        7.324949        227.6992       0.5929430E-09
    2 t   14    11.06559        4.008252        249.4853        7.206782        227.0067       0.3703426E-09
    2 t   15    10.81328        4.186986        238.8353        7.084198        226.0743       0.5437404E-09
    2 t   16    10.58443        4.362788        229.2112        6.973844        225.0428       0.4426797E-09
    2 t   17    10.37591        4.536038        220.4567        6.880095        223.9534       0.4803679E-09
    2 t   18    10.18526        4.707132        212.4436        6.800655        222.7972       0.1764065E-09
    2 t   19    10.01036        4.876372        205.0705        6.731040        221.5534       0.3884956E-09
    2 t   20    9.849279        5.043951        198.2573        6.667038        220.2094       0.6082730E-09
    2 t   21    9.700273        5.209967        191.9398        6.605628        218.7661       0.3959560E-09
    2 t   22    9.561805        5.374461        186.0652        6.545052        217.2366       0.6839682E-09
    2 t   23    9.432546        5.537444        180.5887        6.484543        215.6410       0.7438050E-09
    2 t   24    9.311367        5.698914        175.4720        6.423972        214.0013       0.5636593E-09
    3 t    1    86.37544        3.236637        308.9626       0.8658111        201.0414      -0.6019432E-10
    3 t    2    52.28687        3.265466        306.2350        1.437598        201.8426      -0.5961708E-10
    3 t    3    37.84010        3.308513        302.2506        2.002036        203.0321      -0.5891418E-10
    3 t    4    29.93877        3.365572        297.1263        2.557672        204.5971      -0.5825891E-10
    3 t    5    25.01100        3.436420        291.0005        3.104329        206.5237      -0.5785464E-10
    3 t    6    21.68306        3.520841        284.0231        3.643138        208.7978      -0.5791640E-10
    3 t    7    19.31410        3.618663        276.3451        4.176186        211.4041      -0.5865490E-10
    3 t    8    17.56510        3.729770        268.1130        4.705512        214.3197      -0.6026827E-10
    3 t    9    16.23992        3.854074        259.4657        5.231082        217.4983      -0.6600869E-10
    3 t   10    15.21691        3.991429        250.5368        5.747551        220.8423      -0.7353271E-10
    3 t   11    14.41591        4.141449        241.4614        6.240607        224.1670      -0.8075401E-10
    3 t   12    13.78081        4.303258        232.3821        6.685427        227.1799      -0.6647187E-11
    3 t   13    13.27004        4.475263        223.4506        7.050647        229.5142       0.2288653E-10
    3 t   14    12.85135        4.655103        214.8180        7.308377        230.8330       0.5039830E-09
    3 t   15    12.49945        4.839887        206.6164        7.445457        230.9643       0.4807395E-09
    3 t   16    12.19501        5.026651        198.9396        7.469676        229.9877       0.4482604E-09
    3 t   17    11.92413        5.212876        191.8327        7.408071        228.2196       0.4855771E-09
    3 t   18    11.67773        5.396878        185.2923        7.298179        226.0986       0.4831555E-09
    3 t   19    11.45050        5.577913        179.2785        7.175981        224.0307       0.1947680E-09
    3 t   20    11.23972        5.756015        173.7313        7.066518        222.2785       0.1938023E-09
    3 t   21    11.04399        5.931672        168.5865        6.981243        220.9387       0.1971863E-09
    3 t   22    10.86244        6.105516        163.7863        6.921030        219.9847       0.2171956E-09
    3 t   23    10.69422        6.278121        159.2833        6.880964        219.3243       0.2443752E-09
    3 t   24    10.53840        6.449905        155.0411        6.854176        218.8441      -0.1470516E-09
    4 t    1    115.5066        4.328233        231.0411       0.6375968        204.2785      -0.2828453E-09
    4 t    2    69.64396        4.349466        229.9133        1.059010        204.3360      -0.2803445E-09
    4 t    3    50.10841        4.381181        228.2489        1.475213        204.4247      -0.2768579E-09
    4 t    4    39.34723        4.423227        226.0793        1.884651        204.5489      -0.2703273E-09
    4 t    5    32.57307        4.475421        223.4427        2.286283        204.7164      -0.2605001E-09
    4 t    6    27.94451        4.537561        220.3827        2.679717        204.9395      -0.2481503E-09
    4 t    7    24.60225        4.609444        216.9459        3.065335        205.2373      -0.2387308E-09
    4 t    8    22.09143        4.690890        213.1792        3.444401        205.6373      -0.2224821E-09
    4 t    9    20.14891        4.781759        209.1280        3.819152        206.1765      -0.2075953E-09
    4 t   10    18.61206        4.881983        204.8348        4.192823        206.9033      -0.1931310E-09
    4 t   11    17.37513        4.991584        200.3372        4.569520        207.8770      -0.1846921E-09
    4 t   12    16.36655        5.110693        195.6682        4.953763        209.1647      -0.1812181E-09
    4 t   13    15.53630        5.239550        190.8561        5.349376        210.8324      -0.1761463E-09
    4 t   14    14.84832        5.378460        185.9268        5.757330        212.9228      -0.1755118E-09
    4 t   15    14.27575        5.527683        180.9076        6.172435        215.4188      -0.1733558E-09
    4 t   16    13.79764        5.687235        175.8324        6.579841        218.1932      -0.1753579E-09
    4 t   17    13.39666        5.856623        170.7469        6.954021        220.9763      -0.7637616E-10
    4 t   18    13.05767        6.034622        165.7105        7.263238        223.3833      -0.1263788E-10
    4 t   19    12.76703        6.219235        160.7915        7.479114        225.0228       0.9156814E-09
    4 t   20    12.51266        6.407903        156.0573        7.586411        225.6412       0.3749344E-09
    4 t   21    12.28444        6.597908        151.5632        7.588115        225.2191       0.3056535E-09
    4 t   22    12.07458        6.786833        147.3441        7.504570        223.9730       0.3179572E-09
    4 t   23    11.87777        6.972928        143.4118        7.367550        222.2642       0.3184525E-09
    4 t   24    11.69091        7.155286        139.7568        7.210975        220.4629      -0.2803854E-09
