    0 t    2    6.178480       0.3858640        2591.587        9.323483        253.6916      -0.2301362E-09
    0 t    3    6.813995       0.5957751        1678.486        7.707217        242.6624       0.1145304E-09
    0 t    4    6.914019       0.7772408        1286.603        6.862344        230.3613       0.6590178E-09
    0 t    5    6.851081       0.9413136        1062.345        6.288163        218.2557       0.1029563E-08
    0 t    6    6.732923        1.093275        914.6827        5.882468        207.2057       0.1312837E-08
    0 t    7    6.600339        1.236631        808.6488        5.591879        197.4834       0.1479764E-08
    0 t    8    6.469615        1.373757        727.9309        5.378498        189.0484       0.1712260E-08
    0 t    9    6.346848        1.506240        663.9048        5.216673        181.7547       0.1739444E-08
    0 t   10    6.233840        1.635150        611.5648        5.090072        175.4429       0.1986635E-08
    0 t   11    6.130632        1.761228        567.7856        4.988473        169.9695       0.1938054E-08
    0 t   12    6.036591        1.885013        530.5004        4.905345        165.2114       0.1712933E-08
    0 t   13    5.950878        2.006907        498.2791        4.836338        161.0648       0.2004174E-08
    0 t   14    5.872632        2.127224        470.0961        4.778415        157.4421       0.2941026E-08
    0 t   15    5.801048        2.246212        445.1940        4.729361        154.2692       0.2889209E-08
    0 t   16    5.735399        2.364069        422.9995        4.687504        151.4835       0.3239698E-08
    0 t   17    5.675041        2.480959        403.0700        4.651544        149.0318       0.2913480E-08
    0 t   18    5.619403        2.597015        385.0574        4.620458        146.8691       0.3590138E-08
    0 t   19    5.567989        2.712349        368.6842        4.593420        144.9570       0.2960414E-08
    0 t   20    5.520360        2.827052        353.7253        4.569764        143.2628       0.3203292E-08
    0 t   21    5.476133        2.941203        339.9970        4.548943        141.7585       0.3839300E-08
    0 t   22    5.434968        3.054865        327.3467        4.530507        140.4204       0.4122167E-08
    0 t   23    5.396568        3.168094        315.6472        4.514085        139.2278       0.2742784E-08
    0 t   24    5.360670        3.280936        304.7911        4.499368        138.1632       0.2921864E-08
    1 t    1    33.01292        1.237051        808.3739        2.711825        265.1736       0.2774554E-10
    1 t    2    21.22367        1.325479        754.4441        4.320382        262.0907       0.1453270E-10
    1 t    3    16.59352        1.450839        689.2566        5.649529        259.2861       0.4374750E-10
    1 t    4    14.27855        1.605126        623.0041        6.624180        256.7815       0.6628663E-10
    1 t    5    12.94814        1.779027        562.1049        7.218267        253.7017       0.3072131E-09
    1 t    6    12.09099        1.963304        509.3454        7.462789        249.1782       0.4538070E-09
    1 t    7    11.47568        2.150068        465.1015        7.431712        243.0224       0.4101322E-09
    1 t    8    10.99014        2.333644        428.5145        7.225181        235.8621       0.4699382E-09
    1 t    9    10.58047        2.510967        398.2530        6.947399        228.7404       0.3596692E-09
    1 t   10    10.22224        2.681315        372.9513        6.676660        222.4894       0.2406829E-09
    1 t   11    9.904545        2.845410        351.4432        6.450094        217.4246       0.2531830E-09
    1 t   12    9.621563        3.004472        332.8372        6.273231        213.4681       0.5547728E-09
    1 t   13    9.368993        3.159652        316.4906        6.137642        210.3877       0.6079597E-09
    1 t   14    9.143010        3.311843        301.9467        6.032465        207.9440       0.6411568E-09
    1 t   15    8.940130        3.461689        288.8763        5.948731        205.9407       0.7656193E-09
    1 t   16    8.757245        3.609641        277.0359        5.880004        204.2295       0.7889516E-09
    1 t   17    8.591651        3.756014        266.2397        5.821863        202.7009       0.7058914E-09
    1 t   18    8.441031        3.901034        256.3423        5.771270        201.2747       0.3308614E-09
    1 t   19    8.303410        4.044861        247.2273        5.726101        199.8928       0.4070318E-09
    1 t   20    8.177113        4.187611        238.7996        5.684831        198.5131       0.6793152E-09
    1 t   21    8.060713        4.329367        230.9806        5.646347        197.1065       0.7361852E-09
    1 t   22    7.952996        4.470188        223.7042        5.609830        195.6539       0.8737272E-09
    1 t   23    7.852924        4.610115        216.9143        5.574679        194.1438       0.6697769E-09
    1 t   24    7.759608        4.749177        210.5628        5.540458        192.5711       0.7127149E-09
    2 t    1    58.18409        2.180259        458.6611        1.354651        208.7206      -0.1646660E-09
    2 t    2    35.63094        2.225255        449.3867        2.238729        209.3817      -0.1423419E-09
    2 t    3    26.21504        2.292087        436.2837        3.099666        210.5795      -0.1220932E-09
    2 t    4    21.17294        2.380160        420.1399        3.937224        212.5485      -0.9950154E-10
    2 t    5    18.11498        2.488932        401.7787        4.755242        215.5739      -0.7574096E-10
    2 t    6    16.12254        2.617938        381.9800        5.554054        219.9215      -0.5832656E-10
    2 t    7    14.76599        2.766537        361.4627        6.317028        225.6660      -0.5118286E-10
    2 t    8    13.81438        2.933343        340.9080        7.000928        232.4509      -0.1046891E-10
    2 t    9    13.12842        3.115651        320.9603        7.547523        239.4282       0.2486085E-09
    2 t   10    12.61686        3.309430        302.1669        7.914347        245.5879       0.7150723E-09
    2 t   11    12.21801        3.510029        284.8979        8.095233        250.2197       0.7807599E-09
    2 t   12    11.89080        3.713074        269.3186        8.116525        253.0904       0.5309515E-09
    2 t   13    11.60907        3.915107        255.4209        8.022287        254.3255       0.9363174E-10
    2 t   14    11.35708        4.113837        243.0821        7.860012        254.2078       0.2052845E-09
    2 t   15    11.12602        4.308085        232.1217        7.669173        253.0206       0.3010072E-09
    2 t   16    10.91121        4.497481        222.3467        7.474826        250.9697       0.6533579E-09
    2 t   17    10.71002        4.682102        213.5793        7.287986        248.1789       0.6596233E-09
    2 t   18    10.52073        4.862171        205.6694        7.110455        244.7259       0.4545685E-09
    2 t   19    10.34195        5.037899        198.4954        6.940116        240.6840       0.1212097E-09
    2 t   20    10.17242        5.209434        191.9594        6.774477        236.1493      -0.7191559E-10
    2 t   21    10.01103        5.376874        185.9817        6.612294        231.2492       0.8257606E-10
    2 t   22    9.856863        5.540306        180.4954        6.453910        226.1366       0.2321398E-09
    2 t   23    9.709183        5.699845        175.4434        6.300908        220.9752       0.4808356E-10
    2 t   24    9.567460        5.855652        170.7752        6.155514        215.9211       0.3518751E-10
    3 t    1    85.08128        3.188143        313.6622       0.9509091        214.3983      -0.6085567E-10
    3 t    2    51.55562        3.219798        310.5785        1.578322        215.5791      -0.5854775E-10
    3 t    3    37.36577        3.267040        306.0874        2.196566        217.3318      -0.5840609E-10
    3 t    4    29.61884        3.329608        300.3357        2.803133        219.6313      -0.5844540E-10
    3 t    5    24.79823        3.407186        293.4973        3.396500        222.4393      -0.5882767E-10
    3 t    6    21.55123        3.499436        285.7603        3.976198        225.7020      -0.6739461E-10
    3 t    7    19.24661        3.606019        277.3141        4.542724        229.3472      -0.7094827E-10
    3 t    8    17.55026        3.726619        268.3397        5.097180        233.2827      -0.6961701E-10
    3 t    9    16.26887        3.860945        259.0039        5.640359        237.3934      -0.6565282E-10
    3 t   10    15.28277        4.008704        249.4572        6.170817        241.5357      -0.6176370E-10
    3 t   11    14.51357        4.169506        239.8366        6.681686        245.5223      -0.6335576E-10
    3 t   12    13.90707        4.342683        230.2724        7.157039        249.1008      -0.6914358E-10
    3 t   13    13.42357        4.527039        220.8949        7.570497        251.9356       0.8070389E-11
    3 t   14    13.03222        4.720620        211.8366        7.889184        253.6214       0.3693301E-09
    3 t   15    12.70806        4.920660        203.2248        8.082745        253.7438       0.3680106E-09
    3 t   16    12.43064        5.123774        195.1686        8.133303        251.9885       0.5275231E-09
    3 t   17    12.18374        5.326369        187.7451        8.043476        248.2974       0.4062692E-09
    3 t   18    11.95547        5.525237        180.9877        7.841693        243.0288       0.3597727E-09
    3 t   19    11.73846        5.718185        174.8807        7.579505        236.9685      -0.1692869E-09
    3 t   20    11.52954        5.904438        169.3641        7.314590        231.0520      -0.1883522E-09
    3 t   21    11.32853        6.084494        164.3522        7.088256        225.9756       0.2077875E-10
    3 t   22    11.13650        6.259560        159.7556        6.915853        222.0249      -0.6634560E-11
    3 t   23    10.95457        6.430961        155.4977        6.793209        219.1669       0.2573490E-09
    3 t   24    10.78330        6.599791        151.5200        6.707730        217.2159       0.2613747E-09
    4 t    1    115.1504        4.314886        231.7558       0.7090372        227.3249      -0.2900054E-09
    4 t    2    69.46800        4.338477        230.4956        1.175782        227.3329      -0.3012080E-09
    4 t    3    50.02220        4.373643        228.6424        1.633793        227.3202      -0.2935832E-09
    4 t    4    39.31964        4.420125        226.2380        2.079951        227.2596      -0.2853044E-09
    4 t    5    32.58886        4.477591        223.3344        2.511513        227.1185      -0.2725801E-09
    4 t    6    27.99432        4.545647        219.9907        2.926246        226.8627      -0.2644009E-09
    4 t    7    24.67914        4.623852        216.2699        3.322561        226.4608      -0.2532356E-09
    4 t    8    22.18958        4.711732        212.2362        3.699701        225.8891      -0.2500419E-09
    4 t    9    20.26289        4.808809        207.9517        4.057969        225.1384      -0.2487913E-09
    4 t   10    18.73652        4.914630        203.4741        4.399017        224.2210      -0.2495362E-09
    4 t   11    17.50468        5.028802        198.8545        4.726216        223.1793      -0.2461966E-09
    4 t   12    16.49577        5.151042        194.1355        5.045047        222.0947      -0.2455219E-09
    4 t   13    15.65991        5.281234        189.3497        5.363432        221.0974      -0.2496325E-09
    4 t   14    14.96160        5.419492        184.5191        5.691623        220.3738      -0.2538463E-09
    4 t   15    14.37523        5.566202        179.6557        6.040876        220.1640      -0.2600259E-09
    4 t   16    13.88199        5.722007        174.7639        6.419447        220.7321      -0.2705345E-09
    4 t   17    13.46761        5.887638        169.8474        6.824669        222.2786      -0.2435277E-09
    4 t   18    13.12021        6.063521        164.9207        7.233348        224.7830       0.2188390E-09
    4 t   19    12.82856        6.249210        160.0202        7.599853        227.8626       0.7206193E-10
    4 t   20    12.58114        6.442973        155.2078        7.871096        230.8300       0.9887356E-10
    4 t   21    12.36638        6.641919        150.5589        8.010747        233.0101      -0.2355541E-09
    4 t   22    12.17384        6.842625        146.1427        8.013996        234.0862      -0.2069226E-09
    4 t   23    11.99534        7.041951        142.0061        7.906882        234.2216      -0.1838191E-09
    4 t   24    11.82555        7.237687        138.1657        7.735428        233.9175      -0.2092021E-09
