    0 t    2    6.059416       0.3784281        2642.510        9.125640        248.9925       0.4139893E-09
    0 t    3    6.674002       0.5835350        1713.693        7.517683        237.9769       0.8260670E-10
    0 t    4    6.763065       0.7602714        1315.320        6.674538        225.7145       0.5617461E-09
    0 t    5    6.693770       0.9196996        1087.312        6.105730        213.6388       0.1075129E-08
    0 t    6    6.572278        1.067190        937.0401        5.708198        202.5793       0.1660347E-08
    0 t    7    6.438387        1.206288        828.9897        5.426164        192.7975       0.2201166E-08
    0 t    8    6.307603        1.339355        746.6279        5.220064        184.2567       0.2585876E-08
    0 t    9    6.185454        1.467938        681.2277        5.063550        176.8213       0.2689294E-08
    0 t   10    6.073355        1.593054        627.7251        4.940282        170.3440       0.2369285E-08
    0 t   11    5.971112        1.715401        582.9541        4.840402        164.6926       0.2027376E-08
    0 t   12    5.877972        1.835482        544.8161        4.757883        159.7536       0.2298297E-08
    0 t   13    5.793044        1.953679        511.8549        4.688872        155.4306       0.2704732E-08
    0 t   14    5.715466        2.070295        483.0230        4.630749        151.6409       0.2993269E-08
    0 t   15    5.644453        2.185577        457.5451        4.581606        148.3132       0.4005759E-08
    0 t   16    5.579309        2.299730        434.8337        4.539973        145.3863       0.4312989E-08
    0 t   17    5.519421        2.412927        414.4345        4.504667        142.8071       0.4325250E-08
    0 t   18    5.464252        2.525312        395.9907        4.474709        140.5301       0.4164337E-08
    0 t   19    5.413329        2.637009        379.2176        4.449277        138.5159       0.4076577E-08
    0 t   20    5.366233        2.748121        363.8850        4.427672        136.7306       0.3722261E-08
    0 t   21    5.322593        2.858737        349.8048        4.409299        135.1450       0.3399164E-08
    0 t   22    5.282080        2.968931        336.8216        4.393652        133.7339       0.3904021E-08
    0 t   23    5.244403        3.078764        324.8057        4.380300        132.4759       0.3067972E-08
    0 t   24    5.209298        3.188290        313.6477        4.368876        131.3522       0.2273058E-08
    1 t    1    33.21918        1.244780        803.3545        2.633264        273.5986       0.1155758E-09
    1 t    2    21.30787        1.330738        751.4627        4.203441        269.4572       0.9014209E-11
    1 t    3    16.61578        1.452785        688.3332        5.502488        265.5441       0.1425560E-10
    1 t    4    14.25997        1.603038        623.8156        6.448792        262.1367       0.4016969E-10
    1 t    5    12.89845        1.772199        564.2706        7.015350        258.5568       0.3486197E-09
    1 t    6    12.01592        1.951115        512.5275        7.239144        254.0957       0.4671766E-09
    1 t    7    11.38015        2.132170        469.0057        7.202221        248.6172       0.4743847E-09
    1 t    8    10.87933        2.310115        432.8790        7.007585        242.5992       0.4062425E-09
    1 t    9    10.45956        2.482274        402.8564        6.753903        236.7757       0.3755706E-09
    1 t   10    10.09569        2.648122        377.6261        6.510972        231.6986       0.3276053E-09
    1 t   11    9.775722        2.808402        356.0744        6.310894        227.5516       0.6226591E-09
    1 t   12    9.492846        2.964278        337.3503        6.157944        224.2375       0.7642647E-09
    1 t   13    9.242041        3.116838        320.8380        6.043636        221.5417       0.4760738E-09
    1 t   14    9.018952        3.266906        306.1000        5.956796        219.2412       0.2638205E-09
    1 t   15    8.819664        3.415044        292.8220        5.887758        217.1484       0.4359657E-11
    1 t   16    8.640697        3.561601        280.7726        5.829304        215.1201       0.8974002E-11
    1 t   17    8.479021        3.706776        269.7762        5.776381        213.0532       0.1031061E-10
    1 t   18    8.332032        3.850660        259.6957        5.725581        210.8781       0.1107611E-10
    1 t   19    8.197519        3.993278        250.4208        5.674678        208.5523       0.2734497E-09
    1 t   20    8.073614        4.134608        241.8609        5.622296        206.0553       0.4540187E-09
    1 t   21    7.958749        4.274603        233.9398        5.567685        203.3840       0.7020708E-09
    1 t   22    7.851612        4.413203        226.5928        5.510561        200.5499       0.1000344E-08
    1 t   23    7.751111        4.550345        219.7636        5.450997        197.5753       0.1167763E-08
    1 t   24    7.656339        4.685973        213.4029        5.389336        194.4903       0.5900166E-09
    2 t    1    60.02891        2.249387        444.5655        1.289832        218.6438      -0.1112971E-09
    2 t    2    36.70396        2.292268        436.2491        2.135413        219.0896      -0.9936131E-10
    2 t    3    26.94708        2.356093        424.4315        2.963652        219.9673      -0.8411022E-10
    2 t    4    21.70889        2.440409        409.7673        3.773725        221.4914      -0.6886538E-10
    2 t    5    18.52135        2.544766        392.9634        4.565460        223.8818      -0.5445838E-10
    2 t    6    16.43476        2.668636        374.7233        5.331383        227.2745      -0.2576604E-10
    2 t    7    15.00384        2.811100        355.7326        6.046149        231.5778       0.1659426E-11
    2 t    8    13.98859        2.970334        336.6625        6.663447        236.3438       0.2625626E-11
    2 t    9    13.24465        3.143234        318.1437        7.131459        240.8285      -0.2078557E-11
    2 t   10    12.67855        3.325612        300.6966        7.419262        244.2954       0.2230781E-09
    2 t   11    12.22814        3.512941        284.6618        7.531128        246.3237       0.4306864E-09
    2 t   12    11.85275        3.701194        270.1831        7.500391        246.8838       0.7403902E-09
    2 t   13    11.52684        3.887375        257.2430        7.373462        246.2094       0.4217481E-09
    2 t   14    11.23510        4.069652        245.7212        7.194774        244.6255       0.4488672E-09
    2 t   15    10.96872        4.247176        235.4506        6.997740        242.4326       0.3434127E-09
    2 t   16    10.72267        4.419768        226.2562        6.802831        239.8675       0.3852322E-09
    2 t   17    10.49392        4.587631        217.9774        6.620547        237.1117       0.4256823E-09
    2 t   18    10.28050        4.751148        210.4755        6.455649        234.3124       0.9940853E-10
    2 t   19    10.08100        4.910783        203.6335        6.310269        231.5951       0.9293231E-10
    2 t   20    9.894363        5.067039        197.3539        6.185425        229.0647       0.2847780E-09
    2 t   21    9.719762        5.220434        191.5549        6.081460        226.8024       0.3153783E-09
    2 t   22    9.556517        5.371489        186.1681        5.998035        224.8619       0.1150886E-08
    2 t   23    9.404033        5.520705        181.1363        5.934091        223.2691       0.5403392E-09
    2 t   24    9.261754        5.668548        176.4120        5.887912        222.0254       0.6163784E-09
    3 t    1    86.46675        3.240059        308.6364       0.9451982        224.2382      -0.7544614E-10
    3 t    2    52.38406        3.271536        305.6668        1.570163        225.2753      -0.7498454E-10
    3 t    3    37.95502        3.318561        301.3354        2.187706        226.8004      -0.6887385E-10
    3 t    4    30.07526        3.380917        295.7778        2.795485        228.7751      -0.6567000E-10
    3 t    5    25.17050        3.458335        289.1565        3.391681        231.1451      -0.6408384E-10
    3 t    6    21.86576        3.550507        281.6499        3.974966        233.8401      -0.6275131E-10
    3 t    7    19.51923        3.657096        273.4410        4.544184        236.7723      -0.6154429E-10
    3 t    8    17.79096        3.777729        264.7093        5.097500        239.8347      -0.6035794E-10
    3 t    9    16.48385        3.911963        255.6262        5.630671        242.8945      -0.6233564E-10
    3 t   10    15.47524        4.059189        246.3546        6.134392        245.7807      -0.6557559E-10
    3 t   11    14.68403        4.218476        237.0524        6.591622        248.2696      -0.7429381E-10
    3 t   12    14.05335        4.388363        227.8754        6.977303        250.0885       0.1494386E-10
    3 t   13    13.54118        4.566704        218.9763        7.263301        250.9622       0.1002778E-10
    3 t   14    13.11532        4.750718        210.4945        7.428712        250.7125      -0.1601497E-10
    3 t   15    12.75107        4.937314        202.5393        7.471241        249.3731      -0.6425041E-10
    3 t   16    12.43032        5.123641        195.1737        7.412759        247.2387       0.4619306E-09
    3 t   17    12.14094        5.307656        188.4071        7.293621        244.7789       0.1527483E-09
    3 t   18    11.87574        5.488392        182.2027        7.156932        242.4430       0.6162032E-09
    3 t   19    11.63097        5.665826        176.4968        7.032940        240.4946       0.3842246E-09
    3 t   20    11.40462        5.840460        171.2194        6.933619        238.9772       0.1376615E-09
    3 t   21    11.19525        6.012911        166.3088        6.857178        237.7874       0.1358557E-09
    3 t   22    11.00146        6.183654        161.7167        6.795542        236.7680       0.1260942E-09
    3 t   23    10.82169        6.352949        157.4072        6.739864        235.7716       0.1295824E-09
    3 t   24    10.65432        6.520851        153.3542        6.683188        234.6901       0.1348421E-09
    4 t    1    116.6487        4.371029        228.7791       0.6409354        225.7615      -0.2577890E-09
    4 t    2    70.33083        4.392363        227.6679        1.063780        225.7351      -0.2493966E-09
    4 t    3    50.60046        4.424203        226.0294        1.480370        225.7019      -0.2358057E-09
    4 t    4    39.73100        4.466368        223.8956        1.889037        225.6720      -0.2096481E-09
    4 t    5    32.88769        4.518649        221.3051        2.288935        225.6620      -0.1895851E-09
    4 t    6    28.21095        4.580825        218.3013        2.680279        225.6978      -0.1810888E-09
    4 t    7    24.83311        4.652698        214.9291        3.064560        225.8175      -0.1746888E-09
    4 t    8    22.29505        4.734126        211.2322        3.444751        226.0743      -0.1667138E-09
    4 t    9    20.33137        4.825060        207.2513        3.825450        226.5390      -0.1592200E-09
    4 t   10    18.77830        4.925588        203.0215        4.212897        227.3024      -0.1523568E-09
    4 t   11    17.52963        5.035970        198.5715        4.614673        228.4735      -0.1497563E-09
    4 t   12    16.51377        5.156665        193.9238        5.038701        230.1717      -0.1488001E-09
    4 t   13    15.68089        5.288310        189.0963        5.490884        232.5049      -0.1495396E-09
    4 t   14    14.99509        5.431622        184.1071        5.970711        235.5204      -0.1520082E-09
    4 t   15    14.42936        5.587162        178.9817        6.465203        239.1266      -0.1563508E-09
    4 t   16    13.96194        5.754959        173.7632        6.944603        243.0134      -0.1105142E-09
    4 t   17    13.57392        5.934112        168.5172        7.365673        246.6443       0.4041983E-10
    4 t   18    13.24803        6.122596        163.3294        7.684457        249.3845       0.3233030E-10
    4 t   19    12.96863        6.317440        158.2920        7.870961        250.7098      -0.1020259E-09
    4 t   20    12.72214        6.515183        153.4876        7.916732        250.3741      -0.2236903E-09
    4 t   21    12.49766        6.712429        148.9774        7.835027        248.4746       0.3478322E-09
    4 t   22    12.28723        6.906356        144.7942        7.657745        245.4314      -0.2630211E-09
    4 t   23    12.08590        7.095113        140.9421        7.429202        241.8745      -0.2753179E-09
    4 t   24    11.89141        7.277997        137.4004        7.194939        238.4440       0.1932664E-09
