ANISOTROPIC_PREM
   1    1.00000  0
    30  40 120 6371.00000
  10    0.00000  305.37500
 13.10084  0.00000 -8.83810  0.00000
 11.14823  0.00000 -6.36400  0.00000
  3.71568  0.00000 -4.44750  0.00000
1327.70000
 84.60000
 11.16170  0.00000 -6.36400  0.00000
  3.64782  0.00000 -4.44750  0.00000
  0.98284  0.00000
  10  305.37500  610.75000
 13.25017  0.00000 -8.83810  0.00000
 11.25282  0.00000 -6.36400  0.00000
  3.70287  0.00000 -4.44750  0.00000
1327.70000
 84.60000
 11.12139  0.00000 -6.36400  0.00000
  3.60818  0.00000 -4.44750  0.00000
  0.99887  0.00000
  10  610.75000  916.12500
 13.42695  0.00000 -8.83810  0.00000
 11.20238  0.00000 -6.36400  0.00000
  3.68795  0.00000 -4.44750  0.00000
1327.70000
 84.60000
 11.39565  0.00000 -6.36400  0.00000
  3.58257  0.00000 -4.44750  0.00000
  0.99150  0.00000
  10  916.12500 1201.75390
 13.06540  0.00000 -8.83810  0.00000
 11.48369  0.00000 -6.36400  0.00000
  3.74377  0.00000 -4.44750  0.00000
1327.70000
 84.60000
 11.00122  0.00000 -6.36400  0.00000
  3.61981  0.00000 -4.44750  0.00000
  0.98703  0.00000
  10 1201.75390 1503.81250
 12.31389 -1.26380 -3.64260 -5.52810
 10.93571 -4.03620  4.80230-13.57320
  0.00000  0.00000  0.00000  0.00000
57823.00000
  0.00000
 11.12489 -4.03620  4.80230-13.57320
  0.00000  0.00000  0.00000  0.00000
  1.00540  0.00000
  10 1503.81250 1786.12500
 12.31424 -1.26380 -3.64260 -5.52810
 10.84412 -4.03620  4.80230-13.57320
  0.00000  0.00000  0.00000  0.00000
57823.00000
  0.00000
 10.82919 -4.03620  4.80230-13.57320
  0.00000  0.00000  0.00000  0.00000
  0.98570  0.00000
  10 1786.12500 2068.43750
 12.58542 -1.26380 -3.64260 -5.52810
 11.05093 -4.03620  4.80230-13.57320
  0.00000  0.00000  0.00000  0.00000
57823.00000
  0.00000
 10.92021 -4.03620  4.80230-13.57320
  0.00000  0.00000  0.00000  0.00000
  0.99918  0.00000
  10 2068.43750 2350.75000
 12.68078 -1.26380 -3.64260 -5.52810
 10.89306 -4.03620  4.80230-13.57320
  0.00000  0.00000  0.00000  0.00000
57823.00000
  0.00000
 10.85088 -4.03620  4.80230-13.57320
  0.00000  0.00000  0.00000  0.00000
  0.99720  0.00000
  10 2350.75000 2633.06250
 12.38200 -1.26380 -3.64260 -5.52810
 10.92257 -4.03620  4.80230-13.57320
  0.00000  0.00000  0.00000  0.00000
57823.00000
  0.00000
 11.17126 -4.03620  4.80230-13.57320
  0.00000  0.00000  0.00000  0.00000
  0.99324  0.00000
  10 2633.06250 2915.37500
 12.45002 -1.26380 -3.64260 -5.52810
 11.13849 -4.03620  4.80230-13.57320
  0.00000  0.00000  0.00000  0.00000
57823.00000
  0.00000
 10.91944 -4.03620  4.80230-13.57320
  0.00000  0.00000  0.00000  0.00000
  0.99315  0.00000
  10 2915.37500 3197.68750
 12.72504 -1.26380 -3.64260 -5.52810
 11.21662 -4.03620  4.80230-13.57320
  0.00000  0.00000  0.00000  0.00000
57823.00000
  0.00000
 11.12739 -4.03620  4.80230-13.57320
  0.00000  0.00000  0.00000  0.00000
  0.98570  0.00000
  10 3197.68750 3475.86255
 12.70933 -1.26380 -3.64260 -5.52810
 11.21319 -4.03620  4.80230-13.57320
  0.00000  0.00000  0.00000  0.00000
57823.00000
  0.00000
 11.03827 -4.03620  4.80230-13.57320
  0.00000  0.00000  0.00000  0.00000
  0.99341  0.00000
  10 3475.86255 3612.23277
  8.17561 -6.47610  5.52830 -3.08070
 15.80939 -5.31810  5.52420 -2.55140
  6.83000  1.46720 -2.08340  0.97830
57823.00000
312.00000
 15.97925 -5.31810  5.52420 -2.55140
  6.89607  1.46720 -2.08340  0.97830
  0.98271  0.00000
  10 3612.23277 3876.25000
  8.04724 -6.47610  5.52830 -3.08070
 25.34044-40.46730 51.48320-26.64190
 11.31214-13.78180 17.45750 -9.27770
57823.00000
312.00000
 24.48914-40.46730 51.48320-26.64190
 11.25803-13.78180 17.45750 -9.27770
  1.01046  0.00000
  10 3876.25000 4122.50000
  8.10187 -6.47610  5.52830 -3.08070
 25.36466-40.46730 51.48320-26.64190
 11.20479-13.78180 17.45750 -9.27770
57823.00000
312.00000
 24.92714-40.46730 51.48320-26.64190
 10.95669-13.78180 17.45750 -9.27770
  1.01623  0.00000
  10 4122.50000 4368.75000
  7.97082 -6.47610  5.52830 -3.08070
 24.72457-40.46730 51.48320-26.64190
 11.25290-13.78180 17.45750 -9.27770
57823.00000
312.00000
 24.42192-40.46730 51.48320-26.64190
 10.88308-13.78180 17.45750 -9.27770
  0.98930  0.00000
  10 4368.75000 4615.00000
  8.01383 -6.47610  5.52830 -3.08070
 25.10516-40.46730 51.48320-26.64190
 10.96443-13.78180 17.45750 -9.27770
57823.00000
312.00000
 24.54190-40.46730 51.48320-26.64190
 11.49410-13.78180 17.45750 -9.27770
  1.01027  0.00000
  10 4615.00000 4861.25000
  8.02566 -6.47610  5.52830 -3.08070
 24.55805-40.46730 51.48320-26.64190
 11.26385-13.78180 17.45750 -9.27770
57823.00000
312.00000
 24.42447-40.46730 51.48320-26.64190
 11.07747-13.78180 17.45750 -9.27770
  1.02218  0.00000
  10 4861.25000 5107.50000
  7.76718 -6.47610  5.52830 -3.08070
 25.37680-40.46730 51.48320-26.64190
 11.16453-13.78180 17.45750 -9.27770
57823.00000
312.00000
 24.76407-40.46730 51.48320-26.64190
 11.21766-13.78180 17.45750 -9.27770
  0.98178  0.00000
  10 5107.50000 5353.75000
  7.86735 -6.47610  5.52830 -3.08070
 25.48706-40.46730 51.48320-26.64190
 11.26888-13.78180 17.45750 -9.27770
57823.00000
312.00000
 25.15885-40.46730 51.48320-26.64190
 11.00233-13.78180 17.45750 -9.27770
  0.99958  0.00000
  10 5353.75000 5600.00000
  7.87663 -6.47610  5.52830 -3.08070
 24.67280-40.46730 51.48320-26.64190
 11.03614-13.78180 17.45750 -9.27770
57823.00000
312.00000
 24.70106-40.46730 51.48320-26.64190
 11.47866-13.78180 17.45750 -9.27770
  1.00788  0.00000
   5 5600.00000 5726.65714
  7.87258 -6.47610  5.52830 -3.08070
 28.80692-23.60270  5.52420 -2.55140
 22.12733-17.24730 -2.08340  0.97830
57823.00000
312.00000
 29.06985-23.60270  5.52420 -2.55140
 22.38628-17.24730 -2.08340  0.97830
  1.00112  0.00000
   5 5726.65714 5771.00000
  5.17271 -1.48360  0.00000  0.00000
 19.33002 -9.86720  0.00000  0.00000
 10.17056 -4.93240  0.00000  0.00000
57823.00000
143.00000
 18.64072 -9.86720  0.00000  0.00000
  9.99320 -4.93240  0.00000  0.00000
  0.98152  0.00000
  10 5771.00000 5998.45768
 11.14212 -8.02980  0.00000  0.00000
 40.50727-32.61660  0.00000  0.00000
 21.94702-18.58560  0.00000  0.00000
57823.00000
143.00000
 39.32146-32.61660  0.00000  0.00000
 22.74974-18.58560  0.00000  0.00000
  0.99516  0.00000
  10 5998.45768 6139.84781
  7.24359 -3.80450  0.00000  0.00000
 20.99242-12.25690  0.00000  0.00000
  8.58433 -4.45970  0.00000  0.00000
57823.00000
143.00000
 21.01300-12.25690  0.00000  0.00000
  8.49013 -4.45970  0.00000  0.00000
  0.99562  0.00000
  10 6139.84781 6291.00000
  2.92586  0.69240  0.00000  0.00000
  0.25616  7.21800  0.00000  0.00000
  5.83093 -1.46780  0.00000  0.00000
57823.00000
 80.00000
  3.67323  4.61720  0.00000  0.00000
 -0.92852  5.71760  0.00000  0.00000
  3.36542 -2.47780
   5 6291.00000 6346.60000
  2.46188  0.69240  0.00000  0.00000
  0.74886  7.21800  0.00000  0.00000
  5.80205 -1.46780  0.00000  0.00000
57823.00000
600.00000
  4.16689  4.61720  0.00000  0.00000
 -1.20858  5.71760  0.00000  0.00000
  3.35135 -2.47780
   5 6346.60000 6356.00000
  2.90000  0.00000  0.00000  0.00000
  6.80000  0.00000  0.00000  0.00000
  3.90000  0.00000  0.00000  0.00000
57823.00000
600.00000
  6.80000  0.00000  0.00000  0.00000
  3.90000  0.00000  0.00000  0.00000
  1.00000  0.00000
   5 6356.00000 6368.00000
  2.60000  0.00000  0.00000  0.00000
  5.80000  0.00000  0.00000  0.00000
  3.20000  0.00000  0.00000  0.00000
57823.00000
600.00000
  5.80000  0.00000  0.00000  0.00000
  3.20000  0.00000  0.00000  0.00000
  1.00000  0.00000
   5 6368.00000 6371.00000
  1.02000  0.00000  0.00000  0.00000
  1.45000  0.00000  0.00000  0.00000
  0.00000  0.00000  0.00000  0.00000
57823.00000
  0.00000
  1.45000  0.00000  0.00000  0.00000
  0.00000  0.00000  0.00000  0.00000
  1.00000  0.00000
