ANISOTROPIC_PREM
   1    1.00000  0
    30  40 120 6371.00000
  10    0.00000  305.37500
 13.11668  0.00000 -8.83810  0.00000
 11.48801  0.00000 -6.36400  0.00000
  3.61024  0.00000 -4.44750  0.00000
1327.70000
 84.60000
 11.25266  0.00000 -6.36400  0.00000
  3.69658  0.00000 -4.44750  0.00000
  0.99678  0.00000
  10  305.37500  610.75000
 13.09780  0.00000 -8.83810  0.00000
 11.43827  0.00000 -6.36400  0.00000
  3.63368  0.00000 -4.44750  0.00000
1327.70000
 84.60000
 11.51470  0.00000 -6.36400  0.00000
  3.74672  0.00000 -4.44750  0.00000
  0.99155  0.00000
  10  610.75000  916.12500
 13.10616  0.00000 -8.83810  0.00000
 11.18348  0.00000 -6.36400  0.00000
  3.64371  0.00000 -4.44750  0.00000
1327.70000
 84.60000
 11.28996  0.00000 -6.36400  0.00000
  3.67845  0.00000 -4.44750  0.00000
  1.00519  0.00000
  10  916.12500 1206.19889
 13.07865  0.00000 -8.83810  0.00000
 11.52581  0.00000 -6.36400  0.00000
  3.68373  0.00000 -4.44750  0.00000
1327.70000
 84.60000
 11.27574  0.00000 -6.36400  0.00000
  3.68854  0.00000 -4.44750  0.00000
  0.97973  0.00000
  10 1206.19889 1503.81250
 12.96197 -1.26380 -3.64260 -5.52810
 10.99014 -4.03620  4.80230-13.57320
  0.00000  0.00000  0.00000  0.00000
57823.00000
  0.00000
 11.24058 -4.03620  4.80230-13.57320
  0.00000  0.00000  0.00000  0.00000
  0.98079  0.00000
  10 1503.81250 1786.12500
 12.99798 -1.26380 -3.64260 -5.52810
 10.80455 -4.03620  4.80230-13.57320
  0.00000  0.00000  0.00000  0.00000
57823.00000
  0.00000
 11.12275 -4.03620  4.80230-13.57320
  0.00000  0.00000  0.00000  0.00000
  1.02348  0.00000
  10 1786.12500 2068.43750
 12.95237 -1.26380 -3.64260 -5.52810
 10.81065 -4.03620  4.80230-13.57320
  0.00000  0.00000  0.00000  0.00000
57823.00000
  0.00000
 10.96424 -4.03620  4.80230-13.57320
  0.00000  0.00000  0.00000  0.00000
  1.02264  0.00000
  10 2068.43750 2350.75000
 12.64945 -1.26380 -3.64260 -5.52810
 11.07002 -4.03620  4.80230-13.57320
  0.00000  0.00000  0.00000  0.00000
57823.00000
  0.00000
 10.81224 -4.03620  4.80230-13.57320
  0.00000  0.00000  0.00000  0.00000
  0.99400  0.00000
  10 2350.75000 2633.06250
 12.80411 -1.26380 -3.64260 -5.52810
 11.02200 -4.03620  4.80230-13.57320
  0.00000  0.00000  0.00000  0.00000
57823.00000
  0.00000
 10.87827 -4.03620  4.80230-13.57320
  0.00000  0.00000  0.00000  0.00000
  1.02438  0.00000
  10 2633.06250 2915.37500
 12.61975 -1.26380 -3.64260 -5.52810
 10.83334 -4.03620  4.80230-13.57320
  0.00000  0.00000  0.00000  0.00000
57823.00000
  0.00000
 11.17144 -4.03620  4.80230-13.57320
  0.00000  0.00000  0.00000  0.00000
  1.01091  0.00000
  10 2915.37500 3197.68750
 12.88367 -1.26380 -3.64260 -5.52810
 10.99129 -4.03620  4.80230-13.57320
  0.00000  0.00000  0.00000  0.00000
57823.00000
  0.00000
 11.19390 -4.03620  4.80230-13.57320
  0.00000  0.00000  0.00000  0.00000
  1.02121  0.00000
  10 3197.68750 3415.14837
 12.87485 -1.26380 -3.64260 -5.52810
 11.01564 -4.03620  4.80230-13.57320
  0.00000  0.00000  0.00000  0.00000
57823.00000
  0.00000
 11.11703 -4.03620  4.80230-13.57320
  0.00000  0.00000  0.00000  0.00000
  0.99159  0.00000
  10 3415.14837 3635.86881
  8.06307 -6.47610  5.52830 -3.08070
 15.25952 -5.31810  5.52420 -2.55140
  6.92734  1.46720 -2.08340  0.97830
57823.00000
312.00000
 15.49260 -5.31810  5.52420 -2.55140
  7.08324  1.46720 -2.08340  0.97830
  1.01713  0.00000
  10 3635.86881 3876.25000
  7.69188 -6.47610  5.52830 -3.08070
 25.62604-40.46730 51.48320-26.64190
 11.11764-13.78180 17.45750 -9.27770
57823.00000
312.00000
 25.50474-40.46730 51.48320-26.64190
 11.15773-13.78180 17.45750 -9.27770
  1.00525  0.00000
  10 3876.25000 4122.50000
  8.06565 -6.47610  5.52830 -3.08070
 24.49723-40.46730 51.48320-26.64190
 11.32171-13.78180 17.45750 -9.27770
57823.00000
312.00000
 25.23596-40.46730 51.48320-26.64190
 11.03099-13.78180 17.45750 -9.27770
  1.01709  0.00000
  10 4122.50000 4368.75000
  8.04533 -6.47610  5.52830 -3.08070
 24.87028-40.46730 51.48320-26.64190
 10.82624-13.78180 17.45750 -9.27770
57823.00000
312.00000
 24.92854-40.46730 51.48320-26.64190
 11.46064-13.78180 17.45750 -9.27770
  0.97939  0.00000
  10 4368.75000 4615.00000
  8.09487 -6.47610  5.52830 -3.08070
 24.66076-40.46730 51.48320-26.64190
 10.87848-13.78180 17.45750 -9.27770
57823.00000
312.00000
 25.21487-40.46730 51.48320-26.64190
 11.30171-13.78180 17.45750 -9.27770
  0.99252  0.00000
  10 4615.00000 4861.25000
  7.81446 -6.47610  5.52830 -3.08070
 25.53223-40.46730 51.48320-26.64190
 11.21870-13.78180 17.45750 -9.27770
57823.00000
312.00000
 25.12444-40.46730 51.48320-26.64190
 11.01623-13.78180 17.45750 -9.27770
  0.99646  0.00000
  10 4861.25000 5107.50000
  7.71422 -6.47610  5.52830 -3.08070
 25.06019-40.46730 51.48320-26.64190
 11.37495-13.78180 17.45750 -9.27770
57823.00000
312.00000
 24.37973-40.46730 51.48320-26.64190
 11.36139-13.78180 17.45750 -9.27770
  1.01513  0.00000
  10 5107.50000 5353.75000
  7.74461 -6.47610  5.52830 -3.08070
 25.19063-40.46730 51.48320-26.64190
 11.20701-13.78180 17.45750 -9.27770
57823.00000
312.00000
 25.30620-40.46730 51.48320-26.64190
 11.49047-13.78180 17.45750 -9.27770
  0.98710  0.00000
  10 5353.75000 5600.00000
  7.97893 -6.47610  5.52830 -3.08070
 25.12121-40.46730 51.48320-26.64190
 11.23264-13.78180 17.45750 -9.27770
57823.00000
312.00000
 25.23001-40.46730 51.48320-26.64190
 11.29635-13.78180 17.45750 -9.27770
  0.97517  0.00000
   5 5600.00000 5719.86121
  7.99524 -6.47610  5.52830 -3.08070
 29.55521-23.60270  5.52420 -2.55140
 22.17566-17.24730 -2.08340  0.97830
57823.00000
312.00000
 29.15341-23.60270  5.52420 -2.55140
 22.33056-17.24730 -2.08340  0.97830
  0.99443  0.00000
   5 5719.86121 5771.00000
  5.17891 -1.48360  0.00000  0.00000
 19.48918 -9.86720  0.00000  0.00000
 10.21646 -4.93240  0.00000  0.00000
57823.00000
143.00000
 19.18385 -9.86720  0.00000  0.00000
 10.14768 -4.93240  0.00000  0.00000
  1.02108  0.00000
  10 5771.00000 5955.95180
 11.40527 -8.02980  0.00000  0.00000
 39.22630-32.61660  0.00000  0.00000
 22.04349-18.58560  0.00000  0.00000
57823.00000
143.00000
 39.19371-32.61660  0.00000  0.00000
 22.38516-18.58560  0.00000  0.00000
  0.98263  0.00000
  10 5955.95180 6137.32947
  7.34959 -3.80450  0.00000  0.00000
 19.91756-12.25690  0.00000  0.00000
  9.12690 -4.45970  0.00000  0.00000
57823.00000
143.00000
 21.24595-12.25690  0.00000  0.00000
  9.01986 -4.45970  0.00000  0.00000
  1.01250  0.00000
  10 6137.32947 6291.00000
  2.74490  0.69240  0.00000  0.00000
  0.95302  7.21800  0.00000  0.00000
  5.77537 -1.46780  0.00000  0.00000
57823.00000
 80.00000
  3.69866  4.61720  0.00000  0.00000
 -0.76926  5.71760  0.00000  0.00000
  3.38994 -2.47780
   5 6291.00000 6346.60000
  2.75192  0.69240  0.00000  0.00000
  0.51547  7.21800  0.00000  0.00000
  5.66770 -1.46780  0.00000  0.00000
57823.00000
600.00000
  3.22201  4.61720  0.00000  0.00000
 -0.77932  5.71760  0.00000  0.00000
  3.35735 -2.47780
   5 6346.60000 6356.00000
  2.90000  0.00000  0.00000  0.00000
  6.80000  0.00000  0.00000  0.00000
  3.90000  0.00000  0.00000  0.00000
57823.00000
600.00000
  6.80000  0.00000  0.00000  0.00000
  3.90000  0.00000  0.00000  0.00000
  1.00000  0.00000
   5 6356.00000 6368.00000
  2.60000  0.00000  0.00000  0.00000
  5.80000  0.00000  0.00000  0.00000
  3.20000  0.00000  0.00000  0.00000
57823.00000
600.00000
  5.80000  0.00000  0.00000  0.00000
  3.20000  0.00000  0.00000  0.00000
  1.00000  0.00000
   5 6368.00000 6371.00000
  1.02000  0.00000  0.00000  0.00000
  1.45000  0.00000  0.00000  0.00000
  0.00000  0.00000  0.00000  0.00000
57823.00000
  0.00000
  1.45000  0.00000  0.00000  0.00000
  0.00000  0.00000  0.00000  0.00000
  1.00000  0.00000
