ANISOTROPIC_PREM
   1    1.00000  0
    30  40 120 6371.00000
  10    0.00000  305.37500
 12.93204  0.00000 -8.83810  0.00000
 11.52334  0.00000 -6.36400  0.00000
  3.70295  0.00000 -4.44750  0.00000
1327.70000
 84.60000
 11.31930  0.00000 -6.36400  0.00000
  3.59220  0.00000 -4.44750  0.00000
  0.98839  0.00000
  10  305.37500  610.75000
 12.99472  0.00000 -8.83810  0.00000
 11.31775  0.00000 -6.36400  0.00000
  3.61113  0.00000 -4.44750  0.00000
1327.70000
 84.60000
 11.03608  0.00000 -6.36400  0.00000
  3.59798  0.00000 -4.44750  0.00000
  0.98679  0.00000
  10  610.75000  916.12500
 13.25037  0.00000 -8.83810  0.00000
 11.50288  0.00000 -6.36400  0.00000
  3.72240  0.00000 -4.44750  0.00000
1327.70000
 84.60000
 11.14420  0.00000 -6.36400  0.00000
  3.71665  0.00000 -4.44750  0.00000
  0.97597  0.00000
  10  916.12500 1214.18006
 13.00586  0.00000 -8.83810  0.00000
 11.06646  0.00000 -6.36400  0.00000
  3.67042  0.00000 -4.44750  0.00000
1327.70000
 84.60000
 11.38456  0.00000 -6.36400  0.00000
  3.70904  0.00000 -4.44750  0.00000
  0.98258  0.00000
  10 1214.18006 1503.81250
 12.36952 -1.26380 -3.64260 -5.52810
 10.85042 -4.03620  4.80230-13.57320
  0.00000  0.00000  0.00000  0.00000
57823.00000
  0.00000
 11.07479 -4.03620  4.80230-13.57320
  0.00000  0.00000  0.00000  0.00000
  0.97670  0.00000
  10 1503.81250 1786.12500
 12.75979 -1.26380 -3.64260 -5.52810
 10.98412 -4.03620  4.80230-13.57320
  0.00000  0.00000  0.00000  0.00000
57823.00000
  0.00000
 11.21956 -4.03620  4.80230-13.57320
  0.00000  0.00000  0.00000  0.00000
  1.02409  0.00000
  10 1786.12500 2068.43750
 12.59885 -1.26380 -3.64260 -5.52810
 11.18053 -4.03620  4.80230-13.57320
  0.00000  0.00000  0.00000  0.00000
57823.00000
  0.00000
 11.08843 -4.03620  4.80230-13.57320
  0.00000  0.00000  0.00000  0.00000
  0.99302  0.00000
  10 2068.43750 2350.75000
 12.30809 -1.26380 -3.64260 -5.52810
 10.96231 -4.03620  4.80230-13.57320
  0.00000  0.00000  0.00000  0.00000
57823.00000
  0.00000
 10.89634 -4.03620  4.80230-13.57320
  0.00000  0.00000  0.00000  0.00000
  1.01627  0.00000
  10 2350.75000 2633.06250
 12.83029 -1.26380 -3.64260 -5.52810
 11.11352 -4.03620  4.80230-13.57320
  0.00000  0.00000  0.00000  0.00000
57823.00000
  0.00000
 11.10294 -4.03620  4.80230-13.57320
  0.00000  0.00000  0.00000  0.00000
  0.99561  0.00000
  10 2633.06250 2915.37500
 12.41211 -1.26380 -3.64260 -5.52810
 10.82586 -4.03620  4.80230-13.57320
  0.00000  0.00000  0.00000  0.00000
57823.00000
  0.00000
 11.22440 -4.03620  4.80230-13.57320
  0.00000  0.00000  0.00000  0.00000
  0.98766  0.00000
  10 2915.37500 3197.68750
 12.61850 -1.26380 -3.64260 -5.52810
 11.06765 -4.03620  4.80230-13.57320
  0.00000  0.00000  0.00000  0.00000
57823.00000
  0.00000
 11.05602 -4.03620  4.80230-13.57320
  0.00000  0.00000  0.00000  0.00000
  0.98684  0.00000
  10 3197.68750 3491.35817
 12.49229 -1.26380 -3.64260 -5.52810
 10.98138 -4.03620  4.80230-13.57320
  0.00000  0.00000  0.00000  0.00000
57823.00000
  0.00000
 11.10104 -4.03620  4.80230-13.57320
  0.00000  0.00000  0.00000  0.00000
  1.01366  0.00000
  10 3491.35817 3628.31398
  8.06239 -6.47610  5.52830 -3.08070
 15.93433 -5.31810  5.52420 -2.55140
  7.13847  1.46720 -2.08340  0.97830
57823.00000
312.00000
 15.39603 -5.31810  5.52420 -2.55140
  6.90846  1.46720 -2.08340  0.97830
  1.00856  0.00000
  10 3628.31398 3876.25000
  7.96500 -6.47610  5.52830 -3.08070
 25.54840-40.46730 51.48320-26.64190
 10.83670-13.78180 17.45750 -9.27770
57823.00000
312.00000
 25.50639-40.46730 51.48320-26.64190
 11.20792-13.78180 17.45750 -9.27770
  1.01032  0.00000
  10 3876.25000 4122.50000
  8.06545 -6.47610  5.52830 -3.08070
 24.79851-40.46730 51.48320-26.64190
 11.49608-13.78180 17.45750 -9.27770
57823.00000
312.00000
 24.83716-40.46730 51.48320-26.64190
 11.12502-13.78180 17.45750 -9.27770
  1.01766  0.00000
  10 4122.50000 4368.75000
  7.78731 -6.47610  5.52830 -3.08070
 24.81733-40.46730 51.48320-26.64190
 11.49940-13.78180 17.45750 -9.27770
57823.00000
312.00000
 24.99798-40.46730 51.48320-26.64190
 11.30252-13.78180 17.45750 -9.27770
  1.00110  0.00000
  10 4368.75000 4615.00000
  7.78319 -6.47610  5.52830 -3.08070
 25.45556-40.46730 51.48320-26.64190
 11.20194-13.78180 17.45750 -9.27770
57823.00000
312.00000
 24.75255-40.46730 51.48320-26.64190
 11.31717-13.78180 17.45750 -9.27770
  0.99714  0.00000
  10 4615.00000 4861.25000
  7.94570 -6.47610  5.52830 -3.08070
 24.40615-40.46730 51.48320-26.64190
 10.87311-13.78180 17.45750 -9.27770
57823.00000
312.00000
 24.49369-40.46730 51.48320-26.64190
 11.34034-13.78180 17.45750 -9.27770
  1.00269  0.00000
  10 4861.25000 5107.50000
  8.10508 -6.47610  5.52830 -3.08070
 24.83802-40.46730 51.48320-26.64190
 11.06453-13.78180 17.45750 -9.27770
57823.00000
312.00000
 25.14814-40.46730 51.48320-26.64190
 10.86046-13.78180 17.45750 -9.27770
  1.00760  0.00000
  10 5107.50000 5353.75000
  7.99215 -6.47610  5.52830 -3.08070
 24.51979-40.46730 51.48320-26.64190
 10.85609-13.78180 17.45750 -9.27770
57823.00000
312.00000
 25.46116-40.46730 51.48320-26.64190
 11.28308-13.78180 17.45750 -9.27770
  1.01443  0.00000
  10 5353.75000 5600.00000
  7.79018 -6.47610  5.52830 -3.08070
 24.48589-40.46730 51.48320-26.64190
 11.35744-13.78180 17.45750 -9.27770
57823.00000
312.00000
 25.07922-40.46730 51.48320-26.64190
 11.15269-13.78180 17.45750 -9.27770
  1.01961  0.00000
   5 5600.00000 5718.65854
  7.73089 -6.47610  5.52830 -3.08070
 29.58636-23.60270  5.52420 -2.55140
 22.16795-17.24730 -2.08340  0.97830
57823.00000
312.00000
 29.65048-23.60270  5.52420 -2.55140
 22.10229-17.24730 -2.08340  0.97830
  0.99046  0.00000
   5 5718.65854 5771.00000
  5.26310 -1.48360  0.00000  0.00000
 18.89613 -9.86720  0.00000  0.00000
  9.78615 -4.93240  0.00000  0.00000
57823.00000
143.00000
 18.80763 -9.86720  0.00000  0.00000
 10.04720 -4.93240  0.00000  0.00000
  0.98178  0.00000
  10 5771.00000 5973.28885
 11.52704 -8.02980  0.00000  0.00000
 39.86486-32.61660  0.00000  0.00000
 22.56006-18.58560  0.00000  0.00000
57823.00000
143.00000
 40.48006-32.61660  0.00000  0.00000
 22.70427-18.58560  0.00000  0.00000
  1.01255  0.00000
  10 5973.28885 6153.36346
  7.18014 -3.80450  0.00000  0.00000
 21.05356-12.25690  0.00000  0.00000
  8.53346 -4.45970  0.00000  0.00000
57823.00000
143.00000
 19.53645-12.25690  0.00000  0.00000
  9.16978 -4.45970  0.00000  0.00000
  1.00134  0.00000
  10 6153.36346 6291.00000
  2.62235  0.69240  0.00000  0.00000
  1.28178  7.21800  0.00000  0.00000
  5.69665 -1.46780  0.00000  0.00000
57823.00000
 80.00000
  3.25769  4.61720  0.00000  0.00000
 -1.20432  5.71760  0.00000  0.00000
  3.38221 -2.47780
   5 6291.00000 6346.60000
  2.54819  0.69240  0.00000  0.00000
  0.95270  7.21800  0.00000  0.00000
  5.86502 -1.46780  0.00000  0.00000
57823.00000
600.00000
  3.13987  4.61720  0.00000  0.00000
 -1.38123  5.71760  0.00000  0.00000
  3.36551 -2.47780
   5 6346.60000 6356.00000
  2.90000  0.00000  0.00000  0.00000
  6.80000  0.00000  0.00000  0.00000
  3.90000  0.00000  0.00000  0.00000
57823.00000
600.00000
  6.80000  0.00000  0.00000  0.00000
  3.90000  0.00000  0.00000  0.00000
  1.00000  0.00000
   5 6356.00000 6368.00000
  2.60000  0.00000  0.00000  0.00000
  5.80000  0.00000  0.00000  0.00000
  3.20000  0.00000  0.00000  0.00000
57823.00000
600.00000
  5.80000  0.00000  0.00000  0.00000
  3.20000  0.00000  0.00000  0.00000
  1.00000  0.00000
   5 6368.00000 6371.00000
  1.02000  0.00000  0.00000  0.00000
  1.45000  0.00000  0.00000  0.00000
  0.00000  0.00000  0.00000  0.00000
57823.00000
  0.00000
  1.45000  0.00000  0.00000  0.00000
  0.00000  0.00000  0.00000  0.00000
  1.00000  0.00000
