ANISOTROPIC_PREM
   1    1.00000  0
    30  40 120 6371.00000
  10    0.00000  305.37500
 13.26204  0.00000 -8.83810  0.00000
 11.11379  0.00000 -6.36400  0.00000
  3.72450  0.00000 -4.44750  0.00000
1327.70000
 84.60000
 11.09047  0.00000 -6.36400  0.00000
  3.64980  0.00000 -4.44750  0.00000
  0.98338  0.00000
  10  305.37500  610.75000
 13.31175  0.00000 -8.83810  0.00000
 11.03189  0.00000 -6.36400  0.00000
  3.72260  0.00000 -4.44750  0.00000
1327.70000
 84.60000
 11.17652  0.00000 -6.36400  0.00000
  3.70990  0.00000 -4.44750  0.00000
  1.02123  0.00000
  10  610.75000  916.12500
 12.83897  0.00000 -8.83810  0.00000
 11.09155  0.00000 -6.36400  0.00000
  3.58075  0.00000 -4.44750  0.00000
1327.70000
 84.60000
 11.04103  0.00000 -6.36400  0.00000
  3.69451  0.00000 -4.44750  0.00000
  1.01087  0.00000
  10  916.12500 1219.07017
 13.09912  0.00000 -8.83810  0.00000
 11.32638  0.00000 -6.36400  0.00000
  3.73180  0.00000 -4.44750  0.00000
1327.70000
 84.60000
 11.20777  0.00000 -6.36400  0.00000
  3.62367  0.00000 -4.44750  0.00000
  0.98274  0.00000
  10 1219.07017 1503.81250
 12.67762 -1.26380 -3.64260 -5.52810
 11.27062 -4.03620  4.80230-13.57320
  0.00000  0.00000  0.00000  0.00000
57823.00000
  0.00000
 10.83958 -4.03620  4.80230-13.57320
  0.00000  0.00000  0.00000  0.00000
  1.01118  0.00000
  10 1503.81250 1786.12500
 12.38596 -1.26380 -3.64260 -5.52810
 11.14513 -4.03620  4.80230-13.57320
  0.00000  0.00000  0.00000  0.00000
57823.00000
  0.00000
 11.05114 -4.03620  4.80230-13.57320
  0.00000  0.00000  0.00000  0.00000
  0.98432  0.00000
  10 1786.12500 2068.43750
 12.30177 -1.26380 -3.64260 -5.52810
 11.07978 -4.03620  4.80230-13.57320
  0.00000  0.00000  0.00000  0.00000
57823.00000
  0.00000
 11.16868 -4.03620  4.80230-13.57320
  0.00000  0.00000  0.00000  0.00000
  1.01648  0.00000
  10 2068.43750 2350.75000
 12.85577 -1.26380 -3.64260 -5.52810
 10.93459 -4.03620  4.80230-13.57320
  0.00000  0.00000  0.00000  0.00000
57823.00000
  0.00000
 10.80975 -4.03620  4.80230-13.57320
  0.00000  0.00000  0.00000  0.00000
  0.98483  0.00000
  10 2350.75000 2633.06250
 12.76119 -1.26380 -3.64260 -5.52810
 11.06145 -4.03620  4.80230-13.57320
  0.00000  0.00000  0.00000  0.00000
57823.00000
  0.00000
 10.85623 -4.03620  4.80230-13.57320
  0.00000  0.00000  0.00000  0.00000
  1.02307  0.00000
  10 2633.06250 2915.37500
 12.46888 -1.26380 -3.64260 -5.52810
 11.18691 -4.03620  4.80230-13.57320
  0.00000  0.00000  0.00000  0.00000
57823.00000
  0.00000
 10.84718 -4.03620  4.80230-13.57320
  0.00000  0.00000  0.00000  0.00000
  1.00238  0.00000
  10 2915.37500 3197.68750
 12.47549 -1.26380 -3.64260 -5.52810
 10.95937 -4.03620  4.80230-13.57320
  0.00000  0.00000  0.00000  0.00000
57823.00000
  0.00000
 11.21624 -4.03620  4.80230-13.57320
  0.00000  0.00000  0.00000  0.00000
  0.98614  0.00000
  10 3197.68750 3496.55527
 12.40054 -1.26380 -3.64260 -5.52810
 10.91731 -4.03620  4.80230-13.57320
  0.00000  0.00000  0.00000  0.00000
57823.00000
  0.00000
 11.25019 -4.03620  4.80230-13.57320
  0.00000  0.00000  0.00000  0.00000
  0.98564  0.00000
  10 3496.55527 3642.26765
  7.86431 -6.47610  5.52830 -3.08070
 14.73121 -5.31810  5.52420 -2.55140
  7.17559  1.46720 -2.08340  0.97830
57823.00000
312.00000
 15.41674 -5.31810  5.52420 -2.55140
  6.83267  1.46720 -2.08340  0.97830
  1.00640  0.00000
  10 3642.26765 3876.25000
  8.10722 -6.47610  5.52830 -3.08070
 25.28128-40.46730 51.48320-26.64190
 10.96533-13.78180 17.45750 -9.27770
57823.00000
312.00000
 24.54388-40.46730 51.48320-26.64190
 11.20502-13.78180 17.45750 -9.27770
  1.00666  0.00000
  10 3876.25000 4122.50000
  8.09285 -6.47610  5.52830 -3.08070
 24.34042-40.46730 51.48320-26.64190
 11.38801-13.78180 17.45750 -9.27770
57823.00000
312.00000
 25.52602-40.46730 51.48320-26.64190
 10.86923-13.78180 17.45750 -9.27770
  0.99016  0.00000
  10 4122.50000 4368.75000
  7.74346 -6.47610  5.52830 -3.08070
 24.86603-40.46730 51.48320-26.64190
 11.19223-13.78180 17.45750 -9.27770
57823.00000
312.00000
 25.15241-40.46730 51.48320-26.64190
 11.23300-13.78180 17.45750 -9.27770
  1.01582  0.00000
  10 4368.75000 4615.00000
  7.82224 -6.47610  5.52830 -3.08070
 25.37292-40.46730 51.48320-26.64190
 11.24304-13.78180 17.45750 -9.27770
57823.00000
312.00000
 25.32185-40.46730 51.48320-26.64190
 11.01645-13.78180 17.45750 -9.27770
  0.99595  0.00000
  10 4615.00000 4861.25000
  8.10436 -6.47610  5.52830 -3.08070
 24.35002-40.46730 51.48320-26.64190
 11.18323-13.78180 17.45750 -9.27770
57823.00000
312.00000
 24.96588-40.46730 51.48320-26.64190
 11.33092-13.78180 17.45750 -9.27770
  1.01569  0.00000
  10 4861.25000 5107.50000
  7.76832 -6.47610  5.52830 -3.08070
 24.96325-40.46730 51.48320-26.64190
 11.25964-13.78180 17.45750 -9.27770
57823.00000
312.00000
 25.29919-40.46730 51.48320-26.64190
 11.03377-13.78180 17.45750 -9.27770
  0.98826  0.00000
  10 5107.50000 5353.75000
  8.07687 -6.47610  5.52830 -3.08070
 24.92810-40.46730 51.48320-26.64190
 10.84619-13.78180 17.45750 -9.27770
57823.00000
312.00000
 24.75893-40.46730 51.48320-26.64190
 11.33412-13.78180 17.45750 -9.27770
  1.02417  0.00000
  10 5353.75000 5600.00000
  7.99516 -6.47610  5.52830 -3.08070
 24.42121-40.46730 51.48320-26.64190
 10.86642-13.78180 17.45750 -9.27770
57823.00000
312.00000
 24.51555-40.46730 51.48320-26.64190
 10.99398-13.78180 17.45750 -9.27770
  1.01862  0.00000
   5 5600.00000 5681.38298
  8.04288 -6.47610  5.52830 -3.08070
 28.74364-23.60270  5.52420 -2.55140
 22.46168-17.24730 -2.08340  0.97830
57823.00000
312.00000
 29.71819-23.60270  5.52420 -2.55140
 22.04395-17.24730 -2.08340  0.97830
  0.99743  0.00000
   5 5681.38298 5771.00000
  5.41142 -1.48360  0.00000  0.00000
 18.92398 -9.86720  0.00000  0.00000
  9.80186 -4.93240  0.00000  0.00000
57823.00000
143.00000
 18.58942 -9.86720  0.00000  0.00000
  9.78423 -4.93240  0.00000  0.00000
  0.99177  0.00000
  10 5771.00000 5988.87284
 10.86459 -8.02980  0.00000  0.00000
 38.85662-32.61660  0.00000  0.00000
 22.55383-18.58560  0.00000  0.00000
57823.00000
143.00000
 38.87955-32.61660  0.00000  0.00000
 22.13781-18.58560  0.00000  0.00000
  0.97649  0.00000
  10 5988.87284 6156.95621
  7.23573 -3.80450  0.00000  0.00000
 20.56405-12.25690  0.00000  0.00000
  8.74745 -4.45970  0.00000  0.00000
57823.00000
143.00000
 19.75043-12.25690  0.00000  0.00000
  8.66304 -4.45970  0.00000  0.00000
  1.02455  0.00000
  10 6156.95621 6291.00000
  2.93514  0.69240  0.00000  0.00000
  1.28784  7.21800  0.00000  0.00000
  5.56290 -1.46780  0.00000  0.00000
57823.00000
 80.00000
  4.12797  4.61720  0.00000  0.00000
 -1.05091  5.71760  0.00000  0.00000
  3.37729 -2.47780
   5 6291.00000 6346.60000
  2.90016  0.69240  0.00000  0.00000
  0.72638  7.21800  0.00000  0.00000
  5.91250 -1.46780  0.00000  0.00000
57823.00000
600.00000
  3.34929  4.61720  0.00000  0.00000
 -1.28343  5.71760  0.00000  0.00000
  3.35454 -2.47780
   5 6346.60000 6356.00000
  2.90000  0.00000  0.00000  0.00000
  6.80000  0.00000  0.00000  0.00000
  3.90000  0.00000  0.00000  0.00000
57823.00000
600.00000
  6.80000  0.00000  0.00000  0.00000
  3.90000  0.00000  0.00000  0.00000
  1.00000  0.00000
   5 6356.00000 6368.00000
  2.60000  0.00000  0.00000  0.00000
  5.80000  0.00000  0.00000  0.00000
  3.20000  0.00000  0.00000  0.00000
57823.00000
600.00000
  5.80000  0.00000  0.00000  0.00000
  3.20000  0.00000  0.00000  0.00000
  1.00000  0.00000
   5 6368.00000 6371.00000
  1.02000  0.00000  0.00000  0.00000
  1.45000  0.00000  0.00000  0.00000
  0.00000  0.00000  0.00000  0.00000
57823.00000
  0.00000
  1.45000  0.00000  0.00000  0.00000
  0.00000  0.00000  0.00000  0.00000
  1.00000  0.00000
