ANISOTROPIC_PREM
   1    1.00000  0
    30  40 120 6371.00000
  10    0.00000  305.37500
 13.28817  0.00000 -8.83810  0.00000
 11.31701  0.00000 -6.36400  0.00000
  3.66324  0.00000 -4.44750  0.00000
1327.70000
 84.60000
 11.10389  0.00000 -6.36400  0.00000
  3.65673  0.00000 -4.44750  0.00000
  0.99920  0.00000
  10  305.37500  610.75000
 13.10262  0.00000 -8.83810  0.00000
 11.48838  0.00000 -6.36400  0.00000
  3.63004  0.00000 -4.44750  0.00000
1327.70000
 84.60000
 11.40397  0.00000 -6.36400  0.00000
  3.60697  0.00000 -4.44750  0.00000
  1.01722  0.00000
  10  610.75000  916.12500
 13.35334  0.00000 -8.83810  0.00000
 11.28150  0.00000 -6.36400  0.00000
  3.58928  0.00000 -4.44750  0.00000
1327.70000
 84.60000
 11.04263  0.00000 -6.36400  0.00000
  3.66906  0.00000 -4.44750  0.00000
  0.98374  0.00000
  10  916.12500 1231.45216
 12.97245  0.00000 -8.83810  0.00000
 11.31219  0.00000 -6.36400  0.00000
  3.75261  0.00000 -4.44750  0.00000
1327.70000
 84.60000
 11.39775  0.00000 -6.36400  0.00000
  3.72431  0.00000 -4.44750  0.00000
  0.97573  0.00000
  10 1231.45216 1503.81250
 12.33392 -1.26380 -3.64260 -5.52810
 10.81207 -4.03620  4.80230-13.57320
  0.00000  0.00000  0.00000  0.00000
57823.00000
  0.00000
 11.03318 -4.03620  4.80230-13.57320
  0.00000  0.00000  0.00000  0.00000
  1.01744  0.00000
  10 1503.81250 1786.12500
 12.46275 -1.26380 -3.64260 -5.52810
 10.97663 -4.03620  4.80230-13.57320
  0.00000  0.00000  0.00000  0.00000
57823.00000
  0.00000
 11.09829 -4.03620  4.80230-13.57320
  0.00000  0.00000  0.00000  0.00000
  1.01213  0.00000
  10 1786.12500 2068.43750
 12.35543 -1.26380 -3.64260 -5.52810
 10.84079 -4.03620  4.80230-13.57320
  0.00000  0.00000  0.00000  0.00000
57823.00000
  0.00000
 10.87442 -4.03620  4.80230-13.57320
  0.00000  0.00000  0.00000  0.00000
  0.99783  0.00000
  10 2068.43750 2350.75000
 12.77007 -1.26380 -3.64260 -5.52810
 10.95473 -4.03620  4.80230-13.57320
  0.00000  0.00000  0.00000  0.00000
57823.00000
  0.00000
 10.89608 -4.03620  4.80230-13.57320
  0.00000  0.00000  0.00000  0.00000
  0.99584  0.00000
  10 2350.75000 2633.06250
 12.32778 -1.26380 -3.64260 -5.52810
 10.96920 -4.03620  4.80230-13.57320
  0.00000  0.00000  0.00000  0.00000
57823.00000
  0.00000
 11.11683 -4.03620  4.80230-13.57320
  0.00000  0.00000  0.00000  0.00000
  0.98084  0.00000
  10 2633.06250 2915.37500
 12.65023 -1.26380 -3.64260 -5.52810
 11.17303 -4.03620  4.80230-13.57320
  0.00000  0.00000  0.00000  0.00000
57823.00000
  0.00000
 10.84375 -4.03620  4.80230-13.57320
  0.00000  0.00000  0.00000  0.00000
  0.99193  0.00000
  10 2915.37500 3197.68750
 12.60655 -1.26380 -3.64260 -5.52810
 10.84815 -4.03620  4.80230-13.57320
  0.00000  0.00000  0.00000  0.00000
57823.00000
  0.00000
 10.93911 -4.03620  4.80230-13.57320
  0.00000  0.00000  0.00000  0.00000
  0.97973  0.00000
  10 3197.68750 3495.33933
 12.74311 -1.26380 -3.64260 -5.52810
 11.01944 -4.03620  4.80230-13.57320
  0.00000  0.00000  0.00000  0.00000
57823.00000
  0.00000
 11.06630 -4.03620  4.80230-13.57320
  0.00000  0.00000  0.00000  0.00000
  1.01079  0.00000
  10 3495.33933 3610.15793
  7.79005 -6.47610  5.52830 -3.08070
 15.13558 -5.31810  5.52420 -2.55140
  6.61161  1.46720 -2.08340  0.97830
57823.00000
312.00000
 15.01482 -5.31810  5.52420 -2.55140
  6.58443  1.46720 -2.08340  0.97830
  0.97885  0.00000
  10 3610.15793 3876.25000
  8.15028 -6.47610  5.52830 -3.08070
 25.13671-40.46730 51.48320-26.64190
 11.14153-13.78180 17.45750 -9.27770
57823.00000
312.00000
 24.79152-40.46730 51.48320-26.64190
 11.13329-13.78180 17.45750 -9.27770
  0.98530  0.00000
  10 3876.25000 4122.50000
  7.87776 -6.47610  5.52830 -3.08070
 24.74847-40.46730 51.48320-26.64190
 11.36728-13.78180 17.45750 -9.27770
57823.00000
312.00000
 25.51129-40.46730 51.48320-26.64190
 11.34095-13.78180 17.45750 -9.27770
  1.00369  0.00000
  10 4122.50000 4368.75000
  8.08851 -6.47610  5.52830 -3.08070
 24.35970-40.46730 51.48320-26.64190
 11.31990-13.78180 17.45750 -9.27770
57823.00000
312.00000
 25.50340-40.46730 51.48320-26.64190
 11.20715-13.78180 17.45750 -9.27770
  0.98969  0.00000
  10 4368.75000 4615.00000
  7.85328 -6.47610  5.52830 -3.08070
 25.43355-40.46730 51.48320-26.64190
 11.22625-13.78180 17.45750 -9.27770
57823.00000
312.00000
 25.03661-40.46730 51.48320-26.64190
 11.08810-13.78180 17.45750 -9.27770
  1.00779  0.00000
  10 4615.00000 4861.25000
  8.14581 -6.47610  5.52830 -3.08070
 25.27770-40.46730 51.48320-26.64190
 10.85432-13.78180 17.45750 -9.27770
57823.00000
312.00000
 24.99341-40.46730 51.48320-26.64190
 10.94282-13.78180 17.45750 -9.27770
  1.01518  0.00000
  10 4861.25000 5107.50000
  7.87277 -6.47610  5.52830 -3.08070
 25.40746-40.46730 51.48320-26.64190
 11.06812-13.78180 17.45750 -9.27770
57823.00000
312.00000
 24.36759-40.46730 51.48320-26.64190
 11.39128-13.78180 17.45750 -9.27770
  0.99256  0.00000
  10 5107.50000 5353.75000
  7.80036 -6.47610  5.52830 -3.08070
 24.85559-40.46730 51.48320-26.64190
 11.20808-13.78180 17.45750 -9.27770
57823.00000
312.00000
 25.51051-40.46730 51.48320-26.64190
 11.23134-13.78180 17.45750 -9.27770
  0.97967  0.00000
  10 5353.75000 5600.00000
  7.90795 -6.47610  5.52830 -3.08070
 25.07115-40.46730 51.48320-26.64190
 11.04040-13.78180 17.45750 -9.27770
57823.00000
312.00000
 25.03441-40.46730 51.48320-26.64190
 11.34596-13.78180 17.45750 -9.27770
  1.01567  0.00000
   5 5600.00000 5679.53020
  7.77713 -6.47610  5.52830 -3.08070
 29.29129-23.60270  5.52420 -2.55140
 22.35341-17.24730 -2.08340  0.97830
57823.00000
312.00000
 29.59486-23.60270  5.52420 -2.55140
 22.55824-17.24730 -2.08340  0.97830
  1.01424  0.00000
   5 5679.53020 5771.00000
  5.44763 -1.48360  0.00000  0.00000
 19.19561 -9.86720  0.00000  0.00000
 10.08005 -4.93240  0.00000  0.00000
57823.00000
143.00000
 19.15856 -9.86720  0.00000  0.00000
 10.04108 -4.93240  0.00000  0.00000
  0.99467  0.00000
  10 5771.00000 5981.44802
 10.98080 -8.02980  0.00000  0.00000
 39.24397-32.61660  0.00000  0.00000
 21.99511-18.58560  0.00000  0.00000
57823.00000
143.00000
 40.43022-32.61660  0.00000  0.00000
 22.64486-18.58560  0.00000  0.00000
  1.01822  0.00000
  10 5981.44802 6148.67333
  7.02802 -3.80450  0.00000  0.00000
 20.04484-12.25690  0.00000  0.00000
  8.52643 -4.45970  0.00000  0.00000
57823.00000
143.00000
 20.53964-12.25690  0.00000  0.00000
  9.05855 -4.45970  0.00000  0.00000
  0.99420  0.00000
  10 6148.67333 6291.00000
  3.03448  0.69240  0.00000  0.00000
  0.27074  7.21800  0.00000  0.00000
  5.75055 -1.46780  0.00000  0.00000
57823.00000
 80.00000
  3.84453  4.61720  0.00000  0.00000
 -1.40705  5.71760  0.00000  0.00000
  3.35718 -2.47780
   5 6291.00000 6346.60000
  3.05716  0.69240  0.00000  0.00000
  0.59565  7.21800  0.00000  0.00000
  5.59938 -1.46780  0.00000  0.00000
57823.00000
600.00000
  3.16007  4.61720  0.00000  0.00000
 -0.91157  5.71760  0.00000  0.00000
  3.38371 -2.47780
   5 6346.60000 6356.00000
  2.90000  0.00000  0.00000  0.00000
  6.80000  0.00000  0.00000  0.00000
  3.90000  0.00000  0.00000  0.00000
57823.00000
600.00000
  6.80000  0.00000  0.00000  0.00000
  3.90000  0.00000  0.00000  0.00000
  1.00000  0.00000
   5 6356.00000 6368.00000
  2.60000  0.00000  0.00000  0.00000
  5.80000  0.00000  0.00000  0.00000
  3.20000  0.00000  0.00000  0.00000
57823.00000
600.00000
  5.80000  0.00000  0.00000  0.00000
  3.20000  0.00000  0.00000  0.00000
  1.00000  0.00000
   5 6368.00000 6371.00000
  1.02000  0.00000  0.00000  0.00000
  1.45000  0.00000  0.00000  0.00000
  0.00000  0.00000  0.00000  0.00000
57823.00000
  0.00000
  1.45000  0.00000  0.00000  0.00000
  0.00000  0.00000  0.00000  0.00000
  1.00000  0.00000
