    0 s    2    4.952361       0.3092893        3233.219        6.189825        518.3219       0.2228889E-01
    0 s    3    5.325979       0.4656719        2147.435        6.501321        418.3052       0.1190575E-01
    0 s    4    5.698326       0.6405784        1561.089        7.304207        371.3536       0.9899395E-02
    0 s    5    6.042286       0.8301881        1204.546        7.682554        352.7198       0.8668113E-02
    0 s    6    6.306969        1.024110        976.4576        7.670985        343.7654       0.7295983E-02
    0 s    7    6.473838        1.212930        824.4502        7.292319        337.0683       0.5523005E-02
    0 s    8    6.535761        1.387802        720.5637        6.603928        329.7294       0.3444040E-02
    0 s    9    6.505482        1.543887        647.7156        5.872289        321.7155       0.1695892E-02
    0 s   10    6.419971        1.683972        593.8341        5.363016        313.9420       0.7031195E-03
    0 s   11    6.315220        1.814257        551.1898        5.081616        306.5581       0.2689325E-03
    0 s   12    6.210364        1.939276        515.6564        4.929205        299.3264       0.9967825E-04
    0 s   13    6.112160        2.061299        485.1310        4.834565        292.0773       0.3637926E-04
    0 s   14    6.021875        2.181284        458.4455        4.762618        284.7483       0.1310912E-04
    0 s   15    5.938894        2.299587        434.8608        4.698349        277.3444       0.4658225E-05
    0 s   16    5.862155        2.416316        413.8531        4.636085        269.9080       0.1629043E-05
    0 s   17    5.790648        2.531499        395.0229        4.574276        262.5018       0.5597145E-06
    0 s   18    5.723549        2.645146        378.0509        4.513120        255.1961       0.1886986E-06
    0 s   19    5.660236        2.757285        362.6756        4.453496        248.0606       0.6250241E-07
    0 s   20    5.600254        2.867967        348.6791        4.396452        241.1583       0.2050921E-07
    0 s   21    5.543283        2.977269        335.8783        4.342965        234.5410       0.6860985E-08
    0 s   22    5.489096        3.085289        324.1187        4.293818        228.2476       0.2405428E-08
    0 s   23    5.437537        3.192145        313.2690        4.249552        222.3035       0.8806671E-09
    0 s   24    5.388489        3.297962        303.2176        4.210463        216.7215       0.2970734E-09
    0 s   25    5.341862        3.402870        293.8696        4.176618        211.5034       0.9105616E-10
    0 s   26    5.297579        3.507000        285.1440        4.147893        206.6423       0.8389225E-10
    1 s    2    10.65305       0.6653138        1503.050        10.84508        298.1084       0.3240590E-02
    1 s    3    10.55246       0.9226447        1083.841        9.675407        279.5600       0.6837616E-03
    1 s    4    10.20432        1.147120        871.7481        8.153244        277.0917       0.9109808E-03
    1 s    5    9.649139        1.325757        754.2863        6.072594        304.3067       0.2394980E-02
    1 s    6    9.002957        1.461878        684.0517        5.011999        335.9244       0.4737932E-02
    1 s    7    8.488592        1.590411        628.7682        5.297556        349.0009       0.7337499E-02
    1 s    8    8.173078        1.735470        576.2128        6.199498        355.1428       0.1013987E-01
    1 s    9    8.029295        1.905520        524.7911        7.182233        359.8132       0.1257272E-01
    1 s   10    7.996456        2.097487        476.7609        7.899347        363.4502       0.1422105E-01
    1 s   11    8.019182        2.303777        434.0698        8.326071        366.0571       0.1527949E-01
    1 s   12    8.064602        2.518288        397.0951        8.562752        367.6842       0.1603208E-01
    1 s   13    8.116638        2.737300        365.3234        8.687197        367.9185       0.1660753E-01
    1 s   14    8.167618        2.958530        338.0057        8.737150        365.1918       0.1698566E-01
    1 s   15    8.212943        3.180116        314.4539        8.707106        353.8487       0.1688759E-01
    1 s   16    8.244930        3.398470        294.2501        8.424840        308.3409       0.1468717E-01
    1 s   17    8.228019        3.597045        278.0060        7.114539        202.4150       0.5054622E-02
    1 s   18    8.143260        3.763419        265.7158        6.340582        173.0601       0.7364218E-03
    1 s   19    8.045526        3.919238        255.1517        6.136917        169.0619       0.1597578E-03
    1 s   20    7.950399        4.071508        245.6092        6.037667        168.2448       0.4515992E-04
    1 s   21    7.860415        4.221788        236.8665        5.974295        168.2707       0.1459648E-04
    1 s   22    7.776083        4.370750        228.7937        5.931181        168.6708       0.5075651E-05
    1 s   23    7.697403        4.518816        221.2969        5.902141        169.2797       0.1840921E-05
    1 s   24    7.624178        4.666289        214.3031        5.883397        170.0081       0.6843814E-06
    1 s   25    7.556111        4.813390        207.7538        5.872050        170.7936       0.2579675E-06
    1 s   26    7.492851        4.960272        201.6018        5.865692        171.5872       0.9782215E-07
    2 s    1    10.38893       0.3892912        2568.771        12.95491        358.7556       0.2277357E-03
    2 s    2    14.99016       0.9361789        1068.172        18.86125        96.71078       0.1526276    
    2 s    3    13.97953        1.222287        818.1386        5.808408        386.1212       0.5452960E-02
    2 s    4    12.09572        1.359742        735.4335        5.420293        344.3388       0.2033865E-02
    2 s    5    10.98503        1.509303        662.5574        6.623879        278.2409       0.1636964E-02
    2 s    6    10.40476        1.689499        591.8913        7.562627        237.1209       0.1059773E-02
    2 s    7    10.04406        1.881842        531.3943        7.711896        217.6852       0.7770972E-03
    2 s    8    9.766953        2.073913        482.1803        7.603219        205.7678       0.6711529E-03
    2 s    9    9.532494        2.262261        442.0357        7.431255        197.1025       0.6438017E-03
    2 s   10    9.325572        2.446117        408.8111        7.248870        190.4034       0.6595558E-03
    2 s   11    9.138954        2.625469        380.8844        7.072185        185.1660       0.7078928E-03
    2 s   12    8.968527        2.800552        357.0725        6.907417        181.1563       0.7930177E-03
    2 s   13    8.811759        2.971727        336.5047        6.758899        178.3089       0.9398659E-03
    2 s   14    8.667228        3.139502        318.5219        6.634675        176.8444       0.1227811E-02
    2 s   15    8.534987        3.304814        302.5888        6.564614        178.0694       0.1951100E-02
    2 s   16    8.420395        3.470795        288.1184        6.734378        191.1370       0.4721623E-02
    2 s   17    8.357837        3.653797        273.6879        7.928704        281.4530       0.1493111E-01
    2 s   18    8.365715        3.866227        258.6501        8.590101        367.8004       0.1987590E-01
    2 s   19    8.388958        4.086535        244.7061        8.686413        388.2226       0.2099493E-01
    2 s   20    8.411973        4.307887        232.1324        8.686319        394.9952       0.2161283E-01
    2 s   21    8.432291        4.528940        220.8022        8.659513        398.4131       0.2211515E-01
    2 s   22    8.449477        4.749248        210.5596        8.621629        400.5891       0.2256556E-01
    2 s   23    8.463576        4.968603        201.2638        8.578053        402.0875       0.2297753E-01
    2 s   24    8.474778        5.186889        192.7938        8.531160        403.0232       0.2335056E-01
    2 s   25    8.483297        5.404026        185.0472        8.481604        403.1323       0.2366709E-01
    2 s   26    8.489254        5.619891        177.9394        8.423996        400.1312       0.2380021E-01
    3 s    1    25.13567       0.9418770        1061.710        5.422512        731.7277       0.1455529E-02
    3 s    2    17.49144        1.092391        915.4232        6.613405        341.0890       0.5568187E-02
    3 s    3    16.03595        1.402088        713.2222        15.99863        90.58005       0.1178525    
    3 s    4    16.05841        1.805209        553.9523        15.40498        89.37575       0.1082305    
    3 s    5    15.98321        2.196035        455.3662        15.10032        89.07107       0.1000980    
    3 s    6    15.39554        2.499889        400.0177        5.431021        275.7070       0.8270697E-03
    3 s    7    14.06658        2.635495        379.4353        5.364449        267.9609       0.8500226E-03
    3 s    8    13.04377        2.769713        361.0483        5.334649        261.9438       0.9367834E-03
    3 s    9    12.23790        2.904310        344.3158        5.400625        257.3227       0.9926756E-03
    3 s   10    11.59601        3.041658        328.7680        5.553783        253.4496       0.1011362E-02
    3 s   11    11.08141        3.183503        314.1193        5.758458        249.8188       0.9919268E-03
    3 s   12    10.66620        3.330674        300.2396        5.979090        246.1182       0.9383901E-03
    3 s   13    10.32845        3.483224        287.0904        6.189687        242.2050       0.8586975E-03
    3 s   14    10.05087        3.640694        274.6729        6.374769        238.0512       0.7626483E-03
    3 s   15    9.819919        3.802350        262.9952        6.527308        233.6896       0.6598404E-03
    3 s   16    9.625101        3.967361        252.0567        6.646084        229.1751       0.5583069E-03
    3 s   17    9.458358        4.134913        241.8431        6.733363        224.5641       0.4639440E-03
    3 s   18    9.313552        4.304271        232.3274        6.793184        219.9103       0.3805083E-03
    3 s   19    9.186028        4.474813        223.4730        6.830200        215.2651       0.3099275E-03
    3 s   20    9.072267        4.646032        215.2374        6.848948        210.6796       0.2527624E-03
    3 s   21    8.969601        4.817526        207.5754        6.853436        206.2028       0.2087584E-03
    3 s   22    8.875998        4.988986        200.4415        6.846941        201.8791       0.1775177E-03
    3 s   23    8.789897        5.160172        193.7920        6.831993        197.7478       0.1595385E-03
    3 s   24    8.710078        5.330902        187.5855        6.810539        193.8500       0.1587613E-03
    3 s   25    8.635593        5.501041        181.7838        6.784572        190.2698       0.1932869E-03
    3 s   26    8.565777        5.670550        176.3497        6.761164        187.5029       0.3873310E-03
    4 s    1    37.23511        1.395264        716.7101        12.24675        380.0229       0.3369128E-03
    4 s    2    27.50068        1.717497        582.2427        13.25908        479.5774       0.2924035E-03
    4 s    3    23.44233        2.049658        487.8864        12.80026        574.6314       0.6109192E-04
    4 s    4    19.89300        2.236275        447.1721        4.896373        309.2533       0.4493730E-03
    4 s    5    17.21065        2.364681        422.8900        5.315822        286.4997       0.6271931E-03
    4 s    6    15.89575        2.581113        387.4298        14.94845        88.87574       0.9423768E-01
    4 s    7    15.81281        2.962666        337.5338        14.86888        88.76326       0.9006395E-01
    4 s    8    15.73863        3.341938        299.2276        14.79801        88.72521       0.8680869E-01
    4 s    9    15.59317        3.700587        270.2274        5.935627        317.0735       0.5568966E-03
    4 s   10    14.65048        3.842853        260.2234        5.468005        290.8005       0.5851007E-03
    4 s   11    13.84258        3.976741        251.4622        5.229443        276.0193       0.5977847E-03
    4 s   12    13.15000        4.106277        243.5296        5.116447        266.3438       0.5970813E-03
    4 s   13    12.55548        4.234281        236.1676        5.107494        259.6990       0.5850602E-03
    4 s   14    12.04532        4.363138        229.1928        5.184761        255.1402       0.5621365E-03
    4 s   15    11.60808        4.494741        222.4822        5.326635        252.1031       0.5291394E-03
    4 s   16    11.23376        4.630431        215.9626        5.511091        250.2023       0.4876074E-03
    4 s   17    10.91342        4.771024        209.5986        5.718385        249.1584       0.4396193E-03
    4 s   18    10.63912        4.916882        203.3809        5.932169        248.7598       0.3875697E-03
    4 s   19    10.40375        5.068006        197.3163        6.139734        248.8401       0.3339567E-03
    4 s   20    10.20110        5.224121        191.4198        6.331893        249.2630       0.2811726E-03
    4 s   21    10.02572        5.384764        185.7092        6.502665        249.9139       0.2313016E-03
    4 s   22    9.872966        5.549357        180.2011        6.648816        250.6951       0.1859546E-03
    4 s   23    9.738866        5.717271        174.9086        6.769298        251.5249       0.1461749E-03
    4 s   24    9.620100        5.887870        169.8407        6.864674        252.3364       0.1124327E-03
    4 s   25    9.513911        6.060547        165.0016        6.936580        253.0775       0.8469603E-04
    4 s   26    9.418034        6.234745        160.3915        6.987284        253.7097       0.6255288E-04
    5 s    1    44.24880        1.658079        603.1075        27.35485        86.27713       0.1384304E-03
    5 s    2    33.12960        2.069039        483.3161        2.594572        323.3213       0.6126352E-03
    5 s    3    24.55172        2.146656        465.8408        4.300384        278.9516       0.6826897E-03
    5 s    4    21.38847        2.404389        415.9060        13.35708        467.1321       0.2455709E-03
    5 s    5    19.91481        2.736223        365.4673        13.02254        510.4601       0.1444297E-03
    5 s    6    18.78501        3.050263        327.8406        11.98158        522.7802       0.1393695E-03
    5 s    7    17.75725        3.326975        300.5733        9.909490        489.3810       0.2396747E-03
    5 s    8    16.66705        3.539079        282.5594        7.177294        378.9706       0.4403736E-03
    5 s    9    15.67203        3.719301        268.8678        14.73515        88.70845       0.8425150E-01
    5 s   10    15.61182        4.095015        244.1994        14.68164        88.68266       0.8222359E-01
    5 s   11    15.55716        4.469312        223.7481        14.63400        88.66256       0.8055797E-01
    5 s   12    15.16790        4.736396        211.1310        8.590251        383.1814       0.2333646E-03
    5 s   13    14.64595        4.939282        202.4586        7.635825        360.2019       0.3600063E-03
    5 s   14    14.13782        5.121095        195.2707        6.944331        333.3946       0.4707843E-03
    5 s   15    13.66205        5.290053        189.0340        6.586014        314.0194       0.5339458E-03
    5 s   16    13.22889        5.452802        183.3920        6.424635        301.4586       0.5551821E-03
    5 s   17    12.83903        5.612840        178.1629        6.358934        293.0733       0.5456151E-03
    5 s   18    12.48909        5.771849        173.2547        6.339540        287.1571       0.5138070E-03
    5 s   19    12.17462        5.930653        168.6155        6.342869        282.7657       0.4667047E-03
    5 s   20    11.89121        6.089651        164.2130        6.356777        279.3661       0.4104186E-03
    5 s   21    11.63486        6.249021        160.0251        6.374710        276.6415       0.3502917E-03
    5 s   22    11.40205        6.408819        156.0350        6.393283        274.3935       0.2907230E-03
    5 s   23    11.18979        6.569045        152.2291        6.411092        272.4917       0.2350120E-03
    5 s   24    10.99552        6.729680        148.5955        6.427938        270.8459       0.1853188E-03
    5 s   25    10.81711        6.890711        145.1229        6.444225        269.3896       0.1427533E-03
    5 s   26    10.65276        7.052133        141.8011        6.460466        268.0688       0.1075626E-03
    6 s    1    52.22628        1.957009        510.9838        8.686006        701.6805       0.1562500E-02
    6 s    2    37.61029        2.348871        425.7364        26.25132        85.74665       0.3209175E-03
    6 s    3    32.17450        2.813147        355.4738        12.48445        400.0989       0.1280789E-02
    6 s    4    27.42574        3.083070        324.3521        8.726619        341.4517       0.9139061E-03
    6 s    5    23.70134        3.256478        307.0802        5.693768        269.8072       0.5778438E-03
    6 s    6    20.90647        3.394741        294.5733        5.657416        254.0674       0.4832640E-03
    6 s    7    18.96469        3.553199        281.4366        7.247011        258.6524       0.3869038E-03
    6 s    8    17.72995        3.764774        265.6202        9.502018        300.5185       0.2082651E-03
    6 s    9    16.91360        4.013951        249.1311        10.17686        347.0768       0.1233301E-03
    6 s   10    16.26746        4.266989        234.3573        9.979940        374.2379       0.1130625E-03
    6 s   11    15.70014        4.510389        221.7104        9.432400        387.1758       0.1473940E-03
    6 s   12    15.50736        4.842398        206.5093        14.59312        88.64044       0.7917043E-01
    6 s   13    15.41636        5.199099        192.3410        8.095471        275.7999       0.3748571E-03
    6 s   14    14.93673        5.410485        184.8263        8.718333        293.3187       0.2767284E-03
    6 s   15    14.54612        5.632373        177.5451        8.960038        308.8410       0.2189905E-03
    6 s   16    14.20941        5.856962        170.7370        8.960531        320.0023       0.1930405E-03
    6 s   17    13.90675        6.079616        164.4841        8.817484        327.0989       0.1881184E-03
    6 s   18    13.62614        6.297339        158.7972        8.570199        330.4313       0.1987875E-03
    6 s   19    13.35928        6.507739        153.6632        8.233761        329.6304       0.2220248E-03
    6 s   20    13.10029        6.708840        149.0571        7.831823        324.1033       0.2527988E-03
    6 s   21    12.84620        6.899630        144.9353        7.419716        314.3848       0.2809901E-03
    6 s   22    12.59749        7.080745        141.2281        7.067486        302.8098       0.2948665E-03
    6 s   23    12.35695        7.254237        137.8505        6.811679        291.9167       0.2890319E-03
    6 s   24    12.12744        7.422455        134.7263        6.642129        282.8494       0.2661421E-03
    6 s   25    11.91044        7.587179        131.8013        6.527989        275.5552       0.2323990E-03
    6 s   26    11.70605        7.749412        129.0420        6.440153        269.5605       0.1938449E-03
    7 s    1    59.51659        2.230190        448.3923        6.509358        246.3441       0.8590366E-03
    7 s    2    40.15484        2.507786        398.7581        13.58568        383.0206       0.1227658E-02
    7 s    3    34.43411        3.010714        332.1471        24.47077        86.67669       0.1154758E-02
    7 s    4    30.41348        3.418937        292.4885        7.819978        330.4036       0.3878364E-03
    7 s    5    26.69741        3.668127        272.6187        11.48516        479.9263       0.5414752E-03
    7 s    6    24.40555        3.962912        252.3397        11.53364        498.9110       0.5853858E-03
    7 s    7    22.53678        4.222461        236.8287        8.854706        392.4701       0.6267289E-03
    7 s    8    20.75759        4.407664        226.8776        6.234477        308.2859       0.6304583E-03
    7 s    9    19.17934        4.551659        219.7001        5.484384        276.8806       0.6174159E-03
    7 s   10    17.88213        4.690522        213.1959        5.676466        264.9751       0.5996680E-03
    7 s   11    16.84680        4.839804        206.6200        6.277087        260.6932       0.5632547E-03
    7 s   12    16.03683        5.007733        199.6912        7.155485        263.5113       0.4870240E-03
    7 s   13    15.46191        5.214461        191.7744        14.55862        88.61661       0.7799442E-01
    7 s   14    15.42038        5.585675        179.0294        14.52991        88.59171       0.7698246E-01
    7 s   15    15.38241        5.956189        167.8926        14.50627        88.56650       0.7610004E-01
    7 s   16    15.34765        6.326133        158.0744        14.48693        88.54157       0.7532184E-01
    7 s   17    14.92855        6.526319        153.2257        6.005828        233.6874       0.4718696E-03
    7 s   18    14.45335        6.679636        149.7088        6.232534        231.9259       0.4373925E-03
    7 s   19    14.03975        6.839220        146.2155        6.511175        231.4709       0.3883433E-03
    7 s   20    13.68111        7.006285        142.7290        6.829931        232.8335       0.3260942E-03
    7 s   21    13.37058        7.181270        139.2511        7.137303        236.1229       0.2595941E-03
    7 s   22    13.09965        7.362996        135.8143        7.362551        240.5100       0.2011459E-03
    7 s   23    12.85876        7.548828        132.4709        7.466548        244.6149       0.1578095E-03
    7 s   24    12.63935        7.735766        129.2697        7.457462        247.4445       0.1291224E-03
    7 s   25    12.43505        7.921370        126.2408        7.367083        248.7240       0.1111250E-03
    7 s   26    12.24176        8.104051        123.3951        7.230205        248.6615       0.9969440E-04
    8 s    1    76.50389        2.866733        348.8291        13.97515        944.4882       0.3537290E-02
    8 s    2    51.28683        3.203010        312.2063        9.539890        382.6271       0.1826151E-02
    8 s    3    37.59082        3.286717        304.2550        3.550146        254.2073       0.1374395E-03
    8 s    4    32.17675        3.617156        276.4603        23.42920        86.96977       0.2231248E-02
    8 s    5    30.39076        4.175579        239.4877        17.80110        166.8729       0.2656351E-02
    8 s    6    27.57352        4.477319        223.3479        9.112588        426.4102       0.3225673E-03
    8 s    7    25.05520        4.694309        213.0239        9.597725        346.7430       0.3476161E-07
    8 s    8    23.42766        4.974626        201.0201        12.54745        433.8661       0.2234461E-04
    8 s    9    22.33314        5.300122        188.6749        12.75003        532.4985       0.2447478E-06
    8 s   10    21.07542        5.528127        180.8931        6.676180        334.1041       0.5036160E-03
    8 s   11    19.77500        5.681028        176.0245        5.714699        282.7591       0.5870443E-03
    8 s   12    18.63879        5.820232        171.8145        5.446381        262.0989       0.5826122E-03
    8 s   13    17.66195        5.956416        167.8862        5.435085        251.2483       0.5593832E-03
    8 s   14    16.82321        6.093815        164.1008        5.527523        244.5680       0.5355443E-03
    8 s   15    16.10020        6.234124        160.4075        5.662021        239.9035       0.5151632E-03
    8 s   16    15.47371        6.378094        156.7867        5.820209        236.3734       0.4957765E-03
    8 s   17    15.31581        6.695616        149.3515        14.47116        88.51729       0.7462893E-01
    8 s   18    15.28661        7.064726        141.5483        14.45828        88.49389       0.7400693E-01
    8 s   19    15.25978        7.433537        134.5255        14.44768        88.47145       0.7344470E-01
    8 s   20    15.02086        7.692389        129.9986        5.805537        232.6585       0.5038114E-03
    8 s   21    14.59563        7.839239        127.5634        5.901044        230.7457       0.4970512E-03
    8 s   22    14.21198        7.988211        125.1845        5.978619        228.6951       0.4802559E-03
    8 s   23    13.86401        8.138969        122.8657        6.048119        226.6651       0.4527553E-03
    8 s   24    13.54726        8.291440        120.6063        6.120217        224.8536       0.4157737E-03
    8 s   25    13.25831        8.445800        118.4021        6.203280        223.4499       0.3719295E-03
    8 s   26    12.99452        8.602377        116.2469        6.300633        222.5909       0.3245244E-03
    9 s    1    85.46006        3.202337        312.2720       0.6993748        224.4261       0.2165034E-06
    9 s    2    51.89491        3.240987        308.5480        5.699697        365.7051       0.5988041E-03
    9 s    3    40.66444        3.555457        281.2578        13.30023        889.1484       0.2030968E-02
    9 s    4    34.58038        3.887360        257.2440        13.17262        728.6454       0.1845908E-02
    9 s    5    30.79813        4.231551        236.3200        17.32690        140.7036       0.1784631E-02
    9 s    6    28.38206        4.608608        216.9853        8.702061        353.9968       0.9993791E-03
    9 s    7    25.99251        4.869923        205.3421        11.02334        569.0482       0.7255183E-03
    9 s    8    24.18364        5.135151        194.7362        9.920266        490.6487       0.5424421E-03
    9 s    9    22.60971        5.365759        186.3669        8.908305        360.7233       0.6403114E-03
    9 s   10    21.57862        5.660119        176.6747        13.41407        463.6027       0.2039204E-03
    9 s   11    20.86370        5.993794        166.8392        13.14970        505.1854       0.1112833E-03
    9 s   12    20.22486        6.315506        158.3404        12.55954        521.1745       0.8094513E-04
    9 s   13    19.62567        6.618672        151.0877        11.49996        513.5372       0.1155440E-03
    9 s   14    18.93304        6.858054        145.8140        6.985609        316.4883       0.4185833E-03
    9 s   15    18.08977        7.004503        142.7653        5.335131        251.8185       0.5025114E-03
    9 s   16    17.31405        7.136664        140.1215        5.266284        241.4684       0.4989560E-03
    9 s   17    16.63010        7.270183        137.5481        5.389457        237.9135       0.4966672E-03
    9 s   18    16.02790        7.407316        135.0017        5.543038        235.9770       0.4992385E-03
    9 s   19    15.49518        7.548208        132.4818        5.685973        234.3682       0.5031666E-03
    9 s   20    15.23511        7.802107        128.1705        14.43885        88.44991       0.7293349E-01
    9 s   21    15.21236        8.170483        122.3918        14.43139        88.42920       0.7246625E-01
    9 s   22    15.19136        8.538701        117.1138        14.42495        88.40914       0.7203726E-01
    9 s   23    15.09370        8.860864        112.8558        5.721536        239.8470       0.4983707E-03
    9 s   24    14.71659        9.007119        111.0233        5.941078        240.1710       0.5147156E-03
    9 s   25    14.37753        9.158766        109.1850        6.150307        240.7833       0.5222222E-03
    9 s   26    14.07151        9.315350        107.3497        6.335279        241.3546       0.5174598E-03
   10 s    1    89.98543        3.371910        296.5678        23.44255        87.89398       0.1114728E-03
   10 s    2    63.65006        3.975130        251.5641        24.34318        85.26015       0.2331778E-04
   10 s    3    49.54164        4.331626        230.8602        4.397782        299.5710       0.5299409E-03
   10 s    4    39.12905        4.398700        227.3399        2.270860        242.0233       0.2422466E-03
   10 s    5    32.52641        4.469011        223.7632        3.681802        247.3524       0.4113441E-03
   10 s    6    29.39590        4.773234        209.5016        21.97408        84.40208       0.3563973E-02
   10 s    7    28.40794        5.322474        187.8825        21.66881        83.64174       0.4095183E-02
   10 s    8    26.97962        5.728847        174.5552        7.636810        291.5984       0.8600958E-03
   10 s    9    25.02359        5.938624        168.3892        9.195085        325.0333       0.4700471E-03
   10 s   10    23.57813        6.184595        161.6921        10.15523        357.4944       0.3974591E-03
   10 s   11    22.38067        6.429593        155.5308        8.990635        322.2964       0.5135372E-03
   10 s   12    21.21930        6.626032        150.9199        6.755623        263.7450       0.5723888E-03
   10 s   13    20.11211        6.782719        147.4335        6.152455        240.5456       0.4943838E-03
   10 s   14    19.25673        6.975304        143.3629        9.979348        321.6964       0.1459007E-03
   10 s   15    18.72217        7.249372        137.9430        11.33778        422.2177       0.3258515E-04
   10 s   16    18.27379        7.532255        132.7624        11.23260        446.2567       0.2338032E-04
   10 s   17    17.86321        7.809266        128.0530        10.89403        450.2193       0.3044793E-04
   10 s   18    17.47013        8.073847        123.8567        10.13041        435.2762       0.7134445E-04
   10 s   19    17.03283        8.297245        120.5219        7.226041        322.1175       0.2840936E-03
   10 s   20    16.49849        8.449102        118.3558        5.463368        254.8214       0.4236906E-03
   10 s   21    15.98195        8.583824        116.4982        5.363029        243.3377       0.4549619E-03
   10 s   22    15.51395        8.720019        114.6786        5.513313        240.4098       0.4774196E-03
   10 s   23    15.17193        8.906792        112.2739        14.41924        88.38959       0.7164178E-01
   10 s   24    15.15392        9.274779        107.8193        14.41406        88.37036       0.7127581E-01
   10 s   25    15.13718        9.642681        103.7056        14.40922        88.35127       0.7093598E-01
   10 s   26    15.03476        9.953018        100.4720        6.937230        284.6141       0.1647044E-03
   11 s    1    99.07900        3.712662        269.3485        16.14265        769.5895       0.4758983E-02
   11 s    2    65.43547        4.086634        244.7001        13.59147        804.1467       0.3565272E-02
   11 s    3    51.43432        4.497110        222.3650        10.11725        357.7356       0.1065325E-02
   11 s    4    42.54516        4.782722        209.0859        11.70060        673.8552       0.8797521E-03
   11 s    5    36.91072        5.071398        197.1843        11.17372        635.3906       0.1402269E-02
   11 s    6    32.85456        5.334842        187.4470        9.569998        453.9133       0.1825405E-02
   11 s    7    29.60160        5.546115        180.3064        7.479240        313.8833       0.1414400E-02
   11 s    8    27.61450        5.863659        170.5420        21.28209        83.29707       0.4315230E-02
   11 s    9    26.94898        6.395558        156.3585        21.03797        83.12618       0.4486148E-02
   11 s   10    25.54596        6.700760        149.2368        5.610742        267.1432       0.1411442E-03
   11 s   11    23.90155        6.866515        145.6343        7.987047        305.8092       0.2081843E-03
   11 s   12    22.75314        7.104998        140.7460        10.81161        403.9379       0.3505847E-03
   11 s   13    21.90602        7.387710        135.3600        11.25333        445.1832       0.5958951E-03
   11 s   14    21.11122        7.647049        130.7694        9.082379        358.2551       0.7493228E-03
   11 s   15    20.24821        7.840267        127.5467        6.497350        278.5302       0.6942909E-03
   11 s   16    19.37356        7.985568        125.2259        5.289935        246.8983       0.5820991E-03
   11 s   17    18.55862        8.113276        123.2548        4.996509        234.7700       0.4954809E-03
   11 s   18    17.83361        8.241828        121.3323        5.423817        232.5971       0.4100558E-03
   11 s   19    17.25383        8.404904        118.9782        8.113546        279.6125       0.1778851E-03
   11 s   20    16.86147        8.634987        115.8079        9.719979        354.0788       0.3699995E-04
   11 s   21    16.53089        8.878654        112.6297        9.688243        370.4095       0.1779393E-04
   11 s   22    16.22126        9.117583        109.6782        9.402252        368.6332       0.1682741E-04
   11 s   23    15.92347        9.347990        106.9749        9.007999        358.9109       0.2449085E-04
   11 s   24    15.63121        9.566897        104.5271        8.468720        341.1226       0.4573894E-04
   11 s   25    15.33680        9.769840        102.3558        7.727109        313.9104       0.9216517E-04
   11 s   26    15.12163        10.01053        99.89483        14.40457        88.33178       0.7061897E-01
   12 s    1    116.2669        4.356723        229.5303       0.6071395        231.4589       0.7475138E-04
   12 s    2    70.12338        4.379408        228.3414        1.581557        235.8320       0.2965979E-03
   12 s    3    52.46519        4.587244        217.9958        23.67564        88.81134       0.5741400E-04
   12 s    4    46.10124        5.182480        192.9578        23.53913        85.25028       0.1557256E-03
   12 s    5    40.58791        5.576631        179.3197        3.818823        223.4360       0.4162360E-04
   12 s    6    35.11127        5.701280        175.3992        6.482327        271.3466       0.1944296E-03
   12 s    7    31.54908        5.910994        169.1763        10.15533        402.4329       0.7668576E-03
   12 s    8    29.17142        6.194253        161.4400        12.16195        561.5263       0.1019838E-02
   12 s    9    27.41158        6.505343        153.7198        12.13286        629.6650       0.5669851E-03
   12 s   10    26.13197        6.854472        145.8902        13.13529        537.1184       0.8620498E-03
   12 s   11    25.02408        7.188999        139.1014        13.45051        577.7936       0.4270235E-03
   12 s   12    24.09056        7.522625        132.9323        13.11487        516.8679       0.1564427E-03
   12 s   13    23.23127        7.834644        127.6382        11.47978        377.7809       0.2223814E-05
   12 s   14    22.34967        8.095647        123.5232        10.16558        331.5618       0.1546648E-03
   12 s   15    21.61710        8.370310        119.4699        11.69766        438.4867       0.5008100E-03
   12 s   16    21.02398        8.665856        115.3954        11.40780        482.9690       0.8387694E-03
   12 s   17    20.40419        8.920103        112.1063        8.587901        359.1176       0.8682894E-03
   12 s   18    19.69317        9.101227        109.8753        6.112836        275.1837       0.6587943E-03
   12 s   19    18.96660        9.239247        108.2339        5.064051        245.4764       0.5030807E-03
   12 s   20    18.27957        9.361220        106.8237        4.735681        234.3301       0.4138677E-03
   12 s   21    17.64931        9.479351        105.4925        4.721325        230.0989       0.3634827E-03
   12 s   22    17.07850        9.599415        104.1730        4.880612        229.4568       0.3349774E-03
   12 s   23    16.56621        9.725312        102.8245        5.191424        231.9524       0.3172282E-03
   12 s   24    16.11225        9.861312        101.4064        5.701818        239.1053       0.2985034E-03
   12 s   25    15.72115        10.01468        99.85340        6.490573        254.9590       0.2614475E-03
   12 s   26    15.39000        10.18819        98.15287        7.350560        278.8340       0.2067943E-03
   13 s    1    120.9281        4.531385        220.6831        14.20706        700.5593       0.7223438E-03
   13 s    2    78.20021        4.883829        204.7574        14.09788        893.9241       0.3946032E-02
   13 s    3    59.87871        5.235438        191.0060        13.71094        850.8881       0.5241018E-02
   13 s    4    48.90138        5.497258        181.9089        3.433368        220.0530       0.4901981E-03
   13 s    5    41.94999        5.763776        173.4974        22.19119        93.32287       0.5252139E-03
   13 s    6    37.95830        6.163574        162.2435        10.74273        567.7190       0.3413357E-03
   13 s    7    34.02657        6.375173        156.8585        6.126576        325.7839       0.2557532E-03
   13 s    8    30.59398        6.496321        153.9333        4.104730        244.4221       0.4921345E-03
   13 s    9    27.82163        6.602657        151.4542        5.044276        234.5219       0.8034821E-03
   13 s   10    26.38735        6.921458        144.4782        20.79743        83.06003       0.4538210E-02
   13 s   11    25.90407        7.441807        134.3760        20.62160        82.98443       0.4560585E-02
   13 s   12    25.07135        7.828891        127.7320        5.290587        263.3435       0.5794167E-03
   13 s   13    23.68328        7.987082        125.2022        7.898796        346.3192       0.4261495E-03
   13 s   14    22.74073        8.237301        121.3990        11.46038        534.9673       0.2116090E-03
   13 s   15    22.02978        8.530105        117.2318        11.67534        513.5489       0.7905037E-04
   13 s   16    21.39234        8.817689        113.4084        11.39771        462.9365       0.2975641E-05
   13 s   17    20.83247        9.107334        109.8016        11.84527        478.7471       0.7928938E-04
   13 s   18    20.35033        9.404932        106.3272        11.79462        496.3916       0.1897650E-03
   13 s   19    19.89852        9.693217        103.1649        11.23777        476.5458       0.1853521E-03
   13 s   20    19.46210        9.966809        100.3330        10.60794        444.9217       0.1873185E-03
   13 s   21    19.03321        10.22264        97.82208        9.331828        380.8519       0.2686695E-03
   13 s   22    18.55567        10.42970        95.88005        7.197406        302.4552       0.3851602E-03
   13 s   23    18.04138        10.59132        94.41695        5.906887        266.7312       0.3959811E-03
   13 s   24    17.53630        10.73289        93.17156        5.476742        254.7561       0.3655256E-03
   13 s   25    17.06159        10.86857        92.00846        5.383072        250.4614       0.3378483E-03
   13 s   26    16.62209        11.00383        90.87743        5.426591        249.1649       0.3183873E-03
   14 s    1    130.9570        4.907184        203.7829        23.97189        89.39274       0.3863018E-03
   14 s    2    86.92327        5.428609        184.2092        1.010276        204.9090       0.2110765E-08
   14 s    3    62.46510        5.461577        183.0973        1.707395        211.1457       0.1916359E-04
   14 s    4    49.67805        5.584568        179.0649        11.88081        718.9779       0.3009288E-02
   14 s    5    42.93102        5.898566        169.5327        12.93970        443.3661       0.1100190E-02
   14 s    6    39.14959        6.357013        157.3066        21.94822        86.41218       0.3394715E-03
   14 s    7    35.83091        6.713232        148.9596        9.940501        329.6560       0.1926896E-03
   14 s    8    32.96094        6.998920        142.8792        12.23784        496.5261       0.1685164E-03
   14 s    9    30.77040        7.302462        136.9401        11.46680        462.0501       0.7549738E-03
   14 s   10    28.77172        7.546884        132.5050        7.719396        312.4179       0.1096459E-02
   14 s   11    26.80902        7.701785        129.8400        5.190850        258.0718       0.8279509E-03
   14 s   12    25.48437        7.957862        125.6619        20.46305        83.00857       0.4537012E-02
   14 s   13    25.11585        8.470209        118.0608        20.32839        83.05471       0.4490463E-02
   14 s   14    24.74410        8.962974        111.5701        4.827027        247.0568       0.6005851E-03
   14 s   15    23.44844        9.079421        110.1392        4.794760        244.2246       0.3184734E-03
   14 s   16    22.35453        9.214293        108.5270        6.159368        270.6471       0.2454393E-03
   14 s   17    21.49557        9.397224        106.4144        8.525960        343.3035       0.3552212E-03
   14 s   18    20.85751        9.639329        103.7417        10.58165        458.8005       0.6473792E-03
   14 s   19    20.35271        9.914466        100.8627        11.03118        509.7167       0.9219566E-03
   14 s   20    19.88365        10.18269        98.20588        9.672911        422.1180       0.9063324E-03
   14 s   21    19.38036        10.40909        96.06987        8.717323        365.7226       0.5732734E-03
   14 s   22    18.92663        10.63820        94.00084        9.772440        405.4933       0.2403380E-03
   14 s   23    18.56009        10.89583        91.77819        10.69255        453.7601       0.1052990E-03
   14 s   24    18.24644        11.16752        89.54539        10.95758        468.6619       0.7055830E-04
   14 s   25    17.95867        11.44002        87.41243        10.75337        452.9186       0.7335103E-04
   14 s   26    17.67231        11.69908        85.47682        9.788682        396.3380       0.1118086E-03
   15 s    1    142.4187        5.336675        187.3826        15.53008        683.9834       0.3836858E-02
   15 s    2    88.36429        5.518605        181.2052        24.48657        92.83623       0.1634211E-03
   15 s    3    69.10193        6.041861        165.5119        14.76315        808.6810       0.6474691E-03
   15 s    4    56.35329        6.334967        157.8540        6.815577        298.8255       0.1800142E-02
   15 s    5    46.85960        6.438338        155.3196        3.175328        210.9693       0.1044794E-02
   15 s    6    40.24851        6.535454        153.0116        5.257322        220.8086       0.5974165E-03
   15 s    7    36.94434        6.921843        144.4702        22.02587        84.76635       0.5090379E-03
   15 s    8    35.19181        7.472623        133.8218        21.78848        84.09326       0.7858051E-03
   15 s    9    32.60349        7.737493        129.2408        5.220012        280.2073      -0.2724025E-04
   15 s   10    30.18218        7.916852        126.3128        9.365926        414.6208       0.1850663E-03
   15 s   11    28.51606        8.192187        122.0675        12.07765        586.7950       0.9229477E-03
   15 s   12    27.22439        8.501210        117.6303        12.36547        593.1163       0.1358820E-02
   15 s   13    26.07105        8.792345        113.7353        9.966820        400.4220       0.1369465E-02
   15 s   14    24.78938        8.979378        111.3663        20.20901        83.12226       0.4428067E-02
   15 s   15    24.49783        9.485755        105.4212        20.10761        83.18577       0.4358519E-02
   15 s   16    23.88207        9.843929        101.5855        12.16065        449.6866       0.9973844E-04
   15 s   17    23.07688        10.08852        99.12252        7.140212        282.4963       0.3827204E-04
   15 s   18    22.16448        10.24335        97.62434        5.821774        260.4228       0.1233899E-03
   15 s   19    21.34401        10.39736        96.17824        6.730906        282.6947       0.1983899E-03
   15 s   20    20.68424        10.59268        94.40481        9.023259        360.8697       0.4571746E-03
   15 s   21    20.19964        10.84912        92.17335        11.20745        505.6652       0.8878227E-03
   15 s   22    19.81975        11.14021        89.76494        11.68005        578.1186       0.1203832E-02
   15 s   23    19.45248        11.41972        87.56785        10.28885        470.5018       0.1231243E-02
   15 s   24    19.03032        11.64728        85.85693        7.866518        341.7636       0.9255689E-03
   15 s   25    18.56291        11.82493        84.56707        6.577805        293.9984       0.5948157E-03
   15 s   26    18.11315        11.99092        83.39647        6.938946        299.1104       0.3720984E-03
   16 s    1    144.3568        5.409299        184.8668       0.5576373        202.5426       0.1643499E-05
   16 s    2    91.25926        5.699405        175.4569        14.13037        489.6379       0.4783331E-03
   16 s    3    70.26302        6.143380        162.7769        23.49635        85.38482       0.2177909E-04
   16 s    4    58.34945        6.559365        152.4538        10.64352        326.3217       0.9672642E-03
   16 s    5    50.16638        6.892678        145.0815        14.02256        615.9051       0.3742115E-02
   16 s    6    44.51891        7.228870        138.3342        12.46773        609.0737       0.4579874E-02
   16 s    7    40.04368        7.502530        133.2884        8.288085        355.1748       0.2936033E-02
   16 s    8    35.94406        7.632355        131.0212        3.783961        245.7328       0.3864181E-03
   16 s    9    33.78545        8.017997        124.7194        21.48063        84.58262       0.9884160E-03
   16 s   10    31.93365        8.376264        119.3850        10.63875        644.2601       0.2388235E-04
   16 s   11    30.03787        8.629378        115.8832        9.039971        460.6880      -0.1215902E-03
   16 s   12    28.19961        8.805735        113.5623        5.377034        284.9549       0.7362358E-04
   16 s   13    26.51381        8.941666        111.8360        6.799125        306.9363       0.1577303E-04
   16 s   14    25.38224        9.194128        108.7651        12.35044        542.9502       0.4777455E-03
   16 s   15    24.58249        9.518536        105.0582        13.29751        565.8777       0.3887727E-03
   16 s   16    24.23560        9.989651        100.1036        20.01462        83.25976       0.4284099E-02
   16 s   17    23.65707        10.34217        96.69152        12.68056        489.5840       0.7517486E-03
   16 s   18    23.12914        10.68916        93.55269        14.51110        601.2422       0.4240429E-03
   16 s   19    22.69210        11.05406        90.46448        14.48494        605.3168       0.2609865E-03
   16 s   20    22.24765        11.39333        87.77068        10.98718        428.0848       0.2634743E-03
   16 s   21    21.51974        11.55814        86.51912        5.060281        264.0031       0.1933410E-03
   16 s   22    20.79963        11.69097        85.53607        5.754932        277.0995       0.2019175E-03
   16 s   23    20.19741        11.85704        84.33811        7.714773        333.2867       0.4160833E-03
   16 s   24    19.74409        12.08414        82.75311        10.31814        470.1149       0.8941617E-03
   16 s   25    19.40554        12.36170        80.89500        11.46417        588.1943       0.1308579E-02
   16 s   26    19.09763        12.64264        79.09739        10.59493        509.5869       0.1403165E-02
   17 s    1    164.1980        6.152782        162.5281        17.83391        666.2989       0.3345211E-02
   17 s    2    102.1352        6.378636        156.7733        1.506085        195.0315       0.5188480E-03
   17 s    3    73.42887        6.420183        155.7588        2.377478        195.2059       0.1379408E-03
   17 s    4    59.90127        6.733813        148.5043        23.24402        85.19804       0.4582511E-04
   17 s    5    53.20115        7.309645        136.8056        22.72607        85.39199       0.9602472E-04
   17 s    6    46.52493        7.554602        132.3696        2.086975        251.8170       0.1214331E-04
   17 s    7    40.75055        7.634969        130.9763        5.444780        358.1933       0.7533804E-03
   17 s    8    36.96882        7.849954        127.3893        10.17465        683.4307       0.1723793E-02
   17 s    9    34.18112        8.111897        123.2757        10.67790        622.4342       0.7214577E-03
   17 s   10    32.63381        8.559918        116.8235        21.41283        83.18989       0.1114705E-02
   17 s   11    30.92191        8.883348        112.5702        6.137013        279.7983      -0.4334285E-04
   17 s   12    29.14751        9.101732        109.8692        11.01739        471.2226      -0.2433175E-03
   17 s   13    27.87456        9.400573        106.3765        12.28108        566.1696       0.3420410E-03
   17 s   14    26.75151        9.690114        103.1980        10.38778        429.0572       0.1053944E-02
   17 s   15    25.59253        9.909630        100.9119        7.357901        310.3574       0.1194102E-02
   17 s   16    24.47741        10.08932        99.11471        7.607535        309.9535       0.1054612E-02
   17 s   17    23.99821        10.49130        95.31704        19.92959        83.33574       0.4208482E-02
   17 s   18    23.78198        10.99088        90.98456        19.85072        83.41156       0.4133562E-02
   17 s   19    23.30909        11.35462        88.06990        4.460512        252.6962       0.2885243E-03
   17 s   20    22.42543        11.48437        87.07488        7.563888        298.3799       0.5029215E-04
   17 s   21    21.93111        11.77908        84.89624        13.14700        524.2335       0.7791525E-05
   17 s   22    21.52750        12.10009        82.64399        12.40872        505.2398       0.5959570E-06
   17 s   23    21.11423        12.39526        80.67599        11.11733        444.6247       0.4869034E-05
   17 s   24    20.66959        12.65058        79.04775        9.216331        362.0885       0.3460253E-04
   17 s   25    20.18575        12.85871        77.76828        7.659814        310.8807       0.1115700E-03
   17 s   26    19.71458        13.05106        76.62211        8.065772        326.9230       0.3317573E-03
   18 s    1    170.3101        6.381814        156.6953        1.569576        180.3461       0.4531792E-04
   18 s    2    105.9591        6.617451        151.1156        15.60655        620.1950       0.4593163E-02
   18 s    3    79.79684        6.976960        143.3289        13.27262        805.2518       0.5154309E-02
   18 s    4    64.90256        7.296034        137.0608        12.45492        845.2671       0.2963908E-02
   18 s    5    54.66612        7.510926        133.1394        1.632847        248.7111       0.3881310E-05
   18 s    6    48.44154        7.865817        127.1324        20.59597        108.8683       0.1987056E-03
   18 s    7    44.14928        8.271751        120.8934        13.44343        564.1068       0.2176949E-02
   18 s    8    40.26350        8.549544        116.9653        7.777912        358.7200       0.2657375E-02
   18 s    9    36.57979        8.681153        115.1921        3.731170        247.5323       0.1156787E-02
   18 s   10    33.43168        8.769201        114.0355        3.630062        237.4893       0.4608318E-03
   18 s   11    31.66398        9.096533        109.9320        21.31015        82.88816       0.1283043E-02
   18 s   12    30.83961        9.630114        103.8409        21.20397        82.72904       0.1435381E-02
   18 s   13    29.58144        9.976210        100.2385        5.869926        276.3749      -0.2350240E-04
   18 s   14    28.03245        10.15410        98.48235        8.556371        343.7443      -0.2350554E-03
   18 s   15    26.89945        10.41568        96.00910        12.15167        526.5693       0.3560372E-03
   18 s   16    26.05724        10.74051        93.10544        13.35500        656.1629       0.1228151E-02
   18 s   17    25.28163        11.05238        90.47828        10.50414        446.7558       0.1545416E-02
   18 s   18    24.31656        11.23793        88.98434        5.216705        271.8120       0.6631441E-03
   18 s   19    23.58396        11.48851        87.04347        19.77663        83.48539       0.4060532E-02
   18 s   20    23.40169        11.98432        83.44234        19.70639        83.55616       0.3990008E-02
   18 s   21    23.20994        12.46594        80.21859        8.473153        344.4867       0.1196849E-02
   18 s   22    22.48783        12.63987        79.11475        5.962859        282.6333       0.5830985E-03
   18 s   23    21.78011        12.78617        78.20950        5.995489        284.7778       0.3083157E-03
   18 s   24    21.16226        12.95212        77.20746        7.443724        326.5069       0.1715392E-03
   18 s   25    20.66057        13.16118        75.98100        9.145203        396.3436       0.9654291E-04
   18 s   26    20.24183        13.40011        74.62627        9.783669        431.6945       0.7282762E-04
   19 s    1    171.6116        6.430584        155.5069        25.05899        89.72091       0.1901972E-03
   19 s    2    112.7889        7.043991        141.9650        23.79556        89.39114       0.3397101E-03
   19 s    3    85.34697        7.462230        134.0082       0.8222191        229.8208       0.4022245E-04
   19 s    4    66.58264        7.484901        133.6023        1.080990        228.4257       0.7830605E-04
   19 s    5    55.44940        7.618545        131.2587        12.84025        631.0787       0.8229167E-03
   19 s    6    49.07885        7.969302        125.4815        15.96944        251.7286       0.5528864E-03
   19 s    7    45.25514        8.478943        117.9392        22.33643        87.13117       0.2164456E-03
   19 s    8    41.60393        8.834172        113.1968        8.982275        331.1900       0.1504482E-02
   19 s    9    38.39956        9.113022        109.7331        12.09325        561.5493       0.3914193E-02
   19 s   10    35.87333        9.409651        106.2739        11.10693        530.6197       0.3957479E-02
   19 s   11    33.61774        9.657814        103.5431        8.414933        375.3367       0.2422335E-02
   19 s   12    31.49229        9.833923        101.6888        5.924848        285.0820       0.7881473E-03
   19 s   13    30.12970        10.16111        98.41445        21.09685        82.60686       0.1564692E-02
   19 s   14    29.51011        10.68935        93.55104        20.99011        82.54074       0.1681516E-02
   19 s   15    28.36128        10.98171        91.06047        7.328556        371.6284      -0.1573536E-04
   19 s   16    26.98753        11.12396        89.89601        4.936449        278.8077      -0.2870210E-05
   19 s   17    25.77689        11.26889        88.73990        7.719286        335.2536       0.2778279E-03
   19 s   18    24.96663        11.53836        86.66741        12.88652        604.3499       0.1450398E-02
   19 s   19    24.37392        11.87333        84.22236        13.49088        651.8746       0.1842254E-02
   19 s   20    23.82485        12.20103        81.96029        12.30597        525.3437       0.1771050E-02
   19 s   21    23.23314        12.47840        80.13848        19.63943        83.62317       0.3922228E-02
   19 s   22    23.07663        12.97082        77.09613        19.57542        83.68596       0.3857183E-02
   19 s   23    22.90912        13.44896        74.35517        12.21726        413.7137       0.6241756E-04
   19 s   24    22.32748        13.66527        73.17818        6.290382        262.9751       0.1856660E-03
   19 s   25    21.67647        13.80833        72.42005        5.434948        251.2645       0.1922562E-03
   19 s   26    21.06535        13.94528        71.70887        5.603943        256.4605       0.1411284E-03
   20 s    1    186.9698        7.006083        142.7331        14.10488        833.4242       0.5734758E-02
   20 s    2    118.1276        7.377408        135.5490        14.38981        575.6123       0.8317320E-03
   20 s    3    87.39611        7.641396        130.8661        23.58014        103.3044       0.1780418E-04
   20 s    4    72.36238        8.134631        122.9312        15.38514        705.6262       0.3491834E-02
   20 s    5    61.59337        8.462705        118.1655        9.930230        459.1839       0.4351075E-02
   20 s    6    53.02448        8.609983        116.1442        3.368391        243.5974       0.8799169E-03
   20 s    7    46.39481        8.692470        115.0421        3.943138        235.3672       0.1507134E-03
   20 s    8    42.63947        9.054058        110.4477        22.54197        85.33497       0.2142772E-03
   20 s    9    40.52331        9.617032        103.9822        22.16172        85.87407       0.2717710E-03
   20 s   10    37.73600        9.898233        101.0281        4.258225        251.7438       0.4832407E-03
   20 s   11    34.92382        10.03303        99.67080        6.646943        323.3037       0.1047752E-02
   20 s   12    32.77980        10.23597        97.69474        9.325101        465.5657       0.1314523E-02
   20 s   13    31.09455        10.48650        95.36071        10.45632        572.1386       0.8550581E-03
   20 s   14    29.67829        10.75027        93.02090        10.40582        571.6049       0.2630429E-03
   20 s   15    28.78090        11.14419        89.73284        8.130881        357.2699       0.1411318E-03
   20 s   16    27.65558        11.39933        87.72447        11.56706        566.2679      -0.2448985E-03
   20 s   17    26.77029        11.70318        85.44689        12.61545        669.9747      -0.2208064E-03
   20 s   18    26.01902        12.02473        83.16198        13.01131        708.8452       0.1067022E-03
   20 s   19    25.33249        12.34028        81.03544        11.60198        562.0112       0.4500810E-03
   20 s   20    24.54504        12.56985        79.55543        7.597114        334.0542       0.2880165E-04
   20 s   21    23.81674        12.79185        78.17477        10.89474        419.2076       0.2088362E-03
   20 s   22    23.32056        13.10793        76.28972        13.80554        540.7676       0.4338204E-03
   20 s   23    22.93074        13.46165        74.28507        19.51418        83.74445       0.3794708E-02
   20 s   24    22.70183        13.89439        71.97150        14.50390        629.6661       0.1244240E-02
   20 s   25    22.38257        14.25814        70.13540        14.12754        583.8355       0.8995235E-03
   20 s   26    22.02466        14.58034        68.58550        11.10669        420.9480       0.6945056E-03
