    0 s    2    4.989780       0.3116262        3208.973        6.334995        496.8645       0.1517572E-02
    0 s    3    5.394640       0.4716752        2120.103        6.682058        400.7037       0.5487953E-02
    0 s    4    5.791187       0.6510174        1536.057        7.511726        356.7956       0.5654436E-02
    0 s    5    6.154910       0.8456622        1182.505        7.920300        339.7324       0.5094345E-02
    0 s    6    6.440526        1.045797        956.2089        7.980972        332.5552       0.4368574E-02
    0 s    7    6.638234        1.243731        804.0326        7.762024        329.4678       0.3510700E-02
    0 s    8    6.747685        1.432802        697.9330        7.288793        328.6061       0.2521464E-02
    0 s    9    6.772767        1.607320        622.1538        6.629384        328.8904       0.1535016E-02
    0 s   10    6.726924        1.764487        566.7371        5.939634        328.1965       0.7787985E-03
    0 s   11    6.632618        1.905440        524.8131        5.350821        323.8559       0.3415152E-03
    0 s   12    6.511148        2.033200        491.8355        4.883383        314.6822       0.1364284E-03
    0 s   13    6.376513        2.150451        465.0187        4.505473        301.3995       0.5150977E-04
    0 s   14    6.236651        2.259082        442.6577        4.191019        285.7292       0.1875767E-04
    0 s   15    6.096258        2.360519        423.6356        3.928808        269.4580       0.6667140E-05
    0 s   16    5.958464        2.456014        407.1639        3.714815        253.9046       0.2332285E-05
    0 s   17    5.825498        2.546734        392.6597        3.545988        239.7963       0.8082251E-06
    0 s   18    5.698912        2.633760        379.6853        3.418038        227.3912       0.2788658E-06
    0 s   19    5.579685        2.718046        367.9114        3.325524        216.6640       0.9620043E-07
    0 s   20    5.468328        2.800406        357.0911        3.262602        207.4544       0.3335544E-07
    0 s   21    5.364989        2.881508        347.0405        3.223673        199.5582       0.1174047E-07
    0 s   22    5.269551        2.961888        337.6225        3.203747        192.7734       0.4304042E-08
    0 s   23    5.181722        3.041967        328.7347        3.198576        186.9188       0.1734977E-08
    0 s   24    5.101098        3.122068        320.3006        3.204647        181.8400       0.8416392E-09
    0 s   25    5.027216        3.202435        312.2624        3.219111        177.4079       0.5483253E-09
    0 s   26    4.959584        3.283248        304.5765        3.239678        173.5160       0.4470131E-09
    1 s    2    10.87945       0.6794533        1471.771        11.01747        301.2327      -0.3315725E-03
    1 s    3    10.77601       0.9421899        1061.357        9.968144        272.1115       0.1306377E-03
    1 s    4    10.48051        1.178169        848.7746        8.883320        254.2015       0.2046506E-03
    1 s    5    10.08151        1.385163        721.9368        7.580409        257.1081       0.5589981E-03
    1 s    6    9.572976        1.554436        643.3202        5.975375        306.5643       0.1802743E-02
    1 s    7    9.049735        1.695546        589.7804        5.476733        351.6244       0.3360839E-02
    1 s    8    8.652312        1.837230        544.2976        5.862945        359.4593       0.4705632E-02
    1 s    9    8.397597        1.992926        501.7748        6.522614        348.3928       0.5813883E-02
    1 s   10    8.254156        2.165083        461.8761        7.130120        325.3941       0.6442720E-02
    1 s   11    8.177860        2.349363        425.6474        7.466369        289.8140       0.6317947E-02
    1 s   12    8.124574        2.537016        394.1639        7.389120        239.4589       0.5109411E-02
    1 s   13    8.055952        2.716834        368.0754        6.894406        190.3392       0.2905528E-02
    1 s   14    7.959735        2.883229        346.8333        6.424785        165.4427       0.1198671E-02
    1 s   15    7.853913        3.041097        328.8287        6.216674        157.4004       0.4674240E-03
    1 s   16    7.753246        3.195803        312.9104        6.155350        155.5329       0.1927688E-03
    1 s   17    7.662402        3.349774        298.5276        6.149888        155.8326       0.8417381E-04
    1 s   18    7.581611        3.503852        285.4002        6.160643        156.9246       0.3825676E-04
    1 s   19    7.509683        3.658211        273.3577        6.171132        158.2571       0.1784243E-04
    1 s   20    7.445123        3.812750        262.2779        6.174755        159.5751       0.8455748E-05
    1 s   21    7.386524        3.967264        252.0629        6.169315        160.7513       0.4045075E-05
    1 s   22    7.332680        4.121523        242.6287        6.154587        161.7205       0.1944401E-05
    1 s   23    7.282598        4.275301        233.9016        6.131169        162.4505       0.9360994E-06
    1 s   24    7.235482        4.428392        225.8156        6.099934        162.9258       0.4502888E-06
    1 s   25    7.190693        4.580612        218.3115        6.061765        163.1400       0.2159521E-06
    1 s   26    7.147723        4.731797        211.3362        6.017440        163.0910       0.1030900E-06
    2 s    1    10.69405       0.4007247        2495.479        12.99559        380.5667       0.1855335E-03
    2 s    2    14.89504       0.9302383        1074.993        19.46852        94.90550      -0.3426227E-01
    2 s    3    14.24040        1.245096        803.1510        6.284836        396.9867      -0.1522560E-03
    2 s    4    12.33468        1.386606        721.1854        5.211060        377.4909       0.1260570E-02
    2 s    5    11.04131        1.517035        659.1804        5.339754        317.4911       0.1657644E-02
    2 s    6    10.24964        1.664311        600.8492        6.421459        238.9676       0.1345254E-02
    2 s    7    9.782634        1.832861        545.5951        6.861468        201.0319       0.9001461E-03
    2 s    8    9.436543        2.003754        499.0633        6.740918        185.8201       0.8067280E-03
    2 s    9    9.144015        2.170067        460.8153        6.535979        178.1810       0.9332756E-03
    2 s   10    8.889989        2.331863        428.8416        6.392581        175.8206       0.1290306E-02
    2 s   11    8.673799        2.491838        401.3103        6.401814        180.9665       0.2064592E-02
    2 s   12    8.503934        2.655476        376.5803        6.700991        202.3542       0.3678205E-02
    2 s   13    8.395874        2.831471        353.1733        7.342901        254.2128       0.6167810E-02
    2 s   14    8.348477        3.024042        330.6833        7.922418        317.1810       0.8111074E-02
    2 s   15    8.335501        3.227572        309.8304        8.218014        355.7122       0.9047489E-02
    2 s   16    8.336463        3.436199        291.0192        8.347737        373.6388       0.9507421E-02
    2 s   17    8.342342        3.647023        274.1962        8.402351        381.9939       0.9787349E-02
    2 s   18    8.349479        3.858723        259.1531        8.421514        386.1930       0.9992332E-02
    2 s   19    8.356364        4.070657        245.6606        8.422825        388.4372       0.1015942E-01
    2 s   20    8.362392        4.282496        233.5087        8.414782        389.6127       0.1030204E-01
    2 s   21    8.367357        4.494064        222.5157        8.401651        390.0338       0.1042394E-01
    2 s   22    8.371220        4.705262        212.5280        8.385205        389.6341       0.1052182E-01
    2 s   23    8.373967        4.915997        203.4175        8.364175        387.6188       0.1057639E-01
    2 s   24    8.375323        5.126019        195.0832        8.322424        379.0752       0.1047070E-01
    2 s   25    8.370592        5.332230        187.5388        7.817552        283.9803       0.7616397E-02
    2 s   26    8.312407        5.502819        181.7251        6.342995        169.7795       0.2612883E-03
    3 s    1    25.09376       0.9403066        1063.483        6.255845        802.8555       0.1275638E-02
    3 s    2    17.71070        1.106084        904.0902        7.027757        355.5827      -0.5563508E-03
    3 s    3    16.20564        1.416924        705.7539        16.84484        90.83944      -0.3024785E-01
    3 s    4    16.38772        1.842229        542.8206        16.28600        90.13242      -0.3007819E-01
    3 s    5    16.39368        2.252432        443.9646        15.77640        90.37635      -0.2947029E-01
    3 s    6    15.54542        2.524227        396.1609        5.602685        262.1714       0.4251785E-03
    3 s    7    14.20931        2.662238        375.6238        5.389456        258.6639       0.4484628E-03
    3 s    8    13.16113        2.794632        357.8289        5.183726        253.4809       0.4727840E-03
    3 s    9    12.31762        2.923229        342.0874        5.099872        247.7571       0.4893149E-03
    3 s   10    11.63334        3.051449        327.7132        5.153933        241.8560       0.4886423E-03
    3 s   11    11.07733        3.182332        314.2350        5.307876        235.8859       0.4698834E-03
    3 s   12    10.62482        3.317755        301.4086        5.511604        229.9122       0.4367858E-03
    3 s   13    10.25492        3.458427        289.1488        5.723913        224.0228       0.3947528E-03
    3 s   14    9.950149        3.604210        277.4533        5.918558        218.3156       0.3490582E-03
    3 s   15    9.696299        3.754484        266.3482        6.082723        212.8682       0.3039345E-03
    3 s   16    9.482127        3.908429        255.8573        6.212784        207.7210       0.2623148E-03
    3 s   17    9.298914        4.065208        245.9898        6.310181        202.8787       0.2259900E-03
    3 s   18    9.139970        4.224050        236.7396        6.378516        198.3218       0.1959559E-03
    3 s   19    9.000178        4.384279        228.0877        6.421897        194.0201       0.1728372E-03
    3 s   20    8.875615        4.545324        220.0063        6.444183        189.9455       0.1574217E-03
    3 s   21    8.763259        4.706701        212.4630        6.448792        186.0842       0.1516031E-03
    3 s   22    8.660770        4.868011        205.4227        6.438993        182.4618       0.1609690E-03
    3 s   23    8.566367        5.028947        198.8488        6.419468        179.2401       0.2056485E-03
    3 s   24    8.478939        5.189436        192.6992        6.408716        177.4559       0.4017777E-03
    3 s   25    8.402095        5.352298        186.8356        6.850230        205.3707       0.3316924E-02
    3 s   26    8.382339        5.549113        180.2090        8.254244        382.1355       0.1077963E-01
    4 s    1    37.38778        1.400985        713.7835        11.14937        325.1497       0.1988305E-03
    4 s    2    27.20492        1.699026        588.5725        12.34796        387.5240       0.2573081E-03
    4 s    3    22.99829        2.010833        497.3062        12.41249        385.2984       0.2415849E-03
    4 s    4    19.98388        2.246492        445.1384        5.490846        249.1897       0.5147588E-03
    4 s    5    17.34829        2.383592        419.5349        5.587278        260.9323       0.4135720E-03
    4 s    6    16.33610        2.652615        376.9864        15.46188        90.36594      -0.2900138E-01
    4 s    7    16.25771        3.046022        328.2970        15.26914        90.40638      -0.2853415E-01
    4 s    8    16.17811        3.435257        291.0990        15.11871        90.64131      -0.2799029E-01
    4 s    9    15.29327        3.629414        275.5266        6.956379        346.6644       0.2514529E-03
    4 s   10    14.47693        3.797329        263.3430        6.542862        317.3057       0.3195000E-03
    4 s   11    13.78291        3.959599        252.5508        6.441935        302.6638       0.3606513E-03
    4 s   12    13.19655        4.120814        242.6705        6.442409        293.9770       0.3830218E-03
    4 s   13    12.69884        4.282627        233.5015        6.485998        288.1158       0.3887296E-03
    4 s   14    12.27353        4.445801        224.9313        6.550514        283.7883       0.3792694E-03
    4 s   15    11.90749        4.610674        216.8880        6.621907        280.3560       0.3569252E-03
    4 s   16    11.59002        4.777278        209.3242        6.689298        277.4619       0.3247333E-03
    4 s   17    11.31232        4.945408        202.2078        6.744714        274.8961       0.2861028E-03
    4 s   18    11.06716        5.114701        195.5148        6.783366        272.5382       0.2444206E-03
    4 s   19    10.84862        5.284715        189.2250        6.803674        270.3265       0.2027243E-03
    4 s   20    10.65194        5.455005        183.3179        6.806939        268.2385       0.1634621E-03
    4 s   21    10.47336        5.625187        177.7719        6.796636        266.2740       0.1283528E-03
    4 s   22    10.30996        5.794982        172.5631        6.777435        264.4411       0.9835278E-04
    4 s   23    10.15954        5.964231        167.6662        6.754119        262.7437       0.7373032E-04
    4 s   24    10.02042        6.132883        163.0555        6.730672        261.1734       0.5422164E-04
    4 s   25    9.891336        6.300973        158.7056        6.709721        259.7055       0.3922541E-04
    4 s   26    9.771264        6.468583        154.5934        6.692400        258.2991       0.2798679E-04
    5 s    1    46.72110        1.750721        571.1933        29.17523        95.36377       0.7285773E-04
    5 s    2    33.11637        2.068213        483.5092        2.522941        282.7059       0.2914762E-03
    5 s    3    24.56249        2.147597        465.6366        4.023786        297.0617       0.3231356E-03
    5 s    4    20.81085        2.339456        427.4498        12.09364        549.1630       0.7567498E-05
    5 s    5    19.26158        2.646471        377.8617        12.15962        506.4980       0.2004505E-04
    5 s    6    18.11773        2.941912        339.9150        11.40305        495.0415       0.2275524E-04
    5 s    7    17.14467        3.212202        311.3129        10.10606        472.1989       0.5262593E-04
    5 s    8    16.20901        3.441818        290.5441        8.245542        403.4049       0.6012009E-04
    5 s    9    16.10352        3.821703        261.6634        15.04903        90.44094      -0.2763178E-01
    5 s   10    15.76390        4.134905        241.8435        9.834490        359.0064       0.1149937E-03
    5 s   11    15.24639        4.380033        228.3088        9.724421        373.1294       0.9399617E-04
    5 s   12    14.79419        4.619701        216.4642        9.413116        377.5177       0.8910056E-04
    5 s   13    14.37982        4.849533        206.2054        8.940462        373.1476       0.9547754E-04
    5 s   14    13.98512        5.065785        197.4028        8.335368        360.1309       0.1107605E-03
    5 s   15    13.60043        5.266195        189.8904        7.695212        341.1611       0.1306907E-03
    5 s   16    13.22625        5.451716        183.4285        7.165291        321.9264       0.1488264E-03
    5 s   17    12.86990        5.626336        177.7356        6.826997        306.6609       0.1606537E-03
    5 s   18    12.53878        5.794814        172.5681        6.666249        296.0759       0.1653122E-03
    5 s   19    12.23681        5.960950        167.7585        6.630708        289.1390       0.1636989E-03
    5 s   20    11.96459        6.127229        163.2059        6.670703        284.6274       0.1569299E-03
    5 s   21    11.72053        6.295038        158.8553        6.748103        281.5701       0.1459904E-03
    5 s   22    11.50189        6.464936        154.6806        6.834064        279.2422       0.1318132E-03
    5 s   23    11.30528        6.636843        150.6740        6.905840        277.0816       0.1153621E-03
    5 s   24    11.12702        6.810163        146.8394        6.944663        274.6235       0.9763774E-04
    5 s   25    10.96335        6.983870        143.1871        6.934782        271.4700       0.7963409E-04
    5 s   26    10.81054        7.156586        139.7314        6.864069        267.3081       0.6229455E-04
    6 s    1    52.85821        1.980689        504.8749        7.287277        495.2525       0.7031326E-03
    6 s    2    38.91643        2.430443        411.4476        21.13321        123.3691       0.4659283E-03
    6 s    3    31.96456        2.794791        357.8085        12.38822        471.8391       0.1031561E-02
    6 s    4    27.24072        3.062270        326.5551        8.374492        357.7221       0.9877545E-03
    6 s    5    23.43051        3.219266        310.6298        4.946460        276.0946       0.6371999E-03
    6 s    6    20.57528        3.340963        299.3149        5.059499        264.4245       0.4710655E-03
    6 s    7    18.58625        3.482295        287.1669        6.361863        267.9984       0.3803529E-03
    6 s    8    17.26269        3.665556        272.8099        8.294527        292.3225       0.2690040E-03
    6 s    9    16.39668        3.891277        256.9850        9.539893        331.4518       0.1662347E-03
    6 s   10    16.03549        4.206144        237.7474        14.98552        90.43769      -0.2721976E-01
    6 s   11    15.97426        4.589138        217.9058        14.93889        90.42820      -0.2683876E-01
    6 s   12    15.91934        4.971045        201.1649        14.90366        90.41484      -0.2648954E-01
    6 s   13    15.60427        5.262471        190.0248        6.726623        256.6489       0.1810779E-03
    6 s   14    15.00607        5.435602        183.9723        7.120024        258.6781       0.1489938E-03
    6 s   15    14.51186        5.619108        177.9642        7.537448        264.5393       0.1185456E-03
    6 s   16    14.10000        5.811867        172.0618        7.841404        272.0825       0.9305417E-04
    6 s   17    13.74720        6.009865        166.3931        7.954567        278.3017       0.7483480E-04
    6 s   18    13.43366        6.208386        161.0725        7.892089        281.4518       0.6320117E-04
    6 s   19    13.14566        6.403677        156.1603        7.706243        281.3396       0.5619317E-04
    6 s   20    12.87469        6.593305        151.6690        7.447113        278.5378       0.5203800E-04
    6 s   21    12.61595        6.775960        147.5806        7.154746        273.8340       0.4948545E-04
    6 s   22    12.36707        6.951234        143.8593        6.861778        268.0355       0.4773342E-04
    6 s   23    12.12739        7.119471        140.4599        6.596262        261.9175       0.4631191E-04
    6 s   24    11.89741        7.281672        137.3311        6.382827        256.1964       0.4498045E-04
    6 s   25    11.67847        7.439411        134.4192        6.242428        251.5015       0.4362164E-04
    6 s   26    11.47238        7.594725        131.6703        6.190762        248.3443       0.4212904E-04
    7 s    1    57.58736        2.157898        463.4139        8.721049        266.0013       0.6391738E-03
    7 s    2    40.02262        2.499528        400.0755        19.26287        203.2629       0.4751286E-03
    7 s    3    35.54377        3.107735        321.7777        24.66875        92.65282       0.2348395E-04
    7 s    4    29.66288        3.334559        299.8897        7.212204        348.2591       0.2133339E-03
    7 s    5    26.04322        3.578243        279.4667        11.46745        495.0667       0.5919213E-03
    7 s    6    23.88128        3.877783        257.8793        12.09989        513.5233       0.6726463E-03
    7 s    7    22.25791        4.170213        239.7959        11.00230        449.3192       0.6127150E-03
    7 s    8    20.80780        4.418324        226.3302        8.740595        357.4211       0.5057442E-03
    7 s    9    19.43866        4.613202        216.7692        7.029367        300.8021       0.3933800E-03
    7 s   10    18.22251        4.779803        209.2136        6.405798        276.2408       0.3112747E-03
    7 s   11    17.19006        4.938416        202.4941        6.312467        264.6629       0.2557235E-03
    7 s   12    16.32537        5.097834        196.1618        6.446524        258.6971       0.2150664E-03
    7 s   13    15.87008        5.352114        186.8421        14.87640        90.39929      -0.2617111E-01
    7 s   14    15.82578        5.732523        174.4433        14.85489        90.38258      -0.2588151E-01
    7 s   15    15.78584        6.112403        163.6018        14.83761        90.36531      -0.2561838E-01
    7 s   16    15.74970        6.491854        154.0392        14.82350        90.34780      -0.2537924E-01
    7 s   17    15.25588        6.669418        149.9381        6.740443        254.1022       0.2209794E-03
    7 s   18    14.79874        6.839256        146.2147        6.821726        250.3928       0.2040417E-03
    7 s   19    14.39192        7.010773        142.6376        6.876197        246.7148       0.1875427E-03
    7 s   20    14.02680        7.183317        139.2115        6.905628        243.0828       0.1707211E-03
    7 s   21    13.69646        7.356298        135.9379        6.912867        239.5984       0.1533432E-03
    7 s   22    13.39534        7.529201        132.8162        6.901095        236.3867       0.1356137E-03
    7 s   23    13.11899        7.701595        129.8432        6.873832        233.5591       0.1180161E-03
    7 s   24    12.86381        7.873143        127.0141        6.835031        231.1943       0.1011298E-03
    7 s   25    12.62695        8.043611        124.3223        6.789023        229.3323       0.8547485E-04
    7 s   26    12.40615        8.212877        121.7600        6.740270        227.9784       0.7141589E-04
    8 s    1    76.39967        2.862828        349.3050        12.56781        916.2379       0.1951686E-02
    8 s    2    50.79024        3.171997        315.2588        1.187247        244.2656       0.1341719E-04
    8 s    3    36.82027        3.219345        310.6222        2.968145        264.7559       0.2006160E-04
    8 s    4    33.06631        3.717156        269.0229        22.77737        108.7958       0.2378832E-03
    8 s    5    30.06927        4.131408        242.0482        12.82885        689.0468       0.1006655E-02
    8 s    6    27.26006        4.426420        225.9162        10.19344        543.3890       0.7581432E-03
    8 s    7    24.75244        4.637585        215.6295        7.727984        337.0053       0.1811622E-03
    8 s    8    22.84979        4.851921        206.1039        9.629088        365.5694       0.3987375E-04
    8 s    9    21.55021        5.114316        195.5296        11.09560        432.6362       0.2493621E-04
    8 s   10    20.55948        5.392796        185.4326        10.90858        468.3906       0.6841599E-04
    8 s   11    19.65187        5.645654        177.1274        9.063725        412.0551       0.2062014E-03
    8 s   12    18.71957        5.845457        171.0730        7.126068        322.2891       0.3148083E-03
    8 s   13    17.83290        6.014066        166.2769        6.495254        284.8497       0.3144459E-03
    8 s   14    17.04822        6.175320        161.9349        6.426823        270.1455       0.2876222E-03
    8 s   15    16.36655        6.337259        157.7969        6.515757        262.8079       0.2615123E-03
    8 s   16    15.77412        6.501919        153.8008        6.634254        258.0297       0.2396209E-03
    8 s   17    15.71688        6.870953        145.5402        14.81180        90.33021      -0.2516165E-01
    8 s   18    15.68698        7.249759        137.9356        14.80195        90.31261      -0.2496337E-01
    8 s   19    15.65964        7.628322        131.0904        14.79354        90.29500      -0.2478233E-01
    8 s   20    15.31281        7.841899        127.5201        5.842692        232.5437       0.1623999E-03
    8 s   21    14.87530        7.989447        125.1651        5.956751        229.9275       0.1590039E-03
    8 s   22    14.48314        8.140625        122.8407        6.126296        229.5545       0.1566941E-03
    8 s   23    14.13217        8.296391        120.5343        6.320440        230.4806       0.1546356E-03
    8 s   24    13.81793        8.457105        118.2438        6.519974        232.1662       0.1517515E-03
    8 s   25    13.53602        8.622711        115.9728        6.710112        234.2009       0.1471572E-03
    8 s   26    13.28219        8.792820        113.7292        6.879325        236.2472       0.1403136E-03
    9 s    1    84.13338        3.152624        317.1961       0.4453845        233.7407       0.2384511E-05
    9 s    2    50.99202        3.184599        314.0113        13.06473        826.2778       0.2136847E-02
    9 s    3    40.16376        3.511680        284.7640        13.00128        671.6531       0.1542173E-02
    9 s    4    34.20573        3.845244        260.0615        14.44614        311.4645       0.7043576E-03
    9 s    5    31.70074        4.355567        229.5913        23.31024        91.75550      -0.3901990E-03
    9 s    6    28.23251        4.584324        218.1347        7.401516        291.7536       0.4105304E-03
    9 s    7    25.80220        4.834266        206.8566        11.57870        489.5094       0.1113196E-02
    9 s    8    24.15137        5.128297        194.9965        11.49518        501.9712       0.1322129E-02
    9 s    9    22.74808        5.398597        185.2333        9.885227        386.1240       0.1195467E-02
    9 s   10    21.44536        5.625165        177.7726        8.408006        299.0167       0.8165591E-03
    9 s   11    20.32477        5.838968        171.2631        9.033302        288.9524       0.4042513E-03
    9 s   12    19.48260        6.083724        164.3730        10.37867        337.3240       0.1389774E-03
    9 s   13    18.82688        6.349281        157.4981        10.73479        381.2807       0.5206140E-04
    9 s   14    18.26805        6.617176        151.1219        10.65734        407.4647       0.2734448E-04
    9 s   15    17.77066        6.880941        145.3290        10.41642        421.4116       0.2299049E-04
    9 s   16    17.31185        7.135757        140.1393        9.878434        415.3354       0.3582867E-04
    9 s   17    16.84847        7.365651        135.7653        8.232672        343.0036       0.9408883E-04
    9 s   18    16.32522        7.544724        132.5430        6.344723        263.2658       0.1573181E-03
    9 s   19    15.79816        7.695798        129.9410        5.863144        239.9831       0.1658089E-03
    9 s   20    15.63457        8.006679        124.8957        14.78623        90.27733      -0.2461670E-01
    9 s   21    15.61151        8.384862        119.2626        14.77978        90.25953      -0.2446486E-01
    9 s   22    15.44476        8.681130        115.1924        8.817405        345.7642       0.4299514E-04
    9 s   23    15.14436        8.890605        112.4783        7.921175        305.1112       0.6149749E-04
    9 s   24    14.83320        9.078489        110.1505        7.148860        274.0814       0.7868228E-04
    9 s   25    14.52257        9.251163        108.0945        6.708153        256.8379       0.9015564E-04
    9 s   26    14.22419        9.416423        106.1974        6.534966        248.5542       0.9711082E-04
   10 s    1    91.42922        3.426011        291.8846        28.05687        91.76281       0.7818915E-04
   10 s    2    63.91179        3.991476        250.5339        14.03480        805.5265       0.9006099E-03
   10 s    3    49.12277        4.295003        232.8287        6.081362        319.3357       0.9149197E-03
   10 s    4    38.88884        4.371696        228.7442        2.724893        235.9330       0.1117706E-03
   10 s    5    32.41486        4.453684        224.5332        4.191682        236.2277       0.8989636E-04
   10 s    6    30.48625        4.950282        202.0087        23.43479        89.31148      -0.5701710E-03
   10 s    7    29.49289        5.525749        180.9709        18.72882        113.4484      -0.2123451E-03
   10 s    8    26.89169        5.710178        175.1259        6.509699        252.5224       0.4651949E-03
   10 s    9    24.85013        5.897457        169.5646        8.678237        291.7348       0.6920153E-03
   10 s   10    23.43606        6.147328        162.6723        11.04718        377.9087       0.1132832E-02
   10 s   11    22.39692        6.434261        155.4180        11.36745        424.1565       0.1414069E-02
   10 s   12    21.43931        6.694735        149.3711        9.059357        350.8594       0.1223475E-02
   10 s   13    20.43069        6.890160        145.1345        6.766653        281.1650       0.7812438E-03
   10 s   14    19.45348        7.046572        141.9130        5.872161        252.0416       0.5057690E-03
   10 s   15    18.56983        7.190387        139.0746        5.681650        239.1088       0.3569005E-03
   10 s   16    17.79658        7.335555        136.3223        6.020054        236.4290       0.2585820E-03
   10 s   17    17.16083        7.502205        133.2941        7.579760        264.6505       0.1493071E-03
   10 s   18    16.70085        7.718322        129.5618        9.438794        340.1597       0.5519440E-04
   10 s   19    16.34440        7.961889        125.5983        9.898769        382.1165       0.2921811E-04
   10 s   20    16.03025        8.209310        121.8129        9.839593        391.5156       0.2525575E-04
   10 s   21    15.73571        8.451570        118.3212        9.488558        378.4997       0.3023396E-04
   10 s   22    15.59023        8.762896        114.1175        14.77398        90.24152      -0.2432539E-01
   10 s   23    15.57055        9.140804        109.3996        14.76869        90.22321      -0.2419706E-01
   10 s   24    15.45395        9.458409        105.7260        9.130224        334.8339       0.6570914E-04
   10 s   25    15.21744        9.693805        103.1587        9.629215        366.3127       0.5139923E-04
   10 s   26    15.01062        9.937041        100.6336        9.771090        380.9628       0.4600066E-04
   11 s    1    97.58896        3.656827        273.4611        14.09151        610.9240       0.4521867E-03
   11 s    2    66.06790        4.126131        242.3578        26.26353        89.48458       0.1332229E-04
   11 s    3    49.96259        4.368432        228.9151        9.245027        407.4822       0.1128061E-02
   11 s    4    41.65160        4.682274        213.5715        13.13578        760.1935       0.2273240E-02
   11 s    5    36.45505        5.008791        199.6490        12.77264        730.5755       0.2025381E-02
   11 s    6    32.73094        5.314768        188.1550        11.28562        545.5128       0.1466640E-02
   11 s    7    29.65921        5.556909        179.9562        11.47410        170.2100       0.1894476E-03
   11 s    8    28.34178        6.018088        166.1657        11.17077        552.8513       0.4589376E-03
   11 s    9    26.52198        6.294223        158.8758        10.79235        585.2707       0.2891006E-03
   11 s   10    24.97923        6.552105        152.6227        9.745290        478.1660       0.8908476E-04
   11 s   11    23.61841        6.785174        147.3802        9.198942        383.1322       0.9605081E-05
   11 s   12    22.52622        7.034136        142.1639        11.04744        406.0832       0.3753751E-03
   11 s   13    21.75432        7.336548        136.3039        12.77350        492.9140       0.9863077E-03
   11 s   14    21.13293        7.654914        130.6350        12.21161        489.4442       0.1372845E-02
   11 s   15    20.48073        7.930302        126.0986        9.504907        368.2152       0.1284051E-02
   11 s   16    19.73600        8.134963        122.9262        7.039562        283.6799       0.8533334E-03
   11 s   17    18.97587        8.295686        120.5446        5.950622        250.9099       0.5401243E-03
   11 s   18    18.26172        8.439677        118.4879        5.615434        238.2030       0.3670259E-03
   11 s   19    17.61349        8.580104        116.5487        5.635761        233.9601       0.2678262E-03
   11 s   20    17.03527        8.723996        114.6264        5.891060        235.3540       0.2054030E-03
   11 s   21    16.52828        8.877254        112.6474        6.397996        243.4418       0.1609812E-03
   11 s   22    16.09566        9.046985        110.5341        7.217029        262.2603       0.1239536E-03
   11 s   23    15.74014        9.240359        108.2209        8.248926        295.1491       0.9082822E-04
   11 s   24    15.55230        9.518604        105.0574        14.76376        90.20450      -0.2407881E-01
   11 s   25    15.53533        9.896310        101.0478        14.75910        90.18528      -0.2396974E-01
   11 s   26    15.51955        10.27395        97.33353        14.75459        90.16501      -0.2386913E-01
   12 s    1    113.8344        4.265572        234.4351       0.6925835        225.5469       0.7697569E-05
   12 s    2    68.69209        4.290019        233.0992        1.329993        228.3014       0.3287831E-05
   12 s    3    54.55110        4.769623        209.6602        24.85430        89.34216       0.1214064E-04
   12 s    4    47.73117        5.365709        186.3687        21.72515        104.4818       0.2719411E-03
   12 s    5    40.02107        5.498749        181.8595        2.748578        201.5216       0.1009201E-04
   12 s    6    34.40702        5.586926        178.9893        4.626541        226.1238       0.8911822E-04
   12 s    7    30.72886        5.757318        173.6920        9.234568        371.7260       0.4174008E-03
   12 s    8    28.76237        6.107396        163.7359        22.39431        88.23896      -0.8925624E-03
   12 s    9    28.08815        6.665907        150.0171        21.31433        90.92361      -0.8921147E-03
   12 s   10    26.16578        6.863341        145.7016        7.734240        288.8724       0.6200611E-03
   12 s   11    24.65370        7.082597        141.1911        9.714429        355.9246       0.6562310E-03
   12 s   12    23.51480        7.342837        136.1872        10.88677        426.0375       0.6146775E-03
   12 s   13    22.59930        7.621514        131.2075        11.28783        450.7869       0.4570459E-03
   12 s   14    21.82912        7.907090        126.4688        11.60101        443.4918       0.1700978E-03
   12 s   15    21.19856        8.208250        121.8286        12.57604        470.2918       0.3052907E-06
   12 s   16    20.69555        8.530478        117.2267        12.88655        505.2468       0.7634610E-05
   12 s   17    20.18652        8.824948        113.3151        10.21582        397.6178       0.2171326E-03
   12 s   18    19.58885        9.053013        110.4605        8.307206        329.5458       0.5173407E-03
   12 s   19    18.98540        9.248405        108.1268        7.369479        297.5695       0.5022157E-03
   12 s   20    18.40558        9.425752        106.0923        6.841141        279.6274       0.4212480E-03
   12 s   21    17.86193        9.593550        104.2367        6.589454        269.8839       0.3442432E-03
   12 s   22    17.35936        9.757280        102.4876        6.504086        264.6382       0.2829542E-03
   12 s   23    16.89806        9.920128        100.8051        6.513263        261.8614       0.2356171E-03
   12 s   24    16.47770        10.08498        99.15732        6.579070        260.5943       0.1970701E-03
   12 s   25    16.09232        10.25112        97.55034        6.703198        260.9449       0.1671347E-03
   12 s   26    15.74195        10.42118        95.95839        6.901273        263.5325       0.1410700E-03
   13 s    1    118.2743        4.431942        225.6347        14.55947        766.6353       0.2689027E-02
   13 s    2    76.61888        4.785070        208.9833        13.95607        878.9604       0.1268264E-02
   13 s    3    58.67373        5.130082        194.9287        13.51877        884.5944       0.9652189E-03
   13 s    4    48.39993        5.440888        183.7935        2.160581        199.1299       0.1011203E-04
   13 s    5    41.87442        5.753392        173.8105        12.51459        662.3390       0.1750013E-02
   13 s    6    37.29778        6.056321        165.1167        11.56767        716.9573       0.1905504E-02
   13 s    7    33.75489        6.324271        158.1210        9.446265        471.8626       0.1549439E-02
   13 s    8    30.73636        6.526554        153.2202        6.892065        310.2935       0.9416279E-03
   13 s    9    28.19058        6.690215        149.4720        7.205104        242.3624       0.5463832E-03
   13 s   10    27.51773        7.217958        138.5433        21.74845        87.22085      -0.1072297E-02
   13 s   11    27.01366        7.760572        128.8565        21.43591        87.17110      -0.1121678E-02
   13 s   12    25.47306        7.954331        125.7177        5.088284        245.5318       0.3993629E-03
   13 s   13    23.96881        8.083375        123.7107        5.389642        246.4606       0.3832860E-03
   13 s   14    22.72645        8.232129        121.4753        6.606727        268.4690       0.5769318E-03
   13 s   15    21.74403        8.419461        118.7725        8.329428        316.1729       0.9634824E-03
   13 s   16    20.97889        8.647271        115.6434        9.778182        371.3305       0.1372898E-02
   13 s   17    20.40765        8.921616        112.0873        12.26985        482.2287       0.1310579E-02
   13 s   18    20.00027        9.243153        108.1882        12.99300        551.7190       0.8861255E-03
   13 s   19    19.63317        9.563956        104.5592        12.55406        545.7654       0.6584623E-03
   13 s   20    19.27247        9.869697        101.3202        11.84060        517.8008       0.5064472E-03
   13 s   21    18.91533        10.15933        98.43170        10.88484        474.0015       0.4140906E-03
   13 s   22    18.53200        10.41639        96.00255        9.584645        410.3014       0.3810617E-03
   13 s   23    18.11874        10.63674        94.01378        8.021824        340.7857       0.3571582E-03
   13 s   24    17.68080        10.82133        92.41011        6.822452        294.5277       0.3097582E-03
   13 s   25    17.24177        10.98334        91.04697        6.196192        270.9921       0.2572089E-03
   13 s   26    16.81969        11.13465        89.80978        5.930236        259.1269       0.2152793E-03
   14 s    1    131.6532        4.933274        202.7052        26.35058        89.54460       0.9508105E-05
   14 s    2    86.03180        5.372934        186.1180       0.9281453        190.2756       0.7139514E-05
   14 s    3    61.77367        5.401122        185.1467        1.351896        191.4279       0.2989414E-05
   14 s    4    48.66914        5.471151        182.7769        14.50716        345.0918       0.1145411E-02
   14 s    5    43.55841        5.984767        167.0909        23.02186        92.45715       0.9832663E-04
   14 s    6    40.28231        6.540942        152.8832        13.05342        141.3450       0.4090445E-03
   14 s    7    35.87358        6.721226        148.7824        8.063267        297.1809       0.9691008E-03
   14 s    8    32.82322        6.969676        143.4787        11.47785        445.1261       0.1506580E-02
   14 s    9    30.66841        7.278258        137.3955        12.69848        561.4895       0.1663496E-02
   14 s   10    28.92020        7.585831        131.8247        11.24401        462.3189       0.1429536E-02
   14 s   11    27.19478        7.812607        127.9983        6.797280        284.5334       0.7407687E-03
   14 s   12    26.56889        8.296521        120.5324        21.20525        86.93901      -0.1163240E-02
   14 s   13    25.74379        8.681978        115.1811        10.92976        454.8656       0.9171351E-03
   14 s   14    24.65454        8.930533        111.9754        8.835947        346.8427       0.7425067E-03
   14 s   15    23.58091        9.130714        109.5205        7.398436        295.7114       0.6187486E-03
   14 s   16    22.59784        9.314584        107.3585        7.475555        295.3619       0.6484731E-03
   14 s   17    21.76069        9.513124        105.1179        8.441242        325.2878       0.8304031E-03
   14 s   18    21.07490        9.739793        102.6716        9.591728        374.7252       0.1099661E-02
   14 s   19    20.50878        9.990496        100.0951        10.24624        415.3836       0.1304164E-02
   14 s   20    20.01733        10.25115        97.55004        9.936868        403.3786       0.1245421E-02
   14 s   21    19.52919        10.48903        95.33770        9.006068        354.5627       0.8816788E-03
   14 s   22    19.05058        10.70787        93.38922        8.625652        332.0538       0.4708267E-03
   14 s   23    18.61658        10.92899        91.49972        9.128934        350.4907       0.2103944E-03
   14 s   24    18.24234        11.16501        89.56553        9.687296        384.2373       0.9735696E-04
   14 s   25    17.91199        11.41028        87.64024        9.867097        405.8783       0.5955323E-04
   14 s   26    17.60694        11.65581        85.79415        9.721707        407.2793       0.5189117E-04
   15 s    1    140.0641        5.248444        190.5327        16.05103        632.5604       0.1721227E-02
   15 s    2    88.98920        5.557633        179.9327        20.82923        176.6686       0.1061117E-02
   15 s    3    68.15528        5.959092        167.8108        14.42299        909.3736       0.1423773E-02
   15 s    4    55.87294        6.280968        159.2111        9.999854        452.4593       0.1130667E-02
   15 s    5    46.92126        6.446810        155.1155        4.681045        250.6706       0.5714823E-03
   15 s    6    40.57976        6.589240        151.7626        15.35727        123.3219       0.2240472E-03
   15 s    7    38.17860        7.153091        139.7997        23.17767        90.66341       0.8151514E-04
   15 s    8    36.28222        7.704161        129.8000        6.751713        198.1388       0.4752008E-03
   15 s    9    32.81970        7.788803        128.3894        3.596417        236.4497       0.1027386E-03
   15 s   10    30.12268        7.901242        126.5624        5.816215        273.9658       0.2749603E-03
   15 s   11    28.21336        8.105226        123.3772        10.44604        430.1053       0.8200499E-03
   15 s   12    26.87732        8.392831        119.1493        11.89914        527.1402       0.1011475E-02
   15 s   13    26.17271        8.826632        113.2935        20.99427        86.82645      -0.1188912E-02
   15 s   14    25.67827        9.301356        107.5112        8.491895        342.5583       0.3731797E-04
   15 s   15    24.63830        9.540144        104.8202        10.38045        432.8758       0.7476418E-04
   15 s   16    23.79676        9.808763        101.9497        10.90170        471.9753       0.4867493E-04
   15 s   17    23.05363        10.07836        99.22247        10.06165        425.1392       0.7570534E-06
   15 s   18    22.29469        10.30352        97.05419        7.922623        327.2567       0.8864275E-04
   15 s   19    21.53134        10.48862        95.34147        7.215946        298.2608       0.3308688E-03
   15 s   20    20.85118        10.67817        93.64897        8.094541        321.9491       0.7086712E-03
   15 s   21    20.29436        10.90000        91.74316        9.580869        385.0408       0.1215283E-02
   15 s   22    19.84415        11.15392        89.65459        10.44756        444.2667       0.1570161E-02
   15 s   23    19.44385        11.41465        87.60672        10.10644        430.5171       0.1560965E-02
   15 s   24    19.04171        11.65426        85.80556        8.885059        364.0228       0.1237005E-02
   15 s   25    18.61952        11.86100        84.30993        7.653518        309.6489       0.8372334E-03
   15 s   26    18.19250        12.04344        83.03273        7.004369        283.4057       0.5410691E-03
   16 s    1    142.9541        5.356738        186.6808       0.6259911        188.2396       0.9656557E-05
   16 s    2    90.57722        5.656809        176.7781        19.85700        145.1759       0.8070996E-03
   16 s    3    71.80473        6.278178        159.2819        26.30264        88.19308       0.5878846E-05
   16 s    4    58.05401        6.526153        153.2296        7.613213        291.6525       0.4979161E-03
   16 s    5    49.51999        6.803867        146.9753        13.07089        602.8558       0.1524399E-02
   16 s    6    43.95051        7.136574        140.1233        13.14642        732.3484       0.2041638E-02
   16 s    7    39.81553        7.459785        134.0521        12.59428        680.9648       0.2108977E-02
   16 s    8    36.40013        7.729198        129.3795        16.79252        127.7313       0.2663289E-03
   16 s    9    34.01422        8.072287        123.8806        12.28501        805.6277       0.1603265E-02
   16 s   10    31.95365        8.381512        119.3102        12.39593        827.7603       0.1346662E-02
   16 s   11    30.26371        8.694259        115.0184        12.43766        804.2452       0.1145484E-02
   16 s   12    28.72224        8.968936        111.4959        7.388852        343.3738       0.2975831E-03
   16 s   13    27.04097        9.119449        109.6557        6.182179        277.8446       0.1504621E-07
   16 s   14    25.81742        9.351759        106.9318        20.81239        86.75429      -0.1204385E-02
   16 s   15    25.49690        9.872600        101.2904        20.65330        86.70115      -0.1212749E-02
   16 s   16    24.53208        10.11186        98.89381        7.015258        295.2200       0.7025994E-03
   16 s   17    23.53502        10.28881        97.19298        7.488362        301.3955       0.5862807E-03
   16 s   18    22.73000        10.50470        95.19549        9.858285        384.0329       0.4619740E-03
   16 s   19    22.11488        10.77288        92.82569        11.31598        470.2522       0.3293283E-03
   16 s   20    21.60248        11.06293        90.39198        11.77801        507.0346       0.2788275E-03
   16 s   21    21.14828        11.35863        88.03878        11.78752        510.0172       0.3041956E-03
   16 s   22    20.72221        11.64746        85.85566        11.14393        468.5954       0.4634063E-03
   16 s   23    20.28854        11.91054        83.95928        9.896168        401.1051       0.8678287E-03
   16 s   24    19.86027        12.15525        82.26901        9.836942        401.2179       0.1369241E-02
   16 s   25    19.47894        12.40847        80.59014        10.23460        429.1964       0.1694504E-02
   16 s   26    19.12648        12.66174        78.97806        9.714372        401.9229       0.1637926E-02
   17 s    1    162.7455        6.098357        163.9786        18.00494        712.7973       0.9130032E-03
   17 s    2    101.7839        6.356696        157.3144        2.284064        226.3624       0.2760947E-03
   17 s    3    73.33551        6.412020        155.9571        2.745146        219.6419       0.1461726E-03
   17 s    4    61.68669        6.934521        144.2061        25.77667        88.16752       0.7743349E-05
   17 s    5    54.71896        7.518185        133.0108        10.96442        250.4023       0.5865309E-03
   17 s    6    46.78360        7.596605        131.6378        2.017257        232.7910       0.1839402E-04
   17 s    7    40.83178        7.650187        130.7158        2.330923        232.2638       0.4744560E-05
   17 s    8    36.66851        7.786185        128.4326        14.65351        251.8665       0.1221511E-02
   17 s    9    35.06997        8.322839        120.1513        22.92949        88.71266      -0.5887217E-04
   17 s   10    33.66220        8.829667        113.2546        3.091207        216.3017       0.1251685E-03
   17 s   11    31.02711        8.913570        112.1885        3.818031        223.1502       0.1428893E-03
   17 s   12    29.01383        9.059986        110.3754        9.983266        381.9517       0.9476848E-03
   17 s   13    27.75812        9.361305        106.8227        12.53567        619.3075       0.1279220E-02
   17 s   14    26.67878        9.663769        103.4793        11.29061        503.0065       0.1234473E-02
   17 s   15    25.60754        9.915442        100.8528        8.717952        357.0416       0.9749905E-03
   17 s   16    25.20616        10.38970        96.24914        20.51413        86.65169      -0.1216290E-02
   17 s   17    24.94102        10.90347        91.71390        20.39016        86.61420      -0.1215588E-02
   17 s   18    24.41534        11.28358        88.62434        7.590264        322.6409       0.8327263E-03
   17 s   19    23.48117        11.43844        87.42450        5.455739        264.0583       0.3943287E-03
   17 s   20    22.59866        11.57308        86.40741        5.438534        256.4393       0.2853856E-03
   17 s   21    21.81450        11.71645        85.35005        6.122914        263.0004       0.2613271E-03
   17 s   22    21.14934        11.88754        84.12171        7.751589        292.7564       0.2362624E-03
   17 s   23    20.63532        12.11411        82.54837        10.38563        373.3726       0.1320108E-03
   17 s   24    20.25608        12.39749        80.66146        12.01582        458.7379       0.5614195E-04
   17 s   25    19.94517        12.70546        78.70632        12.49350        494.2446       0.4754732E-04
   17 s   26    19.66257        13.01663        76.82479        12.26616        482.7862       0.1257954E-03
   18 s    1    169.6016        6.355266        157.3498        1.767721        204.2469       0.1038306E-04
   18 s    2    104.9961        6.557309        152.5016        14.81307        632.6521       0.1787798E-02
   18 s    3    79.05725        6.912295        144.6698        13.53502        871.8791       0.2082296E-02
   18 s    4    64.42887        7.242784        138.0685        13.01009        928.4810       0.1690791E-02
   18 s    5    55.06255        7.565394        132.1808        13.49600        125.4559       0.7185620E-04
   18 s    6    48.68276        7.904985        126.5025        13.64794        666.5344       0.1162476E-02
   18 s    7    44.04490        8.252194        121.1799        13.90304        826.2548       0.1563210E-02
   18 s    8    40.44736        8.588585        116.4336        11.88603        595.7081       0.1881450E-02
   18 s    9    36.89228        8.755313        114.2164        3.229949        226.0023       0.3070344E-03
   18 s   10    33.92081        8.897501        112.3911        22.73582        88.16698      -0.1117804E-03
   18 s   11    32.95210        9.466587        105.6347        22.52581        88.18143      -0.1473094E-03
   18 s   12    31.43640        9.816471        101.8696        7.873480        343.8014       0.1121193E-02
   18 s   13    29.62548        9.991064        100.0894        6.509628        285.8100       0.5899753E-03
   18 s   14    28.07271        10.16869        98.34112        7.838417        310.9940       0.5665591E-03
   18 s   15    26.86150        10.40099        96.14473        10.77623        417.9127       0.8973974E-03
   18 s   16    25.96095        10.70082        93.45079        12.84009        562.4331       0.1256596E-02
   18 s   17    25.21988        11.02538        90.69981        12.50797        552.7120       0.1389659E-02
   18 s   18    24.69814        11.41428        87.60956        20.27908        86.58221      -0.1211938E-02
   18 s   19    24.29878        11.83673        84.48281        13.72893        601.3125       0.1068390E-02
   18 s   20    23.76753        12.17168        82.15794        12.56881        507.7944       0.1087004E-02
   18 s   21    23.16025        12.43925        80.39069        8.435539        321.7612       0.8061885E-03
   18 s   22    22.43175        12.60835        79.31253        5.613682        254.0392       0.4904784E-03
   18 s   23    21.70056        12.73947        78.49622        5.047909        242.3753       0.3877117E-03
   18 s   24    21.02463        12.86788        77.71289        5.287747        246.2833       0.4127727E-03
   18 s   25    20.42244        13.00949        76.86695        6.115869        264.0799       0.5596003E-03
   18 s   26    19.91298        13.18241        75.85869        7.863469        313.5412       0.8376688E-03
   19 s    1    170.8259        6.401141        156.2221        27.83114        88.74709       0.6422759E-04
   19 s    2    113.3293        7.077741        141.2880        26.10562        92.27097       0.1043429E-03
   19 s    3    85.76653        7.498915        133.3526        1.197454        225.3161       0.3540253E-04
   19 s    4    66.97820        7.529368        132.8133        1.406054        221.1395       0.5519744E-04
   19 s    5    55.47697        7.622333        131.1934        15.18874        201.9510       0.6481216E-03
   19 s    6    50.47599        8.196165        122.0083        23.90388        91.11928       0.6244678E-04
   19 s    7    46.33926        8.682063        115.1800        2.075612        206.2006       0.4670143E-04
   19 s    8    41.19827        8.748034        114.3114        4.157875        234.7740       0.3181671E-03
   19 s    9    37.84713        8.981917        111.3348        12.52148        649.4404       0.2268269E-02
   19 s   10    35.44166        9.296423        107.5683        12.15704        670.3379       0.2388362E-02
   19 s   11    33.36360        9.584806        104.3318        10.62901        497.4858       0.1903158E-02
   19 s   12    32.12448        10.03133        99.68766        22.30701        87.42149      -0.2273887E-03
   19 s   13    30.74102        10.36727        96.45736        10.81363        566.7936       0.8313453E-03
   19 s   14    29.39489        10.64762        93.91774        11.32898        636.3453       0.6407760E-03
   19 s   15    28.19907        10.91890        91.58430        9.889479        503.5880       0.3060762E-03
   19 s   16    26.98938        11.12473        89.88984        6.728491        326.7281       0.3333395E-04
   19 s   17    25.81105        11.28382        88.62245        6.720122        299.8312       0.3665635E-04
   19 s   18    24.90176        11.50838        86.89319        11.73023        457.9188       0.6468160E-03
   19 s   19    24.47470        11.92242        83.87558        20.17884        86.55426      -0.1206052E-02
   19 s   20    24.26834        12.42815        80.46251        20.08785        86.52910      -0.1198468E-02
   19 s   21    23.74130        12.75133        78.42319        10.49296        377.3050       0.8424062E-04
   19 s   22    23.21439        13.04825        76.63861        12.68539        497.1187       0.1898422E-03
   19 s   23    22.76201        13.36260        74.83574        12.02853        475.2394       0.5896865E-04
   19 s   24    22.25615        13.62162        73.41273        8.358464        334.0883       0.6453270E-04
   19 s   25    21.66329        13.79994        72.46410        6.379676        283.6560       0.2247307E-03
   19 s   26    21.07854        13.95401        71.66401        6.059233        275.0661       0.2878865E-03
   20 s    1    185.9831        6.969108        143.4904        15.82444        858.1874       0.1289302E-02
   20 s    2    118.0167        7.370481        135.6764        15.26557        527.6835       0.9534702E-03
   20 s    3    87.95379        7.690155        130.0364        19.83975        198.5065       0.5217169E-03
   20 s    4    72.01555        8.095643        123.5232        14.80801        865.5288       0.1358618E-02
   20 s    5    61.51131        8.451430        118.3232        13.40486        791.2460       0.2090233E-02
   20 s    6    53.19804        8.638165        115.7653        1.865057        209.7631       0.1268999E-03
   20 s    7    46.91638        8.790190        113.7632        23.23797        91.69318       0.1222354E-03
   20 s    8    44.04442        9.352384        106.9246        19.66265        133.8088       0.7258737E-03
   20 s    9    40.92557        9.712497        102.9601        10.19955        400.9403       0.1212221E-02
   20 s   10    37.50082        9.836544        101.6617        3.786773        235.8077       0.1575083E-03
   20 s   11    34.62409        9.946922        100.5336        5.298037        269.3293       0.2961989E-03
   20 s   12    32.41162        10.12100        98.80450        8.546568        385.4565       0.6896795E-03
   20 s   13    31.40063        10.58972        94.43117        22.13156        87.04603      -0.2812555E-03
   20 s   14    30.43745        11.02526        90.70083        5.583289        288.5599       0.7141046E-03
   20 s   15    28.87113        11.17913        89.45240        7.210914        312.5169       0.7132225E-03
   20 s   16    27.67553        11.40755        87.66124        10.91438        462.0295       0.7946322E-03
   20 s   17    26.77489        11.70518        85.43223        12.48044        602.7003       0.7670314E-03
   20 s   18    26.00988        12.02050        83.19119        12.49855        615.9395       0.7352221E-03
   20 s   19    25.28159        12.31548        81.19859        10.52235        448.2294       0.5076662E-03
   20 s   20    24.47275        12.53283        79.79044        7.611034        301.0720       0.3630063E-04
   20 s   21    24.07709        12.93168        77.32948        20.00487        86.50586      -0.1189593E-02
   20 s   22    23.65475        13.29577        75.21192        9.840058        414.2438       0.1227166E-02
   20 s   23    23.04115        13.52647        73.92910        8.841176        362.0932       0.1115118E-02
   20 s   24    22.49498        13.76779        72.63329        10.82843        431.7036       0.8154758E-03
   20 s   25    22.06257        14.05429        71.15266        11.65825        483.1382       0.4519907E-03
   20 s   26    21.66437        14.34183        69.72612        11.25288        469.4765       0.2905323E-03
