    0 s    2    5.079265       0.3172148        3152.438        6.585300        513.0737       0.1869956E-02
    0 s    3    5.501388       0.4810086        2078.965        6.857921        423.2531       0.1315906E-02
    0 s    4    5.895540       0.6627483        1508.868        7.596245        376.5477       0.3723669E-03
    0 s    5    6.241829       0.8576046        1166.039        7.899539        356.6185      -0.1766348E-03
    0 s    6    6.497502        1.055048        947.8240        7.816434        347.1474      -0.4227350E-03
    0 s    7    6.651019        1.246126        802.4871        7.400600        341.9819      -0.4687620E-03
    0 s    8    6.703538        1.423428        702.5293        6.743928        338.7053      -0.3822451E-03
    0 s    9    6.671986        1.583402        631.5514        6.060180        335.8312      -0.2458741E-03
    0 s   10    6.588042        1.728058        578.6844        5.539873        332.1261      -0.1334785E-03
    0 s   11    6.481765        1.862103        537.0273        5.205898        327.0633      -0.6566722E-04
    0 s   12    6.371105        1.989470        502.6465        4.994960        320.7516      -0.3065910E-04
    0 s   13    6.263888        2.112469        473.3798        4.849258        313.4998      -0.1389206E-04
    0 s   14    6.162631        2.232270        447.9745        4.735218        305.6036      -0.6168668E-05
    0 s   15    6.067628        2.349434        425.6345        4.636325        297.3096      -0.2695788E-05
    0 s   16    5.978409        2.464235        405.8055        4.545238        288.8237      -0.1161937E-05
    0 s   17    5.894333        2.576827        388.0742        4.459093        280.3200      -0.4945690E-06
    0 s   18    5.814805        2.687320        372.1179        4.377084        271.9428      -0.2080270E-06
    0 s   19    5.739339        2.795819        357.6770        4.299270        263.8075      -0.8647721E-07
    0 s   20    5.667552        2.902431        344.5387        4.225996        256.0006      -0.3548698E-07
    0 s   21    5.599152        3.007276        332.5269        4.157627        248.5812      -0.1438087E-07
    0 s   22    5.533910        3.110478        321.4940        4.094424        241.5845      -0.5638203E-08
    0 s   23    5.471647        3.212170        311.3161        4.036513        235.0255      -0.2055939E-08
    0 s   24    5.412215        3.312483        301.8884        3.983879        228.9035      -0.6156403E-09
    0 s   25    5.355484        3.411547        293.1221        3.936391        223.2060      -0.1877498E-10
    0 s   26    5.301339        3.509490        284.9417        3.893825        217.9129       0.1959777E-09
    1 s    2    10.92050       0.6820171        1466.239        10.99111        314.0666       0.5124682E-05
    1 s    3    10.80910       0.9450835        1058.108        10.04161        285.6238       0.7655893E-04
    1 s    4    10.52778        1.183483        844.9636        8.987869        271.5257       0.9079795E-04
    1 s    5    10.12070        1.390547        719.1416        7.426496        284.6419       0.1855208E-03
    1 s    6    9.566571        1.553396        643.7509        5.794539        339.2214       0.2430791E-03
    1 s    7    9.049271        1.695459        589.8106        5.763656        369.8459       0.2178590E-04
    1 s    8    8.706485        1.848733        540.9109        6.520723        375.2286      -0.3469144E-03
    1 s    9    8.525963        2.023390        494.2202        7.387966        372.2737      -0.7396089E-03
    1 s   10    8.454742        2.217697        450.9182        8.056952        366.7176      -0.1077456E-02
    1 s   11    8.443197        2.425589        412.2709        8.472289        359.3048      -0.1336945E-02
    1 s   12    8.458269        2.641217        378.6134        8.677564        347.0945      -0.1515195E-02
    1 s   13    8.478854        2.859456        349.7168        8.665963        320.3850      -0.1565089E-02
    1 s   14    8.482259        3.072501        325.4677        8.192277        258.1994      -0.1255322E-02
    1 s   15    8.431551        3.264763        306.3009        7.137196        191.3214      -0.5041600E-03
    1 s   16    8.333321        3.434904        291.1290        6.544569        169.9924      -0.1481693E-03
    1 s   17    8.224035        3.595303        278.1407        6.297702        163.9304      -0.5169709E-04
    1 s   18    8.116482        3.751044        266.5925        6.155021        161.4150      -0.2088713E-04
    1 s   19    8.013802        3.903784        256.1617        6.053344        160.1293      -0.9175658E-05
    1 s   20    7.916752        4.054277        246.6531        5.973784        159.4408      -0.4221832E-05
    1 s   21    7.825378        4.202970        237.9270        5.908653        159.0985      -0.1992563E-05
    1 s   22    7.739465        4.350167        229.8762        5.853762        158.9669      -0.9532322E-06
    1 s   23    7.658689        4.496088        222.4156        5.806283        158.9563      -0.4589941E-06
    1 s   24    7.582679        4.640890        215.4759        5.764070        159.0008      -0.2215065E-06
    1 s   25    7.511046        4.784683        209.0003        5.725423        159.0497      -0.1068550E-06
    1 s   26    7.443403        4.927538        202.9411        5.688994        159.0645      -0.5144165E-07
    2 s    1    10.83871       0.4061454        2462.172        12.89742        401.4324      -0.3443472E-04
    2 s    2    15.19044       0.9486871        1054.088        20.06168        97.46355      -0.1385495E-01
    2 s    3    14.41745        1.260576        793.2883        6.326579        421.5021      -0.1115287E-03
    2 s    4    12.45074        1.399653        714.4628        5.164112        401.2802       0.5803528E-03
    2 s    5    11.15763        1.533018        652.3082        5.780817        328.9547       0.4551370E-03
    2 s    6    10.45410        1.697511        589.0979        7.258038        253.8025       0.1724105E-03
    2 s    7    10.06709        1.886157        530.1784        7.667038        222.6791       0.5587006E-04
    2 s    8    9.783622        2.077453        481.3588        7.587746        207.6697       0.1485872E-04
    2 s    9    9.544984        2.265225        441.4572        7.412078        197.7359      -0.9318365E-05
    2 s   10    9.334471        2.448452        408.4214        7.230027        190.4640      -0.3326989E-04
    2 s   11    9.145552        2.627364        380.6096        7.068949        185.3435      -0.6762369E-04
    2 s   12    8.975647        2.802775        356.7892        6.953646        182.8942      -0.1323521E-03
    2 s   13    8.826132        2.976574        335.9567        6.957501        186.2419      -0.2927910E-03
    2 s   14    8.709208        3.154708        316.9865        7.368533        211.2294      -0.7918231E-03
    2 s   15    8.656176        3.351740        298.3525        8.332207        287.9581      -0.1717268E-02
    2 s   16    8.657343        3.568462        280.2328        8.818729        346.1887      -0.2234991E-02
    2 s   17    8.674460        3.792216        263.6981        8.951562        366.6885      -0.2480365E-02
    2 s   18    8.693624        4.017771        248.8943        8.975385        373.4160      -0.2643525E-02
    2 s   19    8.710802        4.243315        235.6648        8.949850        373.8189      -0.2759106E-02
    2 s   20    8.723939        4.467649        223.8314        8.869992        366.6185      -0.2796334E-02
    2 s   21    8.728747        4.688165        213.3031        8.594555        335.5321      -0.2531217E-02
    2 s   22    8.703044        4.891772        204.4249        7.425843        247.5716      -0.1043414E-02
    2 s   23    8.629047        5.065744        197.4044        6.669409        213.1947      -0.1660802E-03
    2 s   24    8.546164        5.230580        191.1834        6.536825        206.4287      -0.3884481E-04
    2 s   25    8.466997        5.393642        185.4035        6.502399        202.9092      -0.1226770E-04
    2 s   26    8.392974        5.556154        179.9806        6.488461        200.1531      -0.4553817E-05
    3 s    1    25.21742       0.9449403        1058.268        6.523999        810.9393      -0.1609347E-04
    3 s    2    17.92090        1.119212        893.4859        7.318697        364.7079      -0.7684591E-03
    3 s    3    16.30757        1.425837        701.3424        16.97107        91.34515      -0.1514837E-01
    3 s    4    16.32289        1.834941        544.9766        16.29780        89.53326      -0.1658426E-01
    3 s    5    16.20340        2.226288        449.1782        15.71789        88.92221      -0.1726664E-01
    3 s    6    15.77823        2.562029        390.3156        5.731720        275.5921       0.9761868E-04
    3 s    7    14.42205        2.702097        370.0830        5.480095        271.2245       0.2014589E-03
    3 s    8    13.36050        2.836966        352.4893        5.312076        266.6643       0.2101536E-03
    3 s    9    12.51094        2.969108        336.8014        5.263789        263.1207       0.1847409E-03
    3 s   10    11.82391        3.101436        322.4313        5.320890        260.0911       0.1409203E-03
    3 s   11    11.26451        3.236105        309.0135        5.444406        257.1474       0.9101083E-04
    3 s   12    10.80593        3.374307        296.3572        5.598410        254.0348       0.4294375E-04
    3 s   13    10.42701        3.516462        284.3768        5.757500        250.6494       0.8950920E-06
    3 s   14    10.11103        3.662487        273.0385        5.906330        246.9917      -0.3376314E-04
    3 s   15    9.844883        3.812017        262.3284        6.037235        243.1304      -0.6165443E-04
    3 s   16    9.618320        3.964566        252.2344        6.147913        239.1819      -0.8488542E-04
    3 s   17    9.423431        4.119643        242.7395        6.239762        235.3073      -0.1070397E-03
    3 s   18    9.254177        4.276831        233.8180        6.317247        231.7485      -0.1343279E-03
    3 s   19    9.106104        4.435879        225.4344        6.389876        228.9885      -0.1805388E-03
    3 s   20    8.976457        4.596967        217.5348        6.486018        228.5336      -0.2901708E-03
    3 s   21    8.866361        4.762077        209.9924        6.757756        238.7236      -0.6923982E-03
    3 s   22    8.795771        4.943892        202.2698        7.909422        312.7924      -0.2309185E-02
    3 s   23    8.780846        5.154859        193.9917        8.640705        382.9667      -0.3307201E-02
    3 s   24    8.780965        5.374287        186.0712        8.741603        396.5668      -0.3549473E-02
    3 s   25    8.782601        5.594688        178.7410        8.740303        400.0770      -0.3685114E-02
    3 s   26    8.783613        5.814757        171.9762        8.716151        401.4774      -0.3795973E-02
    4 s    1    37.20683        1.394204        717.2549        11.87140        360.8871       0.7029614E-04
    4 s    2    27.34398        1.707711        585.5793        12.94773        443.8174      -0.1829926E-04
    4 s    3    23.29076        2.036405        491.0613        13.27451        498.0921      -0.2241002E-04
    4 s    4    20.27363        2.279064        438.7766        5.305859        295.0382      -0.5908103E-04
    4 s    5    17.60178        2.418421        413.4930        5.742505        283.2453       0.3481891E-04
    4 s    6    16.05024        2.606198        383.7008        15.32761        88.46138      -0.1763037E-01
    4 s    7    15.89806        2.978640        335.7237        15.14509        87.83635      -0.1786826E-01
    4 s    8    15.76205        3.346912        298.7829        15.01479        87.43616      -0.1791176E-01
    4 s    9    15.64409        3.712671        269.3479        14.93755        87.11868      -0.1785456E-01
    4 s   10    14.81552        3.886143        257.3246        6.099724        305.2040       0.1388299E-03
    4 s   11    14.04420        4.034663        247.8522        5.805430        289.6824       0.1563513E-03
    4 s   12    13.37984        4.178048        239.3462        5.672783        280.9513       0.1507877E-03
    4 s   13    12.80821        4.319511        231.5077        5.645697        275.7943       0.1304791E-03
    4 s   14    12.31634        4.461308        224.1495        5.695333        272.8561       0.1032157E-03
    4 s   15    11.89296        4.605047        217.1530        5.797601        271.3843       0.7465049E-04
    4 s   16    11.52814        4.751771        210.4478        5.931310        270.8840       0.4827731E-04
    4 s   17    11.21311        4.902036        203.9969        6.078792        270.9997       0.2593407E-04
    4 s   18    10.94015        5.056003        197.7847        6.226117        271.4660       0.8326610E-05
    4 s   19    10.70249        5.213532        191.8086        6.362877        272.0808      -0.4566470E-05
    4 s   20    10.49427        5.374260        186.0721        6.481736        272.6889      -0.1320467E-04
    4 s   21    10.31042        5.537675        180.5812        6.577903        273.1704      -0.1827978E-04
    4 s   22    10.14662        5.703173        175.3410        6.648616        273.4310      -0.2056872E-04
    4 s   23    9.999198        5.870101        170.3548        6.692685        273.3951      -0.2083165E-04
    4 s   24    9.865053        6.037790        165.6235        6.710163        273.0010      -0.1974701E-04
    4 s   25    9.741603        6.205591        161.1450        6.702153        272.1998      -0.1787730E-04
    4 s   26    9.626711        6.372889        156.9147        6.670738        270.9575      -0.1565835E-04
    5 s    1    44.00333        1.648881        606.4719        28.35742        81.18781      -0.2189618E-04
    5 s    2    33.35385        2.083044        480.0666        2.552925        293.3881       0.1012463E-03
    5 s    3    24.74411        2.163478        462.2188        4.015080        279.8767      -0.8361504E-04
    5 s    4    21.09299        2.371172        421.7323        13.23759        467.0576      -0.1865493E-04
    5 s    5    19.64279        2.698848        370.5285        12.88081        493.3060      -0.5188328E-05
    5 s    6    18.54726        3.011658        332.0430        12.07653        496.1718      -0.9968712E-06
    5 s    7    17.60298        3.298071        303.2076        10.70561        481.3677       0.5510407E-05
    5 s    8    16.66607        3.538870        282.5761        8.458815        410.4704       0.3563962E-04
    5 s    9    15.70208        3.726434        268.3531        6.768891        337.4028       0.9108775E-04
    5 s   10    15.54328        4.077036        245.2762        14.89669        86.84425      -0.1774277E-01
    5 s   11    15.45753        4.440689        225.1903        14.87522        86.63474      -0.1759454E-01
    5 s   12    14.99248        4.681617        213.6014        9.038097        358.3325       0.3814466E-04
    5 s   13    14.53280        4.901122        204.0349        8.507505        355.0750       0.5044102E-04
    5 s   14    14.09873        5.106938        195.8121        7.954036        346.7646       0.6512575E-04
    5 s   15    13.68635        5.299461        188.6984        7.455941        335.0985       0.7695413E-04
    5 s   16    13.29698        5.480870        182.4528        7.068477        322.7239       0.8105249E-04
    5 s   17    12.93329        5.654050        176.8644        6.793473        311.4773       0.7652131E-04
    5 s   18    12.59646        5.821473        171.7778        6.602001        301.8609       0.6576160E-04
    5 s   19    12.28583        5.984827        167.0892        6.463534        293.6791       0.5203443E-04
    5 s   20    11.99958        6.145149        162.7300        6.356920        286.5893       0.3802021E-04
    5 s   21    11.73549        6.303071        158.6528        6.270663        280.3159       0.2544212E-04
    5 s   22    11.49139        6.459037        154.8219        6.200447        274.6906       0.1515838E-04
    5 s   23    11.26541        6.613442        151.2072        6.146519        269.6369       0.7387644E-05
    5 s   24    11.05605        6.766723        147.7820        6.111395        265.1393       0.1943455E-05
    5 s   25    10.86213        6.919389        144.5214        6.097952        261.2142      -0.1566842E-05
    5 s   26    10.68278        7.072008        141.4026        6.108015        257.8862      -0.3595731E-05
    6 s    1    53.31584        1.997837        500.5414        7.016894        516.8983       0.5297968E-03
    6 s    2    37.08113        2.315824        431.8118        25.12272        80.62161      -0.8501253E-04
    6 s    3    32.61175        2.851377        350.7077        13.33440        290.9894       0.2014146E-03
    6 s    4    27.59137        3.101690        322.4049        7.391790        303.4015       0.4066846E-04
    6 s    5    23.67253        3.252519        307.4540        5.332898        260.2991      -0.5410903E-04
    6 s    6    20.86239        3.387582        295.1958        5.639186        255.2173      -0.5304953E-04
    6 s    7    18.89836        3.540771        282.4244        6.726014        257.8841      -0.1392799E-04
    6 s    8    17.57152        3.731134        268.0151        8.564188        280.1969       0.2203241E-04
    6 s    9    16.69835        3.962869        252.3425        9.721088        320.4854       0.2746853E-04
    6 s   10    16.04340        4.208219        237.6302        9.794705        345.3021       0.2724248E-04
    6 s   11    15.48908        4.449754        224.7315        9.488694        355.8061       0.3037765E-04
    6 s   12    15.38451        4.804035        208.1584        14.86553        86.46876      -0.1743123E-01
    6 s   13    15.32206        5.167296        193.5248        14.86192        86.33786      -0.1726449E-01
    6 s   14    14.95880        5.418476        184.5537        7.412661        260.7427       0.1139075E-03
    6 s   15    14.48277        5.607842        178.3217        7.704597        262.6182       0.1015710E-03
    6 s   16    14.07849        5.802998        172.3247        7.873169        264.8765       0.8538830E-04
    6 s   17    13.72648        6.000810        166.6442        7.921743        266.4736       0.7069004E-04
    6 s   18    13.41260        6.198649        161.3255        7.882156        266.9459       0.5896345E-04
    6 s   19    13.12733        6.394749        156.3783        7.788084        266.3027       0.4984246E-04
    6 s   20    12.86452        6.588095        151.7889        7.666112        264.7615       0.4249319E-04
    6 s   21    12.62022        6.778254        147.5306        7.536214        262.5950       0.3614997E-04
    6 s   22    12.39196        6.965223        143.5704        7.413242        260.0708       0.3028146E-04
    6 s   23    12.17822        7.149312        139.8736        7.307078        257.4233       0.2463567E-04
    6 s   24    11.97802        7.331007        136.4069        7.222235        254.8338       0.1921516E-04
    6 s   25    11.79060        7.510844        133.1408        7.158253        252.4212       0.1418812E-04
    6 s   26    11.61525        7.689303        130.0508        7.111306        250.2470       0.9768972E-05
    7 s    1    59.24053        2.219846        450.4818        9.663124        279.4677       0.1605758E-03
    7 s    2    40.80130        2.548159        392.4401        14.03018        442.9375       0.6520265E-03
    7 s    3    33.78388        2.953861        338.5399        22.51340        87.57778      -0.1855095E-03
    7 s    4    30.28771        3.404798        293.7031        9.505127        361.0493       0.7127447E-04
    7 s    5    26.78501        3.680163        271.7271        11.91938        497.2605       0.5978201E-04
    7 s    6    24.49694        3.977752        251.3983        11.53812        485.2724       0.2725375E-05
    7 s    7    22.63618        4.241084        235.7888        9.264704        390.6894      -0.4492469E-04
    7 s    8    20.91027        4.440083        225.2210        6.878088        311.6608      -0.6008347E-04
    7 s    9    19.37912        4.599073        217.4351        6.048997        280.8941      -0.3717180E-04
    7 s   10    18.10691        4.749482        210.5493        6.047613        269.6431       0.6921405E-05
    7 s   11    17.06969        4.903835        203.9220        6.311781        264.5040       0.5536707E-04
    7 s   12    16.22362        5.066058        197.3921        6.661494        261.6261       0.9388133E-04
    7 s   13    15.53026        5.237511        190.9304        7.043243        260.3139       0.1136203E-03
    7 s   14    15.26828        5.530579        180.8129        14.86097        86.23376      -0.1710163E-01
    7 s   15    15.22160        5.893924        169.6662        14.86070        86.14992      -0.1694676E-01
    7 s   16    15.18073        6.257333        159.8125        14.86007        86.08115      -0.1680186E-01
    7 s   17    15.14465        6.620789        151.0394        14.85866        86.02351      -0.1666763E-01
    7 s   18    14.65661        6.773571        147.6326        6.062900        242.0138       0.1291286E-03
    7 s   19    14.21904        6.926555        144.3719        6.167510        240.0685       0.1189633E-03
    7 s   20    13.83015        7.082609        141.1909        6.307357        238.8739       0.1044832E-03
    7 s   21    13.48455        7.242483        138.0742        6.471096        238.3025       0.8829187E-04
    7 s   22    13.17721        7.406592        135.0149        6.644086        238.2108       0.7227607E-04
    7 s   23    12.90331        7.574982        132.0135        6.811764        238.4434       0.5762553E-04
    7 s   24    12.65831        7.747368        129.0761        6.962817        238.8518       0.4493384E-04
    7 s   25    12.43799        7.923244        126.2109        7.090769        239.3144       0.3435131E-04
    7 s   26    12.23866        8.102000        123.4263        7.193622        239.7464       0.2575637E-04
    8 s    1    77.44319        2.901931        344.5982        14.81374        898.3282      -0.5755481E-04
    8 s    2    50.63748        3.162457        316.2099        2.295774        226.8302      -0.5910980E-06
    8 s    3    37.05138        3.239552        308.6847        4.415174        261.1665       0.3534841E-04
    8 s    4    31.54365        3.545985        282.0091        23.39939        81.22346      -0.5408153E-03
    8 s    5    30.04830        4.128527        242.2172        22.72662        84.15277      -0.7258101E-03
    8 s    6    27.31287        4.434996        225.4793        7.122840        335.5902       0.5837722E-04
    8 s    7    24.65931        4.620136        216.4438        8.319074        325.9653       0.4719947E-05
    8 s    8    22.88276        4.858921        205.8070        10.57779        392.4816      -0.1017976E-06
    8 s    9    21.63783        5.135110        194.7378        11.28020        450.6429      -0.1282283E-05
    8 s   10    20.63939        5.413757        184.7146        10.83221        474.4540      -0.8294180E-05
    8 s   11    19.71424        5.663573        176.5670        8.844721        403.1828      -0.2857128E-04
    8 s   12    18.75369        5.856111        170.7618        6.855262        308.1373      -0.2012875E-04
    8 s   13    17.84613        6.018527        166.1536        6.253655        275.7007       0.2235221E-04
    8 s   14    17.03986        6.172294        162.0143        6.067131        261.9948       0.6715074E-04
    8 s   15    16.33003        6.323117        158.1498        5.996554        254.1022       0.1022048E-03
    8 s   16    15.70368        6.472884        154.4907        5.977567        248.7357       0.1236587E-03
    8 s   17    15.14901        6.622694        150.9959        5.999412        244.8397       0.1317965E-03
    8 s   18    15.11252        6.984273        143.1788        14.85637        85.97404      -0.1654399E-01
    8 s   19    15.08371        7.347764        136.0958        14.85325        85.93060      -0.1643040E-01
    8 s   20    15.05768        7.711245        129.6808        14.84945        85.89164      -0.1632613E-01
    8 s   21    14.91035        8.008273        124.8709        6.316857        257.7065       0.1348921E-03
    8 s   22    14.52892        8.166357        122.4536        6.317747        254.3434       0.1283473E-03
    8 s   23    14.18026        8.324623        120.1256        6.331281        251.8483       0.1163351E-03
    8 s   24    13.86086        8.483378        117.8776        6.357477        250.0616       0.1015136E-03
    8 s   25    13.56780        8.642952        115.7012        6.397494        248.8991       0.8592077E-04
    8 s   26    13.29862        8.803697        113.5886        6.451650        248.2894       0.7093092E-04
    9 s    1    83.55753        3.131045        319.3821        1.004106        220.3797       0.2785515E-06
    9 s    2    52.43589        3.274773        305.3647        14.19333        987.3811      -0.6498393E-04
    9 s    3    41.40453        3.620166        276.2305        13.27567        825.8869       0.5022821E-04
    9 s    4    35.03736        3.938732        253.8888        12.21673        710.9342       0.1011989E-03
    9 s    5    30.76431        4.226903        236.5798        10.73096        417.1490       0.1266631E-03
    9 s    6    28.53987        4.634233        215.7855        10.42975        349.2961       0.1150008E-03
    9 s    7    26.17347        4.903826        203.9224        10.94683        468.7720       0.2326754E-03
    9 s    8    24.34123        5.168612        193.4755        10.02934        408.7370       0.1367074E-03
    9 s    9    22.75488        5.400209        185.1780        8.499106        328.0364      -0.5470670E-06
    9 s   10    21.35112        5.600444        178.5573        7.750561        283.9687      -0.6153075E-04
    9 s   11    20.20771        5.805338        172.2553        9.018429        296.0758      -0.3805494E-04
    9 s   12    19.38909        6.054525        165.1657        10.64827        365.1728      -0.8269274E-05
    9 s   13    18.76116        6.327119        158.0498        11.04315        410.7489      -0.1565339E-05
    9 s   14    18.23030        6.603502        151.4348        11.02345        432.5444       0.9345901E-07
    9 s   15    17.75756        6.875868        145.4362        10.69682        435.6910       0.2132383E-05
    9 s   16    17.30369        7.132392        140.2054        9.638658        400.3909       0.1224751E-04
    9 s   17    16.81145        7.349464        136.0643        7.721143        324.8315       0.4833035E-04
    9 s   18    16.28769        7.527376        132.8484        6.697844        284.5992       0.9127079E-04
    9 s   19    15.78760        7.690654        130.0279        6.413073        269.7100       0.1193296E-03
    9 s   20    15.32861        7.849991        127.3887        6.336264        262.3724       0.1329174E-03
    9 s   21    15.03404        8.074703        123.8436        14.84513        85.85605      -0.1623038E-01
    9 s   22    15.01244        8.438131        118.5097        14.84041        85.82300      -0.1614235E-01
    9 s   23    14.99262        8.801525        113.6167        14.83541        85.79192      -0.1606129E-01
    9 s   24    14.97436        9.164883        109.1121        14.83018        85.76237      -0.1598654E-01
    9 s   25    14.70313        9.366180        106.7671        7.296255        277.1254       0.1396964E-03
    9 s   26    14.42221        9.547510        104.7394        7.207239        271.2846       0.1373058E-03
   10 s    1    89.34455        3.347895        298.6951        25.89449        85.19456       0.3780971E-04
   10 s    2    63.79313        3.984066        250.9999        25.12522        82.85899       0.1344726E-05
   10 s    3    48.90825        4.276246        233.8500        3.093440        245.5623       0.6209576E-04
   10 s    4    38.65440        4.345342        230.1315        3.008106        230.9308      -0.1460922E-04
   10 s    5    32.34673        4.444323        225.0061        5.393983        255.3961      -0.1900706E-06
   10 s    6    29.01670        4.711659        212.2395        22.14042        81.67126      -0.8361981E-03
   10 s    7    28.13592        5.271509        189.6990        22.22335        79.59892      -0.9990811E-03
   10 s    8    27.03765        5.741170        174.1805        8.549002        294.1402       0.6628507E-04
   10 s    9    25.19448        5.979178        167.2471        10.45654        344.8753       0.1946278E-03
   10 s   10    23.83759        6.252651        159.9322        11.02691        375.4807       0.1861932E-03
   10 s   11    22.65664        6.508874        153.6364        9.104247        334.3643       0.6109172E-04
   10 s   12    21.47269        6.705159        149.1389        6.804991        285.7191      -0.4873607E-04
   10 s   13    20.34680        6.861870        145.7329        5.920622        265.6911      -0.7265672E-04
   10 s   14    19.34696        7.007985        142.6944        5.847624        258.8660      -0.5020279E-04
   10 s   15    18.48686        7.158260        139.6988        6.245802        259.0883      -0.1007513E-04
   10 s   16    17.77514        7.326720        136.4867        7.402045        274.0660       0.2734998E-04
   10 s   17    17.23968        7.536673        132.6845        9.373128        324.8714       0.3629729E-04
   10 s   18    16.84749        7.786091        128.4342        10.35894        373.1837       0.3112969E-04
   10 s   19    16.52032        8.047586        124.2609        10.46732        390.4758       0.3208715E-04
   10 s   20    16.21952        8.306240        120.3914        10.16437        385.5893       0.4075465E-04
   10 s   21    15.92491        8.553190        116.9154        9.534817        363.2540       0.5908924E-04
   10 s   22    15.62289        8.781252        113.8790        8.688730        331.2403       0.8671205E-04
   10 s   23    15.31154        8.988748        111.2502        7.944320        303.6856       0.1145575E-03
   10 s   24    15.00130        9.181373        108.9162        7.502510        286.6713       0.1328305E-03
   10 s   25    14.95748        9.528207        104.9515        14.82477        85.73399      -0.1591751E-01
   10 s   26    14.94183        9.891498        101.0969        14.81920        85.70650      -0.1585368E-01
   11 s    1    100.0926        3.750642        266.6210        13.98161        704.0222       0.8493931E-03
   11 s    2    65.38265        4.083335        244.8978        12.49984        646.9448       0.4463392E-03
   11 s    3    51.06896        4.465166        223.9559        12.17312        481.0813       0.3803979E-03
   11 s    4    42.51496        4.779328        209.2344        12.50984        656.3949       0.3074977E-03
   11 s    5    36.99063        5.082377        196.7583        11.60724        605.3094      -0.7331790E-04
   11 s    6    32.93178        5.347381        187.0074        9.240159        398.3280      -0.2901874E-03
   11 s    7    29.61066        5.547814        180.2512        7.344061        288.1724      -0.1223792E-03
   11 s    8    27.42543        5.823512        171.7177        21.76569        79.71854      -0.1074448E-02
   11 s    9    26.81951        6.364831        157.1134        21.42822        79.84455      -0.1135096E-02
   11 s   10    25.39481        6.661114        150.1250        9.223413        414.7193       0.4866453E-05
   11 s   11    24.00051        6.894944        145.0338        10.11870        384.4493       0.2340530E-04
   11 s   12    22.97608        7.174614        139.3803        11.98818        434.3528       0.6015976E-04
   11 s   13    22.16579        7.475317        133.7736        11.68074        424.9271       0.3043298E-04
   11 s   14    21.37376        7.742147        129.1631        9.448974        349.7785      -0.2840368E-04
   11 s   15    20.52555        7.947656        125.8233        7.165391        288.6091      -0.6147927E-04
   11 s   16    19.67865        8.111323        123.2845        6.102860        262.4193      -0.5339151E-04
   11 s   17    18.89293        8.259428        121.0738        5.822323        252.8811      -0.2594381E-04
   11 s   18    18.18819        8.405698        118.9669        5.913401        250.6870       0.6458353E-05
   11 s   19    17.56650        8.557213        116.8605        6.230444        253.1495       0.3662829E-04
   11 s   20    17.02605        8.719273        114.6885        6.761051        260.6387       0.5904556E-04
   11 s   21    16.56625        8.897648        112.3892        7.538051        275.6899       0.6824971E-04
   11 s   22    16.18616        9.097854        109.9160        8.470945        300.1504       0.6263682E-04
   11 s   23    15.87577        9.319985        107.2963        9.233975        327.9355       0.5039186E-04
   11 s   24    15.61404        9.556392        104.6420        9.604602        348.0067       0.4147304E-04
   11 s   25    15.37999        9.797354        102.0684        9.613275        355.3363       0.3896630E-04
   11 s   26    15.16297        10.03790        99.62247        9.310382        349.3690       0.4315145E-04
   12 s    1    113.4079        4.249590        235.3168       0.7645709        218.0995       0.1249026E-04
   12 s    2    68.58034        4.283040        233.4790        2.398375        229.9939       0.2431375E-04
   12 s    3    52.60219        4.599222        217.4281        23.68226        83.54510       0.2527913E-04
   12 s    4    46.08794        5.180985        193.0135        22.79910        82.27621      -0.5358244E-04
   12 s    5    39.53888        5.432499        184.0774        4.398957        237.1510       0.2097898E-04
   12 s    6    34.35573        5.578597        179.2565        7.699631        317.1638      -0.4508516E-04
   12 s    7    31.05984        5.819330        171.8411        11.07939        526.2170      -0.2092144E-03
   12 s    8    28.77811        6.110739        163.6463        11.94028        654.9472      -0.1645088E-03
   12 s    9    26.98825        6.404877        156.1310        11.32638        592.2095      -0.2793790E-04
   12 s   10    26.17414        6.865534        145.6551        9.975077        370.4007      -0.3208543E-04
   12 s   11    24.87208        7.145334        139.9515        11.96164        516.0528       0.1508055E-03
   12 s   12    23.85570        7.449287        134.2410        12.18526        555.8336       0.1933440E-03
   12 s   13    22.97619        7.748618        129.0553        11.67521        514.2841       0.1293196E-03
   12 s   14    22.17623        8.032823        124.4892        11.16414        460.8394       0.3444634E-04
   12 s   15    21.46609        8.311838        120.3103        11.17148        452.9361      -0.3247002E-05
   12 s   16    20.83633        8.588508        116.4347        10.88137        444.5792      -0.1526572E-04
   12 s   17    20.24814        8.851885        112.9703        10.10909        412.1938      -0.2562755E-04
   12 s   18    19.66914        9.090118        110.0096        8.885688        358.1880      -0.3302308E-04
   12 s   19    19.08187        9.295399        107.5801        7.569551        306.3361      -0.2715620E-04
   12 s   20    18.49676        9.472446        105.5694        6.672917        274.5815      -0.7042463E-05
   12 s   21    17.93542        9.633020        103.8096        6.222954        258.2275       0.1761614E-04
   12 s   22    17.41062        9.786090        102.1859        6.045464        249.8040       0.4016896E-04
   12 s   23    16.92661        9.936886        100.6352        6.028246        245.5200       0.5820434E-04
   12 s   24    16.48520        10.08957        99.11221        6.130298        243.9368       0.7101535E-04
   12 s   25    16.08355        10.24554        97.60347        6.356884        245.0525       0.7773111E-04
   12 s   26    15.72362        10.40905        96.07026        6.741616        249.8314       0.7762481E-04
   13 s    1    121.0985        4.537770        220.3726        13.79005        686.8502       0.1285008E-02
   13 s    2    77.95904        4.868767        205.3908        13.24164        816.2583       0.3266120E-03
   13 s    3    59.57686        5.209046        191.9737        13.78570        759.3448      -0.5816970E-03
   13 s    4    47.53068        5.343171        187.1548        2.982197        218.9573       0.7831224E-05
   13 s    5    41.83180        5.747537        173.9876        22.27777        86.38117      -0.1393673E-03
   13 s    6    38.28509        6.216638        160.8587        11.30364        379.4749       0.6635422E-03
   13 s    7    34.21250        6.410009        156.0060        5.522121        300.3205       0.1072002E-03
   13 s    8    30.76766        6.533199        153.0644        4.769777        262.7941      -0.1590322E-03
   13 s    9    28.08870        6.666038        150.0141        6.214629        274.1652      -0.1891462E-03
   13 s   10    26.29764        6.897928        144.9711        21.06878        79.87906      -0.1173446E-02
   13 s   11    25.83742        7.422660        134.7226        20.82307        79.68884      -0.1206021E-02
   13 s   12    25.40877        7.934255        126.0358        5.567972        248.6756      -0.4349521E-04
   13 s   13    24.00231        8.094672        123.5381        7.530194        282.7281       0.7687094E-04
   13 s   14    22.96335        8.317939        120.2221        10.27986        356.2875       0.1686100E-03
   13 s   15    22.20148        8.596588        116.3252        11.66301        416.5701       0.1330012E-03
   13 s   16    21.55522        8.884827        112.5514        11.13091        389.4241       0.2067949E-04
   13 s   17    20.92093        9.146006        109.3373        9.781935        331.9846      -0.5468939E-04
   13 s   18    20.30022        9.381774        106.5896        9.287248        315.0888      -0.5244869E-04
   13 s   19    19.74490        9.618385        103.9676        9.708867        335.0999      -0.2701564E-04
   13 s   20    19.26831        9.867568        101.3421        10.18853        364.1955      -0.1133790E-04
   13 s   21    18.86095        10.13012        98.71554        10.44571        387.3281      -0.4346636E-05
   13 s   22    18.48940        10.39245        96.22373        10.50955        400.2298      -0.1108167E-05
   13 s   23    18.14754        10.65365        93.86458        10.31606        400.2242       0.2103396E-05
   13 s   24    17.80822        10.89931        91.74892        8.933894        348.4091       0.1444572E-04
   13 s   25    17.40213        11.08549        90.20798        6.280232        264.2920       0.4574240E-04
   13 s   26    16.96756        11.23253        89.02710        5.643845        245.5750       0.6440924E-04
   14 s    1    131.3945        4.923579        203.1043        24.97674        86.35965       0.1328788E-04
   14 s    2    83.90851        5.240329        190.8277        1.393759        211.1056       0.2312700E-06
   14 s    3    60.44502        5.284953        189.2164        2.454014        223.2220      -0.1351042E-04
   14 s    4    49.58594        5.574214        179.3975        14.61687        819.7135      -0.3011542E-03
   14 s    5    43.19486        5.934816        168.4972        14.06635        509.9421       0.6438022E-03
   14 s    6    39.00908        6.334197        157.8732        20.97672        86.27285      -0.7895404E-04
   14 s    7    36.32471        6.805749        146.9346        12.94296        339.9690       0.7887637E-03
   14 s    8    33.56732        7.127680        140.2981        12.92671        559.6641       0.6320824E-03
   14 s    9    31.36425        7.443394        134.3473        11.94416        510.0672       0.4601773E-04
   14 s   10    29.28519        7.681568        130.1818        6.370329        282.5480      -0.2397724E-03
   14 s   11    27.18293        7.809203        128.0540        4.685924        244.2975      -0.1308349E-03
   14 s   12    25.42865        7.940465        125.9372        20.49469        79.96330      -0.1217256E-02
   14 s   13    25.06161        8.451918        118.3163        20.32049        79.79406      -0.1229533E-02
   14 s   14    24.72987        8.957822        111.6343        20.11030        79.84772      -0.1229412E-02
   14 s   15    23.65562        9.159643        109.1746        7.379106        280.8605       0.4044946E-04
   14 s   16    22.69935        9.356425        106.8784        8.576369        312.9613       0.1277593E-03
   14 s   17    21.94457        9.593512        104.2371        10.32442        387.7722       0.1220019E-03
   14 s   18    21.33976        9.862199        101.3973        10.87913        435.9175       0.1564303E-04
   14 s   19    20.79055        10.12775        98.73860        9.714070        388.3171      -0.9911602E-04
   14 s   20    20.20769        10.34863        96.63111        7.983131        320.2002      -0.1293618E-03
   14 s   21    19.60865        10.53170        94.95140        6.776367        280.7991      -0.9518656E-04
   14 s   22    19.02378        10.69281        93.52079        6.190475        261.8850      -0.4745837E-04
   14 s   23    18.47429        10.84546        92.20447        6.108280        254.8263      -0.7681941E-05
   14 s   24    17.98643        11.00839        90.83983        7.327755        275.7621       0.1243250E-04
   14 s   25    17.62491        11.22741        89.06774        9.863496        360.4365       0.4321079E-05
   14 s   26    17.34544        11.48269        87.08757        10.38093        392.1021       0.1397948E-05
   15 s    1    139.1187        5.213018        191.8274       0.8026362        208.7533       0.1008436E-08
   15 s    2    88.42736        5.522544        181.0760        24.12392        88.17852       0.3486285E-04
   15 s    3    69.56570        6.082411        164.4085        13.81202        488.0254       0.1965503E-02
   15 s    4    56.16810        6.314149        158.3745        5.541059        300.4836      -0.2422284E-04
   15 s    5    46.74394        6.422447        155.7039        4.217100        241.9356      -0.2683918E-03
   15 s    6    40.42146        6.563536        152.3569        7.870556        277.0898       0.3218583E-03
   15 s    7    36.83121        6.900646        144.9140        21.43411        85.94772      -0.8551540E-04
   15 s    8    35.10340        7.453850        134.1588        22.17494        80.85262      -0.2733987E-03
   15 s    9    32.38061        7.684597        130.1304        4.304324        260.7309       0.1923205E-04
   15 s   10    29.95310        7.856763        127.2789        10.18054        438.4323      -0.1081804E-03
   15 s   11    28.36211        8.147961        122.7301        12.26056        567.1160      -0.3742762E-03
   15 s   12    27.07131        8.453406        118.2955        11.99732        528.0503      -0.3996550E-03
   15 s   13    25.91212        8.738750        114.4328        10.56585        417.8542      -0.2872668E-03
   15 s   14    24.76737        8.971403        111.4653        8.078191        306.2171      -0.1064113E-03
   15 s   15    24.42834        9.458848        105.7211        19.92995        79.87958      -0.1223550E-02
   15 s   16    23.79556        9.808270        101.9548        11.69148        459.2488      -0.8071433E-06
   15 s   17    23.09870        10.09806        99.02889        10.99861        422.4049       0.1159441E-05
   15 s   18    22.41124        10.35738        96.54947        9.796369        366.6314       0.3143801E-04
   15 s   19    21.76042        10.60021        94.33779        9.909855        373.4070       0.6455293E-04
   15 s   20    21.20405        10.85888        92.09049        10.72594        426.6577       0.3620430E-05
   15 s   21    20.71822        11.12765        89.86624        10.55875        437.9569      -0.1128022E-03
   15 s   22    20.24017        11.37651        87.90038        9.218704        379.6980      -0.1805988E-03
   15 s   23    19.73619        11.58627        86.30903        7.609623        318.3789      -0.1588563E-03
   15 s   24    19.21702        11.76155        85.02281        6.511363        283.4984      -0.9581505E-04
   15 s   25    18.70655        11.91644        83.91769        5.942194        266.4566      -0.3597003E-04
   15 s   26    18.21996        12.06163        82.90755        5.705778        258.6478       0.9535732E-05
   16 s    1    142.7419        5.348785        186.9584        18.10055        694.3864       0.9692128E-04
   16 s    2    92.22144        5.759495        173.6263        14.85738        537.6203       0.1964230E-02
   16 s    3    70.33924        6.150045        162.6004        22.68118        86.86283       0.1358805E-03
   16 s    4    58.20869        6.543541        152.8225        10.25088        407.6552       0.7568505E-03
   16 s    5    49.83722        6.847453        146.0397        13.27974        676.5730      -0.7273420E-03
   16 s    6    44.27381        7.189071        139.1000        13.89590        807.4983      -0.1322348E-02
   16 s    7    40.04607        7.502979        133.2804        7.482795        402.4607      -0.2018864E-03
   16 s    8    35.77846        7.597191        131.6276        3.046498        247.5362       0.1217173E-05
   16 s    9    33.74191        8.007664        124.8804        21.99492        80.71191      -0.3226918E-03
   16 s   10    32.55019        8.537984        117.1237        13.18397        297.5804       0.7512031E-03
   16 s   11    30.49700        8.761279        114.1386        5.943377        268.2410       0.1199510E-03
   16 s   12    28.47415        8.891466        112.4674        5.149247        237.6776      -0.8444554E-05
   16 s   13    26.79741        9.037310        110.6524        6.827557        266.3783      -0.2198072E-07
   16 s   14    25.52523        9.245922        108.1558        9.861293        357.7484      -0.1506951E-04
   16 s   15    24.57791        9.516763        105.0778        11.47524        442.1735      -0.1149257E-04
   16 s   16    24.15309        9.955638        100.4456        19.77277        79.91875      -0.1212507E-02
   16 s   17    23.62772        10.32933        96.81167        7.979645        301.6909      -0.3775250E-04
   16 s   18    22.83594        10.55366        94.75383        10.02602        362.4329       0.2801450E-04
   16 s   19    22.21991        10.82404        92.38693        11.38647        423.9993       0.1992031E-04
   16 s   20    21.70469        11.11527        89.96635        11.82318        450.0322       0.4550025E-05
   16 s   21    21.24905        11.41276        87.62125        11.95134        460.6973       0.7069794E-07
   16 s   22    20.83618        11.71152        85.38603        11.90967        464.9089      -0.1089527E-06
   16 s   23    20.44869        12.00455        83.30175        11.43139        444.3084      -0.1768676E-06
   16 s   24    20.06107        12.27814        81.44554        10.39062        394.6696      -0.1670441E-04
   16 s   25    19.65830        12.52272        79.85485        9.170897        345.7502      -0.5560826E-04
   16 s   26    19.24099        12.73755        78.50805        8.052067        308.9686      -0.6653057E-04
   17 s    1    164.5530        6.166084        162.1775        14.51544        677.5927       0.1901355E-02
   17 s    2    101.3052        6.326804        158.0577        1.713747        219.7143      -0.8794987E-04
   17 s    3    72.99635        6.382367        156.6817        3.299744        229.6271       0.3108667E-03
   17 s    4    60.01549        6.746654        148.2216        23.59766        81.71188      -0.3601509E-05
   17 s    5    53.33182        7.327598        136.4704        22.66588        82.17778      -0.3865884E-05
   17 s    6    46.13352        7.491047        133.4927        2.210269        233.2776      -0.5228517E-04
   17 s    7    40.48339        7.584914        131.8406        8.989720        331.3286      -0.5595518E-03
   17 s    8    37.22116        7.903535        126.5257        13.49241        692.7221       0.3443285E-03
   17 s    9    34.69798        8.234558        121.4394        12.89333        687.0058       0.1055807E-02
   17 s   10    32.63742        8.560864        116.8106        19.98619        92.01257      -0.1477628E-03
   17 s   11    31.07490        8.927299        112.0160        10.36400        409.2637       0.7279579E-03
   17 s   12    29.49596        9.210540        108.5713        11.63103        539.0449       0.3230593E-03
   17 s   13    28.15532        9.495257        105.3157        10.93730        485.1044      -0.1759191E-03
   17 s   14    26.91563        9.749560        102.5687        9.272978        381.1854      -0.4138288E-03
   17 s   15    25.72129        9.959485        100.4068        7.634723        311.0747      -0.3495399E-03
   17 s   16    24.60937        10.14371        98.58321        7.104399        287.3081      -0.1798734E-03
   17 s   17    23.90101        10.44881        95.70470        19.63846        79.95790      -0.1197283E-02
   17 s   18    23.66949        10.93889        91.41697        19.52500        79.99913      -0.1178876E-02
   17 s   19    23.38642        11.39229        87.77870        5.872371        272.9752      -0.5673311E-04
   17 s   20    22.53842        11.54223        86.63836        6.217266        277.2613       0.2267400E-04
   17 s   21    21.79927        11.70828        85.40966        7.156259        297.6100       0.5222883E-04
   17 s   22    21.17927        11.90436        84.00285        8.581605        341.1719       0.7630232E-05
   17 s   23    20.67475        12.13726        82.39093        10.00256        406.5919      -0.1068671E-03
   17 s   24    20.25899        12.39928        80.64986        10.83626        465.4987      -0.1941234E-03
   17 s   25    19.89292        12.67217        78.91306        10.91162        480.2644      -0.1789490E-03
   17 s   26    19.55018        12.94223        77.26641        10.68470        469.7051      -0.1178232E-03
   18 s    1    168.7048        6.321661        158.1863        1.715329        218.6492       0.1473335E-03
   18 s    2    105.3465        6.579192        151.9944        15.46763        701.6054      -0.1169443E-02
   18 s    3    79.67462        6.966274        143.5488        15.21998        889.5910      -0.8554996E-03
   18 s    4    65.06032        7.313769        136.7284        10.97273        619.5230       0.1165016E-02
   18 s    5    54.15099        7.440149        134.4059        2.360469        243.3066       0.1554336E-03
   18 s    6    48.59866        7.891330        126.7214        21.85374        86.77940       0.9593936E-04
   18 s    7    44.53637        8.344275        119.8426        13.35893        383.3306       0.5668056E-04
   18 s    8    40.32469        8.562537        116.7878        4.081108        220.4599      -0.2014391E-03
   18 s    9    36.43744        8.647370        115.6421        3.311785        205.9616      -0.8857142E-05
   18 s   10    33.33036        8.742625        114.3821        4.709043        223.0009       0.2194282E-03
   18 s   11    31.68031        9.101224        109.8753        21.58406        80.07333      -0.4049358E-03
   18 s   12    30.87185        9.640181        103.7325        21.42695        79.94034      -0.4413826E-03
   18 s   13    29.80715        10.05233        99.47941        7.055841        284.6068       0.3165051E-03
   18 s   14    28.30706        10.25357        97.52698        9.162614        340.8176       0.1184844E-03
   18 s   15    27.14271        10.50987        95.14863        11.15257        424.6742      -0.1988237E-03
   18 s   16    26.19414        10.79694        92.61885        11.40450        447.2169      -0.4281157E-03
   18 s   17    25.28901        11.05560        90.45188        8.846889        351.7649      -0.3960527E-03
   18 s   18    24.32406        11.24140        88.95689        6.395024        287.0441      -0.1930300E-03
   18 s   19    23.45642        11.42638        87.51675        19.42997        80.04333      -0.1157962E-02
   18 s   20    23.25993        11.91173        83.95086        19.35096        80.09118      -0.1135230E-02
   18 s   21    23.07841        12.39530        80.67576        19.28561        80.14295      -0.1111292E-02
   18 s   22    22.44141        12.61378        79.27839        6.288320        272.7815      -0.1528634E-05
   18 s   23    21.76325        12.77627        78.27011        6.825547        287.0180       0.2599041E-04
   18 s   24    21.17521        12.96004        77.16024        7.947504        321.3509       0.2294352E-05
   18 s   25    20.68329        13.17566        75.89754        9.297615        378.5112      -0.8245258E-04
   18 s   26    20.27394        13.42136        74.50810        10.25245        439.3082      -0.1939214E-03
   19 s    1    172.8742        6.477895        154.3711        26.03572        86.15605      -0.1869818E-04
   19 s    2    113.2558        7.073151        141.3797        23.18645        86.03199       0.4706004E-04
   19 s    3    84.73619        7.408828        134.9741        1.256968        223.6564      -0.4531045E-04
   19 s    4    66.39752        7.464091        133.9748        4.762067        251.4544       0.1728148E-03
   19 s    5    56.20406        7.722233        129.4962        12.91648        581.8544       0.2023582E-02
   19 s    6    49.58697        8.051809        124.1957        13.65219        431.1529       0.1257091E-02
   19 s    7    45.26178        8.480186        117.9219        20.55312        88.18644      -0.7183067E-04
   19 s    8    41.16215        8.740364        114.4117        12.45386        520.9205      -0.6212860E-03
   19 s    9    38.23270        9.073421        110.2120        13.58642        706.4060      -0.9097623E-03
   19 s   10    35.85887        9.405859        106.3167        12.77976        630.6104      -0.4231769E-03
   19 s   11    33.74210        9.693542        103.1615        9.619712        391.8214       0.2356352E-03
   19 s   12    31.65819        9.885727        101.1559        6.468661        276.9620       0.3868900E-03
   19 s   13    30.17179        10.17530        98.27718        21.27840        79.86633      -0.4709201E-03
   19 s   14    29.55845        10.70686        93.39806        21.14723        79.83927      -0.4956431E-03
   19 s   15    28.34416        10.97508        91.11549        7.336483        351.8481       0.4556663E-04
   19 s   16    27.03665        11.14421        89.73270        6.843533        308.7477      -0.2092528E-06
   19 s   17    25.95435        11.34647        88.13314        9.751757        373.4497      -0.7244272E-04
   19 s   18    25.16048        11.62795        85.99968        12.31270        475.5877      -0.1975102E-03
   19 s   19    24.51470        11.94191        83.73871        12.48882        480.7405      -0.2050100E-03
   19 s   20    23.89244        12.23564        81.72844        10.52846        383.2196      -0.1607979E-03
   19 s   21    23.18326        12.45161        80.31090        7.027254        285.4192      -0.7306698E-04
   19 s   22    22.91043        12.87740        77.65541        19.23165        80.19856      -0.1086670E-02
   19 s   23    22.52356        13.22262        75.62799        10.93309        428.0518      -0.3806622E-06
   19 s   24    22.03440        13.48590        74.15154        10.06921        380.3271       0.5857377E-06
   19 s   25    21.54567        13.72501        72.85967        9.089138        339.6411       0.3398808E-05
   19 s   26    21.06476        13.94489        71.71087        8.624322        324.8533      -0.8090139E-05
   20 s    1    188.1367        7.049809        141.8478        16.96005        857.3359       0.1721234E-02
   20 s    2    118.1063        7.376077        135.5734        3.012238        257.7877       0.6497712E-03
   20 s    3    87.71195        7.669010        130.3949        24.01999        89.18848       0.1898955E-03
   20 s    4    72.68080        8.170426        122.3926        14.40331        676.7847      -0.5099533E-03
   20 s    5    61.41904        8.438752        118.5009        2.763179        204.3328      -0.4137228E-04
   20 s    6    52.28115        8.489282        117.7956        2.028999        194.9817       0.3741974E-04
   20 s    7    45.65472        8.553808        116.9070        4.225377        204.1880       0.7522910E-04
   20 s    8    42.57199        9.039730        110.6228        22.37255        81.73193      -0.8158402E-04
   20 s    9    40.46196        9.602471        104.1399        22.39802        82.04410      -0.1009418E-03
   20 s   10    37.23203        9.766041        102.3956        4.510000        251.0314      -0.3076691E-04
   20 s   11    34.50767        9.913478        100.8728        7.875991        342.9779      -0.4414796E-04
   20 s   12    32.57124        10.17084        98.32030        11.52738        594.5948       0.2926363E-03
   20 s   13    31.03699        10.46709        95.53754        11.85068        668.0195       0.4936524E-03
   20 s   14    29.68124        10.75134        93.01166        10.53501        550.5596       0.3506424E-03
   20 s   15    28.92624        11.20047        89.28197        9.699304        405.5108       0.4668766E-03
   20 s   16    27.82469        11.46903        87.19131        11.34560        540.4713       0.2974764E-03
   20 s   17    26.88813        11.75469        85.07243        11.32528        561.8532       0.2176588E-04
   20 s   18    26.01840        12.02444        83.16397        9.969466        466.7082      -0.1811463E-03
   20 s   19    25.13200        12.24262        81.68189        7.578300        344.3274      -0.1561815E-03
   20 s   20    24.26647        12.42719        80.46872        7.891116        340.0015      -0.3570210E-04
   20 s   21    23.57631        12.66272        78.97201        10.76630        440.6145      -0.1202478E-06
   20 s   22    23.02699        12.94292        77.26234        11.35354        460.1372      -0.4912027E-08
   20 s   23    22.75469        13.35830        74.85980        19.18704        80.25766      -0.1061803E-02
   20 s   24    22.61004        13.83821        72.26367        19.14937        80.32310      -0.1037053E-02
   20 s   25    22.09897        14.07747        71.03548        9.742552        403.3268      -0.5353282E-05
   20 s   26    21.65027        14.33249        69.77153        10.58276        446.3764       0.1451235E-05
