    0 s    2    4.894448       0.3056724        3271.476        6.196246        486.1110      -0.4306673E-02
    0 s    3    5.284655       0.4620587        2164.227        6.640101        393.5102      -0.9875557E-02
    0 s    5    6.059620       0.8325697        1201.101        7.883839        339.0044      -0.8708931E-02
    0 s    6    6.343672        1.030070        970.8082        7.878402        331.7550      -0.7039658E-02
    0 s    7    6.529346        1.223330        817.4412        7.548614        326.4250      -0.5231338E-02
    0 s    8    6.616058        1.404853        711.8184        6.950600        321.4355      -0.3390295E-02
    0 s    9    6.614364        1.569727        637.0533        6.248876        316.9026      -0.1839342E-02
    0 s   10    6.550261        1.718148        582.0222        5.657103        312.8220      -0.8518556E-03
    0 s   11    6.454023        1.854133        539.3357        5.249588        308.5259      -0.3576902E-03
    0 s   12    6.346529        1.981795        504.5930        4.978323        303.4003      -0.1429781E-03
    0 s   13    6.237929        2.103714        475.3498        4.780750        297.1848      -0.5572143E-04
    0 s   14    6.132030        2.221185        450.2101        4.617573        289.8666      -0.2135792E-04
    0 s   15    6.029821        2.334795        428.3032        4.469488        281.5804      -0.8071205E-05
    0 s   16    5.931267        2.444803        409.0309        4.328564        272.5551      -0.3008408E-05
    0 s   17    5.836066        2.551354        391.9487        4.192513        263.0730      -0.1106043E-05
    0 s   18    5.743938        2.654569        376.7090        4.061590        253.4266      -0.4011261E-06
    0 s   19    5.654705        2.754591        363.0304        3.937005        243.8831      -0.1435214E-06
    0 s   20    5.568284        2.851594        350.6810        3.820121        234.6587      -0.5058978E-07
    0 s   21    5.484670        2.945788        339.4677        3.712078        225.9088      -0.1746618E-07
    0 s   22    5.403900        3.037403        329.2287        3.613642        217.7294      -0.6060543E-08
    0 s   23    5.326030        3.126684        319.8277        3.525178        210.1656      -0.2024549E-08
    0 s   24    5.251112        3.213882        311.1502        3.446701        203.2238      -0.6411655E-09
    0 s   25    5.179187        3.299243        303.0998        3.377939        196.8837      -0.2117735E-09
    0 s   26    5.110274        3.383005        295.5952        3.318419        191.1083      -0.1192559E-09
    1 s    2    10.81873       0.6756606        1480.033        10.83512        306.5231       0.2578940E-03
    1 s    3    10.69584       0.9351808        1069.312        9.903746        275.1635      -0.9800276E-04
    1 s    4    10.41369        1.170657        854.2213        8.912438        257.1301      -0.2034214E-03
    1 s    5    10.03083        1.378200        725.5842        7.549429        264.6857      -0.7995789E-03
    1 s    6    9.490842        1.541099        648.8874        5.614271        338.5361      -0.3257535E-02
    1 s    7    8.942011        1.675363        596.8855        5.424785        380.8008      -0.5822197E-02
    1 s    8    8.564223        1.818526        549.8960        6.141256        387.8860      -0.7901880E-02
    1 s    9    8.353759        1.982522        504.4079        7.028507        385.6273      -0.9506150E-02
    1 s   10    8.261422        2.166989        461.4699        7.748989        376.3128      -0.1039844E-01
    1 s   11    8.234791        2.365718        422.7047        8.161083        353.2059      -0.1046292E-01
    1 s   12    8.228572        2.569491        389.1822        8.084616        289.7000      -0.8935105E-02
    1 s   13    8.180110        2.758706        362.4888        6.914319        185.2838      -0.3736217E-02
    1 s   14    8.056282        2.918201        342.6769        6.012877        149.9962      -0.7811775E-03
    1 s   15    7.914372        3.064507        326.3167        5.721754        141.9752      -0.2061409E-03
    1 s   16    7.777738        3.205898        311.9250        5.585351        138.5709      -0.6789012E-04
    1 s   17    7.650703        3.344660        298.9841        5.503458        136.5974      -0.2518919E-04
    1 s   18    7.533805        3.481758        287.2112        5.449546        135.3513      -0.9966699E-05
    1 s   19    7.426601        3.617739        276.4157        5.412640        134.5740      -0.4085995E-05
    1 s   20    7.328338        3.752942        266.4576        5.386461        134.1233      -0.1707997E-05
    1 s   21    7.238162        3.887579        257.2295        5.366762        133.8991      -0.7211646E-06
    1 s   22    7.155209        4.021771        248.6467        5.350488        133.8230      -0.3057759E-06
    1 s   23    7.078655        4.155575        240.6406        5.335441        133.8314      -0.1297087E-06
    1 s   24    7.007732        4.289000        233.1546        5.320081        133.8730      -0.5490380E-07
    1 s   25    6.941743        4.422025        226.1407        5.303392        133.9075      -0.2316057E-07
    1 s   26    6.880068        4.554609        219.5578        5.284758        133.9042      -0.9763166E-08
    2 s    1    10.75873       0.4031481        2480.478        12.71732        401.2111      -0.3914037E-03
    2 s    2    14.90199       0.9306723        1074.492        19.22332        96.81592       0.1413693E-01
    2 s    3    14.12089        1.234646        809.9487        6.156676        416.0136       0.4786403E-03
    2 s    4    12.18127        1.369360        730.2684        4.927701        390.2155      -0.1027775E-02
    2 s    5    10.86165        1.492351        670.0837        5.209172        316.9763      -0.2109030E-02
    2 s    6    10.11590        1.642595        608.7928        6.804112        227.0758      -0.1452139E-02
    2 s    7    9.712953        1.819806        549.5091        7.175227        195.7620      -0.7871472E-03
    2 s    8    9.405811        1.997228        500.6939        6.982086        182.0374      -0.6305756E-03
    2 s    9    9.138264        2.168702        461.1054        6.726675        172.8389      -0.6621093E-03
    2 s   10    8.898528        2.334103        428.4301        6.505093        166.5632      -0.8555977E-03
    2 s   11    8.684617        2.494945        400.8104        6.379340        164.3832      -0.1402933E-02
    2 s   12    8.504599        2.655684        376.5508        6.582339        175.9292      -0.3284760E-02
    2 s   13    8.400013        2.832867        352.9992        7.791051        254.7237      -0.8711276E-02
    2 s   14    8.392816        3.040103        328.9363        8.691895        356.1960      -0.1182651E-01
    2 s   15    8.419741        3.260190        306.7306        8.966159        391.8099      -0.1255233E-01
    2 s   16    8.453991        3.484643        286.9735        9.081766        404.3884      -0.1282942E-01
    2 s   17    8.489032        3.711152        269.4581        9.143333        410.1629      -0.1299344E-01
    2 s   18    8.522687        3.938771        253.8863        9.176864        412.9577      -0.1310032E-01
    2 s   19    8.553949        4.166907        239.9862        9.187712        412.9909      -0.1313493E-01
    2 s   20    8.581851        4.394883        227.5373        9.159416        406.5381      -0.1297188E-01
    2 s   21    8.602556        4.620389        216.4320        8.905540        365.1051      -0.1159190E-01
    2 s   22    8.577365        4.821131        207.4202        6.937478        214.4800      -0.2391438E-02
    2 s   23    8.490983        4.984693        200.6142        6.365414        191.7786      -0.2184894E-03
    2 s   24    8.402800        5.142835        194.4453        6.290370        187.3442      -0.4363724E-04
    2 s   25    8.319751        5.299843        188.6848        6.260285        184.3156      -0.1209291E-04
    2 s   26    8.242038        5.456234        183.2766        6.238504        181.6515      -0.3931650E-05
    3 s    1    24.70309       0.9256677        1080.301        6.393657        834.8002      -0.2898238E-02
    3 s    2    17.57282        1.097473        911.1838        7.281115        354.8819      -0.8784020E-03
    3 s    3    16.11839        1.409296        709.5743        16.36901        90.99314       0.7189684E-02
    3 s    4    16.20706        1.821920        548.8714        15.75522        89.83368       0.4642612E-02
    3 s    5    16.15687        2.219895        450.4717        15.27490        89.69841       0.2812235E-02
    3 s    6    15.54333        2.523887        396.2142        5.313116        251.2942      -0.2147429E-03
    3 s    7    14.16770        2.654442        376.7270        5.145550        247.9393      -0.3242264E-03
    3 s    8    13.10045        2.781746        359.4864        5.063459        244.6211      -0.4420568E-03
    3 s    9    12.25545        2.908475        343.8229        5.098343        241.6408      -0.5352643E-03
    3 s   10    11.57941        3.037305        329.2393        5.224005        238.6901      -0.5922077E-03
    3 s   11    11.03435        3.169984        315.4590        5.398282        235.5374      -0.6140974E-03
    3 s   12    10.59121        3.307259        302.3652        5.585290        232.0973      -0.6076419E-03
    3 s   13    10.22733        3.449123        289.9288        5.760893        228.3913      -0.5816107E-03
    3 s   14    9.925011        3.595104        278.1560        5.911866        224.4973      -0.5450967E-03
    3 s   15    9.670542        3.744511        267.0576        6.033290        220.5146      -0.5066699E-03
    3 s   16    9.453429        3.896600        256.6340        6.125833        216.5471      -0.4743801E-03
    3 s   17    9.265713        4.050694        246.8713        6.193546        212.7040      -0.4570386E-03
    3 s   18    9.101435        4.206241        237.7420        6.242657        209.1271      -0.4684699E-03
    3 s   19    8.956243        4.362877        229.2065        6.282702        206.1017      -0.5426619E-03
    3 s   20    8.827354        4.520609        221.2092        6.339005        204.6686      -0.8119748E-03
    3 s   21    8.715884        4.681256        213.6179        6.603660        213.6699      -0.2306170E-02
    3 s   22    8.658524        4.866749        205.4760        8.569923        353.4512      -0.1160498E-01
    3 s   23    8.669046        5.089225        196.4936        9.131445        425.8609      -0.1385207E-01
    3 s   24    8.686890        5.316710        188.0862        9.187559        435.7178      -0.1411727E-01
    3 s   25    8.704203        5.544747        180.3509        9.192424        439.2799      -0.1423793E-01
    3 s   26    8.720052        5.772680        173.2298        9.183864        441.5526      -0.1433253E-01
    4 s    1    37.22002        1.394699        717.0007        11.08111        331.5349      -0.3598367E-03
    4 s    2    27.07574        1.690958        591.3807        12.31249        392.6285      -0.4264994E-03
    4 s    3    22.91096        2.003198        499.2019        12.54022        400.1928      -0.2429545E-03
    4 s    4    20.08019        2.257319        443.0034        5.519491        244.7335      -0.4494963E-03
    4 s    5    17.39806        2.390430        418.3348        5.359832        253.2993      -0.2277399E-03
    4 s    6    16.06691        2.608905        383.3026        14.98157        89.50675       0.1617995E-02
    4 s    7    15.96975        2.992072        334.2166        14.81701        89.33667       0.8595917E-03
    4 s    8    15.87886        3.371715        296.5850        14.70092        89.21962       0.3565918E-03
    4 s    9    15.50025        3.678534        271.8474        7.871855        386.8628      -0.9083841E-04
    4 s   10    14.70273        3.856557        259.2987        6.511796        318.2919      -0.1573393E-03
    4 s   11    13.96034        4.010572        249.3410        5.908085        284.5284      -0.2038590E-03
    4 s   12    13.30639        4.155114        240.6673        5.700232        268.3871      -0.2334262E-03
    4 s   13    12.74156        4.297036        232.7185        5.676404        259.7447      -0.2492130E-03
    4 s   14    12.25664        4.439681        225.2414        5.746757        254.7785      -0.2526119E-03
    4 s   15    11.84055        4.584756        218.1141        5.863650        251.8330      -0.2452398E-03
    4 s   16    11.48266        4.733027        211.2813        5.997345        250.0596      -0.2292358E-03
    4 s   17    11.17334        4.884650        204.7230        6.128327        248.9638      -0.2070710E-03
    4 s   18    10.90420        5.039389        198.4367        6.244135        248.2326      -0.1812753E-03
    4 s   19    10.66807        5.196765        192.4274        6.337616        247.6593      -0.1541820E-03
    4 s   20    10.45895        5.356172        186.7005        6.405702        247.1070      -0.1277293E-03
    4 s   21    10.27187        5.516968        181.2590        6.448391        246.4884      -0.1033449E-03
    4 s   22    10.10280        5.678541        176.1016        6.467842        245.7515      -0.8191836E-04
    4 s   23    9.948520        5.840350        171.2226        6.467552        244.8698      -0.6385085E-04
    4 s   24    9.806495        6.001951        166.6125        6.451648        243.8334      -0.4915534E-04
    4 s   25    9.674753        6.163006        162.2585        6.424319        242.6433      -0.3757939E-04
    4 s   26    9.551771        6.323278        158.1458        6.389416        241.3067      -0.2872459E-04
    5 s    1    45.72217        1.713289        583.6727        28.00915        91.44656       0.1493030E-04
    5 s    2    33.23613        2.075692        481.7669        2.655836        293.2470      -0.8694824E-03
    5 s    3    24.65733        2.155890        463.8455        3.941941        289.8427      -0.6524739E-03
    5 s    4    20.71650        2.328849        429.3967        11.98976        543.5917      -0.6266057E-06
    5 s    5    19.17955        2.635200        379.4778        12.13294        492.8691      -0.8863652E-05
    5 s    6    18.04870        2.930703        341.2150        11.47298        481.6525      -0.7871227E-05
    5 s    7    17.11935        3.207459        311.7732        10.64236        474.6840      -0.1328232E-04
    5 s    8    16.29661        3.460420        288.9822        9.518933        453.9813      -0.3500236E-04
    5 s    9    15.79684        3.748920        266.7435        14.62073        89.11792       0.2245637E-04
    5 s   10    15.55797        4.080889        245.0447        9.083651        308.1622      -0.6257054E-04
    5 s   11    15.01244        4.312824        231.8667        9.390937        339.8651      -0.3768416E-04
    5 s   12    14.56472        4.548044        219.8747        9.396171        360.1672      -0.2829082E-04
    5 s   13    14.17856        4.781656        209.1326        9.276655        373.3076      -0.2613467E-04
    5 s   14    13.83439        5.011186        199.5536        9.070417        381.5724      -0.2899897E-04
    5 s   15    13.51803        5.234289        191.0479        8.755791        384.3471      -0.3766070E-04
    5 s   16    13.21628        5.447607        183.5668        8.278550        377.3077      -0.5462755E-04
    5 s   17    12.91657        5.646742        177.0933        7.633847        355.4085      -0.7991538E-04
    5 s   18    12.61373        5.829453        171.5427        7.009944        325.4917      -0.1035590E-03
    5 s   19    12.31540        5.999232        166.6880        6.614776        301.3276      -0.1144251E-03
    5 s   20    12.03256        6.162040        162.2839        6.436592        285.9064      -0.1128594E-03
    5 s   21    11.77098        6.322131        158.1745        6.382393        276.2855      -0.1038065E-03
    5 s   22    11.53173        6.481707        154.2803        6.386541        269.8536      -0.9106788E-04
    5 s   23    11.31360        6.641733        150.5631        6.413433        265.0891      -0.7698494E-04
    5 s   24    11.11453        6.802517        147.0044        6.444324        261.1531      -0.6301222E-04
    5 s   25    10.93220        6.964023        143.5952        6.469474        257.5818      -0.5006346E-04
    5 s   26    10.76440        7.126042        140.3304        6.484385        254.1280      -0.3867532E-04
    6 s    1    52.84012        1.980011        505.0477        7.533393        551.0239      -0.3334248E-03
    6 s    2    38.47425        2.402828        416.1762        24.75791        96.48825       0.1231406E-04
    6 s    3    31.85023        2.784794        359.0930        11.60943        404.9511      -0.1946326E-02
    6 s    4    27.01514        3.036913        329.2818        8.365133        326.2256      -0.1552533E-02
    6 s    5    23.38163        3.212551        311.2791        6.128034        271.4309      -0.8278798E-03
    6 s    6    20.69768        3.360838        297.5448        5.914513        257.9541      -0.4566780E-03
    6 s    7    18.74852        3.512699        284.6814        6.275009        252.2219      -0.2815862E-03
    6 s    8    17.31611        3.676900        271.9682        6.935341        251.2556      -0.1888512E-03
    6 s    9    16.28288        3.864269        258.7811        8.120403        269.7178      -0.1170013E-03
    6 s   10    15.72382        4.124392        242.4600        14.56355        89.02961      -0.2010151E-03
    6 s   11    15.65907        4.498590        222.2918        14.52157        88.95322      -0.3514362E-03
    6 s   12    15.60161        4.871827        205.2618        14.48996        88.88664      -0.4532367E-03
    6 s   13    15.45676        5.212725        191.8383        6.124980        249.3300      -0.1750123E-03
    6 s   14    14.81372        5.365926        186.3611        6.148903        243.9584      -0.1660915E-03
    6 s   15    14.25906        5.521219        181.1194        6.301878        240.7267      -0.1544495E-03
    6 s   16    13.78657        5.682675        175.9734        6.650142        241.4268      -0.1335654E-03
    6 s   17    13.39411        5.855505        170.7795        7.196223        249.0500      -0.1016245E-03
    6 s   18    13.07495        6.042605        165.4915        7.743224        263.4982      -0.6816856E-04
    6 s   19    12.81148        6.240887        160.2336        8.072437        278.4006      -0.4468812E-04
    6 s   20    12.58417        6.444527        155.1704        8.184918        288.6595      -0.3158372E-04
    6 s   21    12.37985        6.649156        150.3950        8.164478        293.6553      -0.2479609E-04
    6 s   22    12.19098        6.852259        145.9373        8.069988        294.4171      -0.2139690E-04
    6 s   23    12.01319        7.052428        141.7951        7.933728        292.0396      -0.1979853E-04
    6 s   24    11.84384        7.248885        137.9522        7.775634        287.4484      -0.1909897E-04
    6 s   25    11.68141        7.441287        134.3854        7.611531        281.4873      -0.1869646E-04
    6 s   26    11.52516        7.629664        131.0674        7.455651        274.9631      -0.1815134E-04
    7 s    1    58.50856        2.192417        456.1176        8.024988        249.8300      -0.1957726E-03
    7 s    2    39.97298        2.496428        400.5723        15.04549        307.1340      -0.1359320E-02
    7 s    3    35.13829        3.072282        325.4909        24.82935        90.27699       0.9680756E-04
    7 s    4    29.99895        3.372338        296.5302        8.224437        341.8912      -0.4075347E-03
    7 s    5    26.36575        3.622558        276.0480        11.30210        457.8846      -0.7323240E-03
    7 s    6    24.11137        3.915145        255.4184        11.73833        481.0961      -0.7347316E-03
    7 s    7    22.37402        4.191967        238.5515        10.07360        410.4824      -0.6535427E-03
    7 s    8    20.77602        4.411577        226.6763        7.640491        326.6940      -0.5107452E-03
    7 s    9    19.32689        4.586675        218.0228        6.588315        290.0147      -0.3666479E-03
    7 s   10    18.09849        4.747272        210.6473        6.323839        274.2064      -0.2726501E-03
    7 s   11    17.07071        4.904129        203.9098        6.237133        264.2170      -0.2180416E-03
    7 s   12    16.20152        5.059160        197.6613        6.170003        256.1475      -0.1891838E-03
    7 s   13    15.55044        5.244319        190.6825        14.46564        88.82814      -0.5224609E-03
    7 s   14    15.50472        5.616224        178.0556        14.44657        88.77625      -0.5697644E-03
    7 s   15    15.46368        5.987658        167.0102        14.43132        88.72978      -0.6022783E-03
    7 s   16    15.42668        6.358710        157.2646        14.41892        88.68770      -0.6248060E-03
    7 s   17    15.17325        6.633293        150.7547        6.165996        258.6335      -0.1975822E-03
    7 s   18    14.68432        6.786379        147.3540        6.090599        252.9296      -0.1857573E-03
    7 s   19    14.24271        6.938087        144.1319        6.055994        248.2456      -0.1734166E-03
    7 s   20    13.84368        7.089540        141.0529        6.069287        244.6427      -0.1597238E-03
    7 s   21    13.48357        7.241956        138.0842        6.131301        242.1727      -0.1446502E-03
    7 s   22    13.15928        7.396515        135.1988        6.238473        240.8864      -0.1285771E-03
    7 s   23    12.86802        7.554263        132.3756        6.383791        240.8256      -0.1120508E-03
    7 s   24    12.60710        7.716029        129.6003        6.556825        241.9863      -0.9566787E-04
    7 s   25    12.37378        7.882336        126.8659        6.743803        244.2673      -0.8002104E-04
    7 s   26    12.16515        8.053335        124.1722        6.928948        247.4324      -0.6564301E-04
    8 s    1    76.50899        2.866925        348.8058        13.40361        867.7709      -0.4115424E-02
    8 s    2    50.32998        3.143253        318.1418        2.538480        226.7544      -0.1386566E-03
    8 s    3    36.85139        3.222066        310.3598        4.395119        257.9990      -0.9861058E-04
    8 s    4    32.78089        3.685070        271.3653        23.02065        100.3560       0.2652061E-03
    8 s    5    29.56143        4.061632        246.2064        10.50220        570.3209      -0.1210774E-02
    8 s    6    26.46535        4.297378        232.7000        8.508137        423.6817      -0.6981906E-03
    8 s    7    24.06547        4.508874        221.7848        8.969397        378.7509      -0.2044241E-03
    8 s    8    22.42073        4.760814        210.0481        11.10750        440.2715      -0.3895784E-04
    8 s    9    21.28731        5.051926        197.9443        11.94009        504.2442      -0.2009663E-04
    8 s   10    20.39060        5.348499        186.9684        11.62157        533.5089      -0.4752307E-04
    8 s   11    19.55953        5.619127        177.9636        9.599926        454.7502      -0.1944074E-03
    8 s   12    18.65069        5.823948        171.7048        7.213076        330.4917      -0.3215766E-03
    8 s   13    17.77770        5.995450        166.7932        6.651180        296.4259      -0.2947830E-03
    8 s   14    17.00402        6.159313        162.3558        6.486373        282.3067      -0.2569003E-03
    8 s   15    16.32197        6.319997        158.2279        6.376689        272.9622      -0.2293875E-03
    8 s   16    15.71603        6.477974        154.3693        6.267577        265.2929      -0.2109716E-03
    8 s   17    15.39319        6.729446        148.6007        14.40866        88.64919      -0.6406047E-03
    8 s   18    15.36276        7.099919        140.8467        14.40003        88.61355      -0.6518966E-03
    8 s   19    15.33499        7.470173        133.8657        14.39264        88.58020      -0.6602119E-03
    8 s   20    15.28173        7.825983        127.7795        6.841797        270.2046      -0.2360060E-03
    8 s   21    14.88686        7.995657        125.0679        6.744938        261.7719      -0.2334155E-03
    8 s   22    14.52348        8.163301        122.4995        6.675789        255.5044      -0.2240399E-03
    8 s   23    14.18858        8.329506        120.0551        6.628084        250.7906      -0.2091338E-03
    8 s   24    13.87954        8.494813        117.7189        6.602360        247.3492      -0.1902691E-03
    8 s   25    13.59421        8.659779        115.4764        6.599131        244.9894      -0.1691475E-03
    8 s   26    13.33073        8.824953        113.3151        6.617113        243.5376      -0.1473132E-03
    9 s    1    82.94578        3.108122        321.7377        1.025103        219.9991      -0.6759484E-07
    9 s    2    51.24532        3.200418        312.4591        12.43924        874.3594      -0.1712035E-02
    9 s    3    40.13683        3.509326        284.9550        12.02731        693.0477      -0.1453610E-02
    9 s    4    33.88306        3.808971        262.5381        12.57641        362.5249      -0.1434465E-02
    9 s    5    31.31962        4.303201        232.3851        22.85914        90.34024       0.3621213E-03
    9 s    6    28.20697        4.580178        218.3321        8.499230        327.5350      -0.9301717E-03
    9 s    7    25.72578        4.819948        207.4711        10.28800        416.5786      -0.1228295E-02
    9 s    8    23.91608        5.078336        196.9149        10.12559        420.9741      -0.1174891E-02
    9 s    9    22.40675        5.317591        188.0551        8.941496        365.1395      -0.9419535E-03
    9 s   10    21.07275        5.527427        180.9160        8.021428        317.0771      -0.6629604E-03
    9 s   11    19.96435        5.735424        174.3550        9.138165        325.8009      -0.3331670E-03
    9 s   12    19.18891        5.992014        166.8888        11.01698        419.1834      -0.8813346E-04
    9 s   13    18.59676        6.271676        159.4470        11.22878        467.6096      -0.4149511E-04
    9 s   14    18.08244        6.549943        152.6731        10.98876        480.2892      -0.3926136E-04
    9 s   15    17.60907        6.818370        146.6626        10.41996        464.4878      -0.5914328E-04
    9 s   16    17.14377        7.066474        141.5133        9.343304        410.3724      -0.1083269E-03
    9 s   17    16.66083        7.283618        137.2944        8.077955        343.5655      -0.1719760E-03
    9 s   18    16.17405        7.474860        133.7818        7.325487        303.1184      -0.2124708E-03
    9 s   19    15.71084        7.653263        130.6632        6.998915        282.4428      -0.2303680E-03
    9 s   20    15.30957        7.840241        127.5471        14.38620        88.54867      -0.6666128E-03
    9 s   21    15.28622        8.210151        121.8004        14.38049        88.51854      -0.6718479E-03
    9 s   22    15.26471        8.579927        116.5511        14.37533        88.48948      -0.6764555E-03
    9 s   23    15.24483        8.949587        111.7370        14.37057        88.46118      -0.6808329E-03
    9 s   24    14.97628        9.166054        109.0982        7.183098        266.0959      -0.2396225E-03
    9 s   25    14.66894        9.344401        107.0160        7.110094        259.4249      -0.2501594E-03
    9 s   26    14.38339        9.521816        105.0220        7.091057        255.4883      -0.2492135E-03
   10 s    1    89.88072        3.367986        296.9133        25.20046        88.22496      -0.7933615E-04
   10 s    2    63.90670        3.991158        250.5538        16.19889        361.6348      -0.3339631E-02
   10 s    3    48.23144        4.217070        237.1315        4.248397        271.3660      -0.9231619E-03
   10 s    4    38.28230        4.303512        232.3683        3.500057        239.8969      -0.3788153E-03
   10 s    5    32.11659        4.412702        226.6185        5.825067        244.3765      -0.5344074E-03
   10 s    6    30.12063        4.890912        204.4608        22.95461        87.81688       0.4101797E-03
   10 s    7    29.14631        5.460814        183.1229        22.23621        88.80701       0.4105357E-03
   10 s    8    26.95816        5.724292        174.6941        7.320217        287.5090      -0.8804400E-03
   10 s    9    24.97249        5.926495        168.7338        8.904029        318.8329      -0.8958829E-03
   10 s   10    23.49830        6.163655        162.2414        9.808001        354.0810      -0.9327370E-03
   10 s   11    22.28289        6.401501        156.2134        8.963421        344.4575      -0.8189571E-03
   10 s   12    21.15570        6.606172        151.3736        7.471314        308.3881      -0.6128318E-03
   10 s   13    20.10796        6.781321        147.4639        6.690798        284.4909      -0.4556929E-03
   10 s   14    19.17770        6.946678        143.9537        6.642436        274.3116      -0.3566303E-03
   10 s   15    18.38279        7.117963        140.4896        7.158518        275.4882      -0.2806360E-03
   10 s   16    17.73368        7.309631        136.8058        8.273012        294.8157      -0.1995080E-03
   10 s   17    17.23204        7.533335        132.7433        9.575186        336.9830      -0.1192121E-03
   10 s   18    16.84128        7.783220        128.4815        10.30640        378.5303      -0.7239159E-04
   10 s   19    16.51334        8.044187        124.3134        10.50602        402.0960      -0.5545359E-04
   10 s   20    16.21820        8.305560        120.4013        10.34709        405.9052      -0.5867479E-04
   10 s   21    15.93313        8.557603        116.8552        9.714837        381.2319      -0.8803429E-04
   10 s   22    15.63060        8.785583        113.8228        8.464774        324.1170      -0.1532430E-03
   10 s   23    15.30252        8.983455        111.3157        7.501837        282.2489      -0.2115935E-03
   10 s   24    15.22641        9.319149        107.3059        14.36610        88.43338      -0.6852859E-03
   10 s   25    15.20648        9.686822        103.2330        9.986447        367.4536      -0.2142469E-04
   10 s   26    15.00551        9.933655        100.6679        9.726433        360.1067      -0.2505936E-04
   11 s    1    97.39685        3.649629        274.0005        14.68329        659.2183      -0.4691061E-02
   11 s    2    64.42732        4.023672        248.5292        22.72971        98.02093      -0.5947674E-03
   11 s    3    50.53379        4.418374        226.3276        11.25526        494.6929      -0.2270616E-02
   11 s    4    42.01265        4.722861        211.7361        12.38922        707.0664      -0.2306407E-02
   11 s    5    36.60803        5.029810        198.8147        12.05512        709.2150      -0.2094500E-02
   11 s    6    32.75914        5.319347        187.9930        10.75488        537.0723      -0.1864748E-02
   11 s    7    29.61465        5.548562        180.2269        7.715585        298.0796      -0.1225485E-02
   11 s    8    28.34643        6.019075        166.1385        20.04560        104.7662       0.2384470E-03
   11 s    9    26.61545        6.316405        158.3179        11.09563        584.5841      -0.3209183E-03
   11 s   10    25.07976        6.578475        152.0109        9.915347        445.5780      -0.7917837E-05
   11 s   11    23.75919        6.825617        146.5069        10.19005        398.2753      -0.1395255E-03
   11 s   12    22.72080        7.094897        140.9464        11.26429        418.0962      -0.4122100E-03
   11 s   13    21.87478        7.377174        135.5533        11.03351        408.5830      -0.5356145E-03
   11 s   14    21.07118        7.632545        131.0179        9.209294        340.6382      -0.4809519E-03
   11 s   15    20.23586        7.835484        127.6245        7.143147        278.3423      -0.3551422E-03
   11 s   16    19.40404        7.998132        125.0292        6.035636        248.6272      -0.2651247E-03
   11 s   17    18.62796        8.143590        122.7960        5.689358        236.9215      -0.2171046E-03
   11 s   18    17.92863        8.285743        120.6892        5.726952        233.1797      -0.1925754E-03
   11 s   19    17.30882        8.431688        118.6002        5.979500        233.7296      -0.1797848E-03
   11 s   20    16.76653        8.586369        116.4637        6.438378        238.4028      -0.1691023E-03
   11 s   21    16.30397        8.756776        114.1973        7.288340        252.4808      -0.1442861E-03
   11 s   22    15.93350        8.955840        111.6590        8.688462        289.8772      -0.8962490E-04
   11 s   23    15.65072        9.187867        108.8392        9.728667        336.6992      -0.4336961E-04
   11 s   24    15.41737        9.436024        105.9768        10.03657        361.6305      -0.2560073E-04
   11 s   25    15.20931        9.688625        103.2138        14.36183        88.40584      -0.6900596E-03
   11 s   26    15.19341        10.05805        99.42287        14.35764        88.37782      -0.6955956E-03
   12 s    1    112.2839        4.207472        237.6724       0.9138677        221.1016      -0.9731468E-04
   12 s    2    68.00486        4.247100        235.4548        2.748283        234.0469      -0.3661826E-03
   12 s    3    53.28736        4.659129        214.6324        25.07564        87.10229      -0.2124120E-04
   12 s    4    46.90313        5.272625        189.6588        23.83678        89.14467      -0.9070148E-04
   12 s    5    39.79632        5.467869        182.8866        3.128816        233.3018      -0.1594142E-06
   12 s    6    34.29639        5.568963        179.5666        5.318908        269.7265      -0.6984828E-04
   12 s    7    30.73029        5.757587        173.6839        9.816005        452.2964      -0.5310045E-03
   12 s    8    28.41618        6.033886        165.7307        13.47904        279.5186      -0.4974298E-03
   12 s    9    27.68343        6.569859        152.2103        21.55150        86.77833       0.3721526E-03
   12 s   10    26.11714        6.850581        145.9730        9.729720        376.0525      -0.1468586E-02
   12 s   11    24.78317        7.119790        140.4536        11.55305        472.2213      -0.1216010E-02
   12 s   12    23.75326        7.417297        134.8200        12.11128        516.3296      -0.8460203E-03
   12 s   13    22.89169        7.720120        129.5317        12.06720        509.1573      -0.5199942E-03
   12 s   14    22.13649        8.018427        124.7127        11.79391        480.4118      -0.2638891E-03
   12 s   15    21.46022        8.309567        120.3432        11.50324        464.9905      -0.1268018E-03
   12 s   16    20.84539        8.592240        116.3841        11.06361        462.1284      -0.1089804E-03
   12 s   17    20.26091        8.857468        112.8991        9.966122        419.4759      -0.1739320E-03
   12 s   18    19.64430        9.078640        110.1487        7.656987        309.8958      -0.2418530E-03
   12 s   19    18.98580        9.248602        108.1245        6.161095        257.2184      -0.2069369E-03
   12 s   20    18.34452        9.394480        106.4455        5.605125        240.1542      -0.1706382E-03
   12 s   21    17.74744        9.532056        104.9092        5.440465        233.9841      -0.1503017E-03
   12 s   22    17.20041        9.667937        103.4347        5.449268        232.0001      -0.1410179E-03
   12 s   23    16.70244        9.805287        101.9858        5.551026        232.0944      -0.1391825E-03
   12 s   24    16.25064        9.946017        100.5428        5.718436        233.5998      -0.1425259E-03
   12 s   25    15.84324        10.09245        99.08395        5.954717        236.6413      -0.1487731E-03
   12 s   26    15.47615        10.24522        97.60648        6.289681        242.1009      -0.1550255E-03
   13 s    1    119.0927        4.462610        224.0841        14.38398        719.3446      -0.3299599E-02
   13 s    2    77.12427        4.816634        207.6139        14.22296        901.3789      -0.4227348E-02
   13 s    3    59.18871        5.175108        193.2327        14.20761        957.0227      -0.4016046E-02
   13 s    4    48.05100        5.401663        185.1282        2.463303        231.5112      -0.6592725E-04
   13 s    5    42.32986        5.815968        171.9404        15.61709        230.0325      -0.1733455E-02
   13 s    6    37.61540        6.107895        163.7225        9.590411        507.4245      -0.1502551E-02
   13 s    7    33.69713        6.313449        158.3920        7.028476        366.9275      -0.1079800E-02
   13 s    8    30.49502        6.475308        154.4328        6.203635        308.5536      -0.1110299E-02
   13 s    9    27.97923        6.640057        150.6011        7.302228        305.1114      -0.1335350E-02
   13 s   10    27.10372        7.109365        140.6595        21.28350        86.19055       0.3459421E-03
   13 s   11    26.59661        7.640761        130.8770        21.00271        86.01736       0.3215223E-03
   13 s   12    25.15607        7.855346        127.3018        4.884256        223.2170      -0.5045736E-03
   13 s   13    23.70210        7.993429        125.1028        6.332875        242.7067      -0.5552946E-03
   13 s   14    22.58133        8.179561        122.2560        8.642895        292.2229      -0.6941418E-03
   13 s   15    21.74871        8.421271        118.7469        10.47921        357.0298      -0.7615992E-03
   13 s   16    21.07998        8.688936        115.0889        10.67945        363.5815      -0.6315627E-03
   13 s   17    20.46391        8.946212        111.7791        9.927026        326.9957      -0.3422101E-03
   13 s   18    19.89765        9.195725        108.7462        10.21710        350.9890      -0.8474836E-04
   13 s   19    19.41213        9.456282        105.7498        10.54593        390.3801      -0.1824534E-04
   13 s   20    18.98119        9.720526        102.8751        10.56772        406.6999      -0.6632896E-05
   13 s   21    18.58872        9.983906        100.1612        10.49215        411.1777      -0.4384237E-05
   13 s   22    18.23394        10.24886        97.57184        10.33882        408.3275      -0.5090205E-05
   13 s   23    17.89272        10.50405        95.20136        10.03249        394.0161      -0.9517969E-05
   13 s   24    17.55739        10.74580        93.05964        9.124578        350.3055      -0.2729360E-04
   13 s   25    17.18560        10.94756        91.34452        6.895378        272.9278      -0.7390292E-04
   13 s   26    16.76834        11.10065        90.08483        5.624383        240.9051      -0.9699153E-04
   14 s    1    129.8927        4.867305        205.4525        24.76707        87.61968      -0.2285377E-03
   14 s    2    85.43609        5.335731        187.4158       0.9591066        211.7736      -0.3677598E-04
   14 s    3    61.37339        5.366124        186.3542        1.599939        213.1634      -0.1025462E-03
   14 s    4    49.24490        5.535876        180.6399        13.38495        604.5448      -0.3351942E-02
   14 s    5    42.98715        5.906278        169.3114        19.81227        117.2869      -0.7357677E-03
   14 s    6    39.82631        6.466897        154.6337        22.63173        90.19524       0.2642200E-05
   14 s    7    36.49313        6.837304        146.2565        9.981842        340.1829      -0.1196262E-02
   14 s    8    33.43800        7.100219        140.8407        10.85757        409.0349      -0.9938881E-03
   14 s    9    31.06268        7.371826        135.6516        10.55712        399.5063      -0.1093282E-02
   14 s   10    28.98725        7.603417        131.5198        7.188545        273.6972      -0.1024457E-02
   14 s   11    26.94272        7.740194        129.1957        4.555278        222.0160      -0.6052518E-03
   14 s   12    26.14980        8.165653        122.4642        20.76325        85.86051       0.2981282E-03
   14 s   13    25.53766        8.612464        116.1108        11.20677        467.8761      -0.1275823E-02
   14 s   14    24.45341        8.857680        112.8964        8.101771        313.5285      -0.1063284E-02
   14 s   15    23.32487        9.031573        110.7227        6.376438        262.4814      -0.7555222E-03
   14 s   16    22.31170        9.196637        108.7354        7.124818        279.5738      -0.6795698E-03
   14 s   17    21.49678        9.397753        106.4084        9.090032        347.1827      -0.7272560E-03
   14 s   18    20.87708        9.648369        103.6445        10.80092        448.1079      -0.7468109E-03
   14 s   19    20.37478        9.925217        100.7535        11.11602        487.2167      -0.6686185E-03
   14 s   20    19.91091        10.19665        98.07141        9.928898        415.9422      -0.5141834E-03
   14 s   21    19.40238        10.42092        95.96082        8.001236        326.4731      -0.3509347E-03
   14 s   22    18.86058        10.60108        94.33001        6.558374        278.0295      -0.2370153E-03
   14 s   23    18.32222        10.75619        92.96970        5.989169        260.3851      -0.1706537E-03
   14 s   24    17.82344        10.90863        91.67058        6.431419        268.5757      -0.1190035E-03
   14 s   25    17.41245        11.09207        90.15449        8.382975        327.5406      -0.5310198E-04
   14 s   26    17.09729        11.31842        88.35156        9.457280        372.7958      -0.1928024E-04
   15 s    1    141.1885        5.290578        189.0153        12.81731        477.8237      -0.2677119E-02
   15 s    2    87.95392        5.492976        182.0507        25.15032        92.00179      -0.2707055E-03
   15 s    3    68.71649        6.008161        166.4403        12.86664        680.4755      -0.2836409E-02
   15 s    4    55.84542        6.277874        159.2896        8.669723        415.1053      -0.2464366E-02
   15 s    5    46.99302        6.456669        154.8786        6.329662        286.7540      -0.2046874E-02
   15 s    6    40.82223        6.628612        150.8611        8.058169        266.5124      -0.1584859E-02
   15 s    7    37.65978        7.055886        141.7256        22.81323        88.39341       0.8712647E-04
   15 s    8    35.64523        7.568903        132.1195        3.511670        261.1899      -0.5542284E-04
   15 s    9    32.24414        7.652211        130.6812        3.740653        250.2951      -0.7774853E-05
   15 s   10    29.68151        7.785522        128.4435        7.687582        353.4470      -0.3217804E-03
   15 s   11    27.95401        8.030721        124.5218        11.13200        521.2309      -0.9578045E-03
   15 s   12    26.64573        8.320514        120.1849        11.83761        544.3021      -0.1211154E-02
   15 s   13    25.75249        8.684914        115.1422        20.55511        85.73191       0.2768453E-03
   15 s   14    25.19119        9.124923        109.5900        10.08015        329.9669      -0.1093272E-03
   15 s   15    24.32434        9.418576        106.1732        12.89519        459.5963      -0.2971379E-03
   15 s   16    23.65918        9.752055        102.5425        13.58908        511.5863      -0.3030721E-03
   15 s   17    23.09268        10.09543        99.05472        13.29827        507.8150      -0.2889662E-03
   15 s   18    22.41693        10.36001        96.52496        6.418963        280.9880      -0.6162230E-03
   15 s   19    21.58593        10.51521        95.10033        6.476840        283.0018      -0.4923505E-03
   15 s   20    20.88072        10.69330        93.51650        7.922364        325.2692      -0.4792643E-03
   15 s   21    20.32079        10.91419        91.62385        9.711574        406.7178      -0.4953134E-03
   15 s   22    19.87348        11.17041        89.52224        10.56295        467.3154      -0.4746977E-03
   15 s   23    19.46957        11.42975        87.49100        9.951125        425.6181      -0.4095298E-03
   15 s   24    19.04865        11.65850        85.77431        8.255126        333.5797      -0.3181835E-03
   15 s   25    18.59250        11.84379        84.43246        6.681798        274.7524      -0.2341296E-03
   15 s   26    18.12574        11.99925        83.33855        5.871991        250.3577      -0.1777261E-03
   16 s    1    142.2416        5.330041        187.6158        4.567817        239.5146      -0.8088506E-03
   16 s    2    91.09226        5.688975        175.7786        14.37558        473.5617      -0.3375448E-02
   16 s    3    70.36512        6.152307        162.5406        25.42668        86.02184      -0.3957661E-04
   16 s    4    58.84206        6.614742        151.1775        7.580006        295.0630      -0.9476076E-03
   16 s    5    49.86340        6.851050        145.9630        10.78423        472.1681      -0.2242335E-02
   16 s    6    43.93431        7.133945        140.1749        11.58982        646.0461      -0.3091164E-02
   16 s    7    39.58564        7.416713        134.8306        10.19772        642.3284      -0.2211949E-02
   16 s    8    35.92822        7.628991        131.0789        22.47462        89.23400       0.9294101E-04
   16 s    9    34.04190        8.078858        123.7799        12.72582        576.9392      -0.1501467E-02
   16 s   10    31.97813        8.387932        119.2189        11.76771        562.5859      -0.7988396E-03
   16 s   11    30.08198        8.642049        115.7133        7.827601        310.0938      -0.3701236E-03
   16 s   12    28.15908        8.793080        113.7258        5.094324        229.3952      -0.1257885E-03
   16 s   13    26.47066        8.927113        112.0183        6.095258        239.0954      -0.7439314E-05
   16 s   14    25.39649        9.199289        108.7041        20.37554        85.61559       0.2581937E-03
   16 s   15    25.07545        9.709412        102.9928        20.21774        85.51491       0.2413053E-03
   16 s   16    24.46902        10.08586        99.14869        6.203569        290.6798      -0.8726635E-03
   16 s   17    23.40790        10.23323        97.72081        5.828886        273.5286      -0.5468004E-03
   16 s   18    22.59386        10.44178        95.76909        12.37950        467.4485      -0.2624535E-05
   16 s   19    22.08152        10.75662        92.96597        12.44422        486.5160      -0.1872866E-04
   16 s   20    21.59691        11.06007        90.41530        11.81324        462.8067      -0.1130823E-04
   16 s   21    21.12475        11.34600        88.13682        11.02097        423.9713      -0.1182790E-04
   16 s   22    20.65096        11.60741        86.15187        9.793383        361.6302      -0.3391874E-04
   16 s   23    20.16005        11.83510        84.49441        8.603999        314.0031      -0.9678877E-04
   16 s   24    19.69107        12.05169        82.97594        8.916571        329.2160      -0.1563577E-03
   16 s   25    19.27990        12.28167        81.42213        9.360586        352.8817      -0.1882671E-03
   16 s   26    18.90166        12.51291        79.91744        9.026773        340.1602      -0.1940788E-03
   17 s    1    162.9543        6.106180        163.7685        15.07579        671.8206      -0.2499297E-02
   17 s    2    102.2727        6.387228        156.5624        4.947376        267.7930      -0.1680947E-02
   17 s    3    74.07853        6.476986        154.3928        3.846215        230.6911      -0.6965102E-03
   17 s    4    60.45961        6.796579        147.1328        25.47890        86.01885      -0.1360983E-04
   17 s    5    53.93042        7.409843        134.9556        16.44109        124.2024      -0.3227335E-03
   17 s    6    46.16342        7.495901        133.4062        2.169671        220.5255      -0.3709586E-03
   17 s    7    40.36817        7.563326        132.2170        4.095968        221.8632      -0.1181027E-02
   17 s    8    36.63395        7.778847        128.5538        11.89526        430.7849      -0.2449395E-02
   17 s    9    34.57755        8.205977        121.8624        22.36694        87.93253       0.1351347E-03
   17 s   10    33.19628        8.707454        114.8441        4.518300        215.8206      -0.3785874E-03
   17 s   11    30.84160        8.860277        112.8633        8.484560        328.8744      -0.4780680E-03
   17 s   12    29.21034        9.121351        109.6329        11.50322        550.5454      -0.8055161E-03
   17 s   13    27.90822        9.411923        106.2482        11.42252        574.1793      -0.1186146E-02
   17 s   14    26.73366        9.683646        103.2669        10.08883        471.0406      -0.1421055E-02
   17 s   15    25.59170        9.909310        100.9152        7.901872        353.0891      -0.1262928E-02
   17 s   16    24.78427        10.21581        97.88752        20.07857        85.42386       0.2260027E-03
   17 s   17    24.51877        10.71888        93.29336        19.95521        85.34149       0.2123651E-03
   17 s   18    24.11617        11.14532        89.72375        9.570678        395.5782      -0.1692222E-02
   17 s   19    23.29616        11.34832        88.11879        6.862421        299.7508      -0.1125301E-02
   17 s   20    22.46150        11.50284        86.93502        5.791551        267.5917      -0.6903835E-03
   17 s   21    21.68598        11.64743        85.85585        5.957877        267.6338      -0.4666623E-03
   17 s   22    21.01066        11.80959        84.67696        7.234845        302.2869      -0.3321100E-03
   17 s   23    20.46766        12.01568        83.22456        9.209835        385.3306      -0.2216020E-03
   17 s   24    20.03305        12.26099        81.55947        10.24860        453.5412      -0.1619822E-03
   17 s   25    19.65878        12.52303        79.85290        10.66524        495.0672      -0.1468094E-03
   17 s   26    19.32330        12.79204        78.17362        10.80644        520.1664      -0.1506004E-03
   18 s    1    169.8537        6.364711        157.1163        25.73179        87.13270      -0.1002047E-03
   18 s    2    104.9486        6.554341        152.5706        11.57329        433.5130      -0.2607742E-02
   18 s    3    78.75291        6.885685        145.2288        13.70553        820.9275      -0.5098774E-02
   18 s    4    64.23223        7.220679        138.4911        12.48295        817.7152      -0.3444007E-02
   18 s    5    54.19254        7.445857        134.3029        11.83462        143.2156      -0.2281860E-03
   18 s    6    49.00236        7.956881        125.6774        15.01214        269.8166      -0.1245185E-02
   18 s    7    44.20645        8.282461        120.7371        11.60762        460.3984      -0.2165895E-02
   18 s    8    40.06178        8.506711        117.5542        5.808417        247.3771      -0.1530239E-02
   18 s    9    36.29429        8.613396        116.0982        3.572174        207.0153      -0.6188293E-03
   18 s   10    33.43468        8.769988        114.0252        22.22419        87.02055       0.1775645E-03
   18 s   11    32.47359        9.329119        107.1913        22.19111        86.39105       0.1943591E-03
   18 s   12    31.57421        9.859502        101.4250        8.034866        309.2741      -0.8648049E-03
   18 s   13    29.66946        10.00589        99.94110        5.246092        263.3885      -0.1601395E-03
   18 s   14    28.02585        10.15171        98.50553        6.639765        291.6000      -0.2646943E-03
   18 s   15    26.72290        10.34732        96.64339        9.039545        365.4347      -0.7601834E-03
   18 s   16    25.71453        10.59925        94.34633        10.89314        456.4939      -0.1373231E-02
   18 s   17    24.88707        10.87988        91.91274        11.28634        482.7946      -0.1759371E-02
   18 s   18    24.27560        11.21900        89.13450        19.84516        85.26612       0.2000372E-03
   18 s   19    24.05194        11.71648        85.34984        19.74649        85.19684       0.1888547E-03
   18 s   20    23.47735        12.02307        83.17341        11.47301        361.4957      -0.1078054E-02
   18 s   21    22.87092        12.28385        81.40767        9.198682        302.5018      -0.9927373E-03
   18 s   22    22.21327        12.48555        80.09259        7.208723        267.7489      -0.6945528E-03
   18 s   23    21.55809        12.65583        79.01494        6.612839        263.2346      -0.4602040E-03
   18 s   24    20.95014        12.82229        77.98919        6.804225        274.2812      -0.3108459E-03
   18 s   25    20.40659        12.99940        76.92665        7.426327        297.8292      -0.2118878E-03
   18 s   26    19.93338        13.19591        75.78104        8.331654        336.3827      -0.1471003E-03
   19 s    1    171.3428        6.420513        155.7508        2.091097        209.4408      -0.8213376E-04
   19 s    2    112.1544        7.004365        142.7681        24.63992        88.05276      -0.2739797E-03
   19 s    3    85.23004        7.452007        134.1920        1.771081        210.9282      -0.3994801E-03
   19 s    4    66.69127        7.497112        133.3847        2.772474        206.6467      -0.9379951E-03
   19 s    5    55.82528        7.670190        130.3749        11.67628        366.7516      -0.1880861E-02
   19 s    6    49.65339        8.062595        124.0296        21.88354        104.0202      -0.3939330E-03
   19 s    7    45.76175        8.573861        116.6336        4.792506        198.2641      -0.2183203E-03
   19 s    8    41.13759        8.735148        114.4800        9.423079        395.4895      -0.1875221E-02
   19 s    9    37.96825        9.010663        110.9796        11.79489        631.7760      -0.3145691E-02
   19 s   10    35.48988        9.309071        107.4221        11.93613        675.7072      -0.2995631E-02
   19 s   11    33.43245        9.604585        104.1169        11.54405        616.1746      -0.2235230E-02
   19 s   12    31.65436        9.884530        101.1682        21.51092        87.87846       0.1708774E-03
   19 s   13    30.38163        10.24607        97.59838        11.74105        705.0245      -0.6237665E-03
   19 s   14    29.10927        10.54416        94.83925        11.93002        711.8753      -0.4012101E-03
   19 s   15    27.98871        10.83745        92.27261        11.29964        604.4699      -0.3448233E-03
   19 s   16    26.91629        11.09460        90.13393        8.902203        388.3155      -0.2304469E-03
   19 s   17    25.81834        11.28701        88.59744        7.039813        285.5311      -0.1196029E-04
   19 s   18    24.83459        11.47734        87.12822        8.697967        297.3781      -0.1639805E-03
   19 s   19    24.08254        11.73139        85.24138        11.38181        359.6204      -0.7416956E-03
   19 s   20    23.84548        12.21160        81.88938        19.65762        85.13275       0.1786700E-03
   19 s   21    23.54875        12.64791        79.06442        10.32195        439.9819      -0.2673908E-03
   19 s   22    22.97049        12.91116        77.45236        10.50360        442.7667      -0.2140271E-03
   19 s   23    22.42431        13.16435        75.96272        9.712426        406.2885      -0.3281766E-03
   19 s   24    21.88972        13.39735        74.64165        8.983330        370.9209      -0.4008729E-03
   19 s   25    21.37346        13.61531        73.44675        8.508036        346.5253      -0.3928951E-03
   19 s   26    20.88261        13.82430        72.33640        8.260370        332.7120      -0.3330268E-03
   20 s    1    185.4849        6.950441        143.8758        15.84726        871.9965      -0.5493916E-02
   20 s    2    117.4862        7.337352        136.2889        12.73409        486.0601      -0.1153237E-02
   20 s    3    87.16686        7.621351        131.2103        23.73887        95.38957      -0.1197781E-03
   20 s    4    71.95850        8.089229        123.6212        13.68169        603.0779      -0.3963905E-02
   20 s    5    61.10312        8.395346        119.1136        9.208316        338.6286      -0.3687568E-02
   20 s    6    52.38523        8.506183        117.5615        2.558369        196.7480      -0.3279635E-03
   20 s    7    46.15907        8.648303        115.6296        22.37866        91.82391      -0.1266072E-03
   20 s    8    43.46037        9.228368        108.3615        22.98648        90.72461      -0.4082343E-04
   20 s    9    40.66205        9.649957        103.6274        5.303147        308.2759      -0.3912985E-03
   20 s   10    37.14767        9.743912        102.6282        3.342787        252.6818      -0.4546766E-04
   20 s   11    34.22668        9.832753        101.7009        3.948512        259.5714      -0.2581569E-05
   20 s   12    31.93161        9.971105        100.2898        8.480190        417.1722      -0.4936822E-03
   20 s   13    30.93810        10.43374        95.84293        21.80231        86.03749       0.1989694E-03
   20 s   14    30.30958        10.97894        91.08347        21.62739        85.93625       0.1977063E-03
   20 s   15    28.84279        11.16816        89.54028        5.467357        268.2717      -0.2551778E-03
   20 s   16    27.49860        11.33462        88.22527        8.202071        348.9999      -0.4350153E-03
   20 s   17    26.48712        11.57938        86.36041        10.90956        531.0828      -0.8821752E-03
   20 s   18    25.66589        11.86153        84.30619        11.38669        605.6472      -0.1189981E-02
   20 s   19    24.92228        12.14045        82.36925        10.79982        552.0648      -0.1206879E-02
   20 s   20    24.20962        12.39808        80.65767        9.904405        455.0984      -0.7428790E-03
   20 s   21    23.65423        12.70456        78.71188        19.57723        85.07342       0.1693593E-03
   20 s   22    23.35689        13.12835        76.17106        11.96511        462.0330      -0.1983926E-02
   20 s   23    22.88656        13.43572        74.42847        12.48488        494.4497      -0.1759619E-02
   20 s   24    22.45216        13.74158        72.77184        11.90834        482.1568      -0.1276035E-02
   20 s   25    22.01980        14.02704        71.29086        10.98509        458.5769      -0.7721080E-03
   20 s   26    21.58995        14.29256        69.96646        10.34663        446.2422      -0.4217230E-03
