    0 s    2    4.880602       0.3048077        3280.757        6.310346        502.3487      -0.2535092E-01
    0 s    3    5.263429       0.4602029        2172.955        6.691312        406.4324      -0.1297034E-01
    0 s    4    5.665518       0.6368903        1570.129        7.542362        363.5259      -0.9323779E-02
    0 s    5    6.036882       0.8294457        1205.625        7.932657        347.6520      -0.7200436E-02
    0 s    6    6.325506        1.027120        973.5962        7.948398        341.0388      -0.5564633E-02
    0 s    7    6.520159        1.221608        818.5930        7.661908        337.5026      -0.4105021E-02
    0 s    8    6.620737        1.405846        711.3154        7.111627        334.9029      -0.2723394E-02
    0 s    9    6.633992        1.574385        635.1685        6.407467        332.3759      -0.1538561E-02
    0 s   10    6.579193        1.725736        579.4628        5.746174        329.0310      -0.7365076E-03
    0 s   11    6.483907        1.862718        536.8498        5.251648        323.9340      -0.3138528E-03
    0 s   12    6.371192        1.989497        502.6397        4.914830        316.7767      -0.1258270E-03
    0 s   13    6.254483        2.109297        474.0916        4.681630        307.8643      -0.4906385E-04
    0 s   14    6.140129        2.224119        449.6162        4.509876        297.7431      -0.1888860E-04
    0 s   15    6.030766        2.335160        428.2361        4.375678        286.9677      -0.7222644E-05
    0 s   16    5.927340        2.443185        409.3018        4.266614        276.0095      -0.2749865E-05
    0 s   17    5.830060        2.548729        392.3525        4.176042        265.2278      -0.1043482E-05
    0 s   18    5.738815        2.652201        377.0453        4.100014        254.8713      -0.3948009E-06
    0 s   19    5.653349        2.753930        363.1174        4.035843        245.0939      -0.1488853E-06
    0 s   20    5.573344        2.854186        350.3626        3.981485        235.9757      -0.5589877E-07
    0 s   21    5.498455        2.953192        338.6167        3.935284        227.5438      -0.2082227E-07
    0 s   22    5.428331        3.051135        327.7469        3.895864        219.7900      -0.7689459E-08
    0 s   23    5.362627        3.148169        317.6450        3.862074        212.6840      -0.2884347E-08
    0 s   24    5.301011        3.244422        308.2213        3.832955        206.1833      -0.1158662E-08
    0 s   25    5.243170        3.340002        299.4011        3.807712        200.2395      -0.4356738E-09
    0 s   26    5.188810        3.434995        291.1212        3.785689        194.8031      -0.1485466E-09
    1 s    2    10.85627       0.6780055        1474.914        11.07901        313.0948      -0.2839232E-02
    1 s    3    10.78387       0.9428775        1060.583        10.12600        280.9554      -0.4321396E-03
    1 s    4    10.52853        1.183567        844.9038        9.111808        262.5578      -0.3808017E-03
    1 s    5    10.14692        1.394149        717.2832        7.564802        273.4450      -0.1255171E-02
    1 s    6    9.568379        1.553690        643.6292        5.509762        354.1722      -0.3954347E-02
    1 s    7    8.989085        1.684183        593.7597        5.321640        393.3199      -0.5774128E-02
    1 s    8    8.577291        1.821300        549.0582        5.915693        398.9354      -0.7070559E-02
    1 s    9    8.327057        1.976185        506.0254        6.717321        395.8213      -0.8125215E-02
    1 s   10    8.197742        2.150285        465.0546        7.439531        389.6696      -0.8819578E-02
    1 s   11    8.143848        2.339591        427.4251        7.941131        382.0059      -0.9150859E-02
    1 s   12    8.129645        2.538599        393.9180        8.231209        371.8730      -0.9220086E-02
    1 s   13    8.132791        2.742748        364.5978        8.358102        355.0802      -0.9042724E-02
    1 s   14    8.139131        2.948211        339.1888        8.313017        320.7586      -0.8365085E-02
    1 s   15    8.132896        3.149122        317.5488        7.888806        250.2765      -0.6191222E-02
    1 s   16    8.086634        3.333222        300.0100        6.939910        178.9900      -0.2332384E-02
    1 s   17    8.002329        3.498380        285.8466        6.388955        156.6205      -0.5854773E-03
    1 s   18    7.909315        3.655301        273.5753        6.185027        150.8184      -0.1691428E-03
    1 s   19    7.818585        3.808687        262.5577        6.078776        148.5124      -0.5706202E-04
    1 s   20    7.732427        3.959882        252.5328        6.002359        147.2211      -0.2121635E-04
    1 s   21    7.651031        4.109329        243.3487        5.936664        146.3356      -0.8370950E-05
    1 s   22    7.574060        4.257198        234.8963        5.875200        145.6519      -0.3427567E-05
    1 s   23    7.501066        4.403555        227.0893        5.815505        145.0813      -0.1437016E-05
    1 s   24    7.431611        4.548430        219.8561        5.756638        144.5758      -0.6116816E-06
    1 s   25    7.365301        4.691840        213.1360        5.698293        144.1047      -0.2628967E-06
    1 s   26    7.301800        4.833797        206.8767        5.640446        143.6463      -0.1136718E-06
    2 s    1    10.66577       0.3996649        2502.096        12.91736        411.3549      -0.2609344E-03
    2 s    2    15.00009       0.9367992        1067.465        19.89462        98.33151      -0.1322600    
    2 s    3    14.09554        1.232430        811.4052        6.396064        455.5488      -0.7505129E-02
    2 s    4    12.20591        1.372130        728.7940        5.256788        429.6337      -0.3572025E-02
    2 s    5    10.93889        1.502964        665.3520        5.685915        342.9098      -0.3382015E-02
    2 s    6    10.25832        1.665721        600.3408        7.302809        241.7299      -0.1637820E-02
    2 s    7    9.889534        1.852890        539.6974        7.542975        209.8183      -0.8471561E-03
    2 s    8    9.602749        2.039046        490.4254        7.342847        195.3620      -0.6552579E-03
    2 s    9    9.352320        2.219502        450.5516        7.103485        185.6119      -0.6251215E-03
    2 s   10    9.127864        2.394258        417.6659        6.890471        178.4084      -0.6671437E-03
    2 s   11    8.925572        2.564168        389.9901        6.718665        173.1865      -0.7681141E-03
    2 s   12    8.743608        2.730318        366.2577        6.594986        169.9272      -0.9525854E-03
    2 s   13    8.581291        2.894003        345.5422        6.533579        169.3542      -0.1311379E-02
    2 s   14    8.440014        3.057199        327.0968        6.591432        174.7914      -0.2149568E-02
    2 s   15    8.328452        3.224843        310.0927        7.002432        202.5473      -0.4480193E-02
    2 s   16    8.269848        3.408741        293.3634        7.926376        292.4923      -0.8479541E-02
    2 s   17    8.259476        3.610797        276.9472        8.446258        373.3990      -0.1035861E-01
    2 s   18    8.266067        3.820174        261.7682        8.614196        403.3976      -0.1090730E-01
    2 s   19    8.277172        4.032080        248.0110        8.680897        414.2687      -0.1114536E-01
    2 s   20    8.289368        4.245099        235.5658        8.714889        419.0908      -0.1129810E-01
    2 s   21    8.301564        4.458727        224.2792        8.735678        421.6904      -0.1141768E-01
    2 s   22    8.313366        4.672744        214.0070        8.750029        423.3004      -0.1151857E-01
    2 s   23    8.324627        4.887032        204.6232        8.760550        424.3336      -0.1160465E-01
    2 s   24    8.335288        5.101516        196.0202        8.767987        424.8231      -0.1167448E-01
    2 s   25    8.345296        5.316116        188.1073        8.770983        424.2585      -0.1171577E-01
    2 s   26    8.354429        5.530638        180.8110        8.755696        418.7995      -0.1164163E-01
    3 s    1    24.52672       0.9190586        1088.070        6.661871        978.0624      -0.2358646E-02
    3 s    2    17.51262        1.093714        914.3160        7.468559        362.6497      -0.6973047E-02
    3 s    3    16.14486        1.411610        708.4109        16.79931        91.42665      -0.1012723    
    3 s    4    16.14955        1.815455        550.8261        16.09547        90.18757      -0.9336254E-01
    3 s    5    16.03862        2.203648        453.7931        15.60513        89.80197      -0.8659275E-01
    3 s    6    15.87014        2.576953        388.0552        6.701673        218.9702      -0.1240822E-01
    3 s    7    14.45526        2.708318        369.2329        5.170674        269.6190      -0.1012880E-02
    3 s    8    13.35372        2.835526        352.6682        5.079614        261.1512      -0.1021528E-02
    3 s    9    12.48148        2.962117        337.5964        5.115920        253.9885      -0.9739022E-03
    3 s   10    11.78461        3.091127        323.5066        5.258918        247.6752      -0.8908412E-03
    3 s   11    11.22466        3.224657        310.1105        5.462324        241.8623      -0.7900784E-03
    3 s   12    10.77183        3.363660        297.2952        5.683671        236.3656      -0.6835021E-03
    3 s   13    10.40244        3.508178        285.0483        5.893464        231.1281      -0.5790426E-03
    3 s   14    10.09777        3.657683        273.3971        6.075245        226.1592      -0.4819474E-03
    3 s   15    9.843210        3.811369        262.3729        6.222526        221.4853      -0.3953901E-03
    3 s   16    9.627503        3.968351        251.9938        6.335225        217.1227      -0.3208777E-03
    3 s   17    9.442077        4.127795        242.2601        6.416712        213.0698      -0.2586550E-03
    3 s   18    9.280443        4.288970        233.1562        6.471769        209.3100      -0.2081141E-03
    3 s   19    9.137699        4.451271        224.6549        6.505382        205.8187      -0.1681666E-03
    3 s   20    9.010137        4.614214        216.7216        6.522122        202.5690      -0.1375621E-03
    3 s   21    8.894935        4.777424        209.3178        6.525899        199.5369      -0.1151673E-03
    3 s   22    8.789938        4.940613        202.4040        6.519934        196.7042      -0.1002745E-03
    3 s   23    8.693479        5.103569        195.9413        6.506884        194.0638      -0.9315446E-04
    3 s   24    8.604265        5.266140        189.8924        6.489162        191.6325      -0.9669365E-04
    3 s   25    8.521308        5.428239        184.2218        6.470180        189.5145      -0.1238578E-03
    3 s   26    8.444013        5.589942        178.8927        6.465160        188.4672      -0.2627486E-03
    4 s    1    37.85192        1.418377        705.0311        10.47703        325.6377      -0.3625771E-03
    4 s    2    27.26507        1.702782        587.2742        11.95245        388.7947      -0.2672773E-03
    4 s    3    22.96779        2.008166        497.9667        12.40206        428.9999      -0.1165389E-03
    4 s    4    20.55942        2.311192        432.6772        7.861578        456.3486      -0.2346714E-03
    4 s    5    17.79404        2.444836        409.0254        5.336965        292.1673      -0.7757702E-03
    4 s    6    15.91215        2.583775        387.0306        13.94901        98.04708      -0.7120395E-01
    4 s    7    15.78074        2.956658        338.2197        15.14330        89.04912      -0.7848321E-01
    4 s    8    15.66853        3.327052        300.5664        15.02851        88.76235      -0.7589433E-01
    4 s    9    15.56005        3.692727        270.8026        8.523143        379.1244      -0.5501717E-03
    4 s   10    14.82895        3.889666        257.0915        7.345314        335.0622      -0.4937823E-03
    4 s   11    14.14490        4.063593        246.0877        6.676340        302.6465      -0.5839656E-03
    4 s   12    13.53264        4.225763        236.6437        6.370173        284.1952      -0.5986350E-03
    4 s   13    12.99633        4.382956        228.1565        6.254321        273.3245      -0.5692056E-03
    4 s   14    12.52986        4.538651        220.3298        6.235660        266.4300      -0.5169727E-03
    4 s   15    12.12427        4.694613        213.0101        6.265371        261.7402      -0.4541076E-03
    4 s   16    11.77049        4.851667        206.1147        6.315110        258.3394      -0.3878413E-03
    4 s   17    11.46024        5.010076        199.5978        6.367542        255.7218      -0.3227987E-03
    4 s   18    11.18630        5.169763        193.4325        6.412426        253.5953      -0.2620758E-03
    4 s   19    10.94252        5.330457        187.6012        6.444581        251.7875      -0.2076938E-03
    4 s   20    10.72381        5.491811        182.0893        6.462474        250.1951      -0.1607902E-03
    4 s   21    10.52601        5.653468        176.8826        6.467017        248.7532      -0.1217382E-03
    4 s   22    10.34578        5.815116        171.9656        6.460478        247.4156      -0.9028199E-04
    4 s   23    10.18045        5.976506        167.3218        6.445580        246.1431      -0.6570909E-04
    4 s   24    10.02790        6.137459        162.9339        6.424867        244.8975      -0.4704007E-04
    4 s   25    9.886436        6.297852        158.7843        6.400360        243.6401      -0.3320276E-04
    4 s   26    9.754686        6.457608        154.8561        6.373483        242.3336      -0.2316498E-04
    5 s    1    44.40073        1.663772        601.0437        26.24309        86.47241      -0.1207544E-03
    5 s    2    33.92019        2.118414        472.0513        3.617427        352.1830      -0.1433936E-02
    5 s    3    25.24142        2.206959        453.1122        3.927146        306.1095      -0.8649053E-03
    5 s    4    20.68877        2.325732        429.9721        9.481301        288.7920      -0.5388498E-03
    5 s    5    19.13061        2.628477        380.4485        12.14119        431.1668      -0.6184731E-04
    5 s    6    18.01604        2.925400        341.8336        11.57905        437.6116      -0.5455896E-04
    5 s    7    17.10969        3.205650        311.9492        10.81304        436.0407      -0.8184078E-04
    5 s    8    16.31259        3.463813        288.6992        9.797415        421.7061      -0.1642444E-03
    5 s    9    15.57080        3.695278        270.6156        14.93416        88.72385      -0.7364422E-01
    5 s   10    15.48631        4.062093        246.1785        14.90412        88.33893      -0.7220183E-01
    5 s   11    15.30701        4.397450        227.4045        9.362386        309.0404      -0.2082643E-03
    5 s   12    14.83451        4.632291        215.8759        9.386562        328.7547      -0.1565122E-03
    5 s   13    14.42528        4.864861        205.5557        9.194585        342.7929      -0.1394448E-03
    5 s   14    14.05337        5.090506        196.4441        8.835316        351.0223      -0.1461902E-03
    5 s   15    13.70109        5.305170        188.4954        8.320705        351.0617      -0.1720595E-03
    5 s   16    13.35693        5.505581        181.6339        7.716542        340.7051      -0.2087046E-03
    5 s   17    13.01865        5.691368        175.7047        7.181080        323.6997      -0.2395582E-03
    5 s   18    12.69289        5.866035        170.4729        6.836217        307.4090      -0.2519704E-03
    5 s   19    12.38779        6.034495        165.7140        6.674695        295.2662      -0.2460439E-03
    5 s   20    12.10775        6.200546        161.2761        6.630746        286.9198      -0.2277065E-03
    5 s   21    11.85332        6.366358        157.0757        6.645828        281.0858      -0.2024022E-03
    5 s   22    11.62279        6.532889        153.0716        6.681468        276.6867      -0.1739344E-03
    5 s   23    11.41344        6.700340        149.2462        6.714760        272.9963      -0.1449187E-03
    5 s   24    11.22230        6.868477        145.5927        6.733393        269.5679      -0.1172070E-03
    5 s   25    11.04654        7.036860        142.1088        6.732524        266.1582      -0.9208396E-04
    5 s   26    10.88367        7.204995        138.7926        6.712729        262.6730      -0.7034023E-04
    6 s    1    52.44375        1.965158        508.8649        10.72241        821.5507      -0.3287035E-02
    6 s    2    37.24279        2.325920        429.9375        25.45318        83.63513      -0.2926675E-03
    6 s    3    32.21886        2.817026        354.9843        13.41079        370.2762      -0.2677279E-02
    6 s    4    27.72806        3.117055        320.8157        10.39575        375.4222      -0.2353886E-02
    6 s    5    24.13858        3.316552        301.5179        6.123592        269.2977      -0.1192103E-02
    6 s    6    21.28799        3.456691        289.2940        5.548439        248.4647      -0.7258199E-03
    6 s    7    19.22264        3.601528        277.6599        6.149956        244.9675      -0.6338661E-03
    6 s    8    17.73196        3.765201        265.5901        7.020638        246.9481      -0.5892850E-03
    6 s    9    16.65871        3.953461        252.9429        8.086783        259.4451      -0.4710784E-03
    6 s   10    15.88781        4.167406        239.9574        8.973409        283.7687      -0.3147347E-03
    6 s   11    15.41345        4.428028        225.8342        14.87185        88.19178      -0.7083551E-01
    6 s   12    15.35043        4.793394        208.6204        14.85007        88.07774      -0.6968644E-01
    6 s   13    15.29563        5.158386        193.8591        14.83460        87.98952      -0.6870686E-01
    6 s   14    15.09995        5.469607        182.8285        6.309237        228.4251      -0.4310914E-03
    6 s   15    14.54594        5.632303        177.5473        6.748769        229.0253      -0.3562158E-03
    6 s   16    14.08985        5.807682        172.1857        7.298215        234.4242      -0.2749786E-03
    6 s   17    13.71683        5.996590        166.7615        7.795774        244.1368      -0.2024651E-03
    6 s   18    13.40649        6.195830        161.3989        8.110693        255.2583      -0.1504477E-03
    6 s   19    13.13923        6.400545        156.2367        8.238995        265.0294      -0.1183624E-03
    6 s   20    12.90086        6.606706        151.3614        8.235047        272.3239      -0.1001794E-03
    6 s   21    12.68240        6.811649        146.8073        8.147950        277.0316      -0.9063334E-04
    6 s   22    12.47827        7.013739        142.5773        8.011228        279.3447      -0.8621599E-04
    6 s   23    12.28510        7.212056        138.6567        7.849936        279.5252      -0.8450225E-04
    6 s   24    12.10099        7.406271        135.0207        7.686698        277.9386      -0.8356877E-04
    6 s   25    11.92523        7.596604        131.6378        7.542244        275.1143      -0.8183938E-04
    6 s   26    11.75788        7.783727        128.4732        7.431319        271.6834      -0.7825163E-04
    7 s    1    60.25837        2.257986        442.8726        5.311513        238.8914      -0.7860803E-03
    7 s    2    40.20325        2.510809        398.2780        13.22349        369.7698      -0.2450425E-02
    7 s    3    33.99990        2.972749        336.3890        23.75190        85.89919      -0.1207362E-02
    7 s    4    30.21191        3.396278        294.4400        6.075092        292.5920      -0.2208103E-03
    7 s    5    26.34122        3.619187        276.3051        11.32467        443.9629      -0.9700416E-03
    7 s    6    24.16430        3.923739        254.8590        12.60442        509.1985      -0.1104344E-02
    7 s    7    22.58451        4.231404        236.3282        11.80405        472.4658      -0.1007575E-02
    7 s    8    21.18484        4.498385        222.3020        9.423759        371.7164      -0.8978455E-03
    7 s    9    19.81453        4.702403        212.6572        7.181325        294.6045      -0.7592321E-03
    7 s   10    18.55736        4.867636        205.4386        6.252003        261.7157      -0.6587622E-03
    7 s   11    17.47092        5.019103        199.2388        5.964638        246.2379      -0.5974843E-03
    7 s   12    16.54675        5.166963        193.5373        5.925209        237.1718      -0.5474828E-03
    7 s   13    15.76261        5.315872        188.1159        6.038920        231.4071      -0.4941279E-03
    7 s   14    15.24767        5.523115        181.0572        14.82282        87.92075      -0.6786229E-01
    7 s   15    15.20539        5.887648        169.8471        14.81318        87.86628      -0.6712693E-01
    7 s   16    15.16784        6.252020        159.9483        14.80479        87.82218      -0.6648099E-01
    7 s   17    15.13427        6.616253        151.1430        14.79717        87.78550      -0.6590904E-01
    7 s   18    14.89777        6.885024        145.2428        5.909813        234.6531      -0.4166959E-03
    7 s   19    14.43659        7.032535        142.1962        5.917918        229.9990      -0.3576294E-03
    7 s   20    14.02249        7.181109        139.2543        5.990232        226.6660      -0.3047086E-03
    7 s   21    13.65178        7.332299        136.3829        6.122339        224.5376      -0.2576571E-03
    7 s   22    13.32114        7.487494        133.5560        6.305545        223.5766      -0.2158514E-03
    7 s   23    13.02735        7.647800        130.7565        6.525635        223.7709      -0.1787936E-03
    7 s   24    12.76700        7.813895        127.9771        6.762489        225.0595      -0.1463283E-03
    7 s   25    12.53635        7.985901        125.2207        6.992798        227.2645      -0.1185635E-03
    7 s   26    12.33138        8.163381        122.4983        7.195994        230.0823      -0.9557252E-04
    8 s    1    75.74998        2.838483        352.3009        13.62655        864.9862      -0.4273370E-02
    8 s    2    50.68879        3.165661        315.8898        11.71106        771.5752      -0.1884129E-02
    8 s    3    37.68574        3.295017        303.4886        2.763748        254.2110      -0.2365497E-05
    8 s    4    31.70456        3.564075        280.5777        23.15486        84.47497      -0.2016577E-02
    8 s    5    29.67552        4.077308        245.2599        13.35263        350.7836      -0.2576809E-02
    8 s    6    26.87579        4.364024        229.1463        10.55267        506.1064      -0.1944359E-02
    8 s    7    24.57079        4.603550        217.2237        8.875507        363.8551      -0.8412127E-03
    8 s    8    22.74530        4.829732        207.0508        9.689517        347.2920      -0.1896365E-03
    8 s    9    21.46139        5.093239        196.3387        11.22538        405.1021      -0.4245971E-04
    8 s   10    20.51012        5.379849        185.8788        11.51695        456.5008      -0.4234485E-04
    8 s   11    19.70407        5.660651        176.6581        10.77057        470.7651      -0.1383959E-03
    8 s   12    18.91553        5.906647        169.3008        8.764577        391.8875      -0.4397277E-03
    8 s   13    18.09544        6.102609        163.8643        7.181432        311.1826      -0.6466412E-03
    8 s   14    17.31766        6.272919        159.4154        6.573999        277.7616      -0.6591125E-03
    8 s   15    16.61316        6.432749        155.4545        6.276577        260.4485      -0.6121194E-03
    8 s   16    15.97990        6.586742        151.8201        6.087711        249.1211      -0.5482908E-03
    8 s   17    15.41039        6.736962        148.4349        5.966822        240.8706      -0.4811487E-03
    8 s   18    15.10406        6.980362        143.2590        14.79008        87.75412      -0.6539888E-01
    8 s   19    15.07672        7.344359        136.1589        14.78340        87.72651      -0.6494079E-01
    8 s   20    15.05184        7.708253        129.7311        14.77705        87.70159      -0.6452696E-01
    8 s   21    15.02910        8.072054        123.8842        14.77101        87.67861      -0.6415104E-01
    8 s   22    14.74032        8.285181        120.6974        6.172530        251.4822      -0.4211407E-03
    8 s   23    14.37348        8.438055        118.5107        6.085293        245.5402      -0.3638067E-03
    8 s   24    14.03433        8.589547        116.4206        6.055267        241.5445      -0.3108429E-03
    8 s   25    13.72158        8.740911        114.4045        6.069823        238.8918      -0.2641213E-03
    8 s   26    13.43373        8.893140        112.4462        6.120087        237.2303      -0.2238325E-03
    9 s    1    86.59703        3.244941        308.1720       0.4027236        208.2327      -0.1193622E-03
    9 s    2    52.36332        3.270241        305.7879        2.443377        216.4224      -0.3995978E-03
    9 s    3    40.02019        3.499127        285.7856        12.07678        539.1913      -0.1690540E-02
    9 s    4    33.80352        3.800029        263.1559        12.09277        516.1994      -0.2031401E-02
    9 s    5    30.24936        4.156152        240.6072        20.92996        91.01221      -0.2485581E-02
    9 s    6    28.68067        4.657095        214.7261        7.114862        235.9790      -0.1070672E-02
    9 s    7    25.92166        4.856648        205.9033        9.465772        349.1993      -0.1851676E-02
    9 s    8    24.07921        5.112974        195.5809        10.76082        432.6479      -0.2211006E-02
    9 s    9    22.65281        5.375987        186.0124        10.21306        410.0160      -0.2001743E-02
    9 s   10    21.40564        5.614744        178.1025        9.019548        342.3955      -0.1574774E-02
    9 s   11    20.29390        5.830098        171.5237        8.534304        299.8713      -0.1123917E-02
    9 s   12    19.38803        6.054193        165.1748        9.683823        315.5584      -0.6021953E-03
    9 s   13    18.71396        6.311202        158.4484        10.70605        372.6585      -0.2613798E-03
    9 s   14    18.17046        6.581828        151.9335        10.87892        411.4346      -0.1565934E-03
    9 s   15    17.69731        6.852540        145.9313        10.75641        432.3273      -0.1350371E-03
    9 s   16    17.26817        7.117751        140.4938        10.42905        438.3631      -0.1592850E-03
    9 s   17    16.85978        7.370594        135.6743        9.724729        418.2896      -0.2435989E-03
    9 s   18    16.44202        7.598704        131.6014        8.474363        360.7404      -0.3960628E-03
    9 s   19    16.00058        7.794401        128.2972        7.294358        305.3780      -0.5072798E-03
    9 s   20    15.55805        7.967488        125.5101        6.657656        275.9340      -0.5176849E-03
    9 s   21    15.13556        8.129233        123.0128        6.341746        260.6058      -0.4772383E-03
    9 s   22    15.00824        8.435772        118.5428        14.76522        87.65699      -0.6380790E-01
    9 s   23    14.98903        8.799417        113.6439        14.75965        87.63634      -0.6349332E-01
    9 s   24    14.97128        9.162997        109.1346        14.75426        87.61633      -0.6320381E-01
    9 s   25    14.86207        9.467425        105.6253        7.789249        303.9304      -0.3992428E-03
    9 s   26    14.58386        9.654522        103.5784        7.243170        281.1787      -0.4156672E-03
   10 s    1    91.70367        3.436295        291.0111        23.90294        95.87225      -0.3578338E-03
   10 s    2    63.46107        3.963327        252.3133        15.32947        733.7936      -0.6191106E-02
   10 s    3    49.09659        4.292713        232.9529        10.18397        432.2353      -0.2890357E-02
   10 s    4    39.47071        4.437108        225.3720        3.668152        234.1542      -0.3318003E-03
   10 s    5    32.98327        4.531781        220.6638        4.241393        231.4001      -0.3548258E-03
   10 s    6    29.01363        4.711160        212.2619        21.33593        84.41548      -0.3061792E-02
   10 s    7    28.06428        5.258087        190.1833        21.74300        81.67675      -0.3601945E-02
   10 s    8    27.15231        5.765518        173.4450        7.758561        266.4740      -0.1491685E-02
   10 s    9    25.09637        5.955894        167.9009        8.230294        293.0858      -0.1485055E-02
   10 s   10    23.56317        6.180670        161.7947        9.798674        338.5200      -0.1800416E-02
   10 s   11    22.39764        6.434468        155.4130        10.38633        376.9127      -0.1987649E-02
   10 s   12    21.40420        6.683772        149.6161        9.488793        359.3111      -0.1857410E-02
   10 s   13    20.46190        6.900685        144.9131        8.014946        312.8089      -0.1507806E-02
   10 s   14    19.56431        7.086716        141.1091        7.087934        281.2617      -0.1198580E-02
   10 s   15    18.74524        7.258304        137.7732        6.798760        265.6836      -0.9958923E-03
   10 s   16    18.02201        7.428475        134.6171        6.938702        259.5835      -0.8404537E-03
   10 s   17    17.40196        7.607618        131.4472        7.530205        264.0375      -0.6626569E-03
   10 s   18    16.89674        7.808851        128.0598        8.665020        289.5899      -0.4292536E-03
   10 s   19    16.50334        8.039312        124.3888        9.695539        332.6262      -0.2413675E-03
   10 s   20    16.18418        8.288140        120.6543        10.13436        367.1048      -0.1600069E-03
   10 s   21    15.90523        8.542616        117.0602        10.18233        385.2556      -0.1424498E-03
   10 s   22    15.64705        8.794833        113.7031        9.957675        387.6173      -0.1657224E-03
   10 s   23    15.39492        9.037697        110.6477        9.425191        371.3066      -0.2304460E-03
   10 s   24    15.13504        9.263224        107.9538        8.599765        337.7856      -0.3261097E-03
   10 s   25    14.95483        9.526520        104.9701        14.74899        87.59671      -0.6293648E-01
   10 s   26    14.93956        9.889995        101.1123        14.74381        87.57726      -0.6268894E-01
   11 s    1    96.24156        3.606338        277.2896        15.31163        464.4630      -0.5590418E-02
   11 s    2    64.65477        4.037877        247.6549        22.93742        87.18122      -0.1180748E-03
   11 s    3    50.96178        4.455794        224.4269        5.978603        271.4257      -0.1214444E-02
   11 s    4    41.91785        4.712204        212.2149        12.41048        617.3783      -0.1921322E-02
   11 s    5    36.55310        5.022263        199.1134        12.28568        685.0729      -0.1452903E-02
   11 s    6    32.75010        5.317880        188.0449        11.32126        590.2314      -0.1518977E-02
   11 s    7    29.74455        5.572900        179.4398        8.892706        380.6061      -0.1543974E-02
   11 s    8    27.31390        5.799830        172.4189        20.91576        83.25569      -0.3688364E-02
   11 s    9    26.66072        6.327147        158.0491        14.27898        225.0565      -0.1546002E-02
   11 s   10    25.25620        6.624755        150.9490        11.74711        555.0696      -0.3378055E-03
   11 s   11    24.03551        6.905001        144.8226        10.45739        432.6748      -0.2789198E-05
   11 s   12    22.90034        7.150961        139.8413        9.632733        356.9085      -0.3882176E-03
   11 s   13    21.94268        7.400073        135.1338        10.36992        380.2377      -0.1042391E-02
   11 s   14    21.14825        7.660463        130.5404        10.33329        395.3902      -0.1401113E-02
   11 s   15    20.41304        7.904092        126.5167        9.122985        359.9028      -0.1393873E-02
   11 s   16    19.68031        8.112011        123.2740        7.657376        312.5991      -0.1193045E-02
   11 s   17    18.96231        8.289756        120.6308        6.749773        283.1150      -0.1005565E-02
   11 s   18    18.28946        8.452498        118.3082        6.405552        268.4849      -0.8886977E-03
   11 s   19    17.67748        8.611274        116.1268        6.389158        261.6911      -0.8195443E-03
   11 s   20    17.12918        8.772090        113.9979        6.546006        258.9502      -0.7691798E-03
   11 s   21    16.64201        8.938340        111.8776        6.815789        258.8683      -0.7153034E-03
   11 s   22    16.21298        9.112926        109.7342        7.217030        262.0439      -0.6387196E-03
   11 s   23    15.84193        9.300117        107.5255        7.832571        271.7401      -0.5219626E-03
   11 s   24    15.53138        9.505799        105.1989        8.664084        292.4830      -0.3700550E-03
   11 s   25    15.27762        9.732140        102.7523        9.411225        320.5741      -0.2363525E-03
   11 s   26    15.06527        9.973218        100.2685        9.826746        344.2401      -0.1579450E-03
   12 s    1    115.8980        4.342899        230.2609        1.554006        221.0686      -0.2407365E-03
   12 s    2    70.09205        4.377451        228.4434        1.777120        216.2127      -0.1842590E-03
   12 s    3    53.01441        4.635264        215.7374        23.84255        85.69860      -0.4176691E-04
   12 s    4    46.47139        5.224090        191.4209        22.98305        87.54826      -0.2325144E-03
   12 s    5    40.43681        5.555870        179.9898        3.080010        213.0332      -0.5510351E-06
   12 s    6    34.79006        5.649123        177.0186        4.577117        229.4259      -0.1842863E-04
   12 s    7    30.96065        5.800746        172.3916        7.910506        305.3327      -0.2208154E-03
   12 s    8    28.45355        6.041821        165.5130        10.94801        472.3604      -0.6069759E-03
   12 s    9    26.68515        6.332946        157.9044        18.69122        104.1863      -0.3048011E-02
   12 s   10    26.14208        6.857123        145.8338        20.83912        81.75651      -0.4050903E-02
   12 s   11    24.66242        7.085101        141.1413        8.921956        322.9150      -0.1485896E-02
   12 s   12    23.52132        7.344872        136.1494        11.59863        455.4779      -0.1291474E-02
   12 s   13    22.67182        7.645970        130.7879        12.36682        530.7243      -0.9680293E-03
   12 s   14    21.96363        7.955815        125.6942        12.42829        554.5955      -0.8077588E-03
   12 s   15    21.34217        8.263858        121.0089        12.25423        560.0460      -0.7873971E-03
   12 s   16    20.78139        8.565861        116.7425        11.94875        552.6851      -0.8502000E-03
   12 s   17    20.26150        8.857723        112.8958        11.41591        523.7134      -0.9386191E-03
   12 s   18    19.75655        9.130515        109.5228        10.36784        458.5187      -0.1051848E-02
   12 s   19    19.23121        9.368150        106.7447        8.652096        365.3266      -0.1096604E-02
   12 s   20    18.67307        9.562733        104.5726        7.099012        299.9017      -0.9687501E-03
   12 s   21    18.11167        9.727685        102.7994        6.263561        269.4389      -0.8118068E-03
   12 s   22    17.57528        9.878644        101.2285        5.917601        255.7378      -0.7030597E-03
   12 s   23    17.07773        10.02560        99.74464        5.815189        249.1494      -0.6323663E-03
   12 s   24    16.61802        10.17086        98.32007        5.856499        246.4175      -0.5918740E-03
   12 s   25    16.19765        10.31822        96.91593        5.973936        245.6642      -0.5641071E-03
   12 s   26    15.81454        10.46923        95.51798        6.144151        246.2293      -0.5402762E-03
   13 s    1    118.2685        4.431725        225.6458        13.67848        650.9017      -0.2658754E-02
   13 s    2    76.40449        4.771681        209.5697        13.58018        831.4082      -0.3705425E-02
   13 s    3    58.49535        5.114485        195.5231        13.84578        853.1091      -0.5125452E-02
   13 s    4    48.51613        5.453950        183.3533        12.20050        536.6281      -0.3812879E-02
   13 s    5    41.83813        5.748406        173.9613        16.48187        214.1162      -0.2522131E-02
   13 s    6    37.52051        6.092486        164.1366        12.58413        706.5641      -0.2318309E-02
   13 s    7    34.05411        6.380333        156.7316        10.31612        542.0731      -0.1544395E-02
   13 s    8    31.06465        6.596262        151.6010        7.137970        337.6077      -0.1115185E-02
   13 s    9    28.45094        6.752004        148.1042        5.771737        271.7277      -0.1007519E-02
   13 s   10    26.30335        6.899426        144.9396        6.395302        264.8626      -0.1177342E-02
   13 s   11    25.67778        7.376796        135.5602        20.63566        81.67935      -0.4104271E-02
   13 s   12    25.26943        7.890746        126.7307        20.42221        81.75800      -0.4131556E-02
   13 s   13    24.19087        8.158264        122.5751        5.526376        246.3532      -0.6076650E-03
   13 s   14    22.94456        8.311133        120.3205        6.865810        262.1041      -0.7030765E-03
   13 s   15    21.96566        8.505278        117.5741        8.759856        297.3316      -0.9373254E-03
   13 s   16    21.21644        8.745183        114.3487        10.37623        345.0271      -0.1173107E-02
   13 s   17    20.61756        9.013384        110.9461        10.99226        373.3155      -0.1208053E-02
   13 s   18    20.09254        9.285796        107.6914        10.81334        367.6577      -0.8975043E-03
   13 s   19    19.61147        9.553384        104.6750        10.71215        367.0596      -0.4206739E-03
   13 s   20    19.18098        9.822841        101.8035        10.86191        385.7303      -0.1590789E-03
   13 s   21    18.80367        10.09935        99.01622        10.88991        401.7911      -0.7612278E-04
   13 s   22    18.45005        10.37033        96.42892        10.77047        407.9983      -0.5947106E-04
   13 s   23    18.11846        10.63657        94.01527        10.50002        405.6331      -0.7339409E-04
   13 s   24    17.79686        10.89236        91.80744        9.866835        387.1732      -0.1375748E-03
   13 s   25    17.45720        11.12058        89.92338        8.178019        328.8630      -0.3204790E-03
   13 s   26    17.06885        11.29959        88.49877        6.381161        274.0840      -0.4637185E-03
   14 s    1    133.0941        4.987266        200.5107        27.67449        94.65488      -0.6987558E-03
   14 s    2    86.70520        5.414990        184.6725        1.145652        200.1949      -0.5162656E-04
   14 s    3    62.30788        5.447830        183.5593        1.563719        199.9341      -0.3161721E-04
   14 s    4    48.92175        5.499548        181.8331        3.867016        216.4550      -0.8128696E-03
   14 s    5    42.55714        5.847196        171.0222        19.33349        118.9342      -0.1140792E-02
   14 s    6    39.30565        6.382353        156.6820        21.80456        85.56441      -0.3282518E-03
   14 s    7    36.32859        6.806476        146.9189        7.089488        247.1053      -0.1002066E-02
   14 s    8    33.05506        7.018905        142.4724        10.16195        360.9699      -0.1248663E-02
   14 s    9    30.75747        7.299393        136.9977        12.03501        490.2680      -0.1613536E-02
   14 s   10    28.98805        7.603628        131.5162        12.14524        517.1475      -0.1925278E-02
   14 s   11    27.40540        7.873115        127.0145        8.444810        331.3821      -0.1614174E-02
   14 s   12    25.70917        8.028058        124.5631        5.153153        248.0278      -0.7488608E-03
   14 s   13    24.90654        8.399622        119.0530        20.22952        81.83127      -0.4138075E-02
   14 s   14    24.58111        8.903935        112.3099        20.05672        81.90564      -0.4128119E-02
   14 s   15    23.71560        9.182867        108.8984        8.550408        346.0102      -0.1192045E-02
   14 s   16    22.73001        9.369063        106.7343        6.815727        287.6513      -0.9571576E-03
   14 s   17    21.81887        9.538561        104.8376        7.052857        288.6626      -0.1021236E-02
   14 s   18    21.05188        9.729156        102.7838        8.409387        328.1221      -0.1394224E-02
   14 s   19    20.44290        9.958402        100.4177        9.988666        399.9921      -0.1928505E-02
   14 s   20    19.96229        10.22296        97.81901        10.67752        451.0936      -0.2282950E-02
   14 s   21    19.51723        10.48261        95.39613        10.06804        417.6011      -0.2220270E-02
   14 s   22    19.06306        10.71489        93.32806        8.595239        343.0245      -0.1770947E-02
   14 s   23    18.58545        10.91072        91.65298        7.286593        291.7027      -0.1226464E-02
   14 s   24    18.11133        11.08483        90.21339        6.902899        273.0528      -0.7937091E-03
   14 s   25    17.68753        11.26730        88.75239        8.009364        293.3318      -0.3950123E-03
   14 s   26    17.35323        11.48785        87.04849        9.459664        341.8942      -0.1264737E-03
   15 s    1    139.7049        5.234985        191.0225        17.18205        510.4185      -0.6540794E-02
   15 s    2    89.26750        5.575013        179.3718        17.57261        304.1025      -0.3456773E-02
   15 s    3    68.15403        5.958982        167.8139        14.53696        905.8024      -0.3564777E-02
   15 s    4    56.07145        6.303283        158.6475        12.65289        666.5379      -0.3550754E-02
   15 s    5    47.65710        6.547912        152.7204        6.551434        296.0027      -0.2140120E-02
   15 s    6    41.11184        6.675638        149.7984        4.756087        231.8331      -0.1052528E-02
   15 s    7    37.00278        6.932791        144.2421        21.17444        85.41061      -0.4826984E-03
   15 s    8    35.16652        7.467253        133.9181        21.23392        84.17148      -0.7350654E-03
   15 s    9    32.82161        7.789256        128.3820        4.301707        288.3372      -0.9570722E-04
   15 s   10    30.08394        7.891083        126.7253        4.297805        265.4956      -0.1084370E-05
   15 s   11    27.97669        8.037234        124.4209        8.517335        367.0421      -0.4985305E-03
   15 s   12    26.61938        8.312287        120.3038        12.43362        579.5865      -0.1432274E-02
   15 s   13    25.58385        8.628041        115.9012        12.68290        586.8723      -0.1572603E-02
   15 s   14    24.65917        8.932211        111.9544        11.45834        487.3910      -0.1473052E-02
   15 s   15    24.28722        9.404204        106.3354        19.90498        81.96299      -0.4104280E-02
   15 s   16    23.78985        9.805917        101.9792        12.30844        414.4560      -0.1421254E-03
   15 s   17    23.16320        10.12626        98.75314        12.78015        458.0971      -0.1024225E-03
   15 s   18    22.59323        10.44149        95.77176        12.16181        457.2801      -0.4230777E-05
   15 s   19    21.89310        10.66484        93.76606        6.362162        281.2098      -0.5804869E-03
   15 s   20    21.13386        10.82294        92.39633        6.566260        282.0178      -0.7893968E-03
   15 s   21    20.47855        10.99892        90.91801        7.702207        314.5803      -0.1186859E-02
   15 s   22    19.94361        11.20983        89.20745        9.292301        383.4504      -0.1818671E-02
   15 s   23    19.51443        11.45609        87.28983        10.41541        461.8952      -0.2381122E-02
   15 s   24    19.14454        11.71719        85.34467        10.47965        478.1817      -0.2577299E-02
   15 s   25    18.78632        11.96725        83.56136        9.579180        419.3364      -0.2343193E-02
   15 s   26    18.41122        12.18824        82.04630        8.238835        347.3300      -0.1823181E-02
   16 s    1    144.0642        5.398337        185.2422       0.7083996        196.0319      -0.4524231E-04
   16 s    2    91.06368        5.687190        175.8338        21.39195        108.5986      -0.1029141E-02
   16 s    3    71.57306        6.257922        159.7975        22.95413        87.13552      -0.1945498E-04
   16 s    4    58.99357        6.631775        150.7892        3.840220        220.4102      -0.5059385E-03
   16 s    5    49.46285        6.796015        147.1451        9.814379        376.4478      -0.2172110E-02
   16 s    6    43.59574        7.078967        141.2635        12.03802        632.7319      -0.3100485E-02
   16 s    7    39.36825        7.375982        135.5752        11.62615        714.0343      -0.2585910E-02
   16 s    8    35.97734        7.639422        130.8999        8.723774        496.3671      -0.1134281E-02
   16 s    9    33.69363        7.996205        125.0593        20.52789        87.75617      -0.1025134E-02
   16 s   10    31.82111        8.346744        119.8072        12.16281        599.8142      -0.1663456E-02
   16 s   11    30.10840        8.649641        115.6117        12.06065        616.7841      -0.1549674E-02
   16 s   12    28.61330        8.934917        111.9205        10.41096        454.5120      -0.1287311E-02
   16 s   13    27.11706        9.145110        109.3481        6.720098        273.9713      -0.3787714E-03
   16 s   14    25.69825        9.308593        107.4276        7.035460        261.4505      -0.2041143E-04
   16 s   15    24.58840        9.520824        105.0329        10.13421        326.1686      -0.5280619E-04
   16 s   16    24.02031        9.900910        101.0008        19.77154        82.02192      -0.4068768E-02
   16 s   17    23.70103        10.36139        96.51219        7.080120        304.6860      -0.1210009E-02
   16 s   18    22.77978        10.52771        94.98744        6.667696        277.7199      -0.9095230E-03
   16 s   19    22.10391        10.76753        92.87178        12.01184        427.1600      -0.1824954E-03
   16 s   20    21.61344        11.06854        90.34618        11.95032        445.1539      -0.5837580E-04
   16 s   21    21.15741        11.36354        88.00078        11.65078        443.5109      -0.2976155E-04
   16 s   22    20.72833        11.65090        85.83029        11.33548        438.2170      -0.2600650E-04
   16 s   23    20.32077        11.92945        83.82615        10.92058        427.0748      -0.5359977E-04
   16 s   24    19.92379        12.19412        82.00672        10.19538        402.3964      -0.2169123E-03
   16 s   25    19.52633        12.43865        80.39457        9.525931        382.5848      -0.7685887E-03
   16 s   26    19.15017        12.67743        78.88037        9.759878        402.3518      -0.1488133E-02
   17 s    1    161.8757        6.065764        164.8597        17.80799        774.1240      -0.6248151E-02
   17 s    2    103.3019        6.451505        155.0026        11.09096        463.3826      -0.4518211E-02
   17 s    3    75.05904        6.562716        152.3759        2.214080        208.4830      -0.4808253E-03
   17 s    4    60.73073        6.827057        146.4760        22.38999        85.73046      -0.2480311E-04
   17 s    5    53.63821        7.369695        135.6908        19.10334        109.3458      -0.7289919E-03
   17 s    6    46.94700        7.623137        131.1796        5.171963        308.2040      -0.1084195E-02
   17 s    7    41.20366        7.719862        129.5360        3.461213        244.6672      -0.7873675E-03
   17 s    8    36.87169        7.829327        127.7249        6.280802        270.1014      -0.1448811E-02
   17 s    9    33.95738        8.058799        124.0880        11.66410        355.7784      -0.1756328E-02
   17 s   10    32.51111        8.527733        117.2645        20.91855        82.42268      -0.1034186E-02
   17 s   11    31.46188        9.038472        110.6382        4.800695        211.0093      -0.3750041E-03
   17 s   12    29.33146        9.159171        109.1802        6.093015        267.5242      -0.6824468E-03
   17 s   13    27.77412        9.366699        106.7612        10.39625        454.8258      -0.1777608E-02
   17 s   14    26.62183        9.643139        103.7007        11.39508        558.9613      -0.2247839E-02
   17 s   15    25.61550        9.918523        100.8215        10.60180        493.5144      -0.2203355E-02
   17 s   16    24.66281        10.16574        98.36961        8.786467        378.5219      -0.1745420E-02
   17 s   17    23.77683        10.39452        96.20452        19.65542        82.07778      -0.4023605E-02
   17 s   18    23.55383        10.88544        91.86587        19.55509        82.13229      -0.3970654E-02
   17 s   19    23.34895        11.37403        87.91956        19.46856        82.18653      -0.3911677E-02
   17 s   20    22.79729        11.67480        85.65456        7.712467        325.6865      -0.1300864E-02
   17 s   21    22.06026        11.84845        84.39920        6.475069        289.4324      -0.8589251E-03
   17 s   22    21.35952        12.00568        83.29394        6.282759        279.6649      -0.6987053E-03
   17 s   23    20.72529        12.16693        82.18998        6.779040        285.9353      -0.7158287E-03
   17 s   24    20.17845        12.34999        80.97174        8.065911        315.1990      -0.8052706E-03
   17 s   25    19.73657        12.57258        79.53817        9.727472        371.2902      -0.7431381E-03
   17 s   26    19.37590        12.82686        77.96143        10.51016        411.7338      -0.6181545E-03
   18 s    1    173.0043        6.482772        154.2550        29.64051        87.67950      -0.1100599E-03
   18 s    2    105.1848        6.569097        152.2279        4.503928        238.3178      -0.1110206E-02
   18 s    3    78.09681        6.828320        146.4489        12.34228        735.3646      -0.4623845E-02
   18 s    4    63.48928        7.137160        140.1117        12.39181        828.2431      -0.3847956E-02
   18 s    5    54.21797        7.449351        134.2399        13.91439        238.8635      -0.1892742E-02
   18 s    6    48.58941        7.889827        126.7455        13.44821        199.4723      -0.1652337E-02
   18 s    7    43.86823        8.219092        121.6679        13.60727        553.6896      -0.2968499E-02
   18 s    8    40.28075        8.553206        116.9152        12.87449        585.7499      -0.3224954E-02
   18 s    9    37.16116        8.819123        113.3900        7.393991        304.3469      -0.1776792E-02
   18 s   10    34.09843        8.944090        111.8057        3.844745        226.9325      -0.4724793E-03
   18 s   11    31.51045        9.052425        110.4676        20.11397        84.32732      -0.1136926E-02
   18 s   12    30.66207        9.574673        104.4422        20.84020        81.72595      -0.1325025E-02
   18 s   13    29.93569        10.09568        99.05228        19.59751        89.22535      -0.1444653E-02
   18 s   14    28.43142        10.29862        97.10038        6.889630        294.2909      -0.9492473E-03
   18 s   15    27.03171        10.46689        95.53933        7.038996        285.1174      -0.1035569E-02
   18 s   16    25.86795        10.66249        93.78675        8.854398        332.2630      -0.1518673E-02
   18 s   17    24.95022        10.90749        91.68010        10.74245        411.2869      -0.2038548E-02
   18 s   18    24.20257        11.18525        89.40346        11.34952        454.9501      -0.2229972E-02
   18 s   19    23.51511        11.45497        87.29832        10.04063        404.4829      -0.1942028E-02
   18 s   20    23.16016        11.86064        84.31250        19.39401        82.24126      -0.3848289E-02
   18 s   21    22.98575        12.34553        81.00101        19.32965        82.29698      -0.3781918E-02
   18 s   22    22.55311        12.67656        78.88576        10.58696        391.6429      -0.1263874E-02
   18 s   23    21.98487        12.90638        77.48109        7.969868        314.9959      -0.1033816E-02
   18 s   24    21.38039        13.08562        76.41977        6.674718        283.3598      -0.7835792E-03
   18 s   25    20.79568        13.24725        75.48735        6.418953        276.4072      -0.7012182E-03
   18 s   26    20.25598        13.40947        74.57416        6.675067        281.8930      -0.7726277E-03
   19 s    1    174.1599        6.526074        153.2315       0.9916954        196.7802      -0.6625866E-04
   19 s    2    114.3906        7.144026        139.9771        22.01044        125.6477      -0.1827325E-02
   19 s    3    86.32178        7.547463        132.4949        9.381505        388.8073      -0.2685187E-02
   19 s    4    68.09413        7.654815        130.6367        2.401028        230.9386      -0.8446019E-03
   19 s    5    56.25671        7.729467        129.3750        4.415374        237.0311      -0.1104201E-02
   19 s    6    49.17639        7.985140        125.2326        19.97938        106.8266      -0.7382968E-03
   19 s    7    45.56880        8.537709        117.1274        22.61270        85.77040      -0.1709063E-03
   19 s    8    41.82647        8.881425        112.5945        3.427484        227.4509      -0.3183665E-03
   19 s    9    37.99222        9.016350        110.9096        8.488684        368.2602      -0.1700995E-02
   19 s   10    35.38249        9.280904        107.7481        11.57961        622.9224      -0.2519763E-02
   19 s   11    33.30670        9.568458        104.5100        11.38479        631.8309      -0.2109742E-02
   19 s   12    31.52827        9.845157        101.5728        10.76759        558.8386      -0.1647658E-02
   19 s   13    29.95720        10.10294        98.98113        10.33763        285.5418      -0.1262781E-02
   19 s   14    29.11930        10.54779        94.80658        9.850310        436.0359      -0.6104539E-03
   19 s   15    27.93190        10.81545        92.46028        11.33217        557.1165      -0.8859186E-03
   19 s   16    26.93649        11.10293        90.06634        11.58613        581.0470      -0.9520606E-03
   19 s   17    26.03790        11.38300        87.85033        10.60758        492.1883      -0.6348165E-03
   19 s   18    25.14449        11.62056        86.05438        8.533937        356.6529      -0.4594693E-04
   19 s   19    24.29472        11.83475        84.49694        9.160653        343.8752      -0.1847489E-03
   19 s   20    23.61204        12.09205        82.69898        11.38969        407.3148      -0.7761233E-03
   19 s   21    23.06726        12.38931        80.71476        12.10483        444.0288      -0.1169033E-02
   19 s   22    22.82420        12.82893        77.94881        19.27384        82.35392      -0.3713793E-02
   19 s   23    22.46252        13.18678        75.83352        11.42588        439.3459      -0.2759791E-04
   19 s   24    22.02464        13.47993        74.18438        11.86693        465.3540      -0.3491391E-05
   19 s   25    21.62352        13.77460        72.59738        11.63136        460.4582      -0.1704170E-04
   19 s   26    21.23331        14.05646        71.14165        10.75621        417.5832      -0.1057968E-03
   20 s    1    182.9934        6.857080        145.8347        15.24208        762.2383      -0.6602006E-02
   20 s    2    116.6861        7.287382        137.2235        19.40605        213.6594      -0.3162393E-02
   20 s    3    88.28555        7.719163        129.5477        8.578604        223.1310      -0.1354344E-02
   20 s    4    71.46688        8.033963        124.4716        14.32908        648.8989      -0.4384444E-02
   20 s    5    61.05018        8.388073        119.2169        13.75454        717.9130      -0.4983964E-02
   20 s    6    53.57134        8.698781        114.9586        9.655717        389.5133      -0.3312650E-02
   20 s    7    47.03833        8.813040        113.4682        2.613128        214.7713      -0.2813654E-03
   20 s    8    42.89009        9.107275        109.8023        22.49230        86.39384      -0.2113569E-03
   20 s    9    40.60590        9.636631        103.7707        16.55976        201.2586      -0.1668362E-02
   20 s   10    38.04418        9.979070        100.2097        12.59741        722.1106      -0.2442702E-02
   20 s   11    35.20867        10.11486        98.86440        3.423620        226.8573      -0.1141286E-06
   20 s   12    32.69636        10.20991        97.94406        4.308822        239.0245      -0.3646896E-04
   20 s   13    30.66414        10.34135        96.69921        6.540744        289.8829      -0.2072509E-03
   20 s   14    29.31044        10.61702        94.18835        20.74632        81.45518      -0.1526920E-02
   20 s   15    28.76055        11.13631        89.79633        20.69575        81.38534      -0.1606263E-02
   20 s   16    27.83345        11.47264        87.16387        5.566696        280.2442      -0.6906786E-03
   20 s   17    26.59184        11.62516        86.02033        7.035676        305.1755      -0.1132282E-02
   20 s   18    25.61440        11.83773        84.47564        10.09043        417.2111      -0.1873017E-02
   20 s   19    24.85880        12.10953        82.57959        11.42853        516.2911      -0.2014835E-02
   20 s   20    24.19990        12.39310        80.69007        11.23382        509.4810      -0.1726044E-02
   20 s   21    23.57591        12.66250        78.97333        10.38052        442.4781      -0.1083437E-02
   20 s   22    22.97930        12.91611        77.42267        10.25111        405.1153      -0.3272044E-03
   20 s   23    22.67420        13.31105        75.12554        19.22511        82.41207      -0.3644945E-02
   20 s   24    22.51293        13.77878        72.57538        10.17284        413.3980      -0.2046655E-02
   20 s   25    22.00213        14.01579        71.34812        8.895405        356.1807      -0.1498865E-02
   20 s   26    21.49113        14.22714        70.28818        8.371145        334.8993      -0.9399013E-03
