    0 t    2    6.040095       0.3772214        2650.963        9.095199        243.6092       0.1674589E-08
    0 t    3    6.652685       0.5816712        1719.184        7.495203        232.4753       0.9812021E-09
    0 t    4    6.742489       0.7579583        1319.334        6.660513        220.2890       0.1753058E-08
    0 t    5    6.674946       0.9171132        1090.378        6.096378        208.4519       0.1907388E-08
    0 t    6    6.554818        1.064355        939.5361        5.695798        197.7056       0.5286078E-09
    0 t    7    6.420989        1.203028        831.2358        5.403033        188.2498       0.4867479E-09
    0 t    8    6.288655        1.335332        748.8775        5.181010        180.0263       0.5162022E-09
    0 t    9    6.163459        1.462718        683.6587        5.006271        172.9010       0.6867077E-09
    0 t   10    6.047140        1.586178        630.4464        4.864760        166.7337       0.8799571E-09
    0 t   11    5.939877        1.706427        586.0197        4.748093        161.3976       0.1038870E-08
    0 t   12    5.841260        1.824018        548.2403        4.651017        156.7812       0.1102476E-08
    0 t   13    5.750678        1.939391        515.6258        4.569952        152.7863       0.1150587E-08
    0 t   14    5.667479        2.052912        487.1128        4.502230        149.3271       0.1117739E-08
    0 t   15    5.591022        2.164888        461.9177        4.445723        146.3287       0.1113954E-08
    0 t   16    5.520706        2.275575        439.4494        4.398662        143.7263       0.1143010E-08
    0 t   17    5.455975        2.385190        419.2539        4.359552        141.4638       0.9917162E-09
    0 t   18    5.396316        2.493915        400.9760        4.327118        139.4936       0.1319575E-08
    0 t   19    5.341263        2.601903        384.3341        4.300279        137.7748       0.9829270E-09
    0 t   20    5.290392        2.709282        369.1014        4.278116        136.2725       0.8293453E-09
    0 t   21    5.243319        2.816159        355.0935        4.259856        134.9573       0.1129875E-08
    0 t   22    5.199694        2.922623        342.1584        4.244848        133.8040       0.1846134E-08
    0 t   23    5.159205        3.028748        330.1694        4.232546        132.7913       0.2697734E-08
    0 t   24    5.121568        3.134596        319.0204        4.222492        131.9010       0.2821164E-08
    1 t    1    32.63053        1.222723        817.8470        2.750175        266.3269       0.1543622E-09
    1 t    2    21.01245        1.312288        762.0277        4.370085        263.5414      -0.4202081E-11
    1 t    3    16.45604        1.438818        695.0150        5.689629        261.2518       0.5464737E-11
    1 t    4    14.17746        1.593762        627.4462        6.633848        259.4448       0.8631468E-10
    1 t    5    12.86352        1.767401        565.8025        7.187273        257.2642       0.3527322E-09
    1 t    6    12.01167        1.950426        512.7086        7.395771        253.9288       0.4289475E-09
    1 t    7    11.39652        2.135237        468.3322        7.346626        249.2984       0.2760066E-09
    1 t    8    10.91043        2.316718        431.6451        7.147543        243.9070       0.2528356E-09
    1 t    9    10.50241        2.492443        401.2127        6.900875        238.5709       0.2330477E-09
    1 t   10    10.14926        2.662173        375.6330        6.675629        233.8865       0.5220245E-09
    1 t   11    9.839969        2.826859        353.7495        6.498757        230.0251       0.5171232E-09
    1 t   12    9.567942        2.987728        334.7025        6.368619        226.8531       0.3841864E-09
    1 t   13    9.327921        3.145800        317.8841        6.272608        224.1281       0.2912683E-09
    1 t   14    9.115175        3.301760        302.8687        6.197571        221.6169       0.2530576E-09
    1 t   15    8.925433        3.455998        289.3520        6.133373        219.1373       0.4603611E-09
    1 t   16    8.754947        3.608693        277.1086        6.073153        216.5620       0.6445602E-09
    1 t   17    8.600510        3.759887        265.9654        6.012597        213.8096       0.8940334E-09
    1 t   18    8.459427        3.909536        255.7848        5.949150        210.8353       0.9797494E-09
    1 t   19    8.329456        4.057549        246.4542        5.881437        207.6226       0.5064638E-09
    1 t   20    8.208746        4.203811        237.8794        5.808867        204.1769       0.9636305E-09
    1 t   21    8.095776        4.348199        229.9803        5.731394        200.5211       0.8233550E-09
    1 t   22    7.989302        4.490595        222.6876        5.649364        196.6915       0.7349122E-09
    1 t   23    7.888314        4.630891        215.9411        5.563411        192.7335       0.5729676E-09
    1 t   24    7.791998        4.769001        209.6875        5.474385        188.6986       0.1409871E-08
    2 t    1    59.03803        2.212257        452.0270        1.279828        212.2869      -0.1742644E-09
    2 t    2    36.10487        2.254853        443.4878        2.123399        212.9755      -0.1511533E-09
    2 t    3    26.51625        2.318423        431.3277        2.956354        214.2153      -0.1181188E-09
    2 t    4    21.37355        2.402712        416.1964        3.780122        216.2246      -0.7750690E-10
    2 t    5    18.25023        2.507514        398.8013        4.596268        219.2376      -0.5268897E-10
    2 t    6    16.21271        2.632580        379.8555        5.397593        223.4168      -0.3667053E-10
    2 t    7    14.82309        2.777234        360.0704        6.155563        228.6910       0.2317587E-10
    2 t    8    13.84459        2.939758        340.1641        6.816015        234.5856       0.9595870E-10
    2 t    9    13.13378        3.116922        320.8293        7.317500        240.2602       0.1915018E-09
    2 t   10    12.59695        3.304208        302.6444        7.622702        244.8408       0.5595878E-09
    2 t   11    12.17146        3.496659        285.9873        7.734372        247.7757       0.6756174E-09
    2 t   12    11.81636        3.689830        271.0152        7.688324        248.9407       0.5893031E-09
    2 t   13    11.50621        3.880419        257.7041        7.537282        248.5363       0.5005161E-09
    2 t   14    11.22636        4.066486        245.9126        7.334812        246.9252       0.3979377E-09
    2 t   15    10.96904        4.247301        235.4436        7.122748        244.4874       0.4918822E-11
    2 t   16    10.73044        4.422969        226.0925        6.925786        241.5328       0.6132321E-11
    2 t   17    10.50853        4.594015        217.6745        6.753735        238.2793       0.2730296E-09
    2 t   18    10.30200        4.761085        210.0361        6.607340        234.8730       0.2810992E-09
    2 t   19    10.10975        4.924787        203.0545        6.483486        231.4178       0.2923212E-09
    2 t   20    9.930674        5.085634        196.6323        6.378261        227.9962       0.7622738E-09
    2 t   21    9.763728        5.244048        190.6924        6.288242        224.6796       0.4465466E-09
    2 t   22    9.607909        5.400375        185.1723        6.210798        221.5306       0.4962515E-09
    2 t   23    9.462288        5.554904        180.0211        6.144005        218.6021       0.5594323E-09
    2 t   24    9.326022        5.707883        175.1963        6.086434        215.9351      -0.4124077E-10
    3 t    1    86.20407        3.230216        309.5768       0.9312112        223.4822      -0.7435499E-10
    3 t    2    52.21867        3.261207        306.6349        1.544822        224.3164      -0.7244574E-10
    3 t    3    37.82769        3.307428        302.3497        2.148190        225.5260      -0.7147489E-10
    3 t    4    29.96555        3.368583        296.8607        2.738324        227.0625      -0.7033793E-10
    3 t    5    25.06846        3.444314        290.3335        3.313314        228.8647      -0.6796576E-10
    3 t    6    21.76553        3.534232        282.9469        3.872567        230.8631      -0.6624205E-10
    3 t    7    19.41703        3.637949        274.8802        4.416843        232.9856      -0.6556109E-10
    3 t    8    17.68443        3.755110        266.3038        4.947835        235.1637      -0.5159648E-10
    3 t    9    16.37192        3.885401        257.3737        5.466820        237.3348      -0.3386978E-10
    3 t   10    15.35827        4.028508        248.2309        5.971851        239.4341      -0.3883000E-10
    3 t   11    14.56397        4.183984        239.0066        6.453558        241.3715      -0.4209593E-10
    3 t   12    13.93375        4.351015        229.8314        6.891416        242.9917       0.1494441E-09
    3 t   13    13.42681        4.528133        220.8416        7.254430        244.0434       0.2879960E-09
    3 t   14    13.01130        4.713039        212.1773        7.509040        244.1954       0.4197233E-10
    3 t   15    12.66165        4.902693        203.9695        7.631364        243.1229       0.2184692E-09
    3 t   16    12.35764        5.093685        196.3215        7.617056        240.6438       0.5079743E-09
    3 t   17    12.08405        5.282786        189.2941        7.484762        236.8535       0.2020060E-09
    3 t   18    11.83052        5.467489        182.8993        7.272480        232.1780       0.7660230E-09
    3 t   19    11.59105        5.646376        177.1048        7.026949        227.2716       0.1790668E-09
    3 t   20    11.36302        5.819156        171.8462        6.789695        222.7898       0.1552658E-09
    3 t   21    11.14590        5.986406        167.0451        6.587466        219.1917       0.1384423E-09
    3 t   22    10.94010        6.149167        162.6236        6.431320        216.6820      -0.1690200E-09
    3 t   23    10.74616        6.308609        158.5135        6.321361        215.2647      -0.1884381E-09
    3 t   24    10.56441        6.465824        154.6593        6.252120        214.8254      -0.1994463E-09
    4 t    1    116.0809        4.349754        229.8980       0.6609355        223.7235      -0.2972739E-09
    4 t    2    70.00089        4.371758        228.7409        1.097166        223.5476      -0.2903350E-09
    4 t    3    50.37626        4.404600        227.0354        1.527040        223.2750      -0.2819808E-09
    4 t    4    39.56845        4.448096        224.8153        1.948469        222.8963      -0.2723719E-09
    4 t    5    32.76660        4.502011        222.1229        2.359783        222.4016      -0.2617299E-09
    4 t    6    28.12014        4.566079        219.0063        2.759817        221.7821      -0.2545986E-09
    4 t    7    24.76537        4.640006        215.5169        3.147974        221.0325      -0.2474149E-09
    4 t    8    22.24499        4.723497        211.7076        3.524279        220.1548      -0.2335244E-09
    4 t    9    20.29429        4.816261        207.6299        3.889438        219.1619      -0.2103123E-09
    4 t   10    18.74951        4.918037        203.3332        4.244900        218.0840      -0.2006631E-09
    4 t   11    17.50400        5.028608        198.8622        4.592932        216.9756      -0.1890545E-09
    4 t   12    16.48547        5.147826        194.2568        4.936629        215.9256      -0.1758370E-09
    4 t   13    15.64328        5.275627        189.5509        5.279712        215.0670      -0.1690620E-09
    4 t   14    14.94104        5.412044        184.7731        5.625721        214.5845      -0.1709792E-09
    4 t   15    14.35191        5.557173        179.9476        5.976106        214.7074      -0.1698445E-09
    4 t   16    13.85551        5.711089        175.0980        6.326978        215.6756       0.1883608E-10
    4 t   17    13.43565        5.873667        170.2514        6.665803        217.6668       0.2144256E-09
    4 t   18    13.07873        6.044354        165.4436        6.971640        220.7066      -0.5876787E-10
    4 t   19    12.77278        6.222037        160.7191        7.222106        224.6218       0.3004319E-09
    4 t   20    12.50725        6.405134        156.1248        7.403987        229.0881       0.2937905E-09
    4 t   21    12.27329        6.591920        151.7009        7.518860        233.7335      -0.2128739E-09
    4 t   22    12.06396        6.780864        147.4738        7.579497        238.2171      -0.1829268E-09
    4 t   23    11.87415        6.970807        143.4554        7.601538        242.2512       0.9272753E-09
    4 t   24    11.70016        7.160946        139.6464        7.596981        245.5934      -0.1640588E-09
