    0 t    2    6.048836       0.3777673        2647.132        9.110448        254.6389      -0.1648601E-09
    0 t    3    6.662355       0.5825166        1716.689        7.502568        243.0453      -0.6357444E-10
    0 t    4    6.750072       0.7588107        1317.852        6.652783        230.2207       0.2972248E-09
    0 t    5    6.678202       0.9175607        1089.846        6.071899        217.6923       0.6256075E-09
    0 t    6    6.552764        1.064022        939.8306        5.658602        206.3178       0.9354026E-09
    0 t    7    6.413754        1.201672        832.1736        5.359330        196.3510       0.9501236E-09
    0 t    8    6.277049        1.332867        750.2622        5.136656        187.7410       0.1055886E-08
    0 t    9    6.148588        1.459189        685.3122        4.965827        180.3394       0.2346503E-08
    0 t   10    6.030162        1.581724        632.2214        4.831395        173.9859       0.7892499E-09
    0 t   11    5.921870        1.701254        587.8016        4.723783        168.5337       0.9712323E-09
    0 t   12    5.823162        1.818367        549.9441        4.636818        163.8536       0.1132658E-08
    0 t   13    5.733273        1.933521        517.1912        4.566260        159.8336       0.1333809E-08
    0 t   14    5.651396        2.047087        488.4990        4.508996        156.3765       0.1543969E-08
    0 t   15    5.576758        2.159365        463.0991        4.462619        153.3992       0.1522081E-08
    0 t   16    5.508642        2.270602        440.4118        4.425202        150.8302       0.1713583E-08
    0 t   17    5.446395        2.381002        419.9913        4.395168        148.6090       0.2287465E-08
    0 t   18    5.389428        2.490732        401.4885        4.371218        146.6841       0.2518465E-08
    0 t   19    5.337212        2.599929        384.6258        4.352275        145.0120       0.2380816E-08
    0 t   20    5.289273        2.708709        369.1796        4.337447        143.5559       0.2574594E-08
    0 t   21    5.245188        2.817163        354.9670        4.325994        142.2849       0.3055823E-08
    0 t   22    5.204578        2.925369        341.8373        4.317304        141.1728       0.2753828E-08
    0 t   23    5.167107        3.033387        329.6645        4.310872        140.1975       0.2328791E-08
    0 t   24    5.132474        3.141271        318.3425        4.306281        139.3402       0.2476291E-08
    1 t    1    32.22485        1.207521        828.1429        2.662823        257.6227       0.5569006E-10
    1 t    2    20.72467        1.294316        772.6091        4.238315        255.2674       0.3261289E-11
    1 t    3    16.20861        1.417185        705.6244        5.531441        253.0915       0.1186954E-10
    1 t    4    13.94852        1.568025        637.7447        6.465658        250.9370       0.1870654E-10
    1 t    5    12.64548        1.737443        575.5583        7.018241        247.9652       0.1944208E-09
    1 t    6    11.80133        1.916271        521.8469        7.228723        243.5483       0.3600228E-09
    1 t    7    11.19212        2.096940        476.8853        7.181802        237.8296       0.5023234E-09
    1 t    8    10.71082        2.274333        439.6893        6.984687        231.6531       0.6720595E-09
    1 t    9    10.30677        2.446012        408.8287        6.739337        226.0149       0.6404812E-09
    1 t   10    9.956898        2.611716        382.8901        6.514318        221.5109       0.4576981E-09
    1 t   11    9.650294        2.772368        360.7024        6.336912        218.2140       0.2732884E-09
    1 t   12    9.380489        2.929193        341.3909        6.206694        215.8865       0.2939581E-09
    1 t   13    9.142416        3.083240        324.3342        6.112498        214.2095       0.3351208E-09
    1 t   14    8.931570        3.235254        309.0948        6.042247        212.8995       0.4834267E-09
    1 t   15    8.743901        3.385707        295.3592        5.986328        211.7391       0.4745701E-09
    1 t   16    8.575845        3.534869        282.8959        5.937917        210.5724       0.5399454E-09
    1 t   17    8.424328        3.682866        271.5277        5.892394        209.2919       0.8365524E-09
    1 t   18    8.286738        3.829727        261.1152        5.846699        207.8268       0.1403874E-08
    1 t   19    8.160868        3.975424        251.5455        5.798840        206.1339       0.1530354E-08
    1 t   20    8.044864        4.119885        242.7252        5.747562        204.1910       0.1386750E-08
    1 t   21    7.937174        4.263015        234.5758        5.692142        201.9936       0.1021228E-08
    1 t   22    7.836495        4.404706        227.0299        5.632261        199.5509       0.3993255E-09
    1 t   23    7.741743        4.544846        220.0295        5.567920        196.8842       0.5675372E-10
    1 t   24    7.652014        4.683326        213.5235        5.499391        194.0246       0.6107451E-10
    2 t    1    57.04142        2.137441        467.8492        1.309421        201.7169      -0.1351665E-09
    2 t    2    34.92187        2.180972        458.5112        2.167309        202.9707      -0.1165755E-09
    2 t    3    25.68506        2.245748        445.2859        3.007361        205.0620      -0.9457984E-10
    2 t    4    20.73846        2.331318        428.9419        3.829868        208.2233      -0.7639467E-10
    2 t    5    17.73897        2.437270        410.2951        4.636936        212.7102      -0.6913738E-10
    2 t    6    15.78534        2.563184        390.1398        5.423963        218.6929      -0.5982307E-10
    2 t    7    14.45523        2.708312        369.2337        6.167394        226.0459      -0.4784754E-10
    2 t    8    13.52086        2.871017        348.3086        6.820664        234.1430       0.7622399E-10
    2 t    9    12.84494        3.048373        328.0438        7.331866        241.9376       0.9505076E-10
    2 t   10    12.33843        3.236397        308.9856        7.672244        248.4086       0.3199235E-09
    2 t   11    11.94228        3.430818        291.4757        7.847188        252.9676       0.3550241E-09
    2 t   12    11.61780        3.627826        275.6472        7.884951        255.4884       0.3700072E-09
    2 t   13    11.34018        3.824424        261.4773        7.820267        256.1014       0.3831566E-09
    2 t   14    11.09375        4.018455        248.8519        7.684097        255.0060       0.3773644E-09
    2 t   15    10.86869        4.208442        237.6176        7.500093        252.3950       0.5780185E-09
    2 t   16    10.65874        4.393415        227.6134        7.285309        248.4638       0.1036701E-08
    2 t   17    10.45994        4.572773        218.6857        7.052780        243.4542       0.4602868E-09
    2 t   18    10.26984        4.746218        210.6941        6.814030        237.6836       0.4969550E-09
    2 t   19    10.08706        4.913737        203.5111        6.580233        231.5327       0.6975817E-09
    2 t   20    9.911049        5.075584        197.0217        6.361759        225.3923       0.5442048E-09
    2 t   21    9.741767        5.232253        191.1223        6.166905        219.5990       0.3691829E-09
    2 t   22    9.579496        5.384405        185.7215        6.000863        214.3921      -0.6567470E-10
    2 t   23    9.424620        5.532791        180.7406        5.865544        209.9048      -0.7914621E-10
    2 t   24    9.277480        5.678173        176.1130        5.760151        206.1808       0.1312442E-09
    3 t    1    83.12076        3.114679        321.0604        1.018477        225.2340      -0.6637369E-10
    3 t    2    50.41531        3.148582        317.6033        1.690409        226.6552      -0.6420183E-10
    3 t    3    36.58952        3.199170        312.5811        2.351718        228.7127      -0.6129335E-10
    3 t    4    29.05410        3.266122        306.1735        2.998008        231.3123      -0.5802369E-10
    3 t    5    24.37478        3.349006        298.5961        3.624619        234.3223      -0.5264691E-10
    3 t    6    21.22994        3.447265        290.0851        4.226388        237.5704      -0.5017770E-10
    3 t    7    19.00207        3.560203        280.8829        4.797299        240.8427      -0.4871916E-10
    3 t    8    17.36349        3.686960        271.2261        5.329981        243.8864      -0.4869118E-10
    3 t    9    16.12360        3.826468        261.3376        5.815141        246.4169      -0.5046674E-10
    3 t   10    15.16343        3.977399        251.4206        6.241219        248.1345      -0.5437737E-10
    3 t   11    14.40428        4.138110        241.6562        6.594951        248.7582      -0.6073000E-10
    3 t   12    13.79161        4.306631        232.2001        6.863782        248.0853      -0.7220121E-10
    3 t   13    13.28626        4.480732        223.1778        7.040605        246.0760       0.2185806E-11
    3 t   14    12.85972        4.658136        214.6782        7.129551        242.9343       0.2195989E-09
    3 t   15    12.49160        4.836847        206.7462        7.149160        239.1231       0.7282734E-10
    3 t   16    12.16792        5.015486        199.3825        7.128765        235.2581       0.1459753E-09
    3 t   17    11.87966        5.193434        192.5508        7.098169        231.9080       0.1690908E-09
    3 t   18    11.62111        5.370712        186.1951        7.076914        229.4183       0.1856318E-09
    3 t   19    11.38836        5.547642        180.2568        7.070061        227.8524       0.2188076E-09
    3 t   20    11.17823        5.724525        174.6870        7.071402        227.0489       0.1965695E-09
    3 t   21    10.98769        5.901431        169.4504        7.069907        226.7286      -0.7134995E-10
    3 t   22    10.81376        6.078153        164.5237        7.055225        226.5961       0.2000737E-09
    3 t   23    10.65359        6.254268        159.8908        7.020628        226.4087       0.5746737E-09
    3 t   24    10.50464        6.429241        155.5394        6.963724        226.0077      -0.1067160E-09
    4 t    1    112.4205        4.212589        237.3837       0.6601502        220.0291      -0.2632783E-09
    4 t    2    67.80425        4.234572        236.1514        1.096355        219.9203      -0.2602200E-09
    4 t    3    48.80710        4.267402        234.3346        1.527105        219.7550      -0.2559180E-09
    4 t    4    38.34825        4.310927        231.9687        1.950998        219.5337      -0.2477961E-09
    4 t    5    31.76913        4.364963        229.0970        2.367399        219.2619      -0.2599955E-09
    4 t    6    27.27795        4.429326        225.7680        2.776655        218.9548      -0.2474018E-09
    4 t    7    24.03867        4.503853        222.0321        3.180277        218.6417      -0.2307178E-09
    4 t    8    21.60893        4.588436        217.9392        3.581059        218.3716      -0.2154271E-09
    4 t    9    19.73298        4.683051        213.5360        3.983042        218.2176      -0.1982136E-09
    4 t   10    18.25296        4.787790        208.8646        4.391115        218.2787      -0.1867123E-09
    4 t   11    17.06630        4.902864        203.9624        4.809916        218.6740      -0.1807280E-09
    4 t   12    16.10358        5.028576        198.8635        5.241574        219.5208      -0.1749144E-09
    4 t   13    15.31589        5.165215        193.6028        5.682068        220.8900      -0.1711506E-09
    4 t   14    14.66719        5.312848        188.2230        6.117093        222.7370      -0.1741984E-09
    4 t   15    14.12944        5.471030        182.7809        6.520319        224.8395      -0.1719063E-09
    4 t   16    13.67952        5.638549        177.3506        6.857871        226.8053      -0.1732300E-09
    4 t   17    13.29771        5.813363        172.0175        7.099685        228.2024      -0.1436529E-09
    4 t   18    12.96732        5.992864        166.8651        7.232310        228.7648       0.1482788E-09
    4 t   19    12.67498        6.174395        161.9592        7.265553        228.5400       0.1735239E-09
    4 t   20    12.41093        6.355810        157.3364        7.229079        227.8672      -0.6397396E-10
    4 t   21    12.16887        6.535836        153.0026        7.160861        227.2056      -0.1696393E-09
    4 t   22    11.94521        6.714116        148.9399        7.093968        226.9400      -0.1589423E-09
    4 t   23    11.73815        6.890963        145.1176        7.048639        227.2782      -0.1574170E-09
    4 t   24    11.54671        7.067029        141.5022        7.031765        228.2552      -0.1777953E-09
