    0 t    2    5.996622       0.3745064        2670.182        9.034193        255.2679       0.3599619E-09
    0 t    3    6.606313       0.5776167        1731.252        7.445763        244.5949      -0.2097369E-10
    0 t    4    6.695267       0.7526498        1328.639        6.607517        232.4015       0.3277137E-09
    0 t    5    6.625579       0.9103304        1098.502        6.030072        220.1000       0.7142816E-09
    0 t    6    6.501498        1.055697        947.2414        5.611489        208.6193       0.8017069E-09
    0 t    7    6.362295        1.192031        838.9043        5.300131        198.3552       0.1078932E-08
    0 t    8    6.223761        1.321552        756.6859        5.061484        189.3834       0.1134333E-08
    0 t    9    6.092087        1.445780        691.6681        4.873434        181.6395       0.1276641E-08
    0 t   10    5.969436        1.565796        638.6529        4.722429        175.0075       0.1914399E-08
    0 t   11    5.856281        1.682412        594.3848        4.600005        169.3567       0.1531021E-08
    0 t   12    5.752389        1.796267        556.7102        4.500461        164.5570       0.1851535E-08
    0 t   13    5.657235        1.907877        524.1427        4.419591        160.4860       0.2173033E-08
    0 t   14    5.570178        2.017668        495.6218        4.354063        157.0336       0.3028582E-08
    0 t   15    5.490551        2.125985        470.3702        4.301142        154.1030       0.3470930E-08
    0 t   16    5.417696        2.233115        447.8050        4.258552        151.6114       0.2853836E-08
    0 t   17    5.350986        2.339292        427.4798        4.224397        149.4884       0.3344180E-08
    0 t   18    5.289837        2.444705        409.0473        4.197112        147.6753       0.3125879E-08
    0 t   19    5.233711        2.549511        392.2321        4.175408        146.1228       0.2732323E-08
    0 t   20    5.182119        2.653834        376.8133        4.158233        144.7902       0.2984368E-08
    0 t   21    5.134618        2.757777        362.6109        4.144727        143.6436       0.2294928E-08
    0 t   22    5.090809        2.861422        349.4766        4.134195        142.6548       0.1355876E-08
    0 t   23    5.050336        2.964836        337.2868        4.126072        141.8004       0.1462629E-08
    0 t   24    5.012878        3.068073        325.9375        4.119900        141.0608       0.9908976E-10
    1 t    1    31.84537        1.193301        838.0115        2.624336        250.2869       0.3743521E-10
    1 t    2    20.47334        1.278620        782.0935        4.155369        246.8585       0.2284303E-11
    1 t    3    15.99672        1.398658        714.9709        5.385122        243.3317       0.9082790E-11
    1 t    4    13.74304        1.544926        647.2801        6.245604        239.9322       0.1409024E-09
    1 t    5    12.43102        1.707977        585.4880        6.732029        236.3149       0.2537699E-09
    1 t    6    11.57253        1.879119        532.1642        6.907348        232.2898       0.4456726E-09
    1 t    7    10.95137        2.051833        487.3690        6.876352        228.1570       0.4581817E-09
    1 t    8    10.46602        2.222352        449.9737        6.748057        224.4736       0.3963269E-09
    1 t    9    10.06793        2.389331        418.5271        6.603078        221.6341       0.3220060E-09
    1 t   10    9.732788        2.552931        391.7066        6.481094        219.6805       0.3636736E-09
    1 t   11    9.446685        2.713875        368.4768        6.390160        218.3943       0.5275111E-09
    1 t   12    9.200109        2.872867        348.0843        6.323239        217.4691       0.5502370E-09
    1 t   13    8.985669        3.030377        329.9919        6.269884        216.6246       0.4931491E-09
    1 t   14    8.797334        3.186630        313.8112        6.221288        215.6487       0.4920194E-09
    1 t   15    8.630150        3.341662        299.2523        6.171440        214.3994       0.2705266E-09
    1 t   16    8.480077        3.495395        286.0907        6.116764        212.7945       0.2231301E-09
    1 t   17    8.343848        3.647682        274.1467        6.055458        210.7980       0.2640689E-09
    1 t   18    8.218840        3.798348        263.2723        5.986919        208.4094       0.5301667E-09
    1 t   19    8.102956        3.947214        253.3433        5.911334        205.6546       0.7912174E-09
    1 t   20    7.994535        4.094111        244.2533        5.829407        202.5788       0.1031448E-08
    1 t   21    7.892263        4.238894        235.9106        5.742178        199.2406       0.1308004E-08
    1 t   22    7.795112        4.381445        228.2352        5.650888        195.7061       0.8748026E-09
    1 t   23    7.702283        4.521680        221.1567        5.556881        192.0446       0.5518682E-09
    1 t   24    7.613164        4.659548        214.6131        5.461514        188.3235       0.9053515E-09
    2 t    1    56.51908        2.117868        472.1730        1.307502        193.1174      -0.1329552E-09
    2 t    2    34.60927        2.161449        462.6527        2.175202        194.8533      -0.1222061E-09
    2 t    3    25.46696        2.226680        449.0992        3.037791        197.6215      -0.1084688E-09
    2 t    4    20.57903        2.313396        432.2650        3.891682        201.5530      -0.8436281E-10
    2 t    5    17.62240        2.421253        413.0093        4.724662        206.6846      -0.5693949E-10
    2 t    6    15.70043        2.549397        392.2496        5.506998        212.8100      -0.3891730E-10
    2 t    7    14.38936        2.695972        370.9237        6.189082        219.3554       0.3509838E-10
    2 t    8    13.45847        2.857769        349.9233        6.716304        225.4588       0.3234028E-10
    2 t    9    12.76934        3.030432        329.9860        7.055723        230.3125       0.5251446E-09
    2 t   10    12.23491        3.209242        311.6000        7.212067        233.5096       0.2905959E-09
    2 t   11    11.80031        3.390033        294.9824        7.222183        235.1133       0.8048975E-10
    2 t   12    11.43191        3.569780        280.1293        7.137521        235.4775       0.4214542E-09
    2 t   13    11.10984        3.746745        266.8984        7.007005        235.0210       0.4708769E-09
    2 t   14    10.82268        3.920263        255.0849        6.866559        234.0836       0.8020716E-09
    2 t   15    10.56377        4.090374        244.4764        6.736713        232.8839       0.6167169E-09
    2 t   16    10.32892        4.257468        234.8814        6.625818        231.5412       0.5065388E-09
    2 t   17    10.11515        4.422043        226.1398        6.534964        230.1141      -0.9920282E-11
    2 t   18    9.920073        4.584576        218.1227        6.461923        228.6314      -0.2248260E-10
    2 t   19    9.741645        4.745472        210.7272        6.403448        227.1091       0.4073360E-09
    2 t   20    9.578062        4.905057        203.8712        6.356289        225.5571       0.4407695E-09
    2 t   21    9.427708        5.063574        197.4890        6.317521        223.9807       0.4784573E-09
    2 t   22    9.289136        5.221201        191.5268        6.284571        222.3809       0.5219595E-09
    2 t   23    9.161040        5.378054        185.9409        6.255172        220.7541       0.5244046E-09
    2 t   24    9.042240        5.534197        180.6947        6.227333        219.0931       0.5938214E-09
    3 t    1    83.38574        3.124608        320.0401       0.9589830        215.8876      -0.6762071E-10
    3 t    2    50.54249        3.156524        316.8041        1.591078        216.9501      -0.6649230E-10
    3 t    3    36.64629        3.204134        312.0968        2.213007        218.4938      -0.6510881E-10
    3 t    4    29.06319        3.267144        306.0777        2.821938        220.4614      -0.6084897E-10
    3 t    5    24.34711        3.345204        298.9354        3.415959        222.7802      -0.5993235E-10
    3 t    6    21.17241        3.437923        290.8733        3.993747        225.3622      -0.5986368E-10
    3 t    7    18.92026        3.544875        282.0974        4.553569        228.0998      -0.6103630E-10
    3 t    8    17.26274        3.665568        272.8090        5.091328        230.8538      -0.6824290E-10
    3 t    9    16.00931        3.799346        263.2032        5.597794        233.4342      -0.7666328E-10
    3 t   10    15.04080        3.945234        253.4704        6.056159        235.5828      -0.8248863E-10
    3 t   11    14.27769        4.101741        243.7989        6.442501        236.9813      -0.7635946E-10
    3 t   12    13.66388        4.266744        234.3708        6.731593        237.3129       0.7617936E-10
    3 t   13    13.15829        4.437575        225.3483        6.907092        236.3713       0.1196237E-09
    3 t   14    12.73062        4.611370        216.8553        6.970404        234.1624       0.5578235E-09
    3 t   15    12.35911        4.785545        208.9626        6.941953        230.9256       0.2791277E-09
    3 t   16    12.02893        4.958192        201.6864        6.853614        227.0522      -0.9648225E-10
    3 t   17    11.73049        5.128223        194.9993        6.737257        222.9526      -0.9339786E-10
    3 t   18    11.45783        5.295251        188.8484        6.616320        218.9559       0.3474658E-09
    3 t   19    11.20711        5.459346        183.1721        6.503721        215.2805       0.1292901E-09
    3 t   20    10.97566        5.620788        177.9110        6.404415        212.0561       0.4148213E-09
    3 t   21    10.76146        5.779926        173.0126        6.319204        209.3593       0.5554121E-09
    3 t   22    10.56282        5.937106        168.4322        6.247596        207.2386       0.2306824E-09
    3 t   23    10.37831        6.092661        164.1319        6.189210        205.7256       0.2454756E-09
    3 t   24    10.20675        6.246923        160.0788        6.144109        204.8353      -0.1995692E-09
    4 t    1    111.1234        4.163985        240.1546       0.6737803        214.4857      -0.2543669E-09
    4 t    2    67.03349        4.186435        238.8667        1.120394        214.4851      -0.2498352E-09
    4 t    3    48.26514        4.220017        236.9659        1.563444        214.4781      -0.2471672E-09
    4 t    4    37.93640        4.264629        234.4870        2.002084        214.4593      -0.2439701E-09
    4 t    5    31.44302        4.320156        231.4731        2.436008        214.4237      -0.2375959E-09
    4 t    6    27.01410        4.386483        227.9731        2.865537        214.3690      -0.2487557E-09
    4 t    7    23.82335        4.463511        224.0389        3.291642        214.2971      -0.2424078E-09
    4 t    8    21.43343        4.551172        219.7236        3.715808        214.2157      -0.2510936E-09
    4 t    9    19.59135        4.649438        215.0798        4.139641        214.1380      -0.2334559E-09
    4 t   10    18.14058        4.758314        210.1585        4.563989        214.0796      -0.2176529E-09
    4 t   11    16.97906        4.877801        205.0104        4.987290        214.0497      -0.2050754E-09
    4 t   12    16.03707        5.007805        199.6883        5.403018        214.0345      -0.1905998E-09
    4 t   13    15.26477        5.147975        194.2511        5.796745        213.9768      -0.1858982E-09
    4 t   14    14.62477        5.297482        188.7689        6.144802        213.7661      -0.1818898E-09
    4 t   15    14.08758        5.454821        183.3241        6.417880        213.2722      -0.1875962E-09
    4 t   16    13.62915        5.617787        178.0061        6.591629        212.4419      -0.1173687E-09
    4 t   17    13.23003        5.783773        172.8975        6.660641        211.4137       0.8945240E-10
    4 t   18    12.87537        5.950371        168.0568        6.645932        210.5376       0.2119937E-09
    4 t   19    12.55503        6.115962        163.5066        6.587571        210.2352       0.3486891E-09
    4 t   20    12.26287        6.279984        159.2361        6.526404        210.7969       0.5629310E-10
    4 t   21    11.99552        6.442734        155.2136        6.488957        212.2798      -0.2580866E-09
    4 t   22    11.75099        6.604949        151.4016        6.484153        214.5409      -0.2668291E-09
    4 t   23    11.52770        6.767421        147.7668        6.508518        217.3295       0.9318110E-10
    4 t   24    11.32408        6.930771        144.2841        6.552876        220.3663       0.1423872E-09
