    0 t    2    6.073556       0.3793111        2636.358        9.200836        248.9471       0.9350299E-09
    0 t    3    6.715739       0.5871843        1703.043        7.661158        239.9197       0.4788044E-10
    0 t    4    6.833186       0.7681539        1301.822        6.864389        229.3957       0.4561673E-09
    0 t    5    6.787704       0.9326058        1072.264        6.312572        218.5195       0.9464641E-09
    0 t    6    6.683465        1.085244        921.4514        5.909796        208.1462       0.1417399E-08
    0 t    7    6.560682        1.229201        813.5368        5.611523        198.7082       0.1686957E-08
    0 t    8    6.436262        1.366675        731.7030        5.386442        190.3337       0.2063798E-08
    0 t    9    6.317203        1.499205        667.0203        5.212607        182.9974       0.1875279E-08
    0 t   10    6.206114        1.627877        614.2971        5.075490        176.6129       0.1510158E-08
    0 t   11    6.103671        1.753483        570.2937        4.965630        171.0752       0.1571595E-08
    0 t   12    6.009710        1.876619        532.8733        4.876706        166.2795       0.1869724E-08
    0 t   13    5.923725        1.997750        500.5631        4.804285        162.1275       0.2190217E-08
    0 t   14    5.845086        2.117247        472.3115        4.745103        158.5310       0.2710767E-08
    0 t   15    5.773140        2.235406        447.3461        4.696656        155.4119       0.3072961E-08
    0 t   16    5.707260        2.352470        425.0851        4.656973        152.7029       0.2758340E-08
    0 t   17    5.646858        2.468638        405.0816        4.624475        150.3456       0.2414456E-08
    0 t   18    5.591400        2.584073        386.9859        4.597889        148.2906       0.3456240E-08
    0 t   19    5.540400        2.698909        370.5201        4.576177        146.4955       0.3173496E-08
    0 t   20    5.493421        2.813256        355.4600        4.558494        144.9245       0.2740095E-08
    0 t   21    5.450073        2.927206        341.6227        4.544146        143.5469       0.2110584E-08
    0 t   22    5.410008        3.040836        328.8570        4.532562        142.3369       0.2261920E-08
    0 t   23    5.372912        3.154207        317.0369        4.523273        141.2724       0.1329673E-08
    0 t   24    5.338508        3.267371        306.0564        4.515888        140.3345       0.1403810E-08
    1 t    1    33.05803        1.238742        807.2708        2.529472        263.2996       0.1898092E-09
    1 t    2    21.15323        1.321080        756.9562        4.016410        258.4311       0.7289707E-11
    1 t    3    16.44007        1.437422        695.6901        5.235726        253.4159       0.1239792E-10
    1 t    4    14.05761        1.580290        632.7954        6.131413        248.8864       0.1158706E-09
    1 t    5    12.67404        1.741366        574.2617        6.694427        244.6438       0.3400949E-09
    1 t    6    11.77971        1.912760        522.8047        6.966670        240.3040       0.3589191E-09
    1 t    7    11.14497        2.088106        478.9029        7.024357        235.7534       0.3312212E-09
    1 t    8    10.65796        2.263110        441.8699        6.952615        231.1852       0.3816957E-09
    1 t    9    10.26238        2.435478        410.5971        6.823318        226.8892       0.3187095E-09
    1 t   10    9.929038        2.604408        383.9645        6.682873        223.0497       0.4086514E-09
    1 t   11    9.641818        2.769933        361.0195        6.552723        219.6878       0.6320654E-09
    1 t   12    9.390752        2.932398        341.0178        6.437925        216.7143       0.8925708E-09
    1 t   13    9.168883        3.092166        323.3980        6.336209        214.0037       0.7524475E-09
    1 t   14    8.970937        3.249513        307.7384        6.243632        211.4418       0.5533252E-09
    1 t   15    8.792763        3.404627        293.7179        6.156952        208.9424       0.4003366E-09
    1 t   16    8.631055        3.557627        281.0863        6.074136        206.4481       0.6829844E-09
    1 t   17    8.483179        3.708593        269.6440        5.994128        203.9247       0.9857096E-09
    1 t   18    8.347029        3.857591        259.2291        5.916482        201.3542       0.1109247E-08
    1 t   19    8.220918        4.004677        249.7081        5.841055        198.7307       0.1258468E-08
    1 t   20    8.103485        4.149905        240.9693        5.767819        196.0561       0.8601353E-09
    1 t   21    7.993620        4.293332        232.9193        5.696776        193.3381       0.1004436E-08
    1 t   22    7.890413        4.435012        225.4785        5.627917        190.5888       0.5456504E-09
    1 t   23    7.793106        4.574999        218.5793        5.561224        187.8227       0.1524849E-10
    1 t   24    7.701065        4.713347        212.1635        5.496676        185.0564       0.1344897E-10
    2 t    1    58.37261        2.187323        457.1799        1.326151        205.9789      -0.1386703E-09
    2 t    2    35.72957        2.231415        448.1462        2.195511        206.7586      -0.1259739E-09
    2 t    3    26.27134        2.297009        435.3487        3.043763        208.0588      -0.1109991E-09
    2 t    4    21.20245        2.383477        419.5551        3.862577        209.9832      -0.9446925E-10
    2 t    5    18.12233        2.489942        401.6158        4.639820        212.5831      -0.7852377E-10
    2 t    6    16.10523        2.615128        382.3905        5.355076        215.7878      -0.3570264E-10
    2 t    7    14.71573        2.757120        362.6973        5.977938        219.3490      -0.9871709E-11
    2 t    8    13.71941        2.913176        343.2680        6.474480        222.8596      -0.4199761E-11
    2 t    9    12.97740        3.079809        324.6954        6.821762        225.8890       0.3682135E-09
    2 t   10    12.40265        3.253241        307.3858        7.020702        228.1645       0.6293071E-09
    2 t   11    11.93958        3.430041        291.5417        7.097183        229.6593       0.3266405E-09
    2 t   12    11.55314        3.607634        277.1900        7.091411        230.5339       0.4063339E-09
    2 t   13    11.22173        3.784478        264.2372        7.043428        231.0033       0.4602960E-09
    2 t   14    10.93215        3.959916        252.5306        6.982747        231.2334       0.2270718E-09
    2 t   15    10.67606        4.133856        241.9049        6.925423        231.3064       0.2959145E-09
    2 t   16    10.44780        4.306468        232.2089        6.876731        231.2386       0.4703879E-09
    2 t   17    10.24306        4.477963        223.3158        6.835734        231.0143       0.3365659E-09
    2 t   18    10.05838        4.648494        215.1234        6.799085        230.6134       0.3467968E-09
    2 t   19    9.890792        4.818127        207.5495        6.763313        230.0269      -0.4929076E-10
    2 t   20    9.737775        4.986848        200.5275        6.725848        229.2625      -0.3585213E-10
    2 t   21    9.597180        5.154596        194.0016        6.685282        228.3439       0.5119624E-09
    2 t   22    9.467201        5.321286        187.9245        6.641250        227.3068       0.1116235E-08
    2 t   23    9.346342        5.486837        182.2544        6.594166        226.1935       0.5604038E-09
    2 t   24    9.233379        5.651182        176.9541        6.544929        225.0478       0.9928756E-09
    3 t    1    85.27399        3.195364        312.9534       0.8990698        209.1370      -0.8500091E-10
    3 t    2    51.64400        3.225317        310.0471        1.494545        210.0844      -0.8471966E-10
    3 t    3    37.40082        3.270105        305.8006        2.084802        211.4956      -0.8448837E-10
    3 t    4    29.61862        3.329584        300.3379        2.668870        213.3578      -0.7994040E-10
    3 t    5    24.77208        3.403593        293.8072        3.246475        215.6513      -0.7229584E-10
    3 t    6    21.50526        3.491970        286.3713        3.817541        218.3442      -0.7232050E-10
    3 t    7    19.18535        3.594541        278.1996        4.381000        221.3831      -0.7449692E-10
    3 t    8    17.47705        3.711073        269.4638        4.932729        224.6766      -0.7497978E-10
    3 t    9    16.18552        3.841163        260.3378        5.462869        228.0748      -0.7568264E-10
    3 t   10    15.18884        3.984065        250.9999        5.953768        231.3541      -0.8156810E-10
    3 t   11    14.40565        4.138502        241.6333        6.380895        234.2311      -0.6340582E-10
    3 t   12    13.77855        4.302552        232.4202        6.718640        236.4225       0.1403116E-10
    3 t   13    13.26551        4.473734        223.5269        6.949673        237.7382      -0.9294547E-11
    3 t   14    12.83541        4.649329        215.0848        7.072895        238.1584       0.2944338E-09
    3 t   15    12.46569        4.826815        207.1759        7.105082        237.8421       0.2204036E-09
    3 t   16    12.14070        5.004264        199.8296        7.075257        237.0625       0.2421368E-09
    3 t   17    11.85013        5.180526        193.0306        7.015102        236.1087      -0.8816348E-10
    3 t   18    11.58751        5.355183        186.7350        6.950439        235.2070       0.4497065E-09
    3 t   19    11.34875        5.528344        180.8860        6.897230        234.4889       0.2085539E-09
    3 t   20    11.13111        5.700395        175.4264        6.862086        234.0001       0.5856972E-09
    3 t   21    10.93252        5.871799        170.3056        6.845094        233.7256      -0.1027544E-09
    3 t   22    10.75116        6.042972        165.4815        6.842790        233.6157      -0.1158049E-09
    3 t   23    10.58538        6.214221        160.9212        6.850317        233.6031       0.3476692E-09
    3 t   24    10.43354        6.385729        156.5992        6.862682        233.6147       0.3347125E-09
    4 t    1    113.6805        4.259807        234.7524       0.6769153        223.8497      -0.2618475E-09
    4 t    2    68.56943        4.282359        233.5161        1.125572        224.1059      -0.2384365E-09
    4 t    3    49.36397        4.316092        231.6911        1.570569        224.4863      -0.2435136E-09
    4 t    4    38.79280        4.360900        229.3104        2.010976        224.9875      -0.2462446E-09
    4 t    5    32.14542        4.416664        226.4152        2.446377        225.6066      -0.2330742E-09
    4 t    6    27.61009        4.483258        223.0521        2.876983        226.3428      -0.2151283E-09
    4 t    7    24.34140        4.560572        219.2707        3.303702        227.1981      -0.2091520E-09
    4 t    8    21.89193        4.648529        215.1218        3.728104        228.1778      -0.2015369E-09
    4 t    9    20.00284        4.747093        210.6552        4.152211        229.2892      -0.1944887E-09
    4 t   10    18.51408        4.856283        205.9188        4.577930        230.5366      -0.1883539E-09
    4 t   11    17.32141        4.976151        200.9585        5.005941        231.9120      -0.1871670E-09
    4 t   12    16.35387        5.106733        195.8199        5.433853        233.3780      -0.1883525E-09
    4 t   13    15.56119        5.247943        190.5508        5.853788        234.8456      -0.1923138E-09
    4 t   14    14.90615        5.399405        185.2056        6.250358        236.1542      -0.1970529E-09
    4 t   15    14.35989        5.560263        179.8476        6.600871        237.0742      -0.2030975E-09
    4 t   16    13.89906        5.729042        174.5492        6.879511        237.3504      -0.1557592E-09
    4 t   17    13.50426        5.903661        169.3864        7.065104        236.7879      -0.1216287E-10
    4 t   18    13.15944        6.081654        164.4289        7.149201        235.3423      -0.6580209E-10
    4 t   19    12.85185        6.260555        159.7303        7.140311        233.1641       0.3927336E-09
    4 t   20    12.57202        6.438305        155.3204        7.061928        230.5616      -0.3056551E-09
    4 t   21    12.31356        6.613550        151.2047        6.945055        227.8994      -0.3249986E-09
    4 t   22    12.07257        6.785704        147.3686        6.818932        225.4868      -0.3591765E-09
    4 t   23    11.84692        6.954819        143.7852        6.704554        223.5155      -0.3955534E-09
    4 t   24    11.63546        7.121347        140.4229        6.613115        222.0585      -0.3991629E-09
