    0 t    2    6.132373       0.3829844        2611.072        9.286295        247.3838       0.3229523E-08
    0 t    3    6.778626       0.5926827        1687.243        7.722318        237.1852       0.3737630E-09
    0 t    4    6.893482       0.7749322        1290.435        6.904808        225.4106       0.3224959E-09
    0 t    5    6.842708       0.9401631        1063.645        6.333795        213.4131       0.2986725E-09
    0 t    6    6.732041        1.093132        914.8026        5.914318        202.1596       0.4536410E-09
    0 t    7    6.602483        1.237032        808.3863        5.601717        192.0963       0.5826619E-09
    0 t    8    6.471310        1.374117        727.7402        5.364108        183.3184       0.1869053E-08
    0 t    9    6.345678        1.505963        664.0271        5.179193        175.7577       0.6429788E-09
    0 t   10    6.228280        1.633691        612.1108        5.032392        169.2886       0.8012956E-09
    0 t   11    6.119847        1.758130        568.7862        4.914323        163.7737       0.9693357E-09
    0 t   12    6.020258        1.879913        531.9396        4.818724        159.0806       0.1098741E-08
    0 t   13    5.929041        1.999543        500.1143        4.741134        155.0886       0.1273931E-08
    0 t   14    5.845582        2.117426        472.2715        4.678172        151.6910       0.1175313E-08
    0 t   15    5.769235        2.233893        447.6490        4.627155        148.7951       0.1047321E-08
    0 t   16    5.699361        2.349214        425.6742        4.585904        146.3217       0.7983098E-09
    0 t   17    5.635356        2.463610        405.9084        4.552635        144.2040       0.4985084E-09
    0 t   18    5.576659        2.577261        388.0089        4.525879        142.3860       0.3733347E-09
    0 t   19    5.522755        2.690313        371.7039        4.504437        140.8208       0.1653290E-09
    0 t   20    5.473176        2.802888        356.7748        4.487325        139.4696       0.1103706E-09
    0 t   21    5.427501        2.915083        343.0434        4.473741        138.2999       0.8654445E-10
    0 t   22    5.385352        3.026977        330.3626        4.463032        137.2846       0.9663946E-10
    0 t   23    5.346388        3.138635        318.6098        4.454665        136.4013       0.9429031E-10
    0 t   24    5.310306        3.250111        307.6818        4.448209        135.6312       0.8976318E-10
    1 t    1    33.07698        1.239452        806.8083        2.542413        250.0259       0.1832487E-09
    1 t    2    21.17260        1.322290        756.2638        4.044003        245.8916       0.1264438E-09
    1 t    3    16.46451        1.439559        694.6571        5.282074        241.6864      -0.5485705E-11
    1 t    4    14.08890        1.583806        631.3903        6.193302        237.8502       0.3882360E-10
    1 t    5    12.71140        1.746500        572.5737        6.757877        234.0345       0.3342222E-09
    1 t    6    11.81991        1.919287        521.0268        7.009937        229.8182       0.5059825E-09
    1 t    7    11.18312        2.095255        477.2689        7.027286        225.2265       0.5141345E-09
    1 t    8    10.68920        2.269744        440.5784        6.907705        220.7166       0.4829039E-09
    1 t    9    10.28347        2.440484        409.7548        6.739749        216.7975       0.4714346E-09
    1 t   10    9.939114        2.607051        383.5752        6.580031        213.6985       0.3584654E-09
    1 t   11    9.641998        2.769985        361.0128        6.450382        211.3327       0.3734842E-09
    1 t   12    9.383280        2.930065        341.2894        6.350531        209.4511       0.3922337E-09
    1 t   13    9.156338        3.087935        323.8411        6.271953        207.7911       0.4381136E-09
    1 t   14    8.955750        3.244012        308.2603        6.205757        206.1486       0.5271600E-09
    1 t   15    8.776989        3.398520        294.2458        6.145421        204.3932       0.6337432E-09
    1 t   16    8.616313        3.551550        281.5672        6.087002        202.4578       0.6256100E-09
    1 t   17    8.470666        3.703123        270.0424        6.028533        200.3228       0.6006476E-09
    1 t   18    8.337586        3.853227        259.5227        5.969345        197.9997       0.3683078E-09
    1 t   19    8.215105        4.001845        249.8848        5.909527        195.5192       0.1216259E-09
    1 t   20    8.101650        4.148966        241.0239        5.849555        192.9214       0.2164857E-10
    1 t   21    7.995970        4.294594        232.8509        5.790051        190.2491       0.2214682E-09
    1 t   22    7.897063        4.438749        225.2887        5.731634        187.5433       0.6303118E-09
    1 t   23    7.804122        4.581466        218.2708        5.674847        184.8410       0.1331887E-08
    1 t   24    7.716493        4.722790        211.7393        5.620118        182.1734       0.1576391E-08
    2 t    1    57.81235        2.166329        461.6104        1.274903        191.5596      -0.1507767E-09
    2 t    2    35.36727        2.208788        452.7369        2.117489        193.0899      -0.1345960E-09
    2 t    3    25.98788        2.272225        440.0973        2.951553        195.5416      -0.1076902E-09
    2 t    4    20.96173        2.356417        424.3731        3.776434        199.0611      -0.8218042E-10
    2 t    5    17.91242        2.461101        406.3222        4.588622        203.7540      -0.2860604E-10
    2 t    6    15.92468        2.585809        386.7261        5.373503        209.5666      -0.2023164E-10
    2 t    7    14.56817        2.729473        366.3711        6.097000        216.1307      -0.1661249E-10
    2 t    8    13.60996        2.889937        346.0283        6.707929        222.7016      -0.1257201E-10
    2 t    9    12.90970        3.063742        326.3982        7.157716        228.3638       0.1011495E-09
    2 t   10    12.37699        3.246511        308.0230        7.424315        232.4340       0.4245801E-09
    2 t   11    11.95251        3.433756        291.2263        7.520743        234.7295       0.6626714E-09
    2 t   12    11.59812        3.621680        276.1150        7.486895        235.5338       0.6248061E-09
    2 t   13    11.29048        3.807666        262.6281        7.374658        235.3763       0.4767440E-09
    2 t   14    11.01626        3.990385        250.6024        7.232902        234.7948       0.6571846E-09
    2 t   15    10.76831        4.169573        239.8327        7.096738        234.1822       0.5946614E-09
    2 t   16    10.54281        4.345632        230.1161        6.984422        233.7473       0.4960807E-09
    2 t   17    10.33749        4.519242        221.2760        6.900843        233.5546       0.5740013E-09
    2 t   18    10.15056        4.691097        213.1698        6.843260        233.5842       0.6133767E-09
    2 t   19    9.980402        4.861778        205.6861        6.805932        233.7792       0.4664767E-09
    2 t   20    9.825388        5.031716        198.7394        6.782764        234.0721       0.5181344E-09
    2 t   21    9.683939        5.201194        192.2635        6.768426        234.3969       0.2597075E-09
    2 t   22    9.554543        5.370379        186.2066        6.758658        234.6938      -0.3875945E-10
    2 t   23    9.435781        5.539343        180.5268        6.750203        234.9101       0.2572408E-09
    2 t   24    9.326353        5.708086        175.1901        6.740648        235.0006       0.5518541E-09
    3 t    1    85.01921        3.185817        313.8912       0.9198114        212.9111      -0.1102677E-09
    3 t    2    51.50151        3.216418        310.9049        1.524951        213.7944      -0.1100561E-09
    3 t    3    37.30841        3.262025        306.5581        2.118890        215.0961      -0.1111388E-09
    3 t    4    29.55401        3.322320        300.9945        2.698899        216.7937      -0.1101803E-09
    3 t    5    24.72363        3.396936        294.3829        3.263858        218.8659      -0.1119400E-09
    3 t    6    21.46543        3.485502        286.9027        3.814456        221.2973      -0.7939120E-10
    3 t    7    19.14875        3.587684        278.7313        4.353052        224.0827      -0.3311184E-10
    3 t    8    17.44007        3.703222        270.0351        4.882890        227.2241      -0.3348188E-10
    3 t    9    16.14661        3.831929        260.9652        5.406224        230.7160      -0.3456965E-10
    3 t   10    15.14905        3.973629        251.6591        5.921067        234.5130      -0.3958222E-10
    3 t   11    14.36910        4.128003        242.2479        6.417173        238.4806       0.4517195E-10
    3 t   12    13.75227        4.294343        232.8645        6.873743        242.3541       0.2265826E-10
    3 t   13    13.25833        4.471314        223.6479        7.262388        245.7491       0.2498033E-11
    3 t   14    12.85621        4.656862        214.7369        7.555957        248.2513      -0.1074998E-10
    3 t   15    12.52139        4.848379        206.2545        7.738335        249.5435       0.5791300E-09
    3 t   16    12.23479        5.043048        198.2928        7.809200        249.4965       0.2209313E-09
    3 t   17    11.98213        5.238229        190.9042        7.782621        248.1878       0.2184714E-09
    3 t   18    11.75322        5.431769        184.1021        7.682235        245.8640       0.8347959E-09
    3 t   19    11.54134        5.622164        177.8675        7.535496        242.8731       0.1996583E-09
    3 t   20    11.34238        5.808586        172.1589        7.368308        239.5849       0.1790503E-09
    3 t   21    11.15407        5.990794        166.9228        7.201152        236.3202       0.1604598E-09
    3 t   22    10.97533        6.168972        162.1016        7.047514        233.3101       0.4708482E-09
    3 t   23    10.80569        6.343557        157.6403        6.914445        230.6888       0.1574107E-09
    3 t   24    10.64492        6.515101        153.4896        6.804244        228.5099       0.2239448E-09
    4 t    1    113.7345        4.261830        234.6410       0.7160498        227.8755      -0.2671885E-09
    4 t    2    68.62256        4.285677        233.3353        1.189815        228.0204      -0.2648059E-09
    4 t    3    49.42370        4.321314        231.4111        1.658281        228.2273      -0.2615200E-09
    4 t    4    38.86115        4.368584        228.9071        2.119529        228.4846      -0.2680432E-09
    4 t    5    32.22271        4.427283        225.8721        2.571813        228.7777      -0.2643054E-09
    4 t    6    27.69576        4.497169        222.3621        3.013595        229.0906      -0.2609433E-09
    4 t    7    24.43421        4.577960        218.4379        3.443560        229.4068      -0.2415843E-09
    4 t    8    21.98998        4.669348        214.1627        3.860637        229.7119      -0.2212427E-09
    4 t    9    20.10357        4.771000        209.5997        4.264025        229.9950      -0.2134400E-09
    4 t   10    18.61428        4.882565        204.8104        4.653212        230.2526      -0.1981269E-09
    4 t   11    17.41726        5.003687        199.8526        5.027976        230.4919      -0.1926925E-09
    4 t   12    16.44120        5.134002        194.7798        5.388307        230.7343      -0.1913234E-09
    4 t   13    15.63594        5.273150        189.6400        5.734169        231.0183      -0.1985327E-09
    4 t   14    14.96511        5.420765        184.4758        6.064990        231.3988      -0.2116565E-09
    4 t   15    14.40169        5.576448        179.3256        6.378855        231.9412      -0.2285693E-09
    4 t   16    13.92499        5.739729        174.2242        6.671571        232.7067      -0.1374082E-09
    4 t   17    13.51876        5.909998        169.2048        6.936163        233.7312      -0.9349180E-10
    4 t   18    13.16979        6.086439        164.2997        7.163625        235.0051      -0.1311397E-09
    4 t   19    12.86716        6.268011        159.5402        7.345331        236.4644      -0.2027297E-09
    4 t   20    12.60169        6.453497        154.9547        7.476276        238.0011      -0.2582316E-09
    4 t   21    12.36583        6.641624        150.5656        7.557228        239.4860      -0.2656006E-09
    4 t   22    12.15353        6.831209        146.3870        7.594347        240.7880      -0.2696012E-09
    4 t   23    11.96011        7.021266        142.4245        7.596603        241.7824      -0.2873382E-09
    4 t   24    11.78200        7.211035        138.6763        7.572679        242.3499       0.2683765E-09
