    0 s    2    4.882264       0.3049115        3279.640        6.334748        506.1414      -0.1358646E-01
    0 s    3    5.273168       0.4610544        2168.941        6.645495        412.7203      -0.9203574E-02
    0 s    5    6.028049       0.8282320        1207.391        7.823211        351.9338      -0.8530560E-02
    0 s    6    6.305566        1.023882        976.6750        7.812014        343.5205      -0.7637937E-02
    0 s    7    6.486492        1.215300        822.8418        7.477484        337.3057      -0.6180452E-02
    0 s    8    6.569649        1.394998        716.8468        6.881554        331.1020      -0.4277456E-02
    0 s    9    6.566710        1.558418        641.6763        6.207275        324.8024      -0.2443771E-02
    0 s   10    6.505705        1.706460        586.0084        5.671345        318.7048      -0.1187786E-02
    0 s   11    6.417453        1.843627        542.4091        5.329571        312.6250      -0.5252514E-03
    0 s   12    6.321835        1.974084        506.5639        5.120599        306.2600      -0.2221238E-03
    0 s   13    6.227714        2.100269        476.1295        4.978354        299.4567      -0.9192465E-04
    0 s   14    6.137872        2.223301        449.7816        4.863542        292.1843      -0.3752435E-04
    0 s   15    6.052562        2.343600        426.6940        4.757433        284.4850      -0.1513647E-04
    0 s   16    5.971224        2.461273        406.2937        4.652684        276.4515      -0.6032769E-05
    0 s   17    5.893191        2.576327        388.1494        4.547619        268.2122      -0.2374688E-05
    0 s   18    5.817925        2.688762        371.9184        4.443161        259.9144      -0.9229835E-06
    0 s   19    5.745081        2.798616        357.3195        4.341219        251.7060      -0.3541518E-06
    0 s   20    5.674476        2.905977        344.1183        4.243836        243.7199      -0.1340206E-06
    0 s   21    5.606054        3.010983        332.1175        4.152759        236.0630      -0.4986883E-07
    0 s   22    5.539833        3.113807        321.1503        4.069249        228.8113      -0.1838088E-07
    0 s   23    5.475871        3.214650        311.0759        3.994043        222.0109      -0.6635364E-08
    0 s   24    5.414239        3.313722        301.7755        3.927403        215.6813      -0.2478675E-08
    0 s   25    5.354998        3.411238        293.1487        3.869210        209.8217      -0.8278747E-09
    0 s   26    5.298187        3.507403        285.1112        3.819061        204.4162      -0.1988453E-09
    1 s    2    10.80765       0.6749688        1481.550        10.87025        311.1932      -0.1792860E-02
    1 s    3    10.68300       0.9340581        1070.597        9.872815        283.2444      -0.2803783E-03
    1 s    4    10.38355        1.167268        856.7009        8.735583        272.2380      -0.3067533E-03
    1 s    5    9.934850        1.365012        732.5942        6.941805        296.1772      -0.1090116E-02
    1 s    6    9.329935        1.514972        660.0784        5.366822        354.0965      -0.3285565E-02
    1 s    7    8.788428        1.646588        607.3164        5.404262        379.5014      -0.6061660E-02
    1 s    8    8.428077        1.789616        558.7790        6.152940        386.7332      -0.9046555E-02
    1 s    9    8.233436        1.953967        511.7794        7.042782        389.2448      -0.1176892E-01
    1 s   10    8.153806        2.138761        467.5605        7.756246        389.6919      -0.1375754E-01
    1 s   11    8.138765        2.338131        427.6920        8.211985        388.5424      -0.1501699E-01
    1 s   12    8.154116        2.546241        392.7359        8.466944        385.1202      -0.1576449E-01
    1 s   13    8.180684        2.758900        362.4634        8.580800        376.1958      -0.1607837E-01
    1 s   14    8.206714        2.972691        336.3955        8.540515        349.8451      -0.1557135E-01
    1 s   15    8.214975        3.180903        314.3761        8.001705        266.6952      -0.1165587E-01
    1 s   16    8.159830        3.363393        297.3188        6.651178        176.6171      -0.3056878E-02
    1 s   17    8.056589        3.522101        283.9214        6.149041        159.6843      -0.6183248E-03
    1 s   18    7.949356        3.673806        272.1973        5.995306        156.3051      -0.1759447E-03
    1 s   19    7.847745        3.822892        261.5821        5.923621        155.3095      -0.6118879E-04
    1 s   20    7.753442        3.970644        251.8483        5.884573        155.0920      -0.2369832E-04
    1 s   21    7.666536        4.117657        242.8566        5.862879        155.2295      -0.9759731E-05
    1 s   22    7.586627        4.264261        234.5072        5.850981        155.5400      -0.4170036E-05
    1 s   23    7.513130        4.410637        226.7246        5.844006        155.9150      -0.1822496E-05
    1 s   24    7.445386        4.556862        219.4493        5.838472        156.2788      -0.8076540E-06
    1 s   25    7.382722        4.702938        212.6331        5.831846        156.5753      -0.3608597E-06
    1 s   26    7.324485        4.848814        206.2360        5.822317        156.7627      -0.1619314E-06
    2 s    1    10.70869       0.4012730        2492.069        12.92218        403.2231      -0.3579348E-03
    2 s    2    14.82395       0.9257986        1080.149        19.41980        97.91944      -0.7626909E-01
    2 s    3    14.11337        1.233989        810.3797        6.308673        406.4292      -0.4783657E-02
    2 s    4    12.19778        1.371216        729.2799        5.182118        381.8832      -0.1093741E-02
    2 s    5    10.96265        1.506228        663.9099        5.977389        299.7409      -0.1138305E-02
    2 s    6    10.31074        1.674231        597.2890        7.314283        235.2168      -0.8189488E-03
    2 s    7    9.936720        1.861731        537.1346        7.565852        210.3469      -0.5767855E-03
    2 s    8    9.652420        2.049593        487.9017        7.431908        197.0548      -0.4992630E-03
    2 s    9    9.408993        2.232951        447.8378        7.223819        187.6368      -0.4955515E-03
    2 s   10    9.191730        2.411010        414.7639        7.011724        180.3773      -0.5392911E-03
    2 s   11    8.994412        2.583944        387.0052        6.815005        174.7679      -0.6357190E-03
    2 s   12    8.813870        2.752258        363.3380        6.643746        170.7383      -0.8223226E-03
    2 s   13    8.648762        2.916757        342.8465        6.514941        168.7753      -0.1222342E-02
    2 s   14    8.500421        3.079080        324.7723        6.492781        171.6159      -0.2333977E-02
    2 s   15    8.380932        3.245163        308.1509        6.951337        199.5145      -0.6806281E-02
    2 s   16    8.333431        3.434949        291.1251        8.222652        317.4934      -0.1584964E-01
    2 s   17    8.341406        3.646614        274.2270        8.654792        388.0405      -0.1868651E-01
    2 s   18    8.360146        3.863653        258.8224        8.750510        407.8030      -0.1951276E-01
    2 s   19    8.379661        4.082006        244.9776        8.777005        415.3185      -0.1997799E-01
    2 s   20    8.397927        4.300693        232.5206        8.782072        419.1617      -0.2032751E-01
    2 s   21    8.414468        4.519368        221.2699        8.777983        421.3611      -0.2060941E-01
    2 s   22    8.429207        4.737855        211.0660        8.768060        422.2159      -0.2082286E-01
    2 s   23    8.442095        4.955992        201.7759        8.748927        420.4858      -0.2090778E-01
    2 s   24    8.452457        5.173228        193.3029        8.675656        405.3415      -0.2036266E-01
    2 s   25    8.443191        5.378477        185.9262        7.135203        228.0146      -0.6042550E-02
    2 s   26    8.374070        5.543640        180.3869        6.437407        191.2663      -0.2534142E-03
    3 s    1    24.91590       0.9336418        1071.075        6.133565        825.7491      -0.2192907E-02
    3 s    2    17.58244        1.098074        910.6854        6.954306        372.5049      -0.3879851E-02
    3 s    3    15.76299        1.378222        725.5727        15.98972        91.40677      -0.5988773E-01
    3 s    4    15.67564        1.762181        567.4788        15.49907        88.34656      -0.5764095E-01
    3 s    5    15.52145        2.132591        468.9132        15.08380        87.24504      -0.5472827E-01
    3 s    6    15.36552        2.495016        400.7991        14.83201        86.57391      -0.5258807E-01
    3 s    7    14.32935        2.684728        372.4772        5.680510        267.5658      -0.3160739E-03
    3 s    8    13.30423        2.825017        353.9801        5.566349        263.4076      -0.3498392E-03
    3 s    9    12.48599        2.963187        337.4745        5.512047        259.5820      -0.4652413E-03
    3 s   10    11.82205        3.100950        322.4818        5.528047        255.8418      -0.5866277E-03
    3 s   11    11.27754        3.239849        308.6563        5.595572        251.9096      -0.6730616E-03
    3 s   12    10.82693        3.380866        295.7822        5.691070        247.6302      -0.7105410E-03
    3 s   13    10.45068        3.524446        283.7325        5.795943        242.9815      -0.7019787E-03
    3 s   14    10.13360        3.670660        272.4306        5.898393        238.0387      -0.6588163E-03
    3 s   15    9.863839        3.819356        261.8242        5.992246        232.9297      -0.5950985E-03
    3 s   16    9.632182        3.970280        251.8714        6.075051        227.7983      -0.5237496E-03
    3 s   17    9.431442        4.123146        242.5333        6.146419        222.7775      -0.4547466E-03
    3 s   18    9.255993        4.277670        233.7721        6.206902        217.9751      -0.3948275E-03
    3 s   19    9.101403        4.433590        225.5509        6.257388        213.4697      -0.3483112E-03
    3 s   20    8.964154        4.590666        217.8333        6.298904        209.3158      -0.3187752E-03
    3 s   21    8.841432        4.748688        210.5845        6.332699        205.5605      -0.3121632E-03
    3 s   22    8.730995        4.907483        203.7705        6.360846        202.2868      -0.3452621E-03
    3 s   23    8.631128        5.066965        197.3568        6.389511        199.8086      -0.4851837E-03
    3 s   24    8.541122        5.227494        191.2962        6.465296        200.6688      -0.1245247E-02
    3 s   25    8.476973        5.399997        185.1853        8.001996        319.6353      -0.1581028E-01
    3 s   26    8.478009        5.612447        178.1754        8.693010        426.7107      -0.2168398E-01
    4 s    1    37.36567        1.400156        714.2060        11.58960        348.6703      -0.2394412E-03
    4 s    2    27.36086        1.708765        585.2180        12.84405        423.7257      -0.3770548E-03
    4 s    3    23.28748        2.036118        491.1306        13.26914        452.2891      -0.3411961E-03
    4 s    4    20.15004        2.265170        441.4679        5.005758        273.6700      -0.1079636E-02
    4 s    5    17.45961        2.398887        416.8600        5.629945        275.2119      -0.7453375E-03
    4 s    6    15.65378        2.541822        393.4186        5.782496        270.4057      -0.5352425E-03
    4 s    7    15.22698        2.852906        350.5198        14.69696        85.80169      -0.5115455E-01
    4 s    8    15.10644        3.207699        311.7499        14.60074        85.31581      -0.4995781E-01
    4 s    9    15.00330        3.560597        280.8517        14.53802        84.93427      -0.4897000E-01
    4 s   10    14.63389        3.838502        260.5183        5.505089        290.2309      -0.1861894E-03
    4 s   11    13.83614        3.974892        251.5791        5.443799        280.3986      -0.2097077E-03
    4 s   12    13.16713        4.111627        243.2127        5.518045        275.6463      -0.2671774E-03
    4 s   13    12.60615        4.251369        235.2183        5.676592        273.4120      -0.3348402E-03
    4 s   14    12.13550        4.395801        227.4898        5.886764        272.6196      -0.3945304E-03
    4 s   15    11.74008        4.545854        219.9807        6.120633        272.6514      -0.4354290E-03
    4 s   16    11.40694        4.701815        212.6838        6.354793        273.0892      -0.4530375E-03
    4 s   17    11.12485        4.863452        205.6153        6.571130        273.6341      -0.4476202E-03
    4 s   18    10.88420        5.030148        198.8013        6.756913        274.0749      -0.4226090E-03
    4 s   19    10.67683        5.201031        192.2696        6.904265        274.2686      -0.3831259E-03
    4 s   20    10.49588        5.375084        186.0436        7.009356        274.1270      -0.3347630E-03
    4 s   21    10.33567        5.551235        180.1401        7.071624        273.6044      -0.2827161E-03
    4 s   22    10.19156        5.728434        174.5678        7.093203        272.6900      -0.2312760E-03
    4 s   23    10.05986        5.905714        169.3275        7.078524        271.4024      -0.1836103E-03
    4 s   24    9.937684        6.082243        164.4130        7.033948        269.7851      -0.1417414E-03
    4 s   25    9.822884        6.257368        159.8116        6.967212        267.8999      -0.1066483E-03
    4 s   26    9.713945        6.430638        155.5056        6.886594        265.8176      -0.7844691E-04
    5 s    1    41.16234        1.542424        648.3300        26.72685        75.08491      -0.5156335E-04
    5 s    2    33.31906        2.080872        480.5678        2.957104        293.8571      -0.3695269E-03
    5 s    3    24.67473        2.157412        463.5184        3.705041        292.6331      -0.8881032E-03
    5 s    4    21.09045        2.370887        421.7830        13.30216        521.2019      -0.1053064E-03
    5 s    5    19.65199        2.700111        370.3551        12.95660        515.9773      -0.7071483E-04
    5 s    6    18.56863        3.015128        331.6609        12.17885        519.3747      -0.5423028E-04
    5 s    7    17.63173        3.303457        302.7132        10.69483        511.5615      -0.9029888E-04
    5 s    8    16.64338        3.534052        282.9613        7.586139        397.5668      -0.2105334E-03
    5 s    9    15.57963        3.697374        270.4623        5.885391        314.5034      -0.2106128E-03
    5 s   10    14.91527        3.912308        255.6036        14.49778        84.63644      -0.4813372E-01
    5 s   11    14.84001        4.263286        234.5608        14.47171        84.40522      -0.4741400E-01
    5 s   12    14.77533        4.613810        216.7406        14.45401        84.22531      -0.4678807E-01
    5 s   13    14.57939        4.916836        203.3828        9.240040        403.0509      -0.2935782E-04
    5 s   14    14.19446        5.141612        194.4915        8.704025        398.3800      -0.4267221E-04
    5 s   15    13.81621        5.349747        186.9247        7.906072        375.3983      -0.6853265E-04
    5 s   16    13.43083        5.536042        180.6345        7.016949        337.9295      -0.1032880E-03
    5 s   17    13.04508        5.702919        175.3488        6.392756        306.4765      -0.1341429E-03
    5 s   18    12.67636        5.858399        170.6951        6.088772        287.3672      -0.1552844E-03
    5 s   19    12.33560        6.009071        166.4151        5.988043        276.5161      -0.1675934E-03
    5 s   20    12.02624        6.158802        162.3693        6.001965        270.2966      -0.1727310E-03
    5 s   21    11.74801        6.309794        158.4838        6.082522        266.7179      -0.1719753E-03
    5 s   22    11.49906        6.463343        154.7187        6.202392        264.7069      -0.1663182E-03
    5 s   23    11.27691        6.620191        151.0530        6.343140        263.6309      -0.1565951E-03
    5 s   24    11.07883        6.780665        147.4782        6.489748        263.0654      -0.1435856E-03
    5 s   25    10.90192        6.944738        143.9939        6.628334        262.6847      -0.1280956E-03
    5 s   26    10.74325        7.112041        140.6066        6.745602        262.2139      -0.1110009E-03
    6 s    1    52.56802        1.969815        507.6619        9.396402        714.8935      -0.1589268E-02
    6 s    2    34.93644        2.181882        458.3200        24.05011        75.74877      -0.2756480E-03
    6 s    3    31.54491        2.758099        362.5686        19.69685        101.5249      -0.8462105E-03
    6 s    4    27.11886        3.048572        328.0225        8.218982        311.5458      -0.1147243E-02
    6 s    5    23.42163        3.218047        310.7475        5.842272        263.2796      -0.1220778E-02
    6 s    6    20.67374        3.356951        297.8894        5.518891        249.9602      -0.9495695E-03
    6 s    7    18.69344        3.502378        285.5203        6.360207        247.6739      -0.6042069E-03
    6 s    8    17.38202        3.690895        270.9370        8.913501        283.6071      -0.2316909E-03
    6 s    9    16.57501        3.933597        254.2203        10.12248        344.1197      -0.7350560E-04
    6 s   10    15.96392        4.187371        238.8133        10.10772        374.1005      -0.3702370E-04
    6 s   11    15.44611        4.437410        225.3567        9.882976        389.2856      -0.2641114E-04
    6 s   12    14.99074        4.681077        213.6261        9.601948        398.5111      -0.2468031E-04
    6 s   13    14.71935        4.964037        201.4490        14.44104        84.08372      -0.4623997E-01
    6 s   14    14.67051        5.314052        188.1803        14.43067        83.97022      -0.4575733E-01
    6 s   15    14.40909        5.579314        179.2335        7.238401        252.9242      -0.7482030E-04
    6 s   16    13.99630        5.769123        173.3366        7.930433        268.5684      -0.4864753E-04
    6 s   17    13.66501        5.973937        167.3938        8.396348        287.7924      -0.3035790E-04
    6 s   18    13.38654        6.186606        161.6395        8.572772        302.5918      -0.2050652E-04
    6 s   19    13.14048        6.401154        156.2218        8.563608        311.4598      -0.1590127E-04
    6 s   20    12.91501        6.613956        151.1955        8.441020        315.4852      -0.1431458E-04
    6 s   21    12.70278        6.822597        146.5717        8.233129        315.6539      -0.1482908E-04
    6 s   22    12.49837        7.025035        142.3480        7.944447        312.3268      -0.1727231E-04
    6 s   23    12.29732        7.219229        138.5190        7.574006        305.4093      -0.2174281E-04
    6 s   24    12.09612        7.403290        135.0751        7.139765        295.0590      -0.2799364E-04
    6 s   25    11.89334        7.576286        131.9908        6.702186        282.7296      -0.3478879E-04
    6 s   26    11.69064        7.739210        129.2121        6.346960        271.0350      -0.4025314E-04
    7 s    1    59.11037        2.214968        451.4738        6.928891        237.5826      -0.1368912E-02
    7 s    2    40.06295        2.502047        399.6727        13.19314        403.9091      -0.4817706E-03
    7 s    3    32.34420        2.827984        353.6087        14.66824        166.7067      -0.4297050E-03
    7 s    4    29.72759        3.341833        299.2370        21.42682        77.18435      -0.1517180E-02
    7 s    5    26.79181        3.681096        271.6582        11.08697        462.1986      -0.6733865E-03
    7 s    6    24.40657        3.963079        252.3291        11.21118        490.5812      -0.1096982E-02
    7 s    7    22.55269        4.225441        236.6617        9.583191        417.5077      -0.1233878E-02
    7 s    8    20.89664        4.437188        225.3680        7.517349        337.3626      -0.1081320E-02
    7 s    9    19.42701        4.610437        216.8992        6.551914        298.0833      -0.8091491E-03
    7 s   10    18.18576        4.770165        209.6364        6.309787        279.5205      -0.5593690E-03
    7 s   11    17.15114        4.927235        202.9536        6.282642        267.7566      -0.3654752E-03
    7 s   12    16.28247        5.084437        196.6786        6.307561        258.4970      -0.2319681E-03
    7 s   13    15.54659        5.243020        190.7298        6.401704        251.2907      -0.1510859E-03
    7 s   14    14.92423        5.405956        184.9812        6.675823        247.9925      -0.1055335E-03
    7 s   15    14.62755        5.663903        176.5567        14.42171        83.87711      -0.4533011E-01
    7 s   16    14.58945        6.013613        166.2894        14.41360        83.79882      -0.4494998E-01
    7 s   17    14.55542        6.363198        157.1537        14.40607        83.73143      -0.4460997E-01
    7 s   18    14.52483        6.712669        148.9720        14.39902        83.67221      -0.4430426E-01
    7 s   19    14.24165        6.937573        144.1426        6.170274        240.7915      -0.1296324E-03
    7 s   20    13.84647        7.090968        141.0245        6.100751        235.4379      -0.1262756E-03
    7 s   21    13.48533        7.242900        138.0662        6.058176        230.7115      -0.1214071E-03
    7 s   22    13.15573        7.394523        135.2352        6.080858        227.2944      -0.1127726E-03
    7 s   23    12.85714        7.547879        132.4876        6.199194        225.8806      -0.1000313E-03
    7 s   24    12.58983        7.705460        129.7781        6.414182        226.9824      -0.8420781E-04
    7 s   25    12.35310        7.869168        127.0782        6.676449        230.4170      -0.6748969E-04
    7 s   26    12.14378        8.039191        124.3906        6.906355        234.9823      -0.5246320E-04
    8 s    1    76.33218        2.860299        349.6138        13.91485        872.9066      -0.4101395E-02
    8 s    2    50.59812        3.159999        316.4558        6.711567        289.7139      -0.2708968E-02
    8 s    3    37.42723        3.272414        305.5848        4.838769        261.8136      -0.2076723E-03
    8 s    4    30.57908        3.437554        290.9045        8.846746        312.1421      -0.1262154E-03
    8 s    5    28.29149        3.887148        257.2580        21.27078        75.23043      -0.2018848E-02
    8 s    6    27.15550        4.409442        226.7861        17.33869        107.2053      -0.1855598E-02
    8 s    7    24.77199        4.641248        215.4593        9.030709        375.9979      -0.1283559E-03
    8 s    8    23.04920        4.894262        204.3209        11.20167        428.2806      -0.1194023E-04
    8 s    9    21.87919        5.192391        192.5895        12.44321        500.6836      -0.2362891E-05
    8 s   10    20.99209        5.506269        181.6112        12.29277        564.7500      -0.7545214E-04
    8 s   11    19.92724        5.724763        174.6797        6.196213        300.0153      -0.9524916E-03
    8 s   12    18.80477        5.872062        170.2979        5.775895        272.0652      -0.7215422E-03
    8 s   13    17.84038        6.016590        166.2071        5.833345        264.1609      -0.5177705E-03
    8 s   14    17.01744        6.164174        162.2277        5.988244        260.6476      -0.3656886E-03
    8 s   15    16.31081        6.315675        158.3362        6.132813        258.0215      -0.2592503E-03
    8 s   16    15.69721        6.470218        154.5543        6.225486        254.9469      -0.1915019E-03
    8 s   17    15.15731        6.626324        150.9132        6.255955        250.9754      -0.1537934E-03
    8 s   18    14.67592        6.782498        147.4383        6.231335        246.1448      -0.1363048E-03
    8 s   19    14.49716        7.062037        141.6022        14.39241        83.61928      -0.4402798E-01
    8 s   20    14.47201        7.411315        134.9288        14.38621        83.57136      -0.4377710E-01
    8 s   21    14.44905        7.760512        128.8575        14.38041        83.52750      -0.4354826E-01
    8 s   22    14.32886        8.053910        124.1633        6.497377        264.3741      -0.1481010E-03
    8 s   23    14.00157        8.219720        121.6587        6.763195        268.2512      -0.1606539E-03
    8 s   24    13.71116        8.391754        119.1646        6.993186        271.3283      -0.1723966E-03
    8 s   25    13.45173        8.569015        116.6995        7.179825        273.4096      -0.1804500E-03
    8 s   26    13.21807        8.750367        114.2809        7.319509        274.4266      -0.1831622E-03
    9 s    1    84.24653        3.156864        316.7701        1.501980        228.0735      -0.3423504E-05
    9 s    2    52.03278        3.249598        307.7304        9.271023        530.7543      -0.2691981E-02
    9 s    3    40.60331        3.550111        281.6813        12.60295        913.3906      -0.3110875E-02
    9 s    4    34.34451        3.860845        259.0106        12.31078        857.6119      -0.1351634E-02
    9 s    5    30.28108        4.160510        240.3551        11.61477        738.4143      -0.5976066E-03
    9 s    6    27.28142        4.429890        225.7392        12.84834        162.5484      -0.9429164E-03
    9 s    7    25.92813        4.857860        205.8519        11.34300        471.2743      -0.1243406E-02
    9 s    8    24.18686        5.135833        194.7104        10.77063        494.0742      -0.1696431E-02
    9 s    9    22.67601        5.381494        185.8220        8.847540        383.4545      -0.1748038E-02
    9 s   10    21.26978        5.579108        179.2401        7.459600        299.3022      -0.1333077E-02
    9 s   11    20.33271        5.841247        171.1963        12.66756        475.3181      -0.7553305E-04
    9 s   12    19.72689        6.160005        162.3375        12.72488        524.3272      -0.1779126E-04
    9 s   13    19.19984        6.475063        154.4386        12.44852        536.3084      -0.1381399E-04
    9 s   14    18.71505        6.779092        147.5124        11.72953        523.7082      -0.3741867E-04
    9 s   15    18.17015        7.035625        142.1338        7.897229        349.7545      -0.2447784E-03
    9 s   16    17.44984        7.192633        139.0311        5.506758        263.1273      -0.2998066E-03
    9 s   17    16.75939        7.326708        136.4869        5.317679        252.0661      -0.2327426E-03
    9 s   18    16.14346        7.460723        134.0353        5.431281        250.6056      -0.1806898E-03
    9 s   19    15.59954        7.599041        131.5955        5.648391        252.4044      -0.1501480E-03
    9 s   20    15.12070        7.743520        129.1402        5.917755        255.8463      -0.1377853E-03
    9 s   21    14.69958        7.895067        126.6614        6.209025        260.0612      -0.1388295E-03
    9 s   22    14.42802        8.109641        123.3100        14.37494        83.48701      -0.4333867E-01
    9 s   23    14.40867        8.458711        118.2213        14.36977        83.44934      -0.4314601E-01
    9 s   24    14.39082        8.807733        113.5366        14.36482        83.41405      -0.4296833E-01
    9 s   25    14.37431        9.156716        109.2095        14.36004        83.38074      -0.4280400E-01
    9 s   26    14.32751        9.484820        105.4316        5.619374        237.5004      -0.6174658E-04
   10 s    1    87.06167        3.262352        306.5273        24.23240        84.64922      -0.1502010E-03
   10 s    2    61.15970        3.819600        261.8075        21.74586        80.83565       0.5586304E-07
   10 s    3    48.95408        4.280253        233.6311        5.168517        257.1209      -0.9557683E-03
   10 s    4    38.77316        4.358693        229.4266        2.934522        239.1785      -0.4609669E-03
   10 s    5    32.37581        4.448319        224.8040        4.523157        250.6328      -0.3536800E-03
   10 s    6    28.36391        4.605660        217.1241        8.541040        329.2721      -0.5379478E-03
   10 s    7    26.35760        4.938326        202.4978        20.49714        74.99183      -0.2522431E-02
   10 s    8    25.67227        5.451246        183.4443        20.41522        74.49334      -0.2699907E-02
   10 s    9    24.89624        5.908401        169.2505        8.673528        299.8984      -0.9603214E-03
   10 s   10    23.44296        6.149138        162.6244        10.43241        364.7641      -0.1455256E-02
   10 s   11    22.31050        6.409434        156.0200        10.11476        370.6436      -0.1717739E-02
   10 s   12    21.25576        6.637419        150.6610        8.079355        312.7058      -0.1473128E-02
   10 s   13    20.20824        6.815139        146.7321        6.381106        268.3865      -0.1021255E-02
   10 s   14    19.23279        6.966632        143.5414        6.030190        251.6091      -0.6625813E-03
   10 s   15    18.45528        7.146031        139.9378        9.281393        313.6539      -0.2410214E-03
   10 s   16    17.98555        7.413446        134.8900        11.29629        426.2486      -0.4547345E-04
   10 s   17    17.60327        7.695627        129.9439        11.19467        445.1021      -0.1983001E-04
   10 s   18    17.24784        7.971112        125.4530        10.82220        439.0699      -0.1377025E-04
   10 s   19    16.90640        8.235656        121.4232        10.31768        421.9002      -0.1372012E-04
   10 s   20    16.56888        8.485151        117.8529        9.585838        391.3255      -0.1958460E-04
   10 s   21    16.21834        8.710789        114.8002        8.363137        339.3443      -0.3531039E-04
   10 s   22    15.83526        8.900620        112.3517        6.863776        284.3727      -0.5374012E-04
   10 s   23    15.43246        9.059734        110.3785        5.987563        255.7923      -0.5881970E-04
   10 s   24    15.03934        9.204655        108.6407        5.662622        244.1605      -0.5793634E-04
   10 s   25    14.66977        9.344931        107.0099        5.582263        239.2766      -0.5842696E-04
   10 s   26    14.35900        9.505666        105.2004        14.35535        83.34906      -0.4265166E-01
   11 s    1    98.21660        3.680346        271.7136        14.54986        859.5488       0.5349307E-03
   11 s    2    64.61333        4.035289        247.8137        13.81268        895.4462       0.1428052E-03
   11 s    3    49.88440        4.361595        229.2739        18.90814        89.69226      -0.2046874E-04
   11 s    4    42.22676        4.746930        210.6625        13.63381        549.9321      -0.3273809E-02
   11 s    5    36.96717        5.079154        196.8832        12.98130        737.8106      -0.3796638E-02
   11 s    6    33.12922        5.379441        185.8929        10.45899        487.2339      -0.3027114E-02
   11 s    7    29.76166        5.576105        179.3367        5.997037        269.9042      -0.1252456E-02
   11 s    8    26.95351        5.723304        174.7242        6.370183        258.8072      -0.7364685E-03
   11 s    9    25.11288        5.959814        167.7905        20.18782        74.77847      -0.2768450E-02
   11 s   10    24.64040        6.463229        154.7214        20.02975        74.86607      -0.2823330E-02
   11 s   11    24.00164        6.895271        145.0269        7.359653        304.4650      -0.4674542E-03
   11 s   12    22.76146        7.107596        140.6945        9.713742        370.2295      -0.1055999E-02
   11 s   13    21.85516        7.370557        135.6750        11.12577        449.3943      -0.1621783E-02
   11 s   14    21.11009        7.646638        130.7764        10.80963        456.5343      -0.1829272E-02
   11 s   15    20.39929        7.898766        126.6020        9.334346        392.1661      -0.1625722E-02
   11 s   16    19.67667        8.110510        123.2968        7.725064        327.0529      -0.1195439E-02
   11 s   17    18.96017        8.288823        120.6444        6.675463        288.6505      -0.8004804E-03
   11 s   18    18.28003        8.448143        118.3692        6.157146        268.4400      -0.5235621E-03
   11 s   19    17.65305        8.599373        116.2876        6.003058        258.5279      -0.3410022E-03
   11 s   20    17.08837        8.751189        114.2702        6.220898        257.9264      -0.2184680E-03
   11 s   21    16.59930        8.915401        112.1655        7.032564        274.0551      -0.1292693E-03
   11 s   22    16.20113        9.106269        109.8145        8.206144        310.8599      -0.6603571E-04
   11 s   23    15.87692        9.320658        107.2886        8.829401        340.1018      -0.3532300E-04
   11 s   24    15.59328        9.543682        104.7814        8.959642        350.3029      -0.2346151E-04
   11 s   25    15.33239        9.767031        102.3853        8.885359        349.2284      -0.1898957E-04
   11 s   26    15.08635        9.987170        100.1285        8.710127        341.7029      -0.1783365E-04
   12 s    1    113.9300        4.269155        234.2384       0.7105197        223.8836      -0.8913452E-04
   12 s    2    68.81415        4.297642        232.6857        1.840663        230.6741       0.8054385E-05
   12 s    3    50.88972        4.449494        224.7446        13.51539        323.7110      -0.1520407E-02
   12 s    4    43.85686        4.930178        202.8324        21.41019        82.53595      -0.3453388E-03
   12 s    5    39.78895        5.466857        182.9205        21.08331        79.98185      -0.2428390E-03
   12 s    6    34.62331        5.622048        177.8711        6.168017        263.4865      -0.4563729E-03
   12 s    7    31.23249        5.851677        170.8912        11.63895        511.1661      -0.1652462E-02
   12 s    8    29.02218        6.162564        162.2701        12.86876        691.7489      -0.1616465E-02
   12 s    9    27.30851        6.480882        154.3000        12.33345        679.7538      -0.9248763E-03
   12 s   10    25.64419        6.726525        148.6652        6.872092        320.8590      -0.3646957E-04
   12 s   11    24.23427        6.962101        143.6348        19.84826        75.07110      -0.2846611E-02
   12 s   12    23.87891        7.456536        134.1105        19.63622        75.64686      -0.2843150E-02
   12 s   13    23.01216        7.760750        128.8535        11.83270        532.6741      -0.3440843E-03
   12 s   14    22.23054        8.052498        124.1851        11.55567        503.9597      -0.1498064E-03
   12 s   15    21.53697        8.339285        119.9144        11.38984        491.3193      -0.7173053E-04
   12 s   16    20.90319        8.616067        116.0622        10.51695        458.1877      -0.2990366E-03
   12 s   17    20.26823        8.860668        112.8583        9.228292        389.2676      -0.8530532E-03
   12 s   18    19.64775        9.080234        110.1293        8.387348        343.6647      -0.9579450E-03
   12 s   19    19.04973        9.279742        107.7616        7.631249        309.0545      -0.8414351E-03
   12 s   20    18.47844        9.463060        105.6741        7.096664        286.8170      -0.6664404E-03
   12 s   21    17.94111        9.636078        103.7767        6.789018        273.7421      -0.5032241E-03
   12 s   22    17.44157        9.803486        102.0045        6.629037        265.9924      -0.3712409E-03
   12 s   23    16.97965        9.968028        100.3207        6.547717        261.1793      -0.2704928E-03
   12 s   24    16.55486        10.13221        98.69516        6.503865        258.1192      -0.1940711E-03
   12 s   25    16.16068        10.29467        97.13768        6.498547        256.7229      -0.1413082E-03
   12 s   26    15.79679        10.45748        95.62531        6.534289        257.0985      -0.1041114E-03
   13 s    1    120.0337        4.497872        222.3274        13.83113        679.3332      -0.5155995E-02
   13 s    2    77.45810        4.837482        206.7191        13.74268        939.3828      -0.3723182E-02
   13 s    3    59.31621        5.186256        192.8173        14.09537        995.1600      -0.2041628E-02
   13 s    4    48.55921        5.458794        183.1907        1.926493        208.3709      -0.3425388E-06
   13 s    5    40.15898        5.517698        181.2350        3.119361        212.1506      -0.2970436E-04
   13 s    6    36.90869        5.993141        166.8574        20.59144        80.85542      -0.3982308E-03
   13 s    7    34.05429        6.380367        156.7308        6.868119        337.2003      -0.1180422E-02
   13 s    8    30.69677        6.518146        153.4179        4.856682        274.9390      -0.1052817E-02
   13 s    9    27.98563        6.641578        150.5666        5.465013        263.7465      -0.1246189E-02
   13 s   10    26.10020        6.846138        146.0678        11.53917        464.4707      -0.1678433E-02
   13 s   11    24.89632        7.152298        139.8152        12.48712        580.1469      -0.1033464E-02
   13 s   12    23.89256        7.460798        134.0339        12.25186        544.5457      -0.6410041E-03
   13 s   13    23.56420        7.946924        125.8348        19.52180        75.42530      -0.2850479E-02
   13 s   14    22.78089        8.251848        121.1850        7.131861        292.6600      -0.9813850E-03
   13 s   15    21.81295        8.446147        118.3972        8.529583        327.9600      -0.1218825E-02
   13 s   16    21.05679        8.679379        115.2156        10.33016        383.6697      -0.1261092E-02
   13 s   17    20.48796        8.956727        111.6479        11.61722        456.4734      -0.7925408E-03
   13 s   18    20.01419        9.249585        108.1130        11.77152        483.0910      -0.5198968E-03
   13 s   19    19.59059        9.543212        104.7865        11.73501        490.3023      -0.3422153E-03
   13 s   20    19.20618        9.835750        101.6699        11.67313        490.4810      -0.2408690E-03
   13 s   21    18.86009        10.12966        98.72003        11.42126        477.3706      -0.2137578E-03
   13 s   22    18.51208        10.40520        96.10582        10.41300        422.5802      -0.2881211E-03
   13 s   23    18.12003        10.63749        94.00713        8.096107        328.7179      -0.4182180E-03
   13 s   24    17.67691        10.81894        92.43047        6.680632        285.7115      -0.3968623E-03
   13 s   25    17.23591        10.97961        91.07792        6.271227        273.0540      -0.3210915E-03
   13 s   26    16.82041        11.13512        89.80591        6.206504        269.1287      -0.2548987E-03
   14 s    1    127.9101        4.793012        208.6371        27.13159        88.61997      -0.2312742E-03
   14 s    2    86.37425        5.394321        185.3801        5.301476        162.0043      -0.4720245E-04
   14 s    3    62.00429        5.421286        184.4581        1.245397        201.8884      -0.1734449E-04
   14 s    4    49.24537        5.535928        180.6382        13.75999        863.8000      -0.1423630E-02
   14 s    5    42.74467        5.872962        170.2718        13.10492        783.7184      -0.1272227E-02
   14 s    6    38.03369        6.175815        161.9219        10.78819        485.6026      -0.1223696E-02
   14 s    7    34.76224        6.513008        153.5389        19.80521        78.59158      -0.5023385E-03
   14 s    8    33.00320        7.007893        142.6962        18.82138        89.40013      -0.8694470E-03
   14 s    9    30.90943        7.335456        136.3242        11.17215        483.8177      -0.2322050E-02
   14 s   10    28.93741        7.590344        131.7463        9.115710        389.9749      -0.2415302E-02
   14 s   11    27.10244        7.786078        128.4344        6.756794        303.2706      -0.1777733E-02
   14 s   12    25.42706        7.939968        125.9451        5.865738        274.5575      -0.1193530E-02
   14 s   13    23.98183        8.087768        123.6435        6.149508        274.5931      -0.9492595E-03
   14 s   14    23.28254        8.433558        118.5739        19.38017        75.58075      -0.2835781E-02
   14 s   15    23.02861        8.916859        112.1471        19.25448        75.72471      -0.2812287E-02
   14 s   16    22.56945        9.302879        107.4936        7.331093        288.6954      -0.1136735E-02
   14 s   17    21.71454        9.492951        105.3413        8.039023        308.7735      -0.1138901E-02
   14 s   18    20.99926        9.704835        103.0414        8.971022        344.4392      -0.1286762E-02
   14 s   19    20.39607        9.935591        100.6483        9.448707        372.3203      -0.1403925E-02
   14 s   20    19.86432        10.17279        98.30142        9.083138        364.2592      -0.1314818E-02
   14 s   21    19.34406        10.38959        96.25016        8.332168        334.8076      -0.1007652E-02
   14 s   22    18.85070        10.59553        94.37945        8.444969        330.8934      -0.5986322E-03
   14 s   23    18.44309        10.82715        92.36041        10.23732        392.7094      -0.2211932E-03
   14 s   24    18.13643        11.10019        90.08853        11.38625        454.0741      -0.7828023E-04
   14 s   25    17.87828        11.38881        87.80547        11.61626        471.9212      -0.4664040E-04
   14 s   26    17.63979        11.67755        85.63438        11.42465        462.0640      -0.4552246E-04
   15 s    1    141.7244        5.310659        188.3005        15.89034        746.3550      -0.2719682E-02
   15 s    2    86.51016        5.402809        185.0889        18.26631        97.95459      -0.6812565E-04
   15 s    3    68.04862        5.949766        168.0738        21.08310        83.86912      -0.2671406E-04
   15 s    4    55.97939        6.292935        158.9084        7.021472        345.8817      -0.1451863E-02
   15 s    5    46.73780        6.421603        155.7244        4.430295        255.7928      -0.9416820E-03
   15 s    6    40.34252        6.550718        152.6550        6.509685        268.9247      -0.7765798E-03
   15 s    7    36.10971        6.765467        147.8095        10.55680        367.7550      -0.1041542E-02
   15 s    8    33.22566        7.055131        141.7408        12.89162        257.4048      -0.1471997E-02
   15 s    9    31.65461        7.512304        133.1150        19.68247        76.23270      -0.7717623E-03
   15 s   10    30.30855        7.949999        125.7862        6.858375        301.8374      -0.5843438E-03
   15 s   11    28.38646        8.154956        122.6248        9.498516        398.1180      -0.1483122E-02
   15 s   12    26.93538        8.410961        118.8925        10.76019        453.3502      -0.2099026E-02
   15 s   13    25.73256        8.678192        115.2314        10.44539        419.1334      -0.2179777E-02
   15 s   14    24.62573        8.920097        112.1064        8.854997        341.1240      -0.1835290E-02
   15 s   15    23.55588        9.121022        109.6368        7.476134        294.5928      -0.1377231E-02
   15 s   16    22.79835        9.397229        106.4143        19.14448        75.86084      -0.2781315E-02
   15 s   17    22.58858        9.875056        101.2653        19.04922        75.99246      -0.2744180E-02
   15 s   18    22.39677        10.35070        96.61183        18.96727        76.12200      -0.2702118E-02
   15 s   19    21.59865        10.52140        95.04435        6.521908        283.0530      -0.9186829E-03
   15 s   20    20.89039        10.69825        93.47321        7.756884        318.7844      -0.1070822E-02
   15 s   21    20.31059        10.90872        91.66982        9.114469        375.8645      -0.1327643E-02
   15 s   22    19.83190        11.14704        89.70995        9.887920        426.2109      -0.1501682E-02
   15 s   23    19.40755        11.39334        87.77057        9.737938        427.1279      -0.1465668E-02
   15 s   24    18.99541        11.62592        86.01470        8.837422        381.4793      -0.1223339E-02
   15 s   25    18.57464        11.83241        84.51364        7.740610        331.9227      -0.8914982E-03
   15 s   26    18.15015        12.01541        83.22645        7.011740        302.2720      -0.6005860E-03
   16 s    1    143.7039        5.384834        185.7068       0.9985208        200.6012      -0.9450320E-04
   16 s    2    91.16632        5.693600        175.6358        14.35622        678.4940      -0.2750400E-02
   16 s    3    69.04726        6.037081        165.6430        12.85047        688.2383      -0.2085305E-02
   16 s    4    57.47127        6.460644        154.7833        19.37543        82.16826      -0.2673720E-04
   16 s    5    49.72391        6.831884        146.3725        12.33636        402.8868      -0.1917899E-02
   16 s    6    43.95785        7.137766        140.0999        12.20989        616.5838      -0.2882733E-02
   16 s    7    39.71300        7.440576        134.3982        12.00435        624.7375      -0.2887240E-02
   16 s    8    36.22727        7.692492        129.9969        6.062147        278.1054      -0.8849606E-03
   16 s    9    32.90903        7.810004        128.0409        4.704571        257.6279      -0.1955975E-03
   16 s   10    30.52255        8.006130        124.9043        19.63960        75.88556      -0.8799134E-03
   16 s   11    29.58634        8.499661        117.6517        19.71581        75.39737      -0.9758670E-03
   16 s   12    28.80250        8.993997        111.1853        19.74198        75.30205      -0.1049606E-02
   16 s   13    27.23665        9.185441        108.8679        6.519256        269.6939      -0.2189091E-04
   16 s   14    25.89627        9.380323        106.6061        9.193843        329.4089      -0.2558205E-03
   16 s   15    24.90155        9.642075        103.7121        11.55530        417.2420      -0.5348842E-03
   16 s   16    24.12907        9.945738        100.5456        12.52587        470.9020      -0.7051698E-03
   16 s   17    23.38379        10.22269        97.82156        6.600125        279.6581      -0.1422413E-02
   16 s   18    22.43647        10.36905        96.44089        5.821772        267.8187      -0.9703147E-03
   16 s   19    22.22077        10.82446        92.38335        18.89710        76.25149      -0.2656448E-02
   16 s   20    21.88694        11.20860        89.21719        11.80093        493.2224      -0.1536600E-03
   16 s   21    21.40048        11.49409        87.00124        10.92998        445.5494      -0.2230472E-03
   16 s   22    20.89448        11.74429        85.14778        8.933751        356.8645      -0.4989959E-03
   16 s   23    20.35521        11.94967        83.68432        7.938217        326.4771      -0.7943791E-03
   16 s   24    19.85726        12.15340        82.28147        8.529188        352.1698      -0.1037000E-02
   16 s   25    19.42720        12.37551        80.80478        9.231534        389.1134      -0.1231191E-02
   16 s   26    19.04515        12.60790        79.31535        9.279502        395.4130      -0.1255056E-02
   17 s    1    164.1009        6.149146        162.6242        17.33591        334.9317      -0.2055908E-02
   17 s    2    101.6847        6.350501        157.4679        2.199472        231.5345      -0.6961399E-03
   17 s    3    73.33926        6.412348        155.9491        3.430171        229.8306      -0.4164145E-03
   17 s    4    58.41621        6.566870        152.2796        9.969714        324.3664      -0.8603193E-03
   17 s    5    50.77694        6.976567        143.3370        19.92224        83.80764      -0.2332309E-03
   17 s    6    46.12200        7.489176        133.5260        20.87184        79.56654      -0.1259681E-03
   17 s    7    40.89836        7.662662        130.5030        3.037399        251.8571      -0.4838604E-04
   17 s    8    36.72789        7.798794        128.2250        10.07838        577.7024      -0.1455380E-02
   17 s    9    34.13954        8.102030        123.4259        12.99691        908.9917      -0.1517729E-02
   17 s   10    32.14054        8.430532        118.6165        13.27237        930.1689      -0.1218999E-02
   17 s   11    30.48817        8.758741        114.1717        12.95793        886.5822      -0.1309531E-02
   17 s   12    28.93566        9.035577        110.6736        6.813378        312.9263      -0.3135590E-03
   17 s   13    27.88273        9.403329        106.3453        11.86663        623.5171      -0.2411521E-02
   17 s   14    26.73016        9.682381        103.2804        10.37326        498.3077      -0.2594971E-02
   17 s   15    25.59778        9.911663        100.8912        8.015830        361.1135      -0.2102916E-02
   17 s   16    24.47842        10.08974        99.11062        6.305764        295.9090      -0.1266472E-02
   17 s   17    23.52007        10.28227        97.25476        11.86714        482.1641      -0.3119976E-04
   17 s   18    22.92705        10.59577        94.37729        12.62065        524.6325      -0.1897254E-03
   17 s   19    22.39086        10.90732        91.68159        12.28566        514.8454      -0.1631099E-03
   17 s   20    22.05882        11.29662        88.52203        18.83695        76.38175      -0.2608256E-02
   17 s   21    21.76976        11.69243        85.52545        6.884845        305.6972      -0.7417115E-03
   17 s   22    21.15014        11.88799        84.11854        9.035612        372.2236      -0.3644727E-03
   17 s   23    20.67520        12.13752        82.38914        10.60064        441.8739      -0.1384806E-03
   17 s   24    20.27084        12.40653        80.60270        10.81734        448.8255      -0.9690116E-04
   17 s   25    19.89751        12.67510        78.89484        10.63892        431.9637      -0.1223186E-03
   17 s   26    19.54258        12.93720        77.29647        10.33341        410.2829      -0.2154730E-03
   18 s    1    167.1163        6.262137        159.6899        26.52565        98.47856      -0.4270123E-03
   18 s    2    105.3173        6.577370        152.0365        13.31725        552.2534      -0.3361128E-02
   18 s    3    79.01506        6.908607        144.7470        13.31359        839.0673      -0.4829110E-02
   18 s    4    64.47573        7.248053        137.9681        13.90584        960.2091      -0.3665786E-02
   18 s    5    54.95456        7.550557        132.4406        2.154935        243.8525      -0.3699928E-04
   18 s    6    46.80255        7.599681        131.5845        2.157481        235.7261      -0.3471682E-06
   18 s    7    42.80238        8.019397        124.6977        21.30001        80.10944      -0.1295657E-03
   18 s    8    40.23924        8.544394        117.0358        19.50644        101.9396      -0.6332323E-03
   18 s    9    37.08443        8.800913        113.6246        3.561274        231.2704      -0.4990277E-03
   18 s   10    33.84284        8.877049        112.6500        3.029851        214.8826      -0.1185432E-03
   18 s   11    31.19121        8.960714        111.5982        3.803245        219.5390      -0.1029304E-03
   18 s   12    29.16994        9.108735        109.7847        10.56066        421.7010      -0.1543593E-02
   18 s   13    28.13730        9.489179        105.3832        19.77007        75.17563      -0.1103805E-02
   18 s   14    27.56500        9.984780        100.1524        19.78936        75.16373      -0.1147403E-02
   18 s   15    26.80301        10.37834        96.35454        9.268522        361.3522      -0.1766690E-02
   18 s   16    25.79943        10.63424        94.03586        11.05221        463.7178      -0.2838822E-02
   18 s   17    24.96305        10.91310        91.63298        11.05915        485.7005      -0.3321526E-02
   18 s   18    24.16323        11.16707        89.54901        9.132867        396.2289      -0.2827295E-02
   18 s   19    23.33208        11.36582        87.98312        7.060741        321.0353      -0.1811238E-02
   18 s   20    22.51480        11.53014        86.72925        6.363291        296.7794      -0.1134555E-02
   18 s   21    21.90938        11.76742        84.98043        18.78520        76.51308      -0.2558546E-02
   18 s   22    21.77113        12.23703        81.71918        18.74033        76.64535      -0.2508172E-02
   18 s   23    21.64290        12.70562        78.70532        18.70101        76.77807      -0.2457830E-02
   18 s   24    21.09516        12.91104        77.45306        6.037602        270.0521      -0.7582812E-03
   18 s   25    20.51415        13.06791        76.52332        6.633515        284.9429      -0.6377296E-03
   18 s   26    20.00896        13.24594        75.49480        7.708328        319.1939      -0.6143968E-03
   19 s    1    169.8227        6.363552        157.1449        2.598900        217.9384      -0.1228798E-03
   19 s    2    110.4254        6.896383        145.0035        23.83078        88.07815      -0.3196570E-03
   19 s    3    85.59055        7.483528        133.6268        14.14281        119.1450      -0.2538843E-04
   19 s    4    66.85847        7.515908        133.0511        1.312445        223.7234      -0.2064039E-04
   19 s    5    55.32038        7.600818        131.5648        13.59630        726.0551      -0.1473942E-02
   19 s    6    48.93682        7.946239        125.8457        13.72821        818.5299      -0.4694757E-03
   19 s    7    44.21348        8.283779        120.7179        13.38601        698.8842      -0.1000708E-02
   19 s    8    40.59058        8.618997        116.0228        14.14676        229.2776      -0.1654609E-02
   19 s    9    37.76749        8.963019        111.5696        12.57182        515.7459      -0.2663975E-02
   19 s   10    35.41571        9.289616        107.6471        13.24059        752.7257      -0.3423403E-02
   19 s   11    33.45414        9.610817        104.0494        12.20677        599.8206      -0.2936327E-02
   19 s   12    31.59893        9.867224        101.3456        7.862078        324.8536      -0.1374738E-02
   19 s   13    29.73325        10.02741        99.72666        5.655154        260.5393      -0.5363502E-03
   19 s   14    28.10066        10.17881        98.24329        6.820126        283.3339      -0.7958630E-03
   19 s   15    27.06725        10.48065        95.41391        19.79213        75.20988      -0.1180600E-02
   19 s   16    26.62954        10.97641        91.10449        19.78199        75.28548      -0.1206618E-02
   19 s   17    25.99548        11.36445        87.99369        7.079908        299.4587      -0.2811056E-03
   19 s   18    25.03527        11.57008        86.42981        9.612102        357.1659      -0.1276083E-02
   19 s   19    24.30738        11.84092        84.45292        11.83515        451.3212      -0.2563432E-02
   19 s   20    23.70395        12.13912        82.37830        11.72465        460.9673      -0.3145693E-02
   19 s   21    23.09454        12.40396        80.61943        9.333492        364.7620      -0.2662031E-02
   19 s   22    22.42288        12.60336        79.34389        6.947728        294.1062      -0.1681120E-02
   19 s   23    21.73924        12.76218        78.35653        6.026944        270.9050      -0.1055694E-02
   19 s   24    21.52367        13.17331        75.91105        18.66610        76.91060      -0.2408058E-02
   19 s   25    21.41254        13.64020        73.31269        18.63467        77.04223      -0.2359258E-02
   19 s   26    21.01126        13.90947        71.89348        7.185630        301.3055      -0.7121313E-03
   20 s    1    186.1650        6.975925        143.3502        17.31884        908.7973      -0.5163398E-02
   20 s    2    118.6301        7.408790        134.9748        15.85430        695.8128      -0.1303309E-02
   20 s    3    85.66619        7.490142        133.5088        10.24202        133.7596      -0.4206235E-04
   20 s    4    71.71109        8.061417        124.0477        21.63754        104.2618      -0.4473264E-03
   20 s    5    61.31489        8.424442        118.7022        12.84312        833.2035      -0.4274198E-02
   20 s    6    53.48430        8.684648        115.1457        2.108530        210.1245      -0.3327980E-03
   20 s    7    46.57842        8.726871        114.5886        1.776848        203.4149      -0.1396287E-04
   20 s    8    41.35601        8.781528        113.8754        3.010829        214.4831      -0.1123284E-03
   20 s    9    38.34096        9.099114        109.9008        20.61112        79.67151      -0.2851694E-03
   20 s   10    36.65849        9.615600        103.9977        20.46051        77.58562      -0.2540421E-03
   20 s   11    34.60150        9.940432        100.5992        4.755233        253.0799      -0.2842732E-03
   20 s   12    32.39990        10.11734        98.84025        9.693764        418.2691      -0.1230862E-02
   20 s   13    30.84372        10.40191        96.13619        12.35992        669.6062      -0.1424056E-02
   20 s   14    29.57279        10.71206        93.35275        12.27294        697.7993      -0.1011288E-02
   20 s   15    28.40340        10.99802        90.92545        10.08188        492.5115      -0.4016553E-03
   20 s   16    27.16981        11.19910        89.29290        6.616385        308.4373      -0.1251483E-06
   20 s   17    26.24090        11.47174        87.17072        19.75891        75.37958      -0.1227645E-02
   20 s   18    25.89269        11.96634        83.56771        19.72370        75.48212      -0.1245550E-02
   20 s   19    25.20863        12.27994        81.43360        11.15680        523.4696      -0.7501084E-03
   20 s   20    24.50755        12.55065        79.67714        10.58154        448.3851      -0.1789071E-03
   20 s   21    23.86770        12.81922        78.00787        11.20497        437.7336      -0.6960376E-04
   20 s   22    23.31670        13.10576        76.30235        10.56648        420.4873      -0.4999191E-04
   20 s   23    22.71420        13.33453        74.99324        8.502572        349.1336      -0.9961591E-03
   20 s   24    22.11971        13.53811        73.86554        7.860806        324.4672      -0.9821414E-03
   20 s   25    21.55037        13.72801        72.84378        7.407264        308.3074      -0.8432308E-03
   20 s   26    21.30870        14.10637        70.88996        18.60599        77.17226      -0.2311710E-02
