    0 s    2    4.978690       0.3109336        3216.121        6.436186        514.0797       0.1498435E-02
    0 s    3    5.391314       0.4713844        2121.411        6.771611        422.2300       0.1098176E-02
    0 s    4    5.791505       0.6510532        1535.973        7.568395        377.1722       0.5693368E-03
    0 s    5    6.150151       0.8450083        1183.420        7.917445        359.4305       0.1709574E-03
    0 s    6    6.421284        1.042672        959.0743        7.878678        351.4944      -0.8086014E-04
    0 s    7    6.592116        1.235090        809.6576        7.494858        346.5656      -0.1998683E-03
    0 s    8    6.659695        1.414118        707.1544        6.814887        341.8243      -0.1998691E-03
    0 s    9    6.634800        1.574577        635.0911        6.045537        336.1781      -0.1326447E-03
    0 s   10    6.548272        1.717626        582.1990        5.442503        329.3522      -0.6741132E-04
    0 s   11    6.434583        1.848548        540.9651        5.064274        321.4074      -0.2960701E-04
    0 s   12    6.315600        1.972137        507.0640        4.840185        312.6121      -0.1210224E-04
    0 s   13    6.201156        2.091313        478.1686        4.701382        303.3151      -0.4763189E-05
    0 s   14    6.094669        2.207652        452.9699        4.608249        293.8403      -0.1831053E-05
    0 s   15    5.996820        2.322016        430.6602        4.540641        284.4460      -0.6918669E-06
    0 s   16    5.907240        2.434900        410.6945        4.488239        275.3196      -0.2577791E-06
    0 s   17    5.825204        2.546606        392.6796        4.445430        266.5857      -0.9479165E-07
    0 s   18    5.749912        2.657330        376.3176        4.408947        258.3188      -0.3439274E-07
    0 s   19    5.680596        2.767203        361.3757        4.376790        250.5566      -0.1222685E-07
    0 s   20    5.616560        2.876317        347.6668        4.347710        243.3104      -0.4150445E-08
    0 s   21    5.557190        2.984738        335.0378        4.320937        236.5740      -0.1208850E-08
    0 s   22    5.501955        3.092517        323.3612        4.296003        230.3296      -0.1106453E-09
    0 s   23    5.450400        3.199696        312.5296        4.272637        224.5527       0.2749996E-09
    0 s   24    5.402134        3.306313        302.4517        4.250690        219.2143       0.4612109E-09
    0 s   25    5.356824        3.412401        293.0488        4.230074        214.2840       0.3925658E-09
    0 s   26    5.314185        3.517994        284.2529        4.210737        209.7305       0.1957099E-09
    1 s    2    10.85550       0.6779575        1475.019        11.03153        307.2019       0.8720047E-04
    1 s    3    10.75898       0.9407010        1063.037        9.982051        282.6010       0.5953885E-05
    1 s    4    10.45469        1.175266        850.8711        8.698249        274.0408      -0.4062905E-04
    1 s    5    9.958390        1.368247        730.8625        6.622097        303.0341      -0.1950052E-03
    1 s    6    9.313826        1.512356        661.2200        5.272824        351.9530      -0.4400621E-03
    1 s    7    8.771981        1.643507        608.4551        5.447668        370.8599      -0.6814113E-03
    1 s    8    8.419856        1.787871        559.3246        6.245400        376.0417      -0.9790833E-03
    1 s    9    8.235441        1.954443        511.6547        7.170453        377.5894      -0.1314765E-02
    1 s   10    8.165952        2.141947        466.8651        7.896076        378.2996      -0.1626749E-02
    1 s   11    8.159447        2.344073        426.6079        8.351857        378.9079      -0.1890253E-02
    1 s   12    8.182052        2.554964        391.3950        8.614055        379.4095      -0.2111576E-02
    1 s   13    8.216066        2.770832        360.9024        8.760384        379.3931      -0.2299068E-02
    1 s   14    8.252911        2.989425        334.5125        8.836474        377.9488      -0.2453779E-02
    1 s   15    8.288251        3.209276        311.5967        8.859926        372.7477      -0.2563280E-02
    1 s   16    8.318848        3.428938        291.6355        8.805978        355.5576      -0.2566549E-02
    1 s   17    8.336356        3.644407        274.3931        8.407895        289.8315      -0.2080594E-02
    1 s   18    8.303594        3.837518        260.5851        7.057182        188.0765      -0.4977839E-03
    1 s   19    8.223591        4.005979        249.6269        6.537505        170.1953      -0.7477521E-04
    1 s   20    8.137144        4.167143        239.9726        6.360126        167.1148      -0.1724278E-04
    1 s   21    8.052192        4.324791        231.2251        6.242192        166.0530      -0.5025777E-05
    1 s   22    7.970067        4.479784        223.2251        6.145248        165.6054      -0.1653479E-05
    1 s   23    7.891096        4.632524        215.8650        6.061593        165.4719      -0.5823950E-06
    1 s   24    7.815384        4.783314        209.0601        5.989132        165.5404      -0.2137171E-06
    1 s   25    7.742966        4.932420        202.7402        5.926918        165.7442      -0.8049956E-07
    1 s   26    7.673842        5.080088        196.8470        5.874101        166.0317      -0.3088983E-07
    2 s    1    10.67939       0.4001751        2498.906        13.03353        387.6806       0.3167137E-04
    2 s    2    14.72458       0.9195928        1087.438        19.45038        95.80145       0.1699313E-02
    2 s    3    14.03877        1.227467        814.6860        6.144724        404.8297       0.1433899E-04
    2 s    4    12.15471        1.366375        731.8637        5.398573        379.7561      -0.2795857E-03
    2 s    5    11.00787        1.512441        661.1828        6.579069        299.7071      -0.2732875E-03
    2 s    6    10.43236        1.693980        590.3257        7.733440        243.8103      -0.1595569E-03
    2 s    7    10.08863        1.890192        529.0468        7.878355        221.4828      -0.1112419E-03
    2 s    8    9.822893        2.085791        479.4344        7.751034        208.9345      -0.9698239E-04
    2 s    9    9.596701        2.277499        439.0782        7.580084        200.0927      -0.9551959E-04
    2 s   10    9.397513        2.464988        405.6815        7.415949        193.3611      -0.1000280E-03
    2 s   11    9.219485        2.648604        377.5574        7.270211        188.1192      -0.1080322E-03
    2 s   12    9.059076        2.828827        353.5034        7.143858        184.0378      -0.1190127E-03
    2 s   13    8.913715        3.006111        332.6557        7.034421        180.9297      -0.1344589E-03
    2 s   14    8.781352        3.180841        314.3823        6.939703        178.7678      -0.1596954E-03
    2 s   15    8.660464        3.353400        298.2048        6.863859        177.9088      -0.2109966E-03
    2 s   16    8.550798        3.524546        283.7245        6.842641        180.3565      -0.3520470E-03
    2 s   17    8.458493        3.697801        270.4310        7.149005        201.9616      -0.9680182E-03
    2 s   18    8.419299        3.890991        257.0040        8.397603        320.5930      -0.2667495E-02
    2 s   19    8.429292        4.106182        243.5352        8.808986        386.7311      -0.3195856E-02
    2 s   20    8.447159        4.325906        231.1655        8.874856        400.8344      -0.3348928E-02
    2 s   21    8.464716        4.546356        219.9564        8.882076        405.5429      -0.3447709E-02
    2 s   22    8.480584        4.766733        209.7873        8.872146        407.9069      -0.3529507E-02
    2 s   23    8.494502        4.986758        200.5311        8.854987        409.4081      -0.3601498E-02
    2 s   24    8.506496        5.206302        192.0749        8.834002        410.4233      -0.3665507E-02
    2 s   25    8.516671        5.425285        184.3221        8.810237        410.9073      -0.3720899E-02
    2 s   26    8.525096        5.643619        177.1913        8.780080        409.6481      -0.3757478E-02
    3 s    1    25.02625       0.9377770        1066.352        5.726171        797.9187       0.2090426E-03
    3 s    2    17.52121        1.094250        913.8679        6.709120        368.2407       0.1125073E-03
    3 s    3    15.84675        1.385545        721.7375        16.59639        91.04464       0.2105298E-02
    3 s    4    15.93174        1.790970        558.3566        16.10830        89.52213       0.3135050E-02
    3 s    5    15.88541        2.182597        458.1697        15.64406        89.25239       0.3982307E-02
    3 s    6    15.70998        2.550947        392.0113        5.429291        274.1616      -0.1196165E-03
    3 s    7    14.29605        2.678489        373.3449        5.040395        276.8953      -0.2779953E-03
    3 s    8    13.20514        2.803976        356.6364        5.041448        268.6704      -0.2686042E-03
    3 s    9    12.35216        2.931427        341.1308        5.191172        262.4782      -0.2423280E-03
    3 s   10    11.68132        3.064036        326.3670        5.440994        257.4323      -0.2131090E-03
    3 s   11    11.15120        3.203554        312.1533        5.731573        252.9507      -0.1851492E-03
    3 s   12    10.72934        3.350392        298.4726        6.017301        248.7221      -0.1590940E-03
    3 s   13    10.39019        3.504045        285.3845        6.270589        244.6177      -0.1349237E-03
    3 s   14    10.11386        3.663512        272.9621        6.478674        240.6022      -0.1127383E-03
    3 s   15    9.885145        3.827606        261.2599        6.638720        236.6657      -0.9275931E-04
    3 s   16    9.692517        3.995150        250.3035        6.753519        232.7895      -0.7519269E-04
    3 s   17    9.527345        4.165071        240.0919        6.828550        228.9404      -0.6014589E-04
    3 s   18    9.383191        4.336454        230.6031        6.870303        225.0814      -0.4760704E-04
    3 s   19    9.255279        4.508547        221.8009        6.885448        221.1864      -0.3745767E-04
    3 s   20    9.140087        4.680764        213.6403        6.880387        217.2498      -0.2950211E-04
    3 s   21    9.035036        4.852671        206.0721        6.860940        213.2891      -0.2350797E-04
    3 s   22    8.938244        5.023973        199.0457        6.832082        209.3404      -0.1926174E-04
    3 s   23    8.848343        5.194483        192.5119        6.797763        205.4517      -0.1666000E-04
    3 s   24    8.764328        5.364105        186.4244        6.760915        201.6792      -0.1593638E-04
    3 s   25    8.685451        5.532801        180.7403        6.723899        198.1043      -0.1860752E-04
    3 s   26    8.611192        5.700615        175.4197        6.692157        195.0365      -0.3542900E-04
    4 s    1    37.64166        1.410498        708.9693        11.81726        365.5652       0.1205571E-04
    4 s    2    27.57255        1.721985        580.7250        12.83594        452.1934       0.4241250E-04
    4 s    3    23.39021        2.045101        488.9734        12.81800        526.0028       0.1539326E-04
    4 s    4    20.36251        2.289056        436.8613        5.564577        358.7451       0.9722235E-05
    4 s    5    17.62094        2.421052        413.0435        5.249161        305.1136      -0.1328829E-03
    4 s    6    15.80007        2.565576        389.7760        15.09708        90.43429       0.4521848E-02
    4 s    7    15.70392        2.942265        339.8742        15.18514        88.82547       0.5122707E-02
    4 s    8    15.61545        3.315781        301.5880        15.06812        88.68932       0.5448284E-02
    4 s    9    15.53560        3.686924        271.2288        14.98570        88.57986       0.5657611E-02
    4 s   10    15.02424        3.940889        253.7498        6.861940        323.1134      -0.2525648E-03
    4 s   11    14.28797        4.104695        243.6235        6.300911        299.3649      -0.2449289E-03
    4 s   12    13.63346        4.257244        234.8937        5.941156        284.6828      -0.2156911E-03
    4 s   13    13.05461        4.402610        227.1380        5.717363        274.9713      -0.1806560E-03
    4 s   14    12.54419        4.543843        220.0780        5.604079        268.4262      -0.1473854E-03
    4 s   15    12.09545        4.683454        213.5176        5.581680        264.1159      -0.1186051E-03
    4 s   16    11.70207        4.823465        207.3199        5.630500        261.4666      -0.9471092E-04
    4 s   17    11.35807        4.965410        201.3932        5.731696        260.0788      -0.7519893E-04
    4 s   18    11.05780        5.110379        195.6802        5.868290        259.6514      -0.5934745E-04
    4 s   19    10.79596        5.259063        190.1479        6.025481        259.9430      -0.4648478E-04
    4 s   20    10.56760        5.411811        184.7810        6.190633        260.7507      -0.3606311E-04
    4 s   21    10.36816        5.568684        179.5756        6.353258        261.8985      -0.2765488E-04
    4 s   22    10.19348        5.729509        174.5350        6.505082        263.2333      -0.2092501E-04
    4 s   23    10.03979        5.893933        169.6660        6.640088        264.6243      -0.1560141E-04
    4 s   24    9.903766        6.061484        164.9761        6.754455        265.9638      -0.1145262E-04
    4 s   25    9.782460        6.231618        160.4720        6.846321        267.1681      -0.8274549E-05
    4 s   26    9.673350        6.403764        156.1582        6.915426        268.1755      -0.5884830E-05
    5 s    1    43.99170        1.648445        606.6323        27.91525        87.19186      -0.3380665E-05
    5 s    2    33.77459        2.109321        474.0862        3.155243        344.5180       0.4662368E-04
    5 s    3    25.11497        2.195903        455.3935        4.168388        297.3860       0.1498469E-03
    5 s    4    21.25727        2.389640        418.4731        12.31123        391.2173       0.2844720E-04
    5 s    5    19.69076        2.705439        369.6258        12.55035        458.0555      -0.1088366E-04
    5 s    6    18.54357        3.011060        332.1090        11.84200        469.1615      -0.2962949E-04
    5 s    7    17.58411        3.294535        303.5330        10.77507        461.4975      -0.6223413E-04
    5 s    8    16.69973        3.546018        282.0065        9.290664        422.6349      -0.1317026E-03
    5 s    9    15.83835        3.758772        266.0443        7.809431        364.2466      -0.2149307E-03
    5 s   10    15.46452        4.056376        246.5254        14.92506        88.48793       0.5783454E-02
    5 s   11    15.40142        4.424571        226.0106        14.87879        88.40958       0.5851352E-02
    5 s   12    15.11274        4.719170        211.9017        9.018794        361.5806      -0.8982615E-04
    5 s   13    14.63904        4.936951        202.5542        8.393001        359.6310      -0.1150607E-03
    5 s   14    14.18680        5.138840        194.5964        7.785506        348.9955      -0.1452168E-03
    5 s   15    13.75918        5.327664        187.6995        7.364964        336.1868      -0.1660098E-03
    5 s   16    13.36423        5.508590        181.5347        7.145305        325.7482      -0.1719793E-03
    5 s   17    13.00599        5.685830        175.8758        7.056984        318.3283      -0.1659209E-03
    5 s   18    12.68381        5.861840        170.5949        7.037491        313.1438      -0.1523342E-03
    5 s   19    12.39463        6.037826        165.6225        7.048843        309.3758      -0.1347637E-03
    5 s   20    12.13455        6.214268        160.9200        7.069927        306.4396      -0.1156235E-03
    5 s   21    11.89967        6.391249        156.4639        7.089037        303.9467      -0.9651628E-04
    5 s   22    11.68637        6.568629        152.2388        7.099703        301.6373      -0.7849679E-04
    5 s   23    11.49147        6.746147        148.2328        7.098581        299.3341      -0.6223238E-04
    5 s   24    11.31218        6.923488        144.4359        7.084361        296.9148      -0.4809722E-04
    5 s   25    11.14616        7.100319        140.8387        7.057126        294.2977      -0.3623466E-04
    5 s   26    10.99142        7.276326        137.4320        7.017931        291.4336      -0.2660750E-04
    6 s    1    52.84068        1.980032        505.0424        9.596677        739.5763      -0.2352855E-04
    6 s    2    37.54684        2.344909        426.4558        25.92969        87.39064      -0.1854846E-04
    6 s    3    32.66315        2.855872        350.1558        13.65702        365.0244       0.4520561E-04
    6 s    4    27.92976        3.139730        318.4987        8.645751        341.2311       0.3465980E-03
    6 s    5    24.04966        3.304336        302.6326        5.489042        269.3905       0.1780885E-03
    6 s    6    21.20636        3.443436        290.4076        5.858715        261.5877      -0.9353632E-05
    6 s    7    19.22712        3.602367        277.5952        6.910246        264.0169      -0.1353210E-03
    6 s    8    17.85296        3.790894        263.7900        8.199948        276.9422      -0.1669758E-03
    6 s    9    16.89884        4.010449        249.3486        9.267513        304.7989      -0.1272969E-03
    6 s   10    16.19512        4.248014        235.4041        9.628347        333.4167      -0.9139003E-04
    6 s   11    15.62065        4.487551        222.8387        9.474005        352.6588      -0.8034846E-04
    6 s   12    15.34533        4.791802        208.6898        14.84248        88.34085       0.5880261E-02
    6 s   13    15.29531        5.158276        193.8632        14.81338        88.27945       0.5883653E-02
    6 s   14    15.04025        5.447982        183.5542        8.061029        271.2272      -0.2034606E-03
    6 s   15    14.60544        5.655340        176.8240        8.487780        281.4673      -0.1656413E-03
    6 s   16    14.24142        5.870160        170.3531        8.666219        290.3949      -0.1386319E-03
    6 s   17    13.92400        6.087158        164.2803        8.674372        296.9029      -0.1215233E-03
    6 s   18    13.63834        6.302978        158.6552        8.580136        301.0062      -0.1112358E-03
    6 s   19    13.37547        6.515628        153.4772        8.425688        302.9976      -0.1051399E-03
    6 s   20    13.12981        6.723953        148.7220        8.237585        303.1400      -0.1012491E-03
    6 s   21    12.89786        6.927372        144.3549        8.035894        301.6625      -0.9798005E-04
    6 s   22    12.67759        7.125767        140.3358        7.837966        298.8389      -0.9406699E-04
    6 s   23    12.46798        7.319417        136.6229        7.657837        295.0289      -0.8865856E-04
    6 s   24    12.26866        7.508890        133.1755        7.504008        290.6371      -0.8143511E-04
    6 s   25    12.07951        7.694882        129.9565        7.378541        286.0270      -0.7259411E-04
    6 s   26    11.90040        7.878074        126.9346        7.278493        281.4606      -0.6268928E-04
    7 s    1    60.26932        2.258396        442.7921        6.612449        258.6268       0.1433602E-03
    7 s    2    40.68912        2.541153        393.5222        13.86613        408.9814      -0.1552690E-03
    7 s    3    34.32179        3.000893        333.2341        23.88920        91.86403      -0.4253958E-04
    7 s    4    30.30011        3.406193        293.5829        8.618000        345.4811       0.6053560E-04
    7 s    5    26.83688        3.687290        271.2019        12.85639        522.5010       0.3166462E-03
    7 s    6    24.72291        4.014445        249.1004        12.83353        538.3425       0.3325951E-03
    7 s    7    22.97661        4.304867        232.2952        9.903387        415.1338       0.1566399E-03
    7 s    8    21.21187        4.504124        222.0187        6.413037        306.3955      -0.6610570E-04
    7 s    9    19.58248        4.647333        215.1772        5.364088        271.4708      -0.1906329E-03
    7 s   10    18.22770        4.781164        209.1541        5.455704        260.4842      -0.2509577E-03
    7 s   11    17.13626        4.922962        203.1297        5.943989        257.0418      -0.2758527E-03
    7 s   12    16.26697        5.079595        196.8661        6.624096        257.6781      -0.2724640E-03
    7 s   13    15.58086        5.254577        190.3103        7.388068        262.4625      -0.2444687E-03
    7 s   14    15.25052        5.524146        181.0235        14.78967        88.22383       0.5870866E-02
    7 s   15    15.21024        5.889527        169.7929        14.77005        88.17290       0.5848248E-02
    7 s   16    15.17388        6.254509        159.8847        14.75362        88.12587       0.5820038E-02
    7 s   17    15.14092        6.619161        151.0765        14.73968        88.08213       0.5789011E-02
    7 s   18    14.79331        6.836751        146.2683        6.551278        246.4723      -0.1773290E-03
    7 s   19    14.37509        7.002573        142.8047        6.720103        244.1491      -0.1555325E-03
    7 s   20    14.00619        7.172761        139.4163        6.897017        242.4476      -0.1340424E-03
    7 s   21    13.67987        7.347386        136.1028        7.070927        241.3342      -0.1136724E-03
    7 s   22    13.39000        7.526199        132.8692        7.228152        240.7450      -0.9523421E-04
    7 s   23    13.13094        7.708615        129.7250        7.355772        240.5562      -0.7935406E-04
    7 s   24    12.89751        7.893773        126.6821        7.445607        240.6027      -0.6629557E-04
    7 s   25    12.68516        8.080694        123.7518        7.496325        240.7276      -0.5592317E-04
    7 s   26    12.49009        8.268447        120.9417        7.512823        240.8289      -0.4781234E-04
    8 s    1    76.76240        2.876420        347.6543        14.91008        888.9833       0.1206546E-02
    8 s    2    51.43163        3.212054        311.3273        4.196878        319.5128       0.1545843E-03
    8 s    3    37.41034        3.270937        305.7228        3.184509        256.7637      -0.3265579E-05
    8 s    4    32.09314        3.607757        277.1805        23.98363        89.08450      -0.1122479E-03
    8 s    5    30.44497        4.183028        239.0613        17.97292        161.9866       0.6321907E-06
    8 s    6    27.49640        4.464796        223.9744        8.750221        397.7741       0.2224874E-03
    8 s    7    24.94769        4.674166        213.9419        9.061125        340.1339       0.1623491E-04
    8 s    8    23.25795        4.938589        202.4870        11.77747        424.7040       0.3850872E-06
    8 s    9    22.07421        5.238673        190.8880        11.79919        486.8798       0.6784271E-09
    8 s   10    21.01008        5.510989        181.4556        9.733089        448.3706      -0.3000454E-04
    8 s   11    19.92423        5.723899        174.7061        7.503995        351.1938      -0.1408654E-03
    8 s   12    18.88452        5.896964        169.5788        6.518290        301.0154      -0.2191050E-03
    8 s   13    17.95380        6.054839        165.1572        6.190098        278.2267      -0.2461728E-03
    8 s   14    17.13914        6.208256        161.0758        6.122921        266.0731      -0.2470052E-03
    8 s   15    16.42940        6.361592        157.1934        6.167782        258.5623      -0.2356945E-03
    8 s   16    15.81028        6.516825        153.4490        6.267151        253.3653      -0.2186017E-03
    8 s   17    15.26863        6.674992        149.8129        6.398213        249.4829      -0.1986553E-03
    8 s   18    15.11094        6.983540        143.1938        14.72769        88.04116       0.5756947E-02
    8 s   19    15.08356        7.347691        136.0972        14.71726        88.00255       0.5724949E-02
    8 s   20    15.05847        7.711649        129.6739        14.70805        87.96592       0.5693669E-02
    8 s   21    14.94034        8.024380        124.6202        5.809194        253.0713      -0.1469364E-03
    8 s   22    14.53592        8.170292        122.3946        5.873214        248.6961      -0.1359866E-03
    8 s   23    14.16944        8.318269        120.2173        5.971361        245.3690      -0.1250881E-03
    8 s   24    13.83746        8.469055        118.0769        6.095744        242.7720      -0.1143916E-03
    8 s   25    13.53684        8.623233        115.9658        6.240613        240.7471      -0.1039083E-03
    8 s   26    13.26470        8.781241        113.8791        6.400037        239.2049      -0.9362406E-04
    9 s    1    85.50706        3.204098        312.1003       0.5396415        215.0208      -0.2697895E-06
    9 s    2    52.08058        3.252583        307.4480        11.19712        417.7753       0.8151698E-03
    9 s    3    41.02758        3.587207        278.7684        13.24226        716.3461       0.1003456E-03
    9 s    4    34.79012        3.910939        255.6931        12.65241        635.9728      -0.1354071E-03
    9 s    5    30.83804        4.237035        236.0141        17.11103        145.2055       0.4083902E-04
    9 s    6    28.75942        4.669882        214.1382        8.342021        327.5229       0.2981913E-03
    9 s    7    26.23371        4.915113        203.4541        10.66586        481.6805       0.7119336E-03
    9 s    8    24.41106        5.183440        192.9221        10.54767        462.8670       0.6064558E-03
    9 s    9    22.91647        5.438560        183.8722        9.866736        379.8357       0.2306141E-03
    9 s   10    21.67142        5.684460        175.9182        10.04080        340.6301      -0.6205879E-04
    9 s   11    20.69445        5.945170        168.2038        10.74157        369.8673      -0.1002118E-03
    9 s   12    19.90570        6.215843        160.8792        10.84455        408.0964      -0.6704898E-04
    9 s   13    19.23013        6.485278        154.1954        10.69172        434.7616      -0.4659706E-04
    9 s   14    18.63246        6.749174        148.1663        10.39161        449.4586      -0.4256149E-04
    9 s   15    18.08347        7.002064        142.8150        9.758668        442.4842      -0.5714616E-04
    9 s   16    17.54318        7.231106        138.2914        8.446593        390.9955      -0.9953539E-04
    9 s   17    16.97814        7.422337        134.7284        6.938911        323.2244      -0.1481962E-03
    9 s   18    16.41108        7.584403        131.8495        6.153902        286.1096      -0.1668482E-03
    9 s   19    15.87658        7.734000        129.2992        5.871939        268.7185      -0.1656535E-03
    9 s   20    15.38625        7.879508        126.9115        5.795249        259.1900      -0.1573829E-03
    9 s   21    15.03542        8.075446        123.8322        14.69981        87.93095       0.5663456E-02
    9 s   22    15.01417        8.439105        118.4960        14.69233        87.89734       0.5634463E-02
    9 s   23    14.99453        8.802648        113.6022        14.68544        87.86482       0.5606712E-02
    9 s   24    14.97634        9.166091        109.0978        14.67901        87.83312       0.5580141E-02
    9 s   25    14.68929        9.357366        106.8677        6.017841        252.7149      -0.1088727E-03
    9 s   26    14.36097        9.506973        105.1860        5.970420        246.6870      -0.1021875E-03
   10 s    1    86.90054        3.256314        307.0957        21.18024        85.67725       0.2422920E-04
   10 s    2    62.18410        3.883577        257.4946        25.39275        82.36606      -0.6173210E-06
   10 s    3    49.66350        4.342281        230.2937        7.167336        333.4584       0.9100483E-03
   10 s    4    39.51989        4.442636        225.0916        2.910314        245.8511       0.1012501E-03
   10 s    5    32.94145        4.526035        220.9440        4.152576        252.1522      -0.1204415E-04
   10 s    6    29.55347        4.798820        208.3846        22.70905        87.86376      -0.7793260E-04
   10 s    7    28.64333        5.366577        186.3385        22.44889        86.84326      -0.5043594E-04
   10 s    8    27.33427        5.804154        172.2904        8.097501        312.1393       0.4847310E-03
   10 s    9    25.36967        6.020755        166.0921        9.395965        340.4010       0.6665387E-03
   10 s   10    23.92764        6.276271        159.3303        10.84717        392.1097       0.6034304E-03
   10 s   11    22.79703        6.549205        152.6903        10.58351        391.6328       0.2685270E-03
   10 s   12    21.73946        6.788459        147.3088        8.413216        324.2081      -0.1059425E-03
   10 s   13    20.67958        6.974097        143.3877        6.684700        277.4281      -0.2585487E-03
   10 s   14    19.69114        7.132656        140.2002        6.182319        259.1412      -0.2698659E-03
   10 s   15    18.82635        7.289714        137.1796        6.530577        256.3372      -0.2338121E-03
   10 s   16    18.11368        7.466261        133.9358        7.740518        274.3703      -0.1673647E-03
   10 s   17    17.56491        7.678856        130.2277        9.190871        318.4495      -0.9738039E-04
   10 s   18    17.13509        7.919006        126.2785        9.893169        360.4245      -0.6138437E-04
   10 s   19    16.76876        8.168608        122.4199        10.00352        384.2138      -0.5026215E-04
   10 s   20    16.43367        8.415908        118.8226        9.716759        388.8663      -0.5337599E-04
   10 s   21    16.10634        8.650633        115.5985        8.979049        369.1096      -0.6903255E-04
   10 s   22    15.76494        8.861096        112.8529        7.822524        326.4974      -0.9298675E-04
   10 s   23    15.40365        9.042821        110.5850        6.790122        287.0647      -0.1096608E-03
   10 s   24    15.03942        9.204698        108.6402        6.235934        264.3517      -0.1129379E-03
   10 s   25    14.95943        9.529449        104.9379        14.67290        87.80203       0.5554634E-02
   10 s   26    14.94369        9.892734        101.0843        14.66704        87.77133       0.5530040E-02
   11 s    1    98.27902        3.682685        271.5410        14.86096        734.6457      -0.1377752E-02
   11 s    2    64.84647        4.049850        246.9228        14.46069        790.7271       0.1581407E-03
   11 s    3    51.29630        4.485043        222.9633        19.72647        93.85080       0.7851519E-05
   11 s    4    42.73080        4.803592        208.1776        12.08983        576.8700       0.1247589E-02
   11 s    5    37.09788        5.097113        196.1895        11.32701        616.9452       0.5063948E-03
   11 s    6    33.06054        5.368288        186.2791        10.21395        502.2110       0.9467939E-04
   11 s    7    29.90539        5.603034        178.4747        8.487461        357.6524       0.2139437E-03
   11 s    8    27.89967        5.924212        168.7988        21.90115        86.53018      -0.5957259E-05
   11 s    9    27.25239        6.467563        154.6177        20.62956        95.13899       0.5808113E-04
   11 s   10    25.84326        6.778742        147.5200        10.63516        484.5269       0.7277263E-04
   11 s   11    24.36331        6.999173        142.8740        8.280351        330.7331       0.1069922E-03
   11 s   12    23.16257        7.232848        138.2581        10.56906        389.5785       0.2420605E-03
   11 s   13    22.29254        7.518061        133.0130        11.86147        459.7879       0.7358332E-04
   11 s   14    21.54853        7.805453        128.1156        10.79171        425.4103      -0.2229542E-03
   11 s   15    20.77688        8.044973        124.3012        8.354726        335.0684      -0.3857367E-03
   11 s   16    19.96234        8.228258        121.5324        6.539826        280.1917      -0.3710914E-03
   11 s   17    19.16917        8.380189        119.3290        5.769863        255.9349      -0.3091448E-03
   11 s   18    18.43755        8.520937        117.3580        5.569926        244.4626      -0.2537573E-03
   11 s   19    17.77931        8.660878        115.4617        5.679302        238.9637      -0.2084619E-03
   11 s   20    17.19733        8.806990        113.5462        6.069766        238.5004      -0.1674509E-03
   11 s   21    16.69648        8.967596        111.5126        6.859861        246.5883      -0.1242081E-03
   11 s   22    16.28503        9.153422        109.2488        8.039891        269.5029      -0.7908306E-04
   11 s   23    15.95814        9.368338        106.7425        9.075481        303.0161      -0.4569609E-04
   11 s   24    15.69009        9.602935        104.1348        9.611430        332.1926      -0.2924194E-04
   11 s   25    15.45619        9.845893        101.5652        9.775368        351.2224      -0.2348564E-04
   11 s   26    15.24653        10.09321        99.07648        9.680480        360.7308      -0.2461471E-04
   12 s    1    117.1456        4.389650        227.8086       0.9960261        235.4922       0.8251275E-04
   12 s    2    70.75295        4.418726        226.3096        1.770582        234.7574      -0.1025207E-03
   12 s    3    51.87306        4.535472        220.4842        12.16296        244.2901       0.7289233E-03
   12 s    4    45.12667        5.072924        197.1250        22.66895        84.01562      -0.3519117E-04
   12 s    5    40.89512        5.618841        177.9726        5.129771        203.7725       0.5394169E-04
   12 s    6    35.31300        5.734038        174.3972        5.634680        266.8635       0.4847161E-04
   12 s    7    31.56795        5.914529        169.0752        8.914298        371.4722       0.4830995E-04
   12 s    8    29.07582        6.173954        161.9708        11.52477        541.2020       0.1651366E-03
   12 s    9    27.30116        6.479137        154.3415        13.43409        377.6763       0.2478374E-03
   12 s   10    26.35937        6.914119        144.6316        8.547707        326.6266       0.5725767E-03
   12 s   11    25.06006        7.199336        138.9017        13.11152        584.7801       0.6508193E-03
   12 s   12    24.13792        7.537415        132.6715        13.67265        662.5117       0.4573192E-03
   12 s   13    23.35907        7.877744        126.9399        13.46678        656.6351       0.2674840E-03
   12 s   14    22.65868        8.207579        121.8386        12.84500        629.4708       0.1176978E-03
   12 s   15    21.98997        8.514690        117.4441        11.63997        578.1322      -0.3333783E-04
   12 s   16    21.32397        8.789507        113.7720        10.39312        492.8973      -0.2947563E-03
   12 s   17    20.65589        9.030141        110.7402        8.825728        395.3315      -0.4527338E-03
   12 s   18    19.97062        9.229451        108.3488        7.224545        320.6891      -0.4551747E-03
   12 s   19    19.28760        9.395617        106.4326        6.209876        281.1378      -0.3904929E-03
   12 s   20    18.63633        9.543920        104.7788        5.747956        262.3411      -0.3248920E-03
   12 s   21    18.03242        9.685120        103.2512        5.601066        253.3023      -0.2742873E-03
   12 s   22    17.47967        9.824905        101.7822        5.612480        248.8895      -0.2365985E-03
   12 s   23    16.97642        9.966128        100.3399        5.704671        246.8301      -0.2075223E-03
   12 s   24    16.52029        10.11105        98.90169        5.843644        246.0312      -0.1826127E-03
   12 s   25    16.10523        10.25935        97.47209        6.034997        246.4125      -0.1614752E-03
   12 s   26    15.73018        10.41339        96.03019        6.312558        248.3798      -0.1401995E-03
   13 s    1    121.0516        4.536013        220.4579        13.33827        631.7228       0.1832954E-02
   13 s    2    77.82861        4.860621        205.7350        13.10570        816.4685      -0.1041006E-02
   13 s    3    59.50498        5.202761        192.2056        14.28296        868.5029      -0.1660675E-02
   13 s    4    49.25823        5.537373        180.5910        5.340224        248.5362       0.1215180E-03
   13 s    5    41.09423        5.646197        177.1104        21.38546        89.78808      -0.7100071E-04
   13 s    6    38.20098        6.202981        161.2128        19.16268        132.2521       0.5278475E-03
   13 s    7    34.59237        6.481181        154.2929        7.326558        374.2198       0.5047991E-03
   13 s    8    31.21913        6.629065        150.8508        5.051743        283.7450       0.1319435E-03
   13 s    9    28.45956        6.754050        148.0593        5.204025        267.2476       0.1941408E-03
   13 s   10    26.70100        7.003728        142.7811        21.15721        85.92163       0.6791374E-04
   13 s   11    26.21057        7.529859        132.8046        20.85752        85.66976       0.9638405E-04
   13 s   12    25.77554        8.048786        124.2423        20.58264        85.51620       0.1198833E-03
   13 s   13    24.32057        8.202006        121.9214        5.714628        252.0571       0.2138651E-03
   13 s   14    23.10459        8.369100        119.4872        7.849558        280.8295       0.1834750E-03
   13 s   15    22.21760        8.602829        116.2408        10.83611        346.3197       0.2700241E-04
   13 s   16    21.58473        8.896990        112.3976        12.33710        419.2452      -0.1062507E-03
   13 s   17    21.06002        9.206814        108.6152        12.31360        445.1976      -0.1930383E-03
   13 s   18    20.57251        9.507614        105.1789        11.73884        439.0756      -0.1849117E-03
   13 s   19    20.10502        9.793810        102.1053        11.20287        432.9473      -0.1287468E-03
   13 s   20    19.67012        10.07334        99.27197        10.82918        433.9557      -0.8952903E-04
   13 s   21    19.25133        10.33979        96.71379        10.47163        433.9287      -0.8570313E-04
   13 s   22    18.84600        10.59288        94.40302        9.605797        410.0281      -0.1396948E-03
   13 s   23    18.40659        10.80572        92.54359        7.297908        322.8904      -0.2693767E-03
   13 s   24    17.92173        10.96878        91.16781        6.048207        278.1732      -0.2789049E-03
   13 s   25    17.44920        11.11548        89.96464        5.772260        265.2008      -0.2440308E-03
   13 s   26    17.00757        11.25902        88.81765        5.742766        259.8496      -0.2132604E-03
   14 s    1    128.3507        4.809522        207.9209        19.74043        86.49675      -0.4770168E-04
   14 s    2    86.22009        5.384694        185.7116        24.73397        85.42347       0.2695559E-04
   14 s    3    62.85396        5.495576        181.9645        1.779647        216.7407      -0.9476690E-06
   14 s    4    49.62274        5.578350        179.2645        11.86994        596.9584       0.1450653E-03
   14 s    5    43.16809        5.931138        168.6017        14.03322        705.2890       0.1668921E-02
   14 s    6    38.64740        6.275469        159.3506        15.62471        169.2297       0.8787042E-03
   14 s    7    36.33347        6.807390        146.8992        21.10693        97.15741       0.8096660E-04
   14 s    8    33.68453        7.152568        139.8099        12.56663        524.6590       0.9559816E-03
   14 s    9    31.47489        7.469652        133.8751        12.51635        575.0088       0.6862336E-03
   14 s   10    29.59693        7.763337        128.8106        10.22182        423.8399       0.5164661E-03
   14 s   11    27.67959        7.951883        125.7564        5.339337        263.4330       0.2623785E-03
   14 s   12    25.85334        8.073078        123.8685        4.761029        244.8702       0.2021408E-03
   14 s   13    25.38674        8.561565        116.8011        20.36307        85.31104       0.1383532E-03
   14 s   14    24.96857        9.044284        110.5671        8.666522        347.7151       0.4851672E-03
   14 s   15    23.84288        9.232154        108.3171        6.748193        279.5044       0.3358829E-03
   14 s   16    22.81011        9.402079        106.3595        7.121051        280.8598       0.1920533E-03
   14 s   17    21.95690        9.598903        104.1786        8.743053        325.2383      -0.5903812E-04
   14 s   18    21.28808        9.838318        101.6434        10.30136        397.0038      -0.4597311E-03
   14 s   19    20.74595        10.10603        98.95084        10.42577        420.5285      -0.8064695E-03
   14 s   20    20.21046        10.35005        96.61786        9.005709        360.6198      -0.8447611E-03
   14 s   21    19.64967        10.55374        94.75316        7.475835        303.9278      -0.6381851E-03
   14 s   22    19.09623        10.73353        93.16596        7.256096        287.2285      -0.3820991E-03
   14 s   23    18.62699        10.93511        91.44859        9.092357        335.4793      -0.1210882E-03
   14 s   24    18.26529        11.17906        89.45296        10.17470        391.3609      -0.3058513E-04
   14 s   25    17.95420        11.43718        87.43417        10.41718        414.1093      -0.1395716E-04
   14 s   26    17.67115        11.69831        85.48242        10.45355        423.2286      -0.1076058E-04
   15 s    1    142.5647        5.342146        187.1907        17.13113        764.5091       0.1027478E-02
   15 s    2    87.41277        5.459180        183.1777        1.161855        212.0134       0.1716328E-07
   15 s    3    68.67956        6.004932        166.5298        23.89083        94.32222       0.2012912E-03
   15 s    4    56.63199        6.366296        157.0772        9.551338        456.7820      -0.9811486E-03
   15 s    5    47.54267        6.532190        153.0880        4.867753        266.0023      -0.2329233E-03
   15 s    6    41.02138        6.660950        150.1287        6.158006        265.9054       0.5301498E-03
   15 s    7    36.69115        6.874405        145.4671        12.39045        233.0345       0.9385666E-03
   15 s    8    34.86704        7.403662        135.0683        23.15138        84.54885      -0.6694799E-04
   15 s    9    33.15697        7.868845        127.0835        3.469254        256.4244       0.2116113E-05
   15 s   10    30.41545        7.978037        125.3441        5.950081        300.2191       0.8997941E-04
   15 s   11    28.53781        8.198437        121.9745        11.12126        514.5611       0.3901664E-03
   15 s   12    27.20332        8.494631        117.7214        12.08540        578.8342       0.5318870E-03
   15 s   13    26.06715        8.791031        113.7523        11.29271        495.8118       0.5667139E-03
   15 s   14    25.03698        9.069063        110.2650        20.16634        85.15993       0.1528731E-03
   15 s   15    24.72063        9.572025        104.4711        19.99987        85.00722       0.1640464E-03
   15 s   16    24.28736        10.01099        99.89027        13.78126        530.0386       0.8080962E-04
   15 s   17    23.61805        10.32511        96.85130        8.218461        339.2170       0.4510315E-04
   15 s   18    22.68155        10.48231        95.39884        6.026835        279.1438       0.9130234E-04
   15 s   19    21.85423        10.64591        93.93280        7.244315        305.1814      -0.8214610E-04
   15 s   20    21.18909        10.85122        92.15553        9.273621        374.7304      -0.4667605E-03
   15 s   21    20.67523        11.10456        90.05310        10.86515        468.6670      -0.9499959E-03
   15 s   22    20.24468        11.37905        87.88080        10.91556        487.0362      -0.1237500E-02
   15 s   23    19.81801        11.63430        85.95271        9.404114        402.8593      -0.1158649E-02
   15 s   24    19.34980        11.84282        84.43936        7.415748        321.3818      -0.8259638E-03
   15 s   25    18.85351        12.01005        83.26357        6.158643        281.9138      -0.5367839E-03
   15 s   26    18.36217        12.15577        82.26549        5.616666        265.3111      -0.3650580E-03
   16 s    1    145.0853        5.436599        183.9385       0.6691100        209.2808       0.8674217E-07
   16 s    2    91.79842        5.733077        174.4264        14.35232        682.0788       0.3309929E-02
   16 s    3    69.50866        6.077423        164.5434        13.67645        380.4590       0.8721541E-03
   16 s    4    58.76988        6.606628        151.3631        21.80877        86.16051       0.6053616E-05
   16 s    5    50.06532        6.878793        145.3743        12.43680        528.0881      -0.1055411E-02
   16 s    6    44.35341        7.201997        138.8504        13.08493        703.9635      -0.3007886E-03
   16 s    7    40.15672        7.523710        132.9132        12.52591        787.0844       0.6305222E-03
   16 s    8    36.62863        7.777716        128.5724        5.184189        328.5930       0.1817233E-03
   16 s    9    33.64127        7.983778        125.2540        23.07259        84.96050      -0.5862950E-04
   16 s   10    32.40850        8.500820        117.6357        13.24147        675.1314       0.1061863E-02
   16 s   11    30.71003        8.822479        113.3468        12.32261        713.1164       0.9185040E-03
   16 s   12    29.02993        9.065016        110.3142        6.158358        276.2266       0.1711363E-03
   16 s   13    27.29029        9.203529        108.6540        5.958873        251.0185       0.7693500E-06
   16 s   14    25.92855        9.392014        106.4734        9.446353        321.7737       0.4364494E-04
   16 s   15    24.98026        9.672553        103.3853        12.61897        447.9029       0.1084956E-03
   16 s   16    24.43318        10.07109        99.29412        19.85392        84.87481       0.1727012E-03
   16 s   17    23.77428        10.39341        96.21485        11.58615        386.4621       0.2709631E-03
   16 s   18    23.23061        10.73606        93.14406        14.20582        535.9611       0.7257621E-04
   16 s   19    22.76387        11.08902        90.17927        13.96917        541.6825       0.2382774E-04
   16 s   20    22.32460        11.43273        87.46817        13.51243        532.4606       0.3369101E-05
   16 s   21    21.89971        11.76222        85.01797        12.34099        465.3105      -0.3294947E-06
   16 s   22    21.24883        11.94345        83.72787        6.818628        303.3832      -0.2679707E-03
   16 s   23    20.67276        12.13609        82.39884        8.759393        370.3208      -0.7211399E-03
   16 s   24    20.22690        12.37964        80.77779        10.67736        481.4555      -0.1283141E-02
   16 s   25    19.86699        12.65566        79.01604        11.26706        539.4246      -0.1616928E-02
   16 s   26    19.52538        12.92581        77.36457        10.21806        458.4644      -0.1530490E-02
   17 s    1    164.1614        6.151412        162.5643        15.20634        619.9548      -0.1450518E-02
   17 s    2    103.3133        6.452217        154.9855        4.170386        261.2060      -0.4771796E-04
   17 s    3    74.53220        6.516652        153.4530        2.673400        228.1338       0.2927760E-03
   17 s    4    58.93766        6.625489        150.9322        8.378382        255.7143      -0.1293112E-03
   17 s    5    52.27710        7.182683        139.2237        22.58362        83.36666       0.1643466E-04
   17 s    6    47.35934        7.690092        130.0375        4.093833        230.5736      -0.1439512E-03
   17 s    7    41.39387        7.755500        128.9408        2.637029        235.7905       0.2157463E-04
   17 s    8    37.11801        7.881631        126.8773        10.14713        413.6578       0.9634756E-03
   17 s    9    34.47963        8.182740        122.2085        12.68912        701.9382       0.1204635E-02
   17 s   10    32.64748        8.563503        116.7746        22.57482        86.65983      -0.1640331E-04
   17 s   11    31.46786        9.040191        110.6171        4.056324        227.3359       0.1945667E-03
   17 s   12    29.51859        9.217606        108.4880        10.98307        484.9163       0.9492842E-03
   17 s   13    28.23504        9.522143        105.0184        12.31977        667.0906       0.1135540E-02
   17 s   14    27.09400        9.814171        101.8935        10.59222        504.8797       0.1009355E-02
   17 s   15    25.94791        10.04724        99.52985        7.583327        341.6384       0.6607490E-03
   17 s   16    24.77815        10.21328        97.91173        5.987473        281.8213       0.4154428E-03
   17 s   17    24.17076        10.56674        94.63658        19.72659        84.75498       0.1791553E-03
   17 s   18    23.93027        11.05941        90.42075        19.61469        84.64661       0.1839593E-03
   17 s   19    23.64297        11.51726        86.82621        5.761064        283.7033       0.2629936E-03
   17 s   20    22.75656        11.65395        85.80783        5.337814        274.0570       0.9934020E-04
   17 s   21    21.95672        11.79284        84.79723        6.391312        299.7721      -0.3993041E-04
   17 s   22    21.50239        12.08598        82.74051        12.56626        518.4965      -0.6119527E-05
   17 s   23    21.11393        12.39508        80.67716        12.16067        502.2711      -0.1717657E-05
   17 s   24    20.73995        12.69365        78.77957        11.71454        480.0098      -0.5761095E-06
   17 s   25    20.37567        12.97970        77.04340        11.14442        446.7231      -0.2602647E-04
   17 s   26    20.01551        13.25028        75.47010        10.55252        414.3469      -0.1897562E-03
   18 s    1    168.9813        6.332023        157.9274        21.02128        88.46672      -0.7279475E-04
   18 s    2    105.4185        6.583690        151.8905        12.27994        423.0135      -0.6163322E-03
   18 s    3    79.10938        6.916853        144.5744        13.14388        784.5297       0.1750543E-02
   18 s    4    64.41794        7.241556        138.0919        12.98741        918.3867       0.1759100E-02
   18 s    5    54.97795        7.553770        132.3842        10.71197        597.7946       0.1154971E-03
   18 s    6    47.72172        7.748934        129.0500        20.79987        87.68360       0.2268245E-04
   18 s    7    44.24923        8.290477        120.6203        20.82773        108.3938      -0.3233848E-03
   18 s    8    41.11510        8.730373        114.5426        13.41295        434.1184      -0.2086982E-03
   18 s    9    37.46691        8.891684        112.4646        2.875137        218.6966       0.9394345E-04
   18 s   10    34.15571        8.959116        111.6182        2.782258        213.6716       0.8610118E-04
   18 s   11    31.79251        9.133457        109.4876        22.65234        85.05531      -0.4009302E-04
   18 s   12    31.05930        9.698714        103.1065        22.43260        85.23562      -0.3122258E-04
   18 s   13    30.08016        10.14440        98.57654        5.699515        268.7097       0.4266938E-03
   18 s   14    28.44685        10.30421        97.04773        7.405044        297.1415       0.6251687E-03
   18 s   15    27.18909        10.52783        94.98633        10.37156        394.4361       0.1002677E-02
   18 s   16    26.23225        10.81265        92.48430        11.93825        489.0845       0.1202100E-02
   18 s   17    25.40995        11.10847        90.02137        11.16760        454.9476       0.1076522E-02
   18 s   18    24.56069        11.35076        88.09986        7.918311        335.1516       0.6184413E-03
   18 s   19    23.70906        11.54945        86.58418        19.51573        84.54880       0.1874616E-03
   18 s   20    23.50489        12.03717        83.07598        19.42764        84.46058       0.1899379E-03
   18 s   21    23.31584        12.52282        79.85424        19.34873        84.38104       0.1916030E-03
   18 s   22    22.90208        12.87271        77.68371        5.912921        278.8859       0.1517397E-03
   18 s   23    22.15916        13.00870        76.87166        5.218015        261.4115      -0.2695039E-05
   18 s   24    21.47130        13.14126        76.09621        5.504307        263.8194      -0.1216756E-03
   18 s   25    20.86231        13.28970        75.24624        6.529846        285.1582      -0.2948615E-03
   18 s   26    20.35438        13.47461        74.21363        8.411151        343.3670      -0.5444845E-03
   19 s    1    172.6079        6.467918        154.6093        1.132313        217.5403       0.4865170E-05
   19 s    2    110.1570        6.879621        145.3569        22.69126        87.55833       0.1613456E-03
   19 s    3    85.57277        7.481973        133.6546        24.68266        87.77890      -0.4013388E-04
   19 s    4    68.18392        7.664909        130.4647        1.560138        226.8358       0.1083529E-03
   19 s    5    56.26049        7.729986        129.3663        5.095752        261.8566       0.2200933E-03
   19 s    6    49.28611        8.002956        124.9538        14.69582        574.0955      -0.7684042E-03
   19 s    7    44.83433        8.400101        119.0462        17.15467        250.0140      -0.6280171E-03
   19 s    8    41.79934        8.875664        112.6676        13.28240        116.3841      -0.5459424E-04
   19 s    9    38.62080        9.165527        109.1045        13.74105        710.7415       0.4420615E-03
   19 s   10    36.20196        9.495852        105.3091        12.42657        702.3946       0.8289744E-03
   19 s   11    34.04489        9.780528        102.2440        10.13483        506.2829       0.7699448E-03
   19 s   12    32.00022        9.992530        100.0748        6.790781        318.2364       0.5206887E-03
   19 s   13    30.41714        10.25805        97.48443        22.18443        85.43212      -0.2117819E-04
   19 s   14    29.73611        10.77121        92.84004        11.16671        599.2061       0.4390097E-03
   19 s   15    28.54320        11.05215        90.48012        11.07252        603.0703       0.4186829E-03
   19 s   16    27.41355        11.29957        88.49898        8.030109        395.3647       0.7070897E-04
   19 s   17    26.25518        11.47798        87.12334        7.307210        336.7924       0.7940796E-04
   19 s   18    25.32051        11.70191        85.45616        10.87631        441.5819       0.4472320E-03
   19 s   19    24.66038        12.01287        83.24402        13.54203        574.3861       0.6607145E-03
   19 s   20    24.14068        12.36277        80.88799        14.04064        591.8494       0.6619752E-03
   19 s   21    23.61245        12.68213        78.85112        10.30395        396.9095       0.5028922E-03
   19 s   22    23.14028        13.00659        76.88408        19.27760        84.30927       0.1926254E-03
   19 s   23    22.97678        13.48869        74.13621        19.21310        84.24442       0.1931370E-03
   19 s   24    22.64457        13.85935        72.15347        7.679797        287.5950       0.2623343E-04
   19 s   25    22.00717        14.01900        71.33178        5.763449        256.8964      -0.2049542E-04
   19 s   26    21.38991        14.16013        70.62082        5.643865        256.8617      -0.1037178E-03
   20 s    1    185.5912        6.954424        143.7934        14.80481        869.1740       0.2497114E-02
   20 s    2    117.8470        7.359888        135.8716        16.91636        707.5869      -0.4687315E-03
   20 s    3    87.25946        7.629447        131.0711        2.256110        232.4930      -0.4557927E-04
   20 s    4    72.03478        8.097804        123.4903        23.83060        89.21800      -0.1056192E-04
   20 s    5    62.40189        8.573792        116.6345        13.52561        799.2348       0.1317244E-02
   20 s    6    54.13147        8.789734        113.7691        1.937347        212.7654       0.7419475E-04
   20 s    7    47.13624        8.831384        113.2325        1.794912        209.8419      -0.1855451E-04
   20 s    8    41.98304        8.914670        112.1746        13.17387        143.2656      -0.3316443E-05
   20 s    9    39.82920        9.452306        105.7943        22.39195        84.03922      -0.2714561E-04
   20 s   10    38.10659        9.995441        100.0456        3.642765        213.1649       0.4077041E-05
   20 s   11    35.13470        10.09361        99.07257        4.904441        254.1710       0.7274421E-04
   20 s   12    32.85281        10.25877        97.47762        8.394226        369.4484       0.2525435E-03
   20 s   13    31.13246        10.49928        95.24458        10.45476        520.7715       0.3810123E-03
   20 s   14    29.84664        10.81125        92.49623        21.94034        85.63117      -0.1134589E-04
   20 s   15    29.13793        11.28244        88.63335        5.171463        280.9132       0.3504277E-03
   20 s   16    27.78991        11.45470        87.30045        9.330532        396.5856       0.8753337E-03
   20 s   17    26.84607        11.73630        85.20572        12.33021        609.7862       0.1137625E-02
   20 s   18    26.08179        12.05374        82.96182        12.74844        660.1398       0.1149682E-02
   20 s   19    25.38429        12.36551        80.87008        11.83389        562.7990       0.9153940E-03
   20 s   20    24.66916        12.63341        79.15517        9.466079        396.0762       0.3441908E-03
   20 s   21    23.96739        12.87276        77.68341        11.09055        402.9352       0.5174909E-06
   20 s   22    23.49457        13.20574        75.72467        14.65823        557.2427       0.9084707E-04
   20 s   23    23.12224        13.57408        73.66983        14.29844        522.4889       0.3717454E-04
   20 s   24    22.82414        13.96925        71.58582        19.15428        84.18572       0.1932341E-03
   20 s   25    22.49090        14.32714        69.79760        13.26625        540.1059       0.4707319E-04
   20 s   26    22.11845        14.64243        68.29468        11.84966        477.2852      -0.8527756E-05
