    0 s    2    4.985225       0.3113417        3211.905        6.375746        482.1091      -0.3773803E-02
    0 s    3    5.396017       0.4717956        2119.562        6.746380        390.4508      -0.3766993E-02
    0 s    4    5.796189       0.6515798        1534.731        7.549152        352.3372      -0.2440978E-02
    0 s    5    6.156165       0.8458346        1182.264        7.906808        338.7194      -0.1241467E-02
    0 s    6    6.430084        1.044101        957.7617        7.883286        333.2351      -0.4484345E-03
    0 s    7    6.604919        1.237489        808.0881        7.518830        330.1570      -0.1967123E-04
    0 s    8    6.677091        1.417812        705.3119        6.856831        327.3443       0.1260602E-03
    0 s    9    6.656606        1.579752        633.0106        6.098420        323.8125       0.1092367E-03
    0 s   10    6.573525        1.724250        579.9624        5.491828        318.7989       0.5736998E-04
    0 s   11    6.461162        1.856184        538.7397        5.087557        311.8367       0.2404623E-04
    0 s   12    6.340171        1.979810        505.0990        4.814688        302.9407       0.9013161E-05
    0 s   13    6.219682        2.097561        476.7443        4.609897        292.4627       0.3171846E-05
    0 s   14    6.103022        2.210678        452.3499        4.440388        280.9225       0.1070154E-05
    0 s   15    5.991210        2.319844        431.0635        4.292133        268.8820       0.3496234E-06
    0 s   16    5.884462        2.425511        412.2843        4.159607        256.8496       0.1112336E-06
    0 s   17    5.782738        2.528041        395.5632        4.040600        245.2230       0.3466399E-07
    0 s   18    5.685923        2.627757        380.5527        3.934030        234.2730       0.1070827E-07
    0 s   19    5.593881        2.724961        366.9777        3.839135        224.1553       0.3407917E-08
    0 s   20    5.506464        2.819936        354.6180        3.755209        214.9357       0.1186996E-08
    0 s   21    5.423523        2.912946        343.2950        3.681549        206.6163       0.5490985E-09
    0 s   22    5.344900        3.004240        332.8629        3.617445        199.1587       0.3585195E-09
    0 s   23    5.270437        3.094048        323.2012        3.562191        192.5015       0.2941910E-09
    0 s   24    5.199969        3.182580        314.2104        3.515087        186.5722       0.2748257E-09
    0 s   25    5.133334        3.270034        305.8072        3.475449        181.2952       0.2186455E-09
    0 s   26    5.070367        3.356586        297.9217        3.442612        176.5968       0.1871291E-09
    1 s    2    10.76446       0.6722715        1487.494        10.71678        291.4317      -0.1089827E-03
    1 s    3    10.60739       0.9274470        1078.229        9.657441        266.0992      -0.1065217E-03
    1 s    4    10.26589        1.154042        866.5195        8.411260        255.9149      -0.1509634E-03
    1 s    5    9.784192        1.344312        743.8747        6.722230        274.1650      -0.2945110E-03
    1 s    6    9.197956        1.493541        669.5497        5.434265        317.8063      -0.3343692E-03
    1 s    7    8.690674        1.628273        614.1476        5.505791        340.3950      -0.7322028E-04
    1 s    8    8.358826        1.774912        563.4083        6.264816        345.2804       0.3402207E-03
    1 s    9    8.188312        1.943258        514.5997        7.156881        342.6702       0.7630481E-03
    1 s   10    8.126983        2.131725        469.1037        7.829074        334.5746       0.1083279E-02
    1 s   11    8.121266        2.333104        428.6135        8.181615        317.3265       0.1252549E-02
    1 s   12    8.131087        2.539049        393.8482        8.168988        278.7111       0.1212392E-02
    1 s   13    8.115963        2.737073        365.3538        7.480104        208.7205       0.7755501E-03
    1 s   14    8.035368        2.910625        343.5688        6.442575        161.5933       0.2352635E-03
    1 s   15    7.916048        3.065156        326.2476        5.975364        148.9729       0.5993006E-04
    1 s   16    7.792741        3.212082        311.3245        5.783048        145.2243       0.1755995E-04
    1 s   17    7.675346        3.355433        298.0242        5.675230        143.7522       0.5738019E-05
    1 s   18    7.565784        3.496538        285.9972        5.599375        143.1579       0.1996997E-05
    1 s   19    7.463992        3.635953        275.0310        5.538740        143.0244       0.7196906E-06
    1 s   20    7.369397        3.773969        264.9730        5.486951        143.1737       0.2641776E-06
    1 s   21    7.281336        3.910768        255.7043        5.441218        143.5032       0.9777056E-07
    1 s   22    7.199170        4.046481        247.1283        5.400122        143.9407       0.3622418E-07
    1 s   23    7.122326        4.181212        239.1651        5.362787        144.4293       0.1335765E-07
    1 s   24    7.050291        4.315048        231.7471        5.328556        144.9226       0.4865831E-08
    1 s   25    6.982612        4.448060        224.8171        5.296864        145.3822       0.1728536E-08
    1 s   26    6.918880        4.580303        218.3262        5.267202        145.7773       0.5754548E-09
    2 s    1    10.70345       0.4010769        2493.288        12.76486        370.7783      -0.1202480E-03
    2 s    2    15.16482       0.9470868        1055.869        19.49121        95.99034      -0.3846002E-02
    2 s    3    14.16518        1.238519        807.4160        5.832531        402.5467      -0.1791566E-03
    2 s    4    12.18630        1.369926        729.9665        4.979335        356.3917      -0.5010613E-03
    2 s    5    10.92465        1.501007        666.2193        5.721120        281.5899      -0.4282281E-03
    2 s    6    10.21844        1.659245        602.6839        6.794989        223.4345      -0.1579440E-03
    2 s    7    9.784887        1.833283        545.4694        7.004779        197.7185      -0.2308460E-04
    2 s    8    9.452004        2.007037        498.2469        6.853528        184.1928       0.4194228E-04
    2 s    9    9.168742        2.175935        459.5726        6.639465        175.5662       0.9171368E-04
    2 s   10    8.920068        2.339753        427.3956        6.455131        170.2995       0.1500022E-03
    2 s   11    8.701977        2.499933        400.0108        6.357311        169.1109       0.2466948E-03
    2 s   12    8.518276        2.659955        375.9462        6.475033        177.3274       0.4680220E-03
    2 s   13    8.390232        2.829569        353.4107        7.193728        219.2564       0.1030982E-02
    2 s   14    8.348369        3.024003        330.6875        8.227544        307.4557       0.1663729E-02
    2 s   15    8.360325        3.237184        308.9105        8.674204        358.6471       0.1908256E-02
    2 s   16    8.387853        3.457381        289.2362        8.836488        377.2211       0.2003966E-02
    2 s   17    8.418661        3.680388        271.7105        8.908807        385.1716       0.2058411E-02
    2 s   18    8.449103        3.904765        256.0974        8.945948        389.5610       0.2097117E-02
    2 s   19    8.477963        4.129891        242.1371        8.966092        392.4624       0.2127370E-02
    2 s   20    8.504830        4.355440        229.5979        8.976274        394.4381       0.2151193E-02
    2 s   21    8.529568        4.581187        218.2840        8.978205        395.2593       0.2167166E-02
    2 s   22    8.551974        4.806860        208.0360        8.964243        392.8471       0.2164043E-02
    2 s   23    8.570309        5.031262        198.7573        8.822949        366.3999       0.2023007E-02
    2 s   24    8.546501        5.230786        191.1758        6.758003        193.8544       0.2233460E-03
    2 s   25    8.467376        5.393883        185.3952        6.410766        179.8648       0.1441149E-04
    2 s   26    8.388615        5.553268        180.0741        6.332255        176.1379       0.2595521E-05
    3 s    1    25.08266       0.9398909        1063.953        6.157665        787.4469      -0.1208918E-02
    3 s    2    17.71379        1.106278        903.9322        7.131892        341.3277      -0.6458763E-03
    3 s    3    16.38246        1.432385        698.1364        16.69632        90.62538      -0.7009189E-02
    3 s    4    16.48090        1.852703        539.7518        16.07559        90.20967      -0.9297324E-02
    3 s    5    16.45071        2.260267        442.4256        15.72392        90.22445      -0.1084903E-01
    3 s    6    15.74126        2.556026        391.2323        5.310013        271.9236      -0.7115595E-04
    3 s    7    14.32765        2.684409        372.5214        4.983432        259.2137      -0.4944902E-04
    3 s    8    13.22039        2.807216        356.2248        4.870339        249.6990       0.7544025E-06
    3 s    9    12.34552        2.929850        341.3143        4.958261        242.5163       0.4886362E-04
    3 s   10    11.65225        3.056410        327.1813        5.169617        236.6726       0.8109346E-04
    3 s   11    11.10058        3.189010        313.5769        5.430463        231.5446       0.9681656E-04
    3 s   12    10.65831        3.328210        300.4618        5.690693        226.8267       0.1000869E-03
    3 s   13    10.29993        3.473605        287.8853        5.922679        222.3959       0.9551885E-04
    3 s   14    10.00566        3.624317        275.9140        6.114766        218.2051       0.8684659E-04
    3 s   15    9.760409        3.779307        264.5987        6.264914        214.2238       0.7667367E-04
    3 s   16    9.552792        3.937556        253.9646        6.376006        210.4185       0.6665970E-04
    3 s   17    9.374258        4.098146        244.0128        6.452954        206.7533       0.5780912E-04
    3 s   18    9.218390        4.260292        234.7257        6.501186        203.1999       0.5075318E-04
    3 s   19    9.080367        4.423342        226.0734        6.526001        199.7474       0.4604215E-04
    3 s   20    8.956560        4.586777        218.0180        6.532522        196.4187       0.4461241E-04
    3 s   21    8.844268        4.750211        210.5170        6.526624        193.3229       0.4916541E-04
    3 s   22    8.741639        4.913466        203.5223        6.521169        190.9593       0.7151387E-04
    3 s   23    8.648901        5.077399        196.9512        6.631199        194.7258       0.2303494E-03
    3 s   24    8.602994        5.265362        189.9205        8.656184        358.3712       0.2047556E-02
    3 s   25    8.616235        5.488710        182.1922        8.957493        404.1842       0.2274161E-02
    3 s   26    8.632285        5.714578        174.9911        8.984623        409.3924       0.2302200E-02
    4 s    1    37.16559        1.392659        718.0508        11.70190        362.0259      -0.3191671E-03
    4 s    2    27.25013        1.701849        587.5961        12.75219        445.3489      -0.1593851E-03
    4 s    3    23.15272        2.024336        493.9892        12.94564        507.1500      -0.1461117E-04
    4 s    4    20.26062        2.277602        439.0582        5.705053        323.6533       0.2652420E-04
    4 s    5    17.60750        2.419207        413.3586        5.627175        288.1693      -0.3252398E-04
    4 s    6    16.39159        2.661625        375.7103        15.54382        90.06795      -0.1185045E-01
    4 s    7    16.32772        3.059141        326.8892        15.44440        89.95244      -0.1244237E-01
    4 s    8    16.26741        3.454218        289.5011        15.36110        89.88867      -0.1275723E-01
    4 s    9    15.47034        3.671436        272.3730        7.082793        337.5459      -0.1564104E-05
    4 s   10    14.62935        3.837310        260.5992        6.271553        297.3942       0.3536120E-04
    4 s   11    13.88359        3.988524        250.7193        5.863887        275.4356       0.7252275E-04
    4 s   12    13.23414        4.132551        241.9813        5.675611        262.2275       0.9778202E-04
    4 s   13    12.67228        4.273672        233.9908        5.620381        253.7283       0.1092402E-03
    4 s   14    12.18720        4.414528        226.5248        5.647418        248.0643       0.1095529E-03
    4 s   15    11.76814        4.556719        219.4562        5.722415        244.2383       0.1023836E-03
    4 s   16    11.40527        4.701127        212.7149        5.821868        241.6633       0.9096625E-04
    4 s   17    11.08985        4.848154        206.2641        5.930160        239.9685       0.7773774E-04
    4 s   18    10.81439        4.997887        200.0845        6.037436        238.9048       0.6437004E-04
    4 s   19    10.57253        5.150221        194.1664        6.137934        238.2947       0.5191183E-04
    4 s   20    10.35892        5.304946        188.5033        6.228699        238.0032       0.4093771E-04
    4 s   21    10.16915        5.461800        183.0898        6.308598        237.9210       0.3167983E-04
    4 s   22    9.999558        5.620512        177.9197        6.377575        237.9558       0.2413838E-04
    4 s   23    9.847104        5.780813        172.9861        6.436121        238.0266       0.1817155E-04
    4 s   24    9.709281        5.942452        168.2807        6.484922        238.0615       0.1356509E-04
    4 s   25    9.584000        6.105195        163.7949        6.524657        237.9970       0.1008231E-04
    4 s   26    9.469512        6.268823        159.5196        6.555905        237.7772       0.7496110E-05
    5 s    1    47.27292        1.771398        564.5258        28.64734        98.50261       0.7926309E-04
    5 s    2    33.00566        2.061299        485.1310        3.199432        328.3452      -0.7609725E-03
    5 s    3    24.65989        2.156114        463.7973        4.538035        294.9371      -0.1496539E-03
    5 s    4    20.93724        2.353664        424.8696        12.65505        430.7586       0.8859250E-05
    5 s    5    19.42416        2.668809        374.6989        12.36685        482.2337       0.2788685E-05
    5 s    6    18.27903        2.968104        336.9155        11.52085        489.5747      -0.2804390E-05
    5 s    7    17.30094        3.241482        308.5009        10.26865        471.6290      -0.1052043E-04
    5 s    8    16.37629        3.477339        287.5762        8.556582        406.9007      -0.2115075E-04
    5 s    9    16.21143        3.847314        259.9216        15.29437        89.79207      -0.1290714E-01
    5 s   10    15.95193        4.184226        238.9928        9.841559        357.2397       0.2240011E-05
    5 s   11    15.41731        4.429137        225.7776        9.689506        382.2588       0.8732833E-05
    5 s   12    14.94181        4.665795        214.3258        9.173434        393.5732       0.1912416E-04
    5 s   13    14.48240        4.884126        204.7449        8.219765        380.5516       0.4161345E-04
    5 s   14    14.01195        5.075502        197.0248        7.118353        345.1712       0.7669289E-04
    5 s   15    13.54305        5.243976        190.6950        6.438975        315.3085       0.1073698E-03
    5 s   16    13.10380        5.401242        185.1426        6.184735        298.5665       0.1245511E-03
    5 s   17    12.70737        5.555284        180.0088        6.152716        289.6045       0.1302183E-03
    5 s   18    12.35524        5.709991        175.1316        6.224439        284.5171       0.1278280E-03
    5 s   19    12.04427        5.867156        170.4403        6.342624        281.3386       0.1200813E-03
    5 s   20    11.76988        6.027518        165.9058        6.476520        279.0417       0.1089633E-03
    5 s   21    11.52723        6.191213        161.5192        6.607064        277.0260       0.9595098E-04
    5 s   22    11.31161        6.357984        157.2826        6.721015        274.8949       0.8215712E-04
    5 s   23    11.11865        6.527284        153.2031        6.808486        272.3553       0.6842088E-04
    5 s   24    10.94434        6.698355        149.2904        6.861913        269.1761       0.5536772E-04
    5 s   25    10.78503        6.870273        145.5546        6.875842        265.1829       0.4345169E-04
    5 s   26    10.63747        7.042009        142.0049        6.847443        260.2810       0.3298586E-04
    6 s    1    52.22794        1.957072        510.9675        7.120621        523.8399      -0.1298999E-02
    6 s    2    39.67268        2.477673        403.6044        16.70939        191.8551      -0.9951428E-03
    6 s    3    31.99635        2.797570        357.4530        11.73462        421.8981      -0.1443254E-02
    6 s    4    27.12544        3.049312        327.9429        7.893066        317.1662      -0.4631882E-03
    6 s    5    23.35211        3.208495        311.6726        5.584123        262.6728      -0.9862187E-05
    6 s    6    20.64112        3.351655        298.3601        6.054280        256.6716       0.1811190E-04
    6 s    7    18.76724        3.516204        284.3976        7.163888        261.1539      -0.1537200E-04
    6 s    8    17.48413        3.712577        269.3547        8.550753        282.2896      -0.1945653E-04
    6 s    9    16.60430        3.940549        253.7718        9.552400        321.2485      -0.6555005E-05
    6 s   10    16.15958        4.238692        235.9218        15.23480        89.72829      -0.1294461E-01
    6 s   11    16.11155        4.628580        216.0490        15.18271        89.67344      -0.1291640E-01
    6 s   12    15.85651        4.951424        201.9621        6.410163        251.7010       0.3787103E-04
    6 s   13    15.18636        5.121532        195.2541        7.253301        259.6837       0.5537803E-04
    6 s   14    14.67491        5.315644        188.1240        8.231182        280.6979       0.5184561E-04
    6 s   15    14.28057        5.529548        180.8466        8.784560        304.7262       0.4251841E-04
    6 s   16    13.95334        5.751416        173.8702        8.902862        321.3778       0.3753276E-04
    6 s   17    13.66242        5.972801        167.4256        8.770956        329.3099       0.3710904E-04
    6 s   18    13.39140        6.188853        161.5808        8.486557        329.5249       0.4012328E-04
    6 s   19    13.13069        6.396386        156.3383        8.095638        322.8988       0.4566539E-04
    6 s   20    12.87462        6.593269        151.6698        7.643043        310.8067       0.5246608E-04
    6 s   21    12.62109        6.778720        147.5205        7.191889        295.7675       0.5862901E-04
    6 s   22    12.37130        6.953608        143.8102        6.806249        280.7085       0.6234385E-04
    6 s   23    12.12846        7.120102        140.4474        6.522785        267.6394       0.6285929E-04
    6 s   24    11.89610        7.280869        137.3462        6.346772        257.3196       0.6055649E-04
    6 s   25    11.67700        7.438477        134.4361        6.267420        249.7799       0.5631799E-04
    6 s   26    11.47304        7.595163        131.6628        6.270463        244.8193       0.5098511E-04
    7 s    1    59.02864        2.211905        452.0989        7.876280        260.3999      -0.2455219E-03
    7 s    2    40.49131        2.528799        395.4446        24.91581        123.6470      -0.8033777E-03
    7 s    3    36.48448        3.189986        313.4810        4.752838        223.1100      -0.7285154E-05
    7 s    4    29.66145        3.334398        299.9042        8.553609        349.1934      -0.2912472E-03
    7 s    5    26.22228        3.602845        277.5584        12.07132        484.8553      -0.2380682E-03
    7 s    6    24.05674        3.906273        255.9985        11.71373        475.7940      -0.5802134E-04
    7 s    7    22.24121        4.167084        239.9760        8.889202        365.0751       0.1470218E-04
    7 s    8    20.51199        4.355512        229.5941        6.514893        292.3687      -0.2317117E-05
    7 s    9    18.99239        4.507293        221.8626        5.806878        267.2064      -0.2523294E-04
    7 s   10    17.73239        4.651243        214.9963        5.759674        257.3579      -0.2063976E-04
    7 s   11    16.69917        4.797392        208.4466        5.957499        252.5204       0.6141271E-05
    7 s   12    16.06705        5.017169        199.3156        15.13738        89.62565      -0.1285018E-01
    7 s   13    16.02581        5.404633        185.0265        15.09822        89.58323      -0.1276361E-01
    7 s   14    15.98758        5.791129        172.6779        15.06463        89.54483      -0.1266775E-01
    7 s   15    15.95215        6.176800        161.8961        15.03598        89.50934      -0.1256938E-01
    7 s   16    15.43866        6.363646        157.1426        6.088423        262.5221       0.9234881E-04
    7 s   17    14.90893        6.517738        153.4275        6.235995        259.8894       0.1081458E-03
    7 s   18    14.44608        6.676274        149.7842        6.445096        258.7545       0.1139223E-03
    7 s   19    14.04308        6.840842        146.1808        6.717007        259.6578       0.1109854E-03
    7 s   20    13.69376        7.012763        142.5971        7.026783        262.8896       0.1019044E-03
    7 s   21    13.39121        7.192352        139.0366        7.320579        267.9756       0.9010711E-04
    7 s   22    13.12714        7.378451        135.5298        7.540346        273.5839       0.7881213E-04
    7 s   23    12.89271        7.568757        132.1221        7.655988        278.1802       0.6987821E-04
    7 s   24    12.68002        7.760660        128.8550        7.671601        280.7763       0.6363852E-04
    7 s   25    12.48304        7.951937        125.7555        7.611192        281.1443       0.5949892E-04
    7 s   26    12.29767        8.141066        122.8340        7.504973        279.6333       0.5653065E-04
    8 s    1    76.17989        2.854592        350.3127        14.68151        983.4703      -0.4569008E-03
    8 s    2    50.23412        3.137266        318.7489        1.440862        234.1633      -0.8151727E-06
    8 s    3    36.82112        3.219420        310.6150        25.43450        98.96816       0.1222263E-03
    8 s    4    34.11995        3.835601        260.7153        18.38676        194.0917      -0.3846706E-03
    8 s    5    30.23569        4.154274        240.7160        10.22396        502.5078      -0.8776404E-03
    8 s    6    26.88149        4.364949        229.0978        7.433110        309.8997      -0.7876363E-04
    8 s    7    24.41764        4.574856        218.5861        9.850713        334.4213      -0.5043002E-08
    8 s    8    22.86522        4.855198        205.9648        12.20389        420.0712      -0.3838886E-06
    8 s    9    21.77291        5.167168        193.5296        12.46230        485.4842       0.1552053E-07
    8 s   10    20.77014        5.448053        183.5518        8.476756        410.0869      -0.6186145E-05
    8 s   11    19.55762        5.618578        177.9810        6.155541        306.3371      -0.2852913E-04
    8 s   12    18.47359        5.768644        173.3510        5.912751        286.6164      -0.2387706E-04
    8 s   13    17.54214        5.916008        169.0329        5.886998        277.1293       0.8963519E-06
    8 s   14    16.73996        6.063660        164.9169        5.922912        270.9499       0.3434487E-04
    8 s   15    16.04467        6.212622        160.9626        5.988848        266.2400       0.6684408E-04
    8 s   16    15.91932        6.561768        152.3979        15.01163        89.47590      -0.1247254E-01
    8 s   17    15.88888        6.946144        143.9648        14.99096        89.44386      -0.1237950E-01
    8 s   18    15.86065        7.330020        136.4253        14.97342        89.41277      -0.1229148E-01
    8 s   19    15.39935        7.501523        133.3063        5.758664        251.8324       0.7833480E-04
    8 s   20    14.92756        7.644607        130.8112        5.700532        244.1566       0.9082101E-04
    8 s   21    14.49989        7.787815        128.4057        5.759908        240.0665       0.9788620E-04
    8 s   22    14.11478        7.933580        126.0465        5.900013        238.4580       0.1001532E-03
    8 s   23    13.76970        8.083602        123.7072        6.096833        238.7532       0.9840437E-04
    8 s   24    13.46165        8.239045        121.3733        6.330552        240.5941       0.9348448E-04
    8 s   25    13.18732        8.400582        119.0394        6.581202        243.6754       0.8631039E-04
    8 s   26    12.94315        8.568371        116.7083        6.827432        247.6427       0.7786409E-04
    9 s    1    83.28367        3.120784        320.4323       0.3554081        210.9891      -0.1166369E-04
    9 s    2    51.59879        3.222494        310.3187        14.06746        766.5668      -0.4690375E-04
    9 s    3    40.78862        3.566314        280.4016        13.34415        674.9558      -0.1259299E-02
    9 s    4    34.91911        3.925439        254.7486        19.42901        142.5908      -0.9705528E-03
    9 s    5    31.70058        4.355545        229.5924        6.230383        263.0164      -0.5135036E-03
    9 s    6    28.12643        4.567099        218.9574        10.26542        448.1661      -0.9133136E-03
    9 s    7    25.79845        4.833563        206.8867        10.60902        513.4587      -0.4812897E-03
    9 s    8    23.94846        5.085212        196.6486        9.368918        440.8856      -0.1237027E-03
    9 s    9    22.33014        5.299410        188.7003        7.859550        351.9507      -0.5880481E-05
    9 s   10    20.99255        5.506391        181.6072        10.29352        356.2916      -0.1025932E-04
    9 s   11    20.15618        5.790535        172.6956        11.52533        451.8174      -0.6866505E-05
    9 s   12    19.44765        6.072808        164.6685        11.03136        466.6334      -0.6036601E-05
    9 s   13    18.80344        6.341377        157.6945        10.44034        460.7671      -0.5331633E-05
    9 s   14    18.20255        6.593451        151.6656        9.686741        434.3863      -0.3497804E-05
    9 s   15    17.62171        6.823265        146.5574        8.648828        385.4149       0.2592013E-05
    9 s   16    17.04224        7.024626        142.3563        7.465407        329.9373       0.1698504E-04
    9 s   17    16.46697        7.198868        138.9107        6.533901        289.2650       0.3838167E-04
    9 s   18    15.91447        7.354893        135.9639        5.999555        265.3604       0.6035877E-04
    9 s   19    15.83445        7.713475        129.6433        14.95847        89.38228      -0.1220899E-01
    9 s   20    15.81012        8.096578        123.5090        14.94567        89.35215      -0.1213218E-01
    9 s   21    15.78750        8.479384        117.9331        14.93460        89.32221      -0.1206095E-01
    9 s   22    15.46023        8.689826        115.0771        6.298232        268.1355       0.7174753E-04
    9 s   23    15.05938        8.840719        113.1130        5.830197        250.8634       0.8117192E-04
    9 s   24    14.67899        8.984106        111.3077        5.665189        242.8136       0.8524159E-04
    9 s   25    14.32539        9.125554        109.5824        5.657980        239.2803       0.8595019E-04
    9 s   26    13.99998        9.267995        107.8982        5.736403        238.1186       0.8454438E-04
   10 s    1    93.83501        3.516160        284.4011        23.16816        98.77165      -0.4972753E-03
   10 s    2    64.24489        4.012279        249.2349        12.79644        562.7758      -0.2065914E-02
   10 s    3    47.83585        4.182482        239.0925        2.905817        241.4561       0.4114072E-04
   10 s    4    37.83071        4.252747        235.1421        3.208794        231.2800      -0.1432972E-03
   10 s    5    32.94635        4.526708        220.9111        24.26683        94.25056       0.7765662E-04
   10 s    6    31.60701        5.132267        194.8457        23.60875        95.40044       0.1500433E-03
   10 s    7    29.24270        5.478873        182.5193        7.319242        315.1799      -0.7846482E-03
   10 s    8    26.68537        5.666367        176.4799        8.131015        313.6037      -0.5579276E-03
   10 s    9    24.84079        5.895241        169.6283        10.14630        367.8148      -0.3319060E-03
   10 s   10    23.50338        6.164988        162.2063        11.15484        419.3029      -0.1400394E-03
   10 s   11    22.40349        6.436150        155.3724        10.21235        397.1391      -0.4071387E-04
   10 s   12    21.34525        6.665363        150.0293        8.146408        327.2138      -0.3193232E-04
   10 s   13    20.31692        6.851791        145.9472        6.987717        287.3127      -0.4334689E-04
   10 s   14    19.39097        7.023930        142.3704        6.926055        276.6127      -0.3636939E-04
   10 s   15    18.60509        7.204039        138.8110        7.568057        286.6811      -0.1791686E-04
   10 s   16    17.96530        7.405099        135.0421        8.516763        315.1390      -0.1407000E-05
   10 s   17    17.44890        7.628138        131.0936        9.253883        350.5198       0.8128544E-05
   10 s   18    17.01617        7.864046        127.1610        9.534756        376.0287       0.1429215E-04
   10 s   19    16.62952        8.100781        123.4449        9.309168        378.7462       0.2210676E-04
   10 s   20    16.25521        8.324517        120.1271        8.481487        349.4886       0.3593067E-04
   10 s   21    15.86576        8.521415        117.3514        7.251824        302.3239       0.5530029E-04
   10 s   22    15.76645        8.861942        112.8421        14.92493        89.29232      -0.1199509E-01
   10 s   23    15.74683        9.244290        108.1749        14.91636        89.26238      -0.1193434E-01
   10 s   24    15.62530        9.563282        104.5666        10.05797        371.8990       0.1470419E-04
   10 s   25    15.40245        9.811661        101.9195        9.725703        368.1057       0.2129154E-04
   10 s   26    15.17629        10.04672        99.53501        8.669644        333.5449       0.4015441E-04
   11 s    1    98.46864        3.689791        271.0181        15.54325        421.5935      -0.4647307E-02
   11 s    2    66.34666        4.143540        241.3395        23.66568        89.56719      -0.7327628E-05
   11 s    3    50.40784        4.407362        226.8931        11.87973        576.0124      -0.2009433E-03
   11 s    4    41.90653        4.710931        212.2723        12.04336        673.7564       0.2496439E-03
   11 s    5    36.44011        5.006739        199.7308        11.49043        633.5295      -0.3221541E-03
   11 s    6    32.50666        5.278350        189.4531        9.980574        406.4884      -0.9377353E-03
   11 s    7    30.52276        5.718704        174.8648        16.41527        165.9722      -0.7903293E-04
   11 s    8    28.34664        6.019120        166.1372        12.17196        660.1399      -0.5431173E-03
   11 s    9    26.64994        6.324590        158.1130        12.00758        626.4389      -0.3181818E-03
   11 s   10    25.16789        6.601590        151.4786        9.858077        408.7588      -0.2322954E-04
   11 s   11    23.77944        6.831437        146.3821        9.180242        331.4427      -0.2305177E-04
   11 s   12    22.67170        7.079567        141.2516        10.66844        367.2226      -0.3478445E-04
   11 s   13    21.80338        7.353095        135.9972        10.90175        391.8726      -0.3315061E-04
   11 s   14    21.01185        7.611054        131.3878        9.564898        355.2194      -0.5419710E-04
   11 s   15    20.21665        7.828045        127.7458        7.843098        302.0595      -0.6890693E-04
   11 s   16    19.42825        8.008113        124.8734        6.679886        266.9265      -0.5734747E-04
   11 s   17    18.68222        8.167310        122.4393        6.137959        248.0038      -0.3014861E-04
   11 s   18    18.00019        8.318811        120.2095        6.041644        239.1475      -0.1475354E-05
   11 s   19    17.39388        8.473127        118.0202        6.375620        239.3050       0.1966025E-04
   11 s   20    16.87622        8.642543        115.7067        7.266835        253.2766       0.2771170E-04
   11 s   21    16.45914        8.840122        113.1206        8.539940        286.1435       0.2356503E-04
   11 s   22    16.13145        9.067101        110.2888        9.521951        326.2489       0.1700410E-04
   11 s   23    15.86210        9.311957        107.3888        9.985800        356.5859       0.1387112E-04
   11 s   24    15.72853        9.626462        103.8803        14.90865        89.23230      -0.1187842E-01
   11 s   25    15.71147        10.00851        99.91495        14.90154        89.20121      -0.1182733E-01
   11 s   26    15.48631        10.25195        97.54246        7.462732        277.4232       0.6904127E-04
   12 s    1    111.0353        4.160685        240.3450       0.8267633        219.3184      -0.6622724E-04
   12 s    2    67.26942        4.201169        238.0290        3.449627        233.5247      -0.4371577E-03
   12 s    3    54.59161        4.773165        209.5046        25.34423        86.78268      -0.8524004E-05
   12 s    4    47.35514        5.323438        187.8485        2.245802        224.7550      -0.3199230E-07
   12 s    5    39.25336        5.393268        185.4163        3.484365        236.8362       0.4187489E-05
   12 s    6    33.94441        5.511809        181.4286        6.458426        292.8876      -0.5118147E-04
   12 s    7    30.64992        5.742529        174.1393        17.50021        144.9670      -0.3642485E-03
   12 s    8    29.71875        6.310474        158.4667        22.75516        91.43330      -0.1028167E-03
   12 s    9    27.91038        6.623718        150.9726        6.308587        281.7969      -0.5450405E-03
   12 s   10    26.00315        6.820681        146.6129        9.851319        383.1240      -0.6575125E-03
   12 s   11    24.74801        7.109689        140.6531        12.75730        590.7302      -0.4331465E-03
   12 s   12    23.82484        7.439650        134.4149        13.43459        685.6412      -0.2173999E-03
   12 s   13    23.04912        7.773215        128.6469        13.11403        673.0233      -0.1018258E-03
   12 s   14    22.32259        8.085840        123.6730        11.72312        558.6895      -0.5478938E-04
   12 s   15    21.58364        8.357358        119.6550        10.14077        436.3972      -0.5630305E-04
   12 s   16    20.85570        8.596492        116.3265        8.997349        372.6091      -0.9328561E-04
   12 s   17    20.14377        8.806256        113.5556        7.813871        324.4358      -0.1150411E-03
   12 s   18    19.45175        8.989651        111.2390        6.933637        293.5160      -0.9883495E-04
   12 s   19    18.79606        9.156175        109.2159        6.442702        276.5595      -0.5971240E-04
   12 s   20    18.18713        9.313880        107.3666        6.198136        267.1871      -0.1515497E-04
   12 s   21    17.62676        9.467240        105.6274        6.077191        261.4577       0.2508514E-04
   12 s   22    17.11243        9.618487        103.9665        6.021747        257.5424       0.5659482E-04
   12 s   23    16.64073        9.769057        102.3640        6.024039        254.8779       0.7785841E-04
   12 s   24    16.20944        9.920797        100.7984        6.127775        254.0204       0.8853494E-04
   12 s   25    15.82199        10.07891        99.21704        6.496563        258.2243       0.8704222E-04
   12 s   26    15.69546        10.39041        96.24262        14.89495        89.17066      -0.1178028E-01
   13 s    1    118.2055        4.429364        225.7660        14.38799        730.2788      -0.1313758E-02
   13 s    2    76.62477        4.785438        208.9673        14.37402        867.2023      -0.3831858E-02
   13 s    3    58.94950        5.154193        194.0168        14.95468        974.5435      -0.4358791E-02
   13 s    4    48.02456        5.398690        185.2301        23.91852        96.15626      -0.3082284E-03
   13 s    5    42.56834        5.848735        170.9771        13.38323        616.8461      -0.4339397E-03
   13 s    6    37.82833        6.142470        162.8010        9.897008        535.9075       0.4770558E-03
   13 s    7    33.85193        6.342452        157.6677        6.339742        334.2392       0.7705884E-04
   13 s    8    30.53295        6.483362        154.2410        5.318984        277.2276      -0.3211271E-03
   13 s    9    28.98237        6.878124        145.3885        22.35717        90.76679      -0.1925980E-03
   13 s   10    28.34703        7.435487        134.4902        22.00811        90.35737      -0.2588024E-03
   13 s   11    27.08687        7.781604        128.5082        4.692873        237.5885      -0.1826644E-03
   13 s   12    25.31870        7.906131        126.4841        5.443274        235.9140      -0.1081909E-03
   13 s   13    23.90331        8.061287        124.0497        7.125754        249.1600      -0.5615862E-04
   13 s   14    22.83598        8.271803        120.8926        9.851916        292.7905      -0.1610053E-04
   13 s   15    22.07920        8.549241        116.9694        12.00221        373.0808      -0.3974350E-05
   13 s   16    21.48624        8.856392        112.9128        12.37146        424.6106      -0.4260247E-05
   13 s   17    20.95769        9.162080        109.1455        12.02031        443.4935      -0.9006109E-05
   13 s   18    20.45911        9.455204        105.7619        11.40048        445.8049      -0.1754482E-04
   13 s   19    19.97494        9.730443        102.7702        10.58226        435.8117      -0.3165439E-04
   13 s   20    19.49103        9.981626        100.1841        9.456257        407.1945      -0.5274532E-04
   13 s   21    18.99940        10.20448        97.99619        8.099757        360.2215      -0.6211332E-04
   13 s   22    18.49090        10.39329        96.21591        7.082327        320.3892      -0.3999154E-04
   13 s   23    17.99162        10.56211        94.67808        6.473650        294.3290      -0.6166700E-06
   13 s   24    17.51381        10.71912        93.29122        6.109079        277.0104       0.3801044E-04
   13 s   25    17.06203        10.86884        92.00611        5.875059        264.6053       0.6836577E-04
   13 s   26    16.63717        11.01382        90.79505        5.723298        255.3125       0.8881991E-04
   14 s    1    135.7589        5.087122        196.5748        27.20121        100.7222      -0.7630991E-03
   14 s    2    84.02611        5.247674        190.5606       0.9621916        215.9081      -0.2648471E-05
   14 s    3    60.36928        5.278330        189.4538        1.541451        217.8498      -0.3565319E-04
   14 s    4    49.22867        5.534051        180.6995        15.65206        452.6523      -0.2332661E-02
   14 s    5    44.07817        6.056180        165.1206        24.36552        91.04065       0.2330438E-04
   14 s    6    40.23779        6.533712        153.0524        7.550047        263.5260      -0.1866001E-03
   14 s    7    36.07509        6.758980        147.9513        10.51960        402.8135       0.4428723E-03
   14 s    8    33.17769        7.044945        141.9457        11.98353        538.3384       0.3031130E-03
   14 s    9    30.96952        7.349716        136.0597        12.19731        590.0869      -0.1857128E-03
   14 s   10    29.10868        7.635268        130.9712        9.126267        381.0511      -0.5102942E-03
   14 s   11    27.79207        7.984198        125.2474        21.15882        94.67508      -0.3168773E-03
   14 s   12    26.55266        8.291453        120.6061        11.59559        536.4737      -0.6532624E-03
   14 s   13    25.39395        8.563997        116.7679        10.02103        419.2364      -0.5221713E-03
   14 s   14    24.26439        8.789211        113.7759        8.135120        325.2808      -0.3027744E-03
   14 s   15    23.20260        8.984229        111.3062        7.750263        302.1117      -0.1340721E-03
   14 s   16    22.28886        9.187224        108.8468        8.606721        323.8428      -0.5324658E-04
   14 s   17    21.53761        9.415603        106.2067        9.608645        365.4983      -0.5661470E-04
   14 s   18    20.90621        9.661834        103.5000        9.973620        392.3726      -0.1122733E-03
   14 s   19    20.34055        9.908546        100.9230        9.719628        384.8004      -0.1545306E-03
   14 s   20    19.82317        10.15172        98.50548        9.457098        366.2411      -0.1348907E-03
   14 s   21    19.34395        10.38954        96.25067        9.619097        365.9784      -0.7954413E-04
   14 s   22    18.91669        10.63262        94.05020        9.804162        376.6681      -0.3838874E-04
   14 s   23    18.53040        10.87840        91.92527        9.837315        385.9180      -0.1696592E-04
   14 s   24    18.17497        11.12378        89.89753        9.781808        391.5929      -0.5242247E-05
   14 s   25    17.84422        11.36711        87.97308        9.675239        393.8874       0.2875530E-05
   14 s   26    17.53313        11.60694        86.15534        9.488252        390.9012       0.1129386E-04
   15 s    1    139.5374        5.228709        191.2518       0.8363598        215.4774      -0.4732773E-04
   15 s    2    90.49041        5.651388        176.9477        16.73234        484.8224      -0.1346372E-02
   15 s    3    68.77993        6.013707        166.2868        12.75781        728.9309      -0.7118476E-03
   15 s    4    55.76441        6.268768        159.5210        6.982948        342.2038      -0.1568561E-02
   15 s    5    46.58614        6.400766        156.2313        4.771613        249.2475      -0.8780600E-03
   15 s    6    41.14901        6.681673        149.6631        24.08748        90.84311       0.5065995E-04
   15 s    7    38.90165        7.288561        137.2013        23.23339        99.03239      -0.5012142E-05
   15 s    8    35.45447        7.528397        132.8304        3.971301        272.0319       0.3724230E-04
   15 s    9    32.09662        7.617200        131.2818        3.541261        243.4669       0.1697829E-05
   15 s   10    29.47154        7.730447        129.3586        7.032041        307.1642      -0.8379187E-04
   15 s   11    27.82953        7.994960        125.0788        12.51412        433.5890      -0.5944172E-03
   15 s   12    27.30747        8.527150        117.2725        21.45725        89.55440      -0.3576187E-03
   15 s   13    26.68744        9.000223        111.1084        7.670270        261.7856      -0.3680078E-04
   15 s   14    25.48791        9.232402        108.3142        10.81355        345.9231      -0.9992764E-04
   15 s   15    24.61302        9.530355        104.9279        12.79119        437.7862      -0.1054924E-03
   15 s   16    23.92862        9.863116        101.3878        13.70382        499.4913      -0.6364280E-04
   15 s   17    23.14877        10.11996        98.81467        6.883830        310.2353      -0.9098178E-04
   15 s   18    22.28608        10.29954        97.09168        7.561794        316.8781      -0.2744813E-04
   15 s   19    21.55570        10.50048        95.23371        8.522240        339.9562      -0.3181918E-04
   15 s   20    20.93962        10.72347        93.25344        9.234824        366.2416      -0.1052984E-03
   15 s   21    20.39792        10.95562        91.27738        9.212960        370.4285      -0.1968569E-03
   15 s   22    19.88556        11.17720        89.46787        8.438856        343.4117      -0.2359750E-03
   15 s   23    19.37625        11.37497        87.91234        7.407665        307.5888      -0.2001285E-03
   15 s   24    18.87052        11.54948        86.58396        6.623253        281.5127      -0.1263983E-03
   15 s   25    18.38118        11.70917        85.40316        6.209421        266.5113      -0.5341357E-04
   15 s   26    17.91938        11.86264        84.29824        6.114639        259.6932       0.3078469E-05
   16 s    1    141.3271        5.295771        188.8299        18.62477        386.1769      -0.3613182E-02
   16 s    2    93.32132        5.828186        171.5800        24.52111        97.36108      -0.9744661E-04
   16 s    3    72.71920        6.358134        157.2788        3.363474        225.9568      -0.8282387E-04
   16 s    4    57.80082        6.497691        153.9008        8.754085        356.4747      -0.8418922E-03
   16 s    5    49.27910        6.770768        147.6937        12.09965        638.1957      -0.2487574E-02
   16 s    6    43.61097        7.081440        141.2142        12.46456        730.6418      -0.2109765E-02
   16 s    7    39.38028        7.378236        135.5337        10.85866        345.9615      -0.5045576E-03
   16 s    8    36.68046        7.788723        128.3908        12.37220        453.9922      -0.1197923E-03
   16 s    9    34.14267        8.102771        123.4146        12.62039        721.1036       0.3851271E-03
   16 s   10    32.09278        8.418004        118.7930        12.46003        771.4635       0.3379555E-03
   16 s   11    30.32693        8.712420        114.7787        8.721860        373.4412       0.1205465E-05
   16 s   12    28.31918        8.843073        113.0829        5.137505        223.1748      -0.7054466E-06
   16 s   13    26.87533        9.063588        110.3316        21.24266        89.21316      -0.3891864E-03
   16 s   14    26.40689        9.565282        104.5447        9.122401        462.4055      -0.5936616E-03
   16 s   15    25.23717        9.772030        102.3329        7.526656        365.1970      -0.4248581E-03
   16 s   16    24.13672        9.948892        100.5137        6.790519        319.9119      -0.2435785E-03
   16 s   17    23.37112        10.21716        97.87456        14.08948        523.2742      -0.4314962E-04
   16 s   18    22.87379        10.57115        94.59704        14.18646        540.4185      -0.1402362E-04
   16 s   19    22.42639        10.92462        91.53633        14.06731        544.8469      -0.2831576E-05
   16 s   20    22.01315        11.27323        88.70568        13.80597        542.3421       0.7583123E-07
   16 s   21    21.54073        11.56941        86.43479        7.039936        294.7730      -0.3803145E-05
   16 s   22    20.91848        11.75778        85.05010        8.049751        321.6807      -0.8447904E-04
   16 s   23    20.38889        11.96944        83.54607        8.793743        349.4035      -0.2111792E-03
   16 s   24    19.91651        12.18967        82.03668        8.684115        348.0348      -0.2981823E-03
   16 s   25    19.45934        12.39598        80.67131        7.750589        314.6322      -0.2816136E-03
   16 s   26    18.99609        12.57543        79.52017        6.652473        279.9706      -0.1909516E-03
   17 s    1    162.4973        6.089054        164.2291        13.63517        735.1704      -0.2367802E-02
   17 s    2    100.8672        6.299449        158.7440        2.343592        226.9021      -0.6628663E-03
   17 s    3    73.81533        6.453973        154.9433        24.64672        89.64917      -0.3710551E-04
   17 s    4    62.89097        7.069901        141.4447        24.19691        87.77927      -0.4351574E-05
   17 s    5    53.84241        7.397751        135.1762        4.274377        288.1271      -0.3304408E-03
   17 s    6    46.02682        7.473720        133.8022        2.724982        236.8583      -0.4152888E-03
   17 s    7    40.38272        7.566053        132.1693        5.749978        261.5399      -0.6595177E-03
   17 s    8    37.27875        7.915764        126.3302        23.53602        91.88432       0.5175110E-04
   17 s    9    35.87814        8.514636        117.4448        23.87183        89.43570       0.7686135E-04
   17 s   10    33.02794        8.663299        115.4295        2.826228        198.8109       0.7447361E-05
   17 s   11    30.48692        8.758382        114.1763        7.129642        286.5702       0.2438230E-04
   17 s   12    28.93391        9.035031        110.6803        11.65495        690.9493      -0.3418492E-03
   17 s   13    27.62488        9.316369        107.3380        10.72790        598.7966      -0.5833482E-03
   17 s   14    26.48900        9.595025        104.2207        21.05411        88.91064      -0.4131910E-03
   17 s   15    26.14135        10.12214        98.79337        20.89960        88.58496      -0.4304379E-03
   17 s   16    25.68702        10.58791        94.44737        10.77845        419.7298      -0.6288909E-03
   17 s   17    24.81579        10.84872        92.17675        9.819532        389.4650      -0.5213715E-03
   17 s   18    23.95024        11.06864        90.34536        7.757128        323.9869      -0.2755223E-03
   17 s   19    23.08185        11.24392        88.93696        6.482263        288.8043      -0.8630232E-04
   17 s   20    22.26626        11.40286        87.69734        6.382194        282.0805      -0.3096234E-05
   17 s   21    21.62364        11.61395        86.10337        13.43057        530.7079       0.3435494E-07
   17 s   22    21.24944        11.94380        83.72543        12.93322        513.1280      -0.1258340E-07
   17 s   23    20.88152        12.25865        81.57507        12.20522        478.4523      -0.1203725E-05
   17 s   24    20.50644        12.55073        79.67667        11.10247        425.6341      -0.2063272E-04
   17 s   25    20.11578        12.81414        78.03877        10.08503        389.5529      -0.1077908E-03
   17 s   26    19.73006        13.06131        76.56200        9.780883        392.5894      -0.2351616E-03
   18 s    1    168.0471        6.297018        158.8053        1.298016        215.6388      -0.2921075E-04
   18 s    2    103.5852        6.469192        154.5788        13.36484        623.9076      -0.4548498E-02
   18 s    3    78.04222        6.823547        146.5513        14.56103        825.7088      -0.3368524E-02
   18 s    4    63.86770        7.179700        139.2816        13.23094        789.5144      -0.6678838E-03
   18 s    5    55.49973        7.625461        131.1396        13.28349        244.3677      -0.3756000E-03
   18 s    6    48.97443        7.952347        125.7490        13.28687        674.5194      -0.1667699E-02
   18 s    7    44.23226        8.287297        120.6666        13.39537        803.6185      -0.2268137E-02
   18 s    8    40.26357        8.549559        116.9651        2.235047        197.6508      -0.1183320E-03
   18 s    9    36.24250        8.601105        116.2641        2.219743        194.4221      -0.6757273E-05
   18 s   10    34.73672        9.111515        109.7512        23.65014        90.02643       0.7086251E-04
   18 s   11    33.22742        9.545682        104.7594        9.563756        464.6950      -0.2783671E-04
   18 s   12    31.20404        9.743913        102.6282        6.633870        307.9670       0.1322316E-04
   18 s   13    29.36985        9.904851        100.9606        6.627170        285.9001      -0.8446134E-04
   18 s   14    27.86305        10.09274        99.08110        8.316422        318.6462      -0.2919285E-03
   18 s   15    26.66305        10.32414        96.86033        10.10282        379.7103      -0.5279945E-03
   18 s   16    25.82674        10.64550        93.93640        20.76159        88.29940      -0.4429035E-03
   18 s   17    25.54063        11.16560        89.56078        20.64104        88.02990      -0.4516083E-03
   18 s   18    24.95686        11.53385        86.70134        10.28274        378.3061      -0.2847866E-03
   18 s   19    24.24482        11.81044        84.67083        11.46215        420.2919      -0.3320151E-03
   18 s   20    23.59548        12.08357        82.75702        9.923879        362.0358      -0.2162925E-03
   18 s   21    22.89365        12.29606        81.32684        7.219301        287.7817      -0.4692024E-04
   18 s   22    22.16835        12.46030        80.25490        6.206670        265.5341       0.2674728E-04
   18 s   23    21.49468        12.61861        79.24805        6.648001        275.5289       0.1932281E-04
   18 s   24    20.91735        12.80222        78.11146        8.200439        320.5290      -0.4204610E-04
   18 s   25    20.45696        13.03148        76.73724        10.05694        402.6317      -0.1045021E-03
   18 s   26    20.08449        13.29595        75.21090        10.93584        467.0289      -0.1326402E-03
   19 s    1    176.0743        6.597810        151.5654        30.16088        86.36159      -0.6471305E-04
   19 s    2    116.1822        7.255915        137.8186        16.29397        260.2714      -0.6066326E-03
   19 s    3    84.69582        7.405298        135.0385        1.698384        229.7346      -0.4866771E-03
   19 s    4    66.33556        7.457125        134.0999        3.191977        232.7240      -0.3082555E-03
   19 s    5    55.98419        7.692024        130.0048        22.36604        105.2243      -0.2002509E-03
   19 s    6    51.05320        8.289891        120.6288        24.14174        88.52519      -0.7138979E-04
   19 s    7    45.44844        8.515159        117.4376        1.448482        192.3719      -0.1704080E-05
   19 s    8    40.63940        8.629363        115.8834        12.91522        772.1002      -0.1780074E-02
   19 s    9    37.75048        8.958981        111.6198        12.96646        819.6709      -0.1072581E-02
   19 s   10    35.35592        9.273934        107.8291        11.99636        665.3517      -0.3908191E-03
   19 s   11    33.78412        9.705612        103.0332        23.42283        89.57177       0.3999034E-04
   19 s   12    32.16322        10.04343        99.56758        10.29810        452.6498      -0.3287312E-04
   19 s   13    30.60308        10.32075        96.89215        11.57768        595.7967      -0.7888834E-04
   19 s   14    29.30676        10.61569        94.20016        11.91066        658.9448      -0.1669349E-03
   19 s   15    28.17573        10.90987        91.66014        11.30131        610.4112      -0.1909568E-03
   19 s   16    27.01717        11.13618        89.79738        6.761345        319.7280      -0.1608855E-06
   19 s   17    25.86839        11.30889        88.42600        7.698496        315.3911      -0.1166736E-03
   19 s   18    25.27923        11.68283        85.59569        20.53448        87.77780      -0.4574972E-03
   19 s   19    24.92055        12.13961        82.37495        10.80011        462.1888      -0.1846983E-03
   19 s   20    24.22113        12.40397        80.61932        10.77383        408.5029      -0.8490994E-05
   19 s   21    23.63829        12.69600        78.76496        12.61007        468.1130      -0.1189780E-04
   19 s   22    23.16982        13.02320        76.78603        13.19723        502.8326      -0.5334308E-05
   19 s   23    22.66493        13.30561        75.15626        8.677597        338.3742       0.5737465E-05
   19 s   24    22.05746        13.50001        74.07403        7.243074        303.2424       0.4931271E-04
   19 s   25    21.46902        13.67618        73.11982        6.937821        295.6253       0.4000814E-04
   19 s   26    20.92300        13.85104        72.19677        7.110043        300.4382      -0.1660651E-04
   20 s    1    184.4712        6.912454        144.6664        16.29813        856.2846      -0.1398691E-02
   20 s    2    118.1028        7.375860        135.5774        19.53457        117.1087      -0.3711980E-03
   20 s    3    87.95569        7.690322        130.0336        14.56256        610.0080      -0.3755128E-02
   20 s    4    71.74457        8.065180        123.9898        15.26232        862.1069      -0.4120788E-02
   20 s    5    61.38392        8.433928        118.5687        10.79643        486.0575      -0.1310576E-02
   20 s    6    52.24482        8.483384        117.8775        1.128138        191.3156      -0.9288938E-06
   20 s    7    47.47799        8.895413        112.4175        23.99289        90.73467       0.4581431E-06
   20 s    8    44.28956        9.404437        106.3328        13.68842        442.6517      -0.1569296E-02
   20 s    9    40.47775        9.606220        104.0992        3.168100        224.7427      -0.1039940E-03
   20 s   10    36.95398        9.693109        103.1661        4.033753        234.1073      -0.4314202E-04
   20 s   11    34.19178        9.822726        101.8047        6.724533        285.7352      -0.4606600E-04
   20 s   12    32.96367        10.29338        97.14979        23.33044        89.45142       0.2103643E-04
   20 s   13    32.10681        10.82788        92.35418        5.056187        298.8503      -0.4976858E-04
   20 s   14    30.20629        10.94153        91.39493        4.352045        268.5073      -0.6582947E-04
   20 s   15    28.56081        11.05897        90.42433        5.450209        275.5065      -0.1626576E-03
   20 s   16    27.32520        11.26315        88.78513        11.06292        493.5695      -0.4794377E-03
   20 s   17    26.43832        11.55804        86.51982        12.09054        604.5409      -0.4980917E-03
   20 s   18    25.65635        11.85712        84.33752        11.75681        564.8404      -0.4034706E-03
   20 s   19    25.03941        12.19751        81.98393        20.43943        87.54204      -0.4612433E-03
   20 s   20    24.66252        12.63001        79.17649        9.243506        357.7628      -0.4871455E-03
   20 s   21    23.96725        12.87269        77.68385        9.885004        397.0566      -0.3686598E-03
   20 s   22    23.33256        13.11467        76.25047        9.498290        383.3387      -0.1721470E-03
   20 s   23    22.80438        13.38747        74.69670        12.94975        528.5207      -0.6540923E-05
   20 s   24    22.41581        13.71934        72.88983        13.25572        557.2135       0.3386904E-04
   20 s   25    22.04775        14.04485        71.20049        12.73081        537.0447       0.4740927E-04
   20 s   26    21.68164        14.35326        69.67058        11.86807        494.2150       0.5180580E-04
