    0 s    2    5.044647       0.3150528        3174.071        6.465707        497.5834       0.1320093E-01
    0 s    3    5.481538       0.4792730        2086.493        6.922437        409.7074       0.2509175E-02
    0 s    4    5.904422       0.6637468        1506.599        7.750054        369.7989      -0.5791809E-03
    0 s    5    6.275827       0.8622758        1159.722        8.067179        353.9853      -0.1531210E-02
    0 s    6    6.545614        1.062861        940.8572        7.934284        345.7130      -0.1642552E-02
    0 s    7    6.699211        1.255155        796.7142        7.414605        339.1850      -0.1313393E-02
    0 s    8    6.739695        1.431106        698.7604        6.661768        333.1744      -0.8078823E-03
    0 s    9    6.693665        1.588547        629.5060        5.974886        328.1557      -0.3928105E-03
    0 s   10    6.602189        1.731768        577.4444        5.524471        324.0699      -0.1642221E-03
    0 s   11    6.496498        1.866335        535.8094        5.262991        320.2442      -0.6377554E-04
    0 s   12    6.391086        1.995709        501.0751        5.093836        316.0316      -0.2390280E-04
    0 s   13    6.290111        2.121312        471.4063        4.953341        310.9209      -0.8752722E-05
    0 s   14    6.193397        2.243414        445.7492        4.810140        304.5193      -0.3135363E-05
    0 s   15    6.099475        2.361765        423.4122        4.652087        296.5990      -0.1096101E-05
    0 s   16    6.006852        2.475959        403.8840        4.477757        287.1656      -0.3729970E-06
    0 s   17    5.914488        2.585638        386.7518        4.291805        276.4845      -0.1232716E-06
    0 s   18    5.821914        2.690606        371.6636        4.102022        265.0276      -0.3950028E-07
    0 s   19    5.729189        2.790875        358.3106        3.917069        253.3553      -0.1221384E-07
    0 s   20    5.636768        2.886666        346.4204        3.744689        241.9861      -0.3562181E-08
    0 s   21    5.545334        2.978370        335.7541        3.590580        231.3081      -0.1047978E-08
    0 s   22    5.455651        3.066490        326.1057        3.458017        221.5514      -0.2441555E-09
    0 s   23    5.368441        3.151582        317.3010        3.348061        212.8072      -0.5123057E-11
    0 s   24    5.284317        3.234205        309.1950        3.260097        205.0674       0.8207954E-10
    0 s   25    5.203749        3.314890        301.6692        3.192435        198.2649       0.1216215E-09
    0 s   26    5.127060        3.394117        294.6275        3.142831        192.3042       0.1067147E-09
    1 s    2    10.92416       0.6822451        1465.749        10.79912        308.5324       0.2039181E-02
    1 s    3    10.75062       0.9399704        1063.863        9.774056        282.1563       0.2532218E-03
    1 s    4    10.40940        1.170175        854.5728        8.592686        271.4759       0.4850076E-04
    1 s    5    9.941747        1.365960        732.0859        6.981785        290.7177      -0.2541495E-03
    1 s    6    9.371211        1.521674        657.1710        5.734413        340.0226      -0.1107401E-02
    1 s    7    8.886370        1.664938        600.6228        5.959968        366.5831      -0.2164377E-02
    1 s    8    8.588270        1.823632        548.3563        6.843320        374.5038      -0.3115279E-02
    1 s    9    8.447948        2.004875        498.7841        7.701279        373.7658      -0.3782192E-02
    1 s   10    8.401222        2.203658        453.7908        8.239021        364.0433      -0.4097007E-02
    1 s   11    8.393049        2.411183        414.7342        8.391475        333.8592      -0.3992401E-02
    1 s   12    8.373628        2.614786        382.4404        7.773741        248.8206      -0.2792198E-02
    1 s   13    8.270934        2.789336        358.5082        6.292032        171.0925      -0.6949607E-03
    1 s   14    8.110274        2.937758        340.3956        5.690172        154.4391      -0.1421807E-03
    1 s   15    7.946568        3.076974        324.9946        5.462921        149.5990      -0.3903476E-04
    1 s   16    7.793039        3.212206        311.3126        5.354302        147.4801      -0.1278896E-04
    1 s   17    7.652860        3.345603        298.8998        5.311122        146.6683      -0.4605463E-05
    1 s   18    7.526778        3.478511        287.4793        5.312323        146.7554      -0.1747941E-05
    1 s   19    7.414503        3.611845        276.8668        5.342897        147.5176      -0.6838034E-06
    1 s   20    7.315126        3.746176        266.9389        5.390135        148.7718      -0.2723360E-06
    1 s   21    7.227372        3.881784        257.6135        5.443702        150.3508      -0.1096250E-06
    1 s   22    7.149793        4.018727        248.8350        5.495980        152.1052      -0.4440189E-07
    1 s   23    7.080920        4.156905        240.5636        5.541979        153.9094      -0.1804928E-07
    1 s   24    7.019365        4.296120        232.7682        5.578886        155.6646      -0.7398621E-08
    1 s   25    6.963882        4.436128        225.4218        5.605488        157.2982      -0.3054272E-08
    1 s   26    6.913389        4.576668        218.4996        5.621630        158.7610      -0.1290667E-08
    2 s    1    10.89932       0.4084165        2448.481        12.94507        387.7210      -0.2287739E-04
    2 s    2    15.57782       0.9728801        1027.876        19.29107        99.93178       0.8984200E-01
    2 s    3    14.23104        1.244277        803.6794        5.907747        409.6088       0.3006293E-02
    2 s    4    12.26959        1.379289        725.0115        5.116518        366.8063       0.4636188E-03
    2 s    5    11.00947        1.512661        661.0865        5.802510        294.4923      -0.2805215E-03
    2 s    6    10.30499        1.673298        597.6221        6.932515        234.1820      -0.4105256E-03
    2 s    7    9.878132        1.850754        540.3204        7.150101        207.6881      -0.3511687E-03
    2 s    8    9.549344        2.027706        493.1681        6.976761        193.4454      -0.3319889E-03
    2 s    9    9.266191        2.199061        454.7395        6.726026        183.8999      -0.3646150E-03
    2 s   10    9.013513        2.364264        422.9647        6.497956        177.9333      -0.4804160E-03
    2 s   11    8.789223        2.524997        396.0401        6.405417        178.4976      -0.8391955E-03
    2 s   12    8.611584        2.689092        371.8728        6.941874        209.1079      -0.2203340E-02
    2 s   13    8.537602        2.879269        347.3104        8.284568        319.8509      -0.4416028E-02
    2 s   14    8.535553        3.091806        323.4356        8.738447        380.0230      -0.5059035E-02
    2 s   15    8.548262        3.309955        302.1189        8.837025        396.7382      -0.5235354E-02
    2 s   16    8.562108        3.529207        283.3497        8.851495        402.4123      -0.5320159E-02
    2 s   17    8.574137        3.748358        266.7835        8.839264        404.6719      -0.5373603E-02
    2 s   18    8.583776        3.967004        252.0794        8.817791        405.4946      -0.5409195E-02
    2 s   19    8.591131        4.185020        238.9475        8.793739        405.4762      -0.5430608E-02
    2 s   20    8.596495        4.402383        227.1497        8.769211        404.6733      -0.5437076E-02
    2 s   21    8.600107        4.619073        216.4936        8.741366        402.3389      -0.5417407E-02
    2 s   22    8.601608        4.834757        206.8356        8.671806        391.2937      -0.5266038E-02
    2 s   23    8.579312        5.036546        198.5488        6.791819        220.4991      -0.1005413E-02
    2 s   24    8.491018        5.196828        192.4251        6.312144        197.1175      -0.3260701E-04
    2 s   25    8.405755        5.354630        186.7543        6.306054        193.9692      -0.5154097E-05
    2 s   26    8.327027        5.512497        181.4060        6.311424        191.4747      -0.1260511E-05
    3 s    1    25.29624       0.9478941        1054.970        5.724423        746.2491       0.4440619E-04
    3 s    2    17.80257        1.111822        899.4245        7.565682        307.3185       0.4860632E-02
    3 s    3    16.81517        1.470218        680.1712        16.54932        90.92921       0.6961679E-01
    3 s    4    16.81127        1.889842        529.1448        15.41906        90.34225       0.6394622E-01
    3 s    5    16.64661        2.287184        437.2189        14.72176        90.12205       0.5991000E-01
    3 s    6    15.50567        2.517772        397.1766        5.847877        268.1640      -0.7003150E-04
    3 s    7    14.21790        2.663846        375.3970        5.830086        265.5290      -0.2448668E-03
    3 s    8    13.22715        2.808651        356.0428        5.768270        262.8827      -0.3652436E-03
    3 s    9    12.43937        2.952124        338.7392        5.730152        260.0755      -0.4289419E-03
    3 s   10    11.79976        3.095102        323.0912        5.726824        256.7896      -0.4391308E-03
    3 s   11    11.27234        3.238355        308.7988        5.747591        252.8331      -0.4096355E-03
    3 s   12    10.83163        3.382334        295.6539        5.780248        248.2075      -0.3567958E-03
    3 s   13    10.45897        3.527240        283.5077        5.818131        243.0742      -0.2951064E-03
    3 s   14    10.14055        3.673178        272.2438        5.859741        237.6766      -0.2352058E-03
    3 s   15    9.866121        3.820240        261.7637        5.905637        232.2605      -0.1833698E-03
    3 s   16    9.627940        3.968532        251.9824        5.955804        227.0222      -0.1421452E-03
    3 s   17    9.419990        4.118139        242.8281        6.008797        222.0908      -0.1116415E-03
    3 s   18    9.237448        4.269100        234.2414        6.062282        217.5373      -0.9094357E-04
    3 s   19    9.076363        4.421392        226.1731        6.114032        213.3984      -0.7944746E-04
    3 s   20    8.933467        4.574951        218.5816        6.162988        209.7186      -0.7883780E-04
    3 s   21    8.806118        4.729721        211.4290        6.211982        206.6961      -0.1008722E-03
    3 s   22    8.692691        4.885953        204.6684        6.299124        206.2427      -0.2520391E-03
    3 s   23    8.613218        5.056451        197.7672        8.192566        339.3275      -0.4511641E-02
    3 s   24    8.608509        5.268737        189.7988        8.683153        402.7917      -0.5476570E-02
    3 s   25    8.608362        5.483694        182.3588        8.695784        404.5652      -0.5497804E-02
    3 s   26    8.608276        5.698684        175.4791        8.693241        404.2573      -0.5494882E-02
    4 s    1    37.89741        1.420082        704.1848        12.34298        376.2836       0.1302291E-03
    4 s    2    27.93848        1.744839        573.1188        13.39353        458.7564      -0.2361316E-04
    4 s    3    23.84656        2.085001        479.6161        13.75091        498.7363      -0.2303051E-04
    4 s    4    19.93262        2.240729        446.2833        4.903607        271.9942       0.3546642E-05
    4 s    5    17.27814        2.373954        421.2382        5.647215        268.5664       0.1284450E-03
    4 s    6    16.45479        2.671887        374.2673        14.33408        89.43995       0.5746282E-01
    4 s    7    16.27028        3.048378        328.0433        14.09702        89.01682       0.5567398E-01
    4 s    8    16.10700        3.420159        292.3841        13.95707        88.65119       0.5425877E-01
    4 s    9    15.39320        3.653129        273.7380        4.982725        277.6279      -0.1806483E-03
    4 s   10    14.40343        3.778050        264.6868        5.043544        270.9152      -0.2429733E-03
    4 s   11    13.59619        3.905958        256.0192        5.214318        267.8746      -0.2875715E-03
    4 s   12    12.93502        4.039146        247.5771        5.461418        266.6424      -0.3110948E-03
    4 s   13    12.39204        4.179161        239.2825        5.753916        266.5263      -0.3136405E-03
    4 s   14    11.94475        4.326708        231.1226        6.056915        267.0479      -0.2978789E-03
    4 s   15    11.57425        4.481643        223.1325        6.338384        267.8070      -0.2682618E-03
    4 s   16    11.26452        4.643111        215.3728        6.574495        268.4867      -0.2301427E-03
    4 s   17    11.00209        4.809786        207.9095        6.751437        268.8681      -0.1887830E-03
    4 s   18    10.77593        4.980112        200.7987        6.864591        268.8290      -0.1485326E-03
    4 s   19    10.57723        5.152512        194.0801        6.916606        268.3290      -0.1124056E-03
    4 s   20    10.39914        5.325544        187.7742        6.915384        267.3907      -0.8204346E-04
    4 s   21    10.23657        5.498010        181.8840        6.872260        266.0814      -0.5792951E-04
    4 s   22    10.08586        5.669020        176.3973        6.800208        264.4937      -0.3971403E-04
    4 s   23    9.944533        5.838009        171.2913        6.712039        262.7261      -0.2655386E-04
    4 s   24    9.811013        6.004716        166.5358        6.618791        260.8652      -0.1740819E-04
    4 s   25    9.684353        6.169122        162.0976        6.528697        258.9740      -0.1125618E-04
    4 s   26    9.564000        6.331374        157.9436        6.446920        257.0884      -0.7223901E-05
    5 s    1    46.06220        1.726031        579.3640        24.96995        87.85541       0.1204361E-03
    5 s    2    33.08946        2.066532        483.9024        2.027660        284.6338       0.1007188E-03
    5 s    3    24.41006        2.134270        468.5442        3.499760        274.7499      -0.6968770E-04
    5 s    4    21.60570        2.428809        411.7244        13.67645        519.6470      -0.4965679E-05
    5 s    5    20.12395        2.764957        361.6693        13.14820        524.7817      -0.1201238E-05
    5 s    6    18.98532        3.082790        324.3815        12.20177        531.2477      -0.1408848E-05
    5 s    7    17.94346        3.361863        297.4542        9.263893        482.9742      -0.1868683E-04
    5 s    8    16.60914        3.526781        283.5447        5.249122        299.6671      -0.1073793E-03
    5 s    9    15.96669        3.789231        263.9058        13.88428        88.34121       0.5308418E-01
    5 s   10    15.84790        4.156937        240.5618        13.85540        88.08983       0.5207194E-01
    5 s   11    15.45459        4.439845        225.2331        9.352808        405.9688      -0.4290081E-04
    5 s   12    14.94435        4.666589        214.2893        8.765246        389.9239      -0.6429041E-04
    5 s   13    14.46062        4.876781        205.0533        8.033243        362.7452      -0.9413683E-04
    5 s   14    13.99100        5.067913        197.3199        7.275388        331.1704      -0.1252559E-03
    5 s   15    13.53798        5.242014        190.7664        6.698217        305.3900      -0.1457866E-03
    5 s   16    13.11256        5.404854        185.0189        6.371094        288.4856      -0.1515505E-03
    5 s   17    12.72298        5.562107        179.7880        6.237522        278.2873      -0.1459351E-03
    5 s   18    12.37191        5.717696        174.8956        6.226821        272.2681      -0.1334832E-03
    5 s   19    12.05837        5.874026        170.2410        6.288881        268.7638      -0.1175102E-03
    5 s   20    11.77955        6.032469        165.7696        6.390095        266.7614      -0.1001509E-03
    5 s   21    11.53182        6.193684        161.4548        6.505981        265.6067      -0.8279151E-04
    5 s   22    11.31126        6.357786        157.2875        6.617230        264.8339      -0.6637688E-04
    5 s   23    11.11384        6.524458        153.2694        6.708538        264.0872      -0.5156266E-04
    5 s   24    10.93568        6.693054        149.4086        6.768873        263.0934      -0.3876871E-04
    5 s   25    10.77316        6.862710        145.7150        6.792089        261.6617      -0.2819224E-04
    5 s   26    10.62306        7.032473        142.1975        6.777238        259.6919      -0.1982474E-04
    6 s    1    53.25970        1.995733        501.0689        6.045367        480.3061       0.1425834E-02
    6 s    2    38.12762        2.381180        419.9598        25.59542        84.57274       0.2917707E-03
    6 s    3    32.33710        2.827364        353.6864        10.95220        370.3776       0.5076309E-03
    6 s    4    27.10305        3.046795        328.2138        6.780192        293.7144       0.1045248E-04
    6 s    5    23.21415        3.189539        313.5249        5.033717        259.5650      -0.3545441E-04
    6 s    6    20.39816        3.312202        301.9140        4.935218        250.1324      -0.3387723E-04
    6 s    7    18.42319        3.451744        289.7086        7.110891        258.2566      -0.4863610E-04
    6 s    8    17.36839        3.688001        271.1496        10.49427        375.3707      -0.2113592E-04
    6 s    9    16.63847        3.948659        253.2505        10.26469        406.8891      -0.2155243E-04
    6 s   10    16.01176        4.199920        238.0998        9.831493        411.6060      -0.2934904E-04
    6 s   11    15.74801        4.524140        221.0365        13.85338        87.89126       0.5118140E-01
    6 s   12    15.66413        4.891350        204.4425        13.86614        87.73787       0.5039035E-01
    6 s   13    15.40279        5.194523        192.5104        7.189002        273.3178      -0.1234389E-03
    6 s   14    14.85844        5.382123        185.8003        7.805844        288.7804      -0.9711711E-04
    6 s   15    14.41932        5.583273        179.1064        8.243492        305.1915      -0.7238399E-04
    6 s   16    14.05218        5.792156        172.6473        8.425322        316.5273      -0.5611556E-04
    6 s   17    13.73110        6.002827        166.5882        8.397193        320.7252      -0.4751590E-04
    6 s   18    13.43895        6.210828        161.0091        8.220612        318.3984      -0.4401167E-04
    6 s   19    13.16497        6.413083        155.9312        7.944930        311.0612      -0.4342706E-04
    6 s   20    12.90279        6.607698        151.3386        7.617209        300.5994      -0.4394874E-04
    6 s   21    12.64952        6.793994        147.1888        7.287292        289.0226      -0.4401948E-04
    6 s   22    12.40489        6.972492        143.4207        6.999022        278.0106      -0.4261541E-04
    6 s   23    12.17021        7.144608        139.9657        6.778735        268.5523      -0.3949734E-04
    6 s   24    11.94723        7.312162        136.7585        6.633410        260.9767      -0.3505888E-04
    6 s   25    11.73743        7.476974        133.7440        6.557040        255.2198      -0.2993599E-04
    6 s   26    11.54171        7.640621        130.8794        6.537417        251.0596      -0.2470543E-04
    7 s    1    59.06667        2.213331        451.8078        9.528456        275.6662       0.1042810E-02
    7 s    2    40.62166        2.536940        394.1756        13.86398        404.1918       0.1364350E-02
    7 s    3    34.70951        3.034793        329.5117        24.41906        83.94151       0.8780118E-03
    7 s    4    30.58160        3.437837        290.8806        9.979614        409.8226       0.2902570E-03
    7 s    5    27.04083        3.715312        269.1564        11.74051        519.7885       0.9957053E-04
    7 s    6    24.66603        4.005209        249.6749        11.00224        475.1804       0.1434596E-06
    7 s    7    22.66538        4.246555        235.4850        8.117471        355.6562      -0.5007768E-04
    7 s    8    20.81965        4.420840        226.2014        6.169091        293.6866      -0.7159322E-04
    7 s    9    19.24861        4.568099        218.9095        5.760206        273.0797      -0.9127239E-04
    7 s   10    17.96773        4.712973        212.1803        5.875000        264.9571      -0.1144771E-03
    7 s   11    16.92817        4.863180        205.6268        6.167218        262.1293      -0.1331611E-03
    7 s   12    16.08388        5.022424        199.1071        6.602019        264.3194      -0.1376853E-03
    7 s   13    15.59349        5.258835        190.1562        13.88553        87.62107       0.4968489E-01
    7 s   14    15.53364        5.626701        177.7240        13.90645        87.53264       0.4905478E-01
    7 s   15    15.48253        5.994959        166.8068        13.92599        87.46547       0.4849148E-01
    7 s   16    15.43847        6.363569        157.1445        13.94272        87.41374       0.4798730E-01
    7 s   17    14.95834        6.539340        152.9206        6.407088        261.7727      -0.1906169E-03
    7 s   18    14.50215        6.702186        149.2050        6.628884        262.6658      -0.1780240E-03
    7 s   19    14.10469        6.870853        145.5423        6.869669        264.5850      -0.1598120E-03
    7 s   20    13.75794        7.045628        141.9320        7.111800        267.3378      -0.1386309E-03
    7 s   21    13.45421        7.226188        138.3856        7.325809        270.3442      -0.1171459E-03
    7 s   22    13.18586        7.411458        134.9262        7.483656        272.8018      -0.9737868E-04
    7 s   23    12.94563        7.599827        131.5819        7.572064        274.0671      -0.8029958E-04
    7 s   24    12.72726        7.789572        128.3768        7.594608        273.9088      -0.6596929E-04
    7 s   25    12.52584        7.979204        125.3258        7.564840        272.4735      -0.5399333E-04
    7 s   26    12.33777        8.167613        122.4348        7.498887        270.1056      -0.4390596E-04
    8 s    1    77.77707        2.914442        343.1189        13.22488        790.5420       0.2269186E-03
    8 s    2    50.18324        3.134089        319.0720        3.910891        254.3649       0.3383034E-03
    8 s    3    37.12582        3.246061        308.0657        5.914006        288.9766       0.2807150E-03
    8 s    4    32.46327        3.649365        274.0203        23.74089        84.01413       0.1610639E-02
    8 s    5    30.56783        4.199908        238.1005        13.76414        300.3156       0.1228771E-02
    8 s    6    27.26314        4.426922        225.8906        7.359691        350.6392       0.4440674E-04
    8 s    7    24.77555        4.641913        215.4284        10.28224        395.8269       0.1748974E-07
    8 s    8    23.23081        4.932825        202.7236        12.54064        496.2932      -0.1453402E-06
    8 s    9    22.09748        5.244197        190.6870        11.74434        507.4291      -0.4029818E-05
    8 s   10    20.91376        5.485724        182.2913        7.558872        353.5474      -0.6103068E-04
    8 s   11    19.66514        5.649465        177.0079        5.957399        293.4346      -0.1072388E-03
    8 s   12    18.55396        5.793743        172.6000        5.681124        275.6470      -0.1350305E-03
    8 s   13    17.60114        5.935907        168.4663        5.723848        268.3215      -0.1589631E-03
    8 s   14    16.78650        6.080518        164.4597        5.859925        264.7147      -0.1786816E-03
    8 s   15    16.08688        6.228967        160.5403        6.025988        262.7773      -0.1914419E-03
    8 s   16    15.48263        6.381772        156.6963        6.207614        261.8391      -0.1954796E-03
    8 s   17    15.40011        6.732469        148.5339        13.95616        87.37292       0.4753515E-01
    8 s   18    15.36637        7.101591        140.8135        13.96637        87.33965       0.4712859E-01
    8 s   19    15.33642        7.470871        133.8532        13.97367        87.31148       0.4676176E-01
    8 s   20    15.17192        7.769748        128.7043        6.249285        260.0280      -0.1799658E-03
    8 s   21    14.76148        7.928315        126.1302        6.443440        259.9877      -0.1744512E-03
    8 s   22    14.39650        8.091926        123.5800        6.649622        260.7437      -0.1654102E-03
    8 s   23    14.07141        8.260720        121.0548        6.855120        261.9770      -0.1536675E-03
    8 s   24    13.78106        8.434539        118.5601        7.048979        263.4159      -0.1400642E-03
    8 s   25    13.52074        8.612977        116.1039        7.222345        264.8278      -0.1253844E-03
    8 s   26    13.28614        8.795436        113.6953        7.368744        266.0248      -0.1103010E-03
    9 s    1    83.07930        3.113126        321.2206        2.158686        250.8800       0.7044267E-05
    9 s    2    52.71563        3.292244        303.7442        12.35145        882.4634       0.8882535E-03
    9 s    3    41.26180        3.607686        277.1860        12.48174        900.0518       0.1375613E-02
    9 s    4    34.86099        3.918906        255.1733        12.35600        758.1901       0.1132026E-02
    9 s    5    30.98105        4.256683        234.9247        20.08520        97.39969       0.1596009E-02
    9 s    6    28.34611        4.602771        217.2604        11.49180        516.5593       0.7160269E-03
    9 s    7    26.15471        4.900312        204.0686        11.73296        584.9475       0.4014979E-03
    9 s    8    24.38026        5.176900        193.1658        10.15640        450.9085       0.9704270E-04
    9 s    9    22.81221        5.413815        184.7126        9.269497        353.8069      -0.7307639E-04
    9 s   10    21.64546        5.677650        176.1292        11.95719        409.4127      -0.6805296E-04
    9 s   11    20.84598        5.988703        166.9811        12.56106        469.1644      -0.3980242E-04
    9 s   12    20.16311        6.296222        158.8254        11.93510        477.9011      -0.3311438E-04
    9 s   13    19.51112        6.580040        151.9748        10.64322        450.1979      -0.4417054E-04
    9 s   14    18.83001        6.820734        146.6118        8.511869        377.0920      -0.8199177E-04
    9 s   15    18.10099        7.008847        142.6768        6.747333        312.0348      -0.1260974E-03
    9 s   16    17.38896        7.167541        139.5179        6.086106        283.2477      -0.1528229E-03
    9 s   17    16.73733        7.317063        136.6668        5.929528        270.6116      -0.1685416E-03
    9 s   18    16.15355        7.465388        133.9515        5.962457        264.3753      -0.1776007E-03
    9 s   19    15.63382        7.615744        131.3069        6.082090        261.2761      -0.1812176E-03
    9 s   20    15.30960        7.840258        127.5468        13.97852        87.28670       0.4642946E-01
    9 s   21    15.28540        8.209708        121.8070        13.98137        87.26412       0.4612713E-01
    9 s   22    15.26340        8.579190        116.5611        13.98262        87.24294       0.4585081E-01
    9 s   23    15.24329        8.948682        111.7483        13.98261        87.22263       0.4559708E-01
    9 s   24    14.93618        9.141517        109.3910        6.552472        255.8478      -0.1051505E-03
    9 s   25    14.60632        9.304508        107.4748        6.501093        250.3072      -0.1028594E-03
    9 s   26    14.30092        9.467219        105.6276        6.524377        247.0734      -0.9784294E-04
   10 s    1    95.66918        3.584890        278.9486        23.72486        98.29831       0.3209458E-03
   10 s    2    65.86215        4.113282        243.1149        14.19468        584.3400       0.7406059E-03
   10 s    3    48.43367        4.234752        236.1414        1.854723        244.8936       0.4115172E-04
   10 s    4    38.15096        4.288748        233.1683        2.661361        245.3295       0.9478888E-04
   10 s    5    31.90973        4.384281        228.0876        5.801268        270.8176       0.3295886E-03
   10 s    6    29.73003        4.827489        207.1470        22.62679        81.74828       0.2482347E-02
   10 s    7    28.78371        5.392878        185.4297        22.23815        81.56712       0.2788246E-02
   10 s    8    26.87356        5.706327        175.2441        8.284248        311.9230       0.4422028E-03
   10 s    9    25.06265        5.947893        168.1268        10.82461        398.4921       0.3265641E-03
   10 s   10    23.75975        6.232234        160.4561        11.39939        449.7830       0.1115705E-03
   10 s   11    22.60396        6.493740        153.9945        9.119073        370.5155      -0.8978414E-04
   10 s   12    21.42859        6.691388        149.4458        7.034286        299.0210      -0.1434970E-03
   10 s   13    20.34960        6.862814        145.7128        6.966312        279.5449      -0.1278759E-03
   10 s   14    19.46840        7.051974        141.8043        8.326459        296.7872      -0.8960893E-04
   10 s   15    18.79513        7.277624        137.4075        9.544458        335.2762      -0.5272660E-04
   10 s   16    18.24533        7.520525        132.9694        9.768717        357.4903      -0.3733073E-04
   10 s   17    17.75620        7.762482        128.8248        9.546729        361.7949      -0.3427809E-04
   10 s   18    17.30275        7.996490        125.0549        9.153944        355.1180      -0.3811005E-04
   10 s   19    16.87284        8.219309        121.6647        8.655917        340.4617      -0.4780088E-04
   10 s   20    16.45849        8.428621        118.6434        8.080442        319.9355      -0.6282003E-04
   10 s   21    16.05541        8.623277        115.9652        7.500962        297.6727      -0.8019586E-04
   10 s   22    15.66434        8.804549        113.5777        7.026051        278.5725      -0.9472636E-04
   10 s   23    15.28974        8.975954        111.4088        6.714225        264.8196      -0.1030138E-03
   10 s   24    15.22481        9.318169        107.3172        13.98161        87.20282       0.4536303E-01
   10 s   25    15.20776        9.687640        103.2243        13.97982        87.18327       0.4514616E-01
   10 s   26    15.03576        9.953684        100.4653        7.945350        301.6263      -0.6506306E-04
   11 s    1    100.0754        3.749999        266.6668        16.29929        500.5863       0.2286784E-02
   11 s    2    67.31322        4.203905        237.8741        21.91064        93.16303       0.9994886E-05
   11 s    3    51.70504        4.520780        221.2007        13.66734        780.4707       0.4507577E-03
   11 s    4    43.11820        4.847141        206.3072        12.34478        737.7100       0.5271272E-03
   11 s    5    37.40161        5.138845        194.5963        10.71454        568.5299       0.6533195E-03
   11 s    6    33.05492        5.367376        186.3108        7.284782        336.3563       0.5959136E-03
   11 s    7    29.50777        5.528537        180.8797        6.287220        275.7854       0.4622368E-03
   11 s    8    28.02101        5.949976        168.0679        21.90643        81.27489       0.2944117E-02
   11 s    9    26.86189        6.374890        156.8654        8.819101        430.5616       0.4301890E-04
   11 s   10    25.09219        6.581736        151.9356        8.194056        355.6347       0.1001426E-04
   11 s   11    23.71124        6.811844        146.8031        10.58337        398.1139       0.5161908E-04
   11 s   12    22.76059        7.107325        140.6999        12.62639        494.7087      -0.3027193E-04
   11 s   13    22.00934        7.422552        134.7245        12.20901        496.2185      -0.1603718E-03
   11 s   14    21.26522        7.702832        129.8224        10.02317        399.5789      -0.2460072E-03
   11 s   15    20.46409        7.923857        126.2012        7.827407        318.4758      -0.2508669E-03
   11 s   16    19.66074        8.103942        123.3967        6.759107        281.7334      -0.2253355E-03
   11 s   17    18.91201        8.267768        120.9516        6.438841        266.5088      -0.2037525E-03
   11 s   18    18.23781        8.428631        118.6432        6.480898        261.0722      -0.1868617E-03
   11 s   19    17.64071        8.593362        116.3689        6.732596        262.0472      -0.1691806E-03
   11 s   20    17.11787        8.766293        114.0733        7.123544        268.8270      -0.1473943E-03
   11 s   21    16.66340        8.949828        111.7340        7.559256        280.2692      -0.1227985E-03
   11 s   22    16.26744        9.143535        109.3669        7.917647        292.9928      -0.1002470E-03
   11 s   23    15.91739        9.344419        107.0158        8.127333        302.9893      -0.8346450E-04
   11 s   24    15.60136        9.548629        104.7271        8.186449        307.9666      -0.7290309E-04
   11 s   25    15.30987        9.752683        102.5359        8.118378        307.3791      -0.6729199E-04
   11 s   26    15.19199        10.05711        99.43218        13.97736        87.16341       0.4494381E-01
   12 s    1    112.0833        4.199957        238.0977       0.5939678        234.5605       0.2165492E-04
   12 s    2    67.81523        4.235257        236.1132        4.843153        239.6556       0.1922370E-03
   12 s    3    55.12040        4.819399        207.4947        24.73240        86.33532       0.1225513E-04
   12 s    4    47.82235        5.375959        186.0133        2.449064        223.8509       0.8409571E-05
   12 s    5    39.70594        5.455452        183.3029        4.255516        251.4173       0.2305227E-04
   12 s    6    34.55804        5.611449        178.2071        8.480719        374.9026       0.1801685E-03
   12 s    7    31.28208        5.860968        170.6203        10.81762        548.3304       0.3257223E-03
   12 s    8    28.87698        6.131733        163.0860        10.51224        551.5160       0.2305232E-03
   12 s    9    27.37999        6.497847        153.8971        21.58269        81.25689       0.3060386E-02
   12 s   10    26.41751        6.929370        144.3133        10.75599        403.9103       0.5112763E-03
   12 s   11    25.10365        7.211858        138.6605        11.63351        462.4341       0.3227115E-03
   12 s   12    24.03974        7.506757        133.2133        11.85806        477.3772       0.1449714E-03
   12 s   13    23.13847        7.803346        128.1502        11.85148        456.9819       0.2649670E-04
   12 s   14    22.36871        8.102544        123.4180        12.18935        443.0675      -0.4177511E-05
   12 s   15    21.73321        8.415270        118.8316        12.73368        470.9089      -0.2490057E-05
   12 s   16    21.14343        8.715090        114.7435        10.27450        400.4773      -0.1087073E-03
   12 s   17    20.43918        8.935403        111.9144        7.827074        310.4284      -0.2282864E-03
   12 s   18    19.72649        9.116626        109.6897        6.801934        276.6917      -0.2349273E-03
   12 s   19    19.05045        9.280096        107.7575        6.355937        261.4612      -0.2268158E-03
   12 s   20    18.42706        9.436748        105.9687        6.220718        254.6187      -0.2204517E-03
   12 s   21    17.85926        9.592114        104.2523        6.233703        251.7209      -0.2156422E-03
   12 s   22    17.34422        9.748769        102.5770        6.314450        250.8777      -0.2097554E-03
   12 s   23    16.87725        9.907912        100.9294        6.428477        251.3699      -0.2007809E-03
   12 s   24    16.45538        10.07132        99.29184        6.568029        253.2041      -0.1870382E-03
   12 s   25    16.07090        10.23748        97.68030        6.734150        256.4813      -0.1702482E-03
   12 s   26    15.72233        10.40819        96.07815        6.931682        261.6252      -0.1505830E-03
   13 s    1    121.9489        4.569636        218.8358        12.86066        764.2060       0.1916442E-02
   13 s    2    78.22087        4.885119        204.7033        13.03249        827.2396       0.1803118E-02
   13 s    3    59.84543        5.232528        191.1122        14.50034        853.5888       0.1436870E-02
   13 s    4    48.30338        5.430034        184.1609        23.58139        90.01453       0.1400616E-03
   13 s    5    42.94373        5.900312        169.4826        12.59139        483.6872       0.6576804E-03
   13 s    6    37.95076        6.162351        162.2757        8.549913        446.7706       0.3570894E-03
   13 s    7    33.85557        6.343135        157.6508        6.242047        318.4919       0.3186121E-03
   13 s    8    30.60007        6.497613        153.9027        6.437505        289.1948       0.4461308E-03
   13 s    9    28.16381        6.683863        149.6141        8.620717        324.0468       0.5749756E-03
   13 s   10    26.83153        7.037968        142.0865        21.27870        81.29167       0.3134138E-02
   13 s   11    26.35240        7.570604        132.0899        20.99820        81.34260       0.3193011E-02
   13 s   12    25.25544        7.886375        126.8010        5.636608        256.4308       0.1943597E-03
   13 s   13    23.86022        8.046753        124.2737        7.301654        285.2770       0.1581492E-03
   13 s   14    22.79071        8.255404        121.1328        9.285292        342.3721       0.3605909E-04
   13 s   15    21.95613        8.501588        117.6251        10.16620        377.3300      -0.1414207E-03
   13 s   16    21.27988        8.771334        114.0077        12.11231        422.2169      -0.1608874E-03
   13 s   17    20.80041        9.093321        109.9708        13.14266        492.8090      -0.7865330E-04
   13 s   18    20.38201        9.419576        106.1619        12.89125        499.4450      -0.6698196E-04
   13 s   19    19.98253        9.734139        102.7312        12.18232        472.4096      -0.7687425E-04
   13 s   20    19.57481        10.02453        99.75531        10.48007        395.9512      -0.1203560E-03
   13 s   21    19.09254        10.25451        97.51810        7.962783        309.9675      -0.1817705E-03
   13 s   22    18.56086        10.43261        95.85328        6.519375        272.1839      -0.2058145E-03
   13 s   23    18.03581        10.58805        94.44609        6.020779        259.1547      -0.2106292E-03
   13 s   24    17.54214        10.73646        93.14056        5.899271        254.4584      -0.2124215E-03
   13 s   25    17.08596        10.88409        91.87724        5.937548        253.1972      -0.2135917E-03
   13 s   26    16.66731        11.03377        90.63087        6.054544        253.7019      -0.2133668E-03
   14 s    1    137.7974        5.163508        193.6668        28.92927        99.91320       0.3287099E-03
   14 s    2    84.83421        5.298142        188.7454       0.9493580        215.8004       0.1743666E-05
   14 s    3    60.94396        5.328577        187.6674        1.520626        219.5778       0.4005835E-06
   14 s    4    49.79811        5.598065        178.6332        14.50934        570.9415       0.9339204E-03
   14 s    5    44.03933        6.050844        165.2662        22.59185        90.24132       0.1378357E-03
   14 s    6    40.48826        6.574382        152.1055        11.04698        202.0008       0.4897357E-03
   14 s    7    36.43423        6.826269        146.4929        10.84324        413.8937       0.3811760E-03
   14 s    8    33.50609        7.114678        140.5545        11.89693        513.7884       0.3873715E-03
   14 s    9    31.22422        7.410162        134.9498        11.10984        465.9805       0.4779316E-03
   14 s   10    29.08150        7.628138        131.0936        6.028414        277.6039       0.3380211E-03
   14 s   11    27.00071        7.756852        128.9183        4.858934        249.3895       0.2196628E-03
   14 s   12    25.92778        8.096323        123.5129        20.72896        81.41415       0.3233094E-02
   14 s   13    25.54664        8.615492        116.0700        20.47692        81.48504       0.3260208E-02
   14 s   14    24.67780        8.938959        111.8699        6.661024        273.5896       0.2747891E-03
   14 s   15    23.52295        9.108271        109.7903        7.133563        280.3643       0.1612039E-03
   14 s   16    22.57439        9.304918        107.4701        8.645142        321.6648       0.3990828E-04
   14 s   17    21.82093        9.539460        104.8277        9.956615        378.0333      -0.1177969E-03
   14 s   18    21.18940        9.792708        102.1168        10.06519        395.4696      -0.2493400E-03
   14 s   19    20.60772        10.03869        99.61456        9.187697        361.6613      -0.2759514E-03
   14 s   20    20.04361        10.26461        97.42212        9.195397        355.1406      -0.1977145E-03
   14 s   21    19.57082        10.51139        95.13493        10.60371        411.4705      -0.9776574E-04
   14 s   22    19.19220        10.78747        92.70010        11.29346        456.4722      -0.5416271E-04
   14 s   23    18.85376        11.06824        90.34862        11.04868        452.1717      -0.4886387E-04
   14 s   24    18.51776        11.33358        88.23340        10.04340        402.9643      -0.6809289E-04
   14 s   25    18.15253        11.56351        86.47890        8.274729        328.3333      -0.1103839E-03
   14 s   26    17.74794        11.74915        85.11256        6.715013        277.5784      -0.1466959E-03
   15 s    1    140.9016        5.279826        189.4002       0.6355986        214.2561       0.1122452E-04
   15 s    2    91.49354        5.714036        175.0076        14.79792        606.4300       0.1782356E-02
   15 s    3    69.12648        6.044008        165.4531        11.91461        663.7189       0.1177625E-02
   15 s    4    55.88263        6.282057        159.1835        6.639471        307.0218       0.5291640E-03
   15 s    5    46.74260        6.422263        155.7083        5.582040        251.7482       0.3961317E-03
   15 s    6    40.89332        6.640155        150.5989        19.83306        98.96781       0.2258455E-03
   15 s    7    38.38898        7.192508        139.0336        22.10561        85.06961       0.4836974E-03
   15 s    8    35.54404        7.547416        132.4957        3.225337        254.4885       0.1406478E-07
   15 s    9    32.21069        7.644272        130.8169        5.020040        279.2715       0.2511392E-04
   15 s   10    29.89990        7.842808        127.5054        11.02096        491.2333       0.3087959E-03
   15 s   11    28.37599        8.151949        122.6701        12.97061        624.9655       0.5295981E-03
   15 s   12    27.13918        8.474601        117.9997        12.42802        545.4596       0.5784338E-03
   15 s   13    25.94582        8.750114        114.2842        9.066428        348.2782       0.4660354E-03
   15 s   14    25.20126        9.128573        109.5462        20.24462        81.54887       0.3274943E-02
   15 s   15    24.88207        9.634534        103.7933        13.15873        529.0821       0.6909085E-04
   15 s   16    24.08857        9.929046        100.7146        9.214253        337.3125       0.6088092E-05
   15 s   17    23.13625        10.11448        98.86816        6.662074        273.1176       0.5774774E-04
   15 s   18    22.26662        10.29055        97.17656        7.633375        295.9524       0.8154392E-05
   15 s   19    21.56037        10.50276        95.21310        9.341380        354.0471      -0.1233217E-03
   15 s   20    20.99563        10.75215        93.00466        10.39161        414.4873      -0.2870799E-03
   15 s   21    20.49917        11.01000        90.82654        10.00741        409.3777      -0.3876385E-03
   15 s   22    20.00391        11.24372        88.93857        8.638585        352.6374      -0.3788451E-03
   15 s   23    19.49384        11.44400        87.38206        7.541541        311.8593      -0.3046841E-03
   15 s   24    19.00141        11.62959        85.98753        7.522619        307.5843      -0.2231364E-03
   15 s   25    18.56933        11.82902        84.53784        8.550974        342.6735      -0.1444395E-03
   15 s   26    18.21095        12.05566        82.94857        9.450388        388.8899      -0.9041001E-04
   16 s    1    143.2858        5.369167        186.2486        18.61516        412.5279       0.2133909E-02
   16 s    2    94.62976        5.909902        169.2075        25.04234        94.11770       0.1144683E-03
   16 s    3    72.89726        6.373702        156.8947        4.065583        236.3702       0.2702582E-03
   16 s    4    58.29894        6.553687        152.5859        10.86896        417.8343       0.5459448E-03
   16 s    5    50.05399        6.877236        145.4073        13.94681        705.1130       0.8101711E-03
   16 s    6    44.48831        7.223902        138.4294        13.21425        787.0662       0.1018230E-02
   16 s    7    39.83781        7.463960        133.9771        4.361517        304.2218       0.1208480E-03
   16 s    8    36.45834        7.741557        129.1730        21.58963        85.19136       0.6954053E-03
   16 s    9    34.55529        8.200694        121.9409        12.14490        581.8611       0.6066502E-03
   16 s   10    32.36090        8.488334        117.8088        10.52424        532.0559       0.2869339E-03
   16 s   11    30.26121        8.693539        115.0279        5.845207        279.8052       0.5748394E-04
   16 s   12    28.27472        8.829191        113.2607        5.771582        260.2302       0.1855846E-05
   16 s   13    26.73265        9.015469        110.9205        9.667218        352.9951       0.4661690E-04
   16 s   14    25.68830        9.304991        107.4692        12.85222        512.9427       0.1176338E-03
   16 s   15    24.88607        9.636083        103.7766        20.02746        81.67469       0.3274319E-02
   16 s   16    24.40866        10.06098        99.39385        10.41325        393.4088       0.2607553E-03
   16 s   17    23.72053        10.36991        96.43285        13.24318        554.8751       0.1080659E-03
   16 s   18    23.15955        10.70322        93.42986        13.28569        561.4880       0.4934420E-04
   16 s   19    22.64031        11.02883        90.67144        12.59674        516.0421       0.2516125E-04
   16 s   20    22.09122        11.31322        88.39220        9.571960        370.2286       0.4500180E-05
   16 s   21    21.45448        11.52309        86.78227        8.071042        324.5061      -0.8403007E-04
   16 s   22    20.88361        11.73817        85.19212        9.213455        369.0572      -0.2383783E-03
   16 s   23    20.40474        11.97875        83.48119        9.820245        403.6860      -0.3865239E-03
   16 s   24    19.96052        12.21660        81.85580        9.014449        368.8547      -0.4290722E-03
   16 s   25    19.50303        12.42381        80.49060        7.601766        313.3572      -0.3656406E-03
   16 s   26    19.03501        12.60119        79.35760        6.738047        284.2856      -0.2847837E-03
   17 s    1    163.9976        6.145275        162.7266        16.13445        673.4317       0.1836000E-02
   17 s    2    100.9803        6.306514        158.5662        2.017037        218.8206       0.2019075E-03
   17 s    3    74.66530        6.528290        153.1795        24.02655        88.74214       0.4322583E-05
   17 s    4    63.33276        7.119565        140.4580        23.02395        87.21147       0.2193535E-04
   17 s    5    53.77590        7.388612        135.3434        2.638584        256.1431       0.7114010E-04
   17 s    6    45.87971        7.449834        134.2312        2.758431        234.8780       0.1177660E-03
   17 s    7    40.57897        7.602822        131.5301        11.03851        432.4466       0.1025903E-02
   17 s    8    37.22364        7.904061        126.5172        12.21317        575.3516       0.8489413E-03
   17 s    9    34.91544        8.286166        120.6831        21.01448        84.72127       0.7703740E-03
   17 s   10    33.17046        8.700682        114.9335        4.856330        242.6841       0.1578585E-03
   17 s   11    30.94519        8.890037        112.4855        10.26814        433.5781       0.2897078E-03
   17 s   12    29.37481        9.172709        109.0190        11.60025        547.9713       0.3682150E-03
   17 s   13    28.03147        9.453491        105.7810        10.42832        452.1153       0.4379091E-03
   17 s   14    26.73452        9.683959        103.2636        7.887594        328.4135       0.4072930E-03
   17 s   15    25.46643        9.860805        101.4116        6.633631        285.2925       0.3326654E-03
   17 s   16    24.59697        10.13860        98.63293        19.84812        81.65653       0.3268224E-02
   17 s   17    24.33083        10.63672        94.01398        19.68631        81.70243       0.3247395E-02
   17 s   18    24.07901        11.12815        89.86220        5.317533        266.4275       0.1201122E-03
   17 s   19    23.12832        11.26656        88.75825        6.008092        273.9806       0.5579869E-04
   17 s   20    22.36385        11.45283        87.31465        9.540734        360.5299       0.9200191E-05
   17 s   21    21.84400        11.73230        85.23479        12.02000        474.0429      -0.1233613E-05
   17 s   22    21.40793        12.03289        83.10558        11.84689        465.7422      -0.8234742E-05
   17 s   23    20.98441        12.31905        81.17510        10.99456        421.5801      -0.4253179E-04
   17 s   24    20.56246        12.58501        79.45959        10.43114        403.9147      -0.1535906E-03
   17 s   25    20.16770        12.84721        77.83788        10.58935        430.1928      -0.3244856E-03
   17 s   26    19.80404        13.11029        76.27599        10.33257        431.5599      -0.4391578E-03
   18 s    1    168.1738        6.301765        158.6857        2.458816        222.5247       0.1397014E-03
   18 s    2    105.7444        6.604043        151.4224        15.82229        715.4692       0.1882336E-02
   18 s    3    79.70413        6.968855        143.4956        13.31289        825.3905       0.2364793E-02
   18 s    4    64.62044        7.264319        137.6591        9.392681        545.3264       0.1266324E-02
   18 s    5    55.66187        7.647738        130.7576        14.59927        211.1796       0.7114808E-03
   18 s    6    49.22628        7.993240        125.1057        14.14162        631.4863       0.2879992E-03
   18 s    7    44.56212        8.349100        119.7734        13.15671        571.4415       0.4184531E-03
   18 s    8    40.18878        8.533679        117.1828        3.272802        225.0905       0.1940350E-03
   18 s    9    36.27163        8.608018        116.1708        3.056455        218.6759       0.1206366E-03
   18 s   10    33.61600        8.817549        113.4102        21.07322        82.64042       0.9616344E-03
   18 s   11    32.53274        9.346114        106.9963        20.97841        82.07991       0.1100384E-02
   18 s   12    31.31897        9.779802        102.2516        5.061862        256.2806       0.1526583E-03
   18 s   13    29.43931        9.928279        100.7224        7.084847        299.0313       0.1488833E-03
   18 s   14    28.02929        10.15296        98.49344        10.51908        425.0887       0.3076490E-03
   18 s   15    26.98223        10.44773        95.71454        12.59013        572.3446       0.5009540E-03
   18 s   16    26.10335        10.75952        92.94098        11.49768        501.9468       0.5475691E-03
   18 s   17    25.12767        10.98507        91.03265        6.623471        302.3379       0.2758139E-03
   18 s   18    24.08527        11.13104        89.83887        19.54834        81.74651       0.3215771E-02
   18 s   19    23.85831        11.62216        86.04255        19.43361        81.78792       0.3174743E-02
   18 s   20    23.64828        12.11061        82.57222        19.33940        81.83111       0.3125628E-02
   18 s   21    22.94967        12.32615        81.12833        5.947708        269.9799       0.8233115E-04
   18 s   22    22.20034        12.47828        80.13926        6.435478        279.9060       0.2191549E-04
   18 s   23    21.56200        12.65813        79.00063        8.104319        324.4923      -0.2543417E-04
   18 s   24    21.05537        12.88670        77.59941        10.10239        404.9746      -0.6280459E-04
   18 s   25    20.65153        13.15543        76.01426        11.22445        476.5815      -0.9607628E-04
   18 s   26    20.30410        13.44133        74.39741        11.57152        514.8078      -0.1542374E-03
   19 s    1    178.0438        6.671609        149.8889        31.71973        86.52401       0.3084158E-04
   19 s    2    117.0490        7.310050        136.7980        9.319906        298.8027       0.7517228E-03
   19 s    3    84.35541        7.375534        135.5834        1.464442        222.0306       0.1230322E-03
   19 s    4    66.17004        7.438518        134.4354        4.881510        253.7463       0.6959789E-03
   19 s    5    56.21802        7.724152        129.4641        20.59443        114.3906       0.1653952E-03
   19 s    6    51.05341        8.289925        120.6283        23.07701        87.06111       0.5303435E-04
   19 s    7    45.56155        8.536351        117.1461        4.147060        238.2742       0.3326555E-04
   19 s    8    41.40784        8.792534        113.7329        14.36650        738.1495       0.8783193E-03
   19 s    9    38.57610        9.154919        109.2309        13.96823        786.3584       0.1399024E-02
   19 s   10    36.11124        9.472055        105.5737        10.51909        463.8337       0.1188771E-02
   19 s   11    33.61734        9.657699        103.5443        5.154641        262.1271       0.3683785E-03
   19 s   12    31.61622        9.872622        101.2902        20.90175        81.71686       0.1206012E-02
   19 s   13    30.83162        10.39783        96.17392        20.87348        81.42239       0.1292508E-02
   19 s   14    29.64967        10.73991        93.11069        7.136095        342.8855       0.4406463E-04
   19 s   15    28.10891        10.88399        91.87805        5.133464        269.2899       0.4858613E-06
   19 s   16    26.75394        11.02768        90.68089        7.095741        296.2490       0.7094634E-04
   19 s   17    25.79303        11.27595        88.68435        12.52161        491.5854       0.3755035E-03
   19 s   18    25.12818        11.61302        86.11021        13.70406        582.5911       0.4853925E-03
   19 s   19    24.49850        11.93402        83.79409        11.34751        433.7033       0.3940397E-03
   19 s   20    23.75503        12.16527        82.20119        7.340572        300.4829       0.1987990E-03
   19 s   21    23.45375        12.59689        79.38469        19.26355        81.87632       0.3070102E-02
   19 s   22    23.27339        13.08142        76.44432        19.20347        81.92428       0.3009786E-02
   19 s   23    22.61145        13.27422        75.33402        6.438618        281.4824       0.2777906E-04
   19 s   24    21.94881        13.43351        74.44071        6.402927        276.9142       0.4865661E-05
   19 s   25    21.34855        13.59944        73.53244        6.958651        286.6221      -0.2722287E-04
   19 s   26    20.82515        13.78626        72.53598        8.066000        314.1152      -0.7399981E-04
   20 s    1    186.8609        7.002002        142.8163        14.90479        781.6742       0.3147371E-02
   20 s    2    118.4593        7.398123        135.1694        10.28013        186.2367       0.5120901E-03
   20 s    3    88.87134        7.770380        128.6938        16.08019        663.0526       0.7337029E-03
   20 s    4    72.69982        8.172565        122.3606        15.71216        869.1117       0.1874585E-02
   20 s    5    61.37650        8.432907        118.5831        1.923574        213.0380       0.2062559E-03
   20 s    6    52.19126        8.474686        117.9985        1.839719        210.0983       0.3011975E-04
   20 s    7    47.37069        8.875309        112.6721        23.41591        86.38817       0.1508757E-03
   20 s    8    44.55111        9.459976        105.7085        22.75143        93.72318       0.2763198E-03
   20 s    9    40.37443        9.581699        104.3656        3.112048        236.3572       0.1259470E-04
   20 s   10    36.93092        9.687060        103.2305        6.066707        301.4684       0.2333438E-03
   20 s   11    34.51263        9.914903        100.8583        11.28996        620.6663       0.7508588E-03
   20 s   12    32.71906        10.21700        97.87611        11.89189        730.5423       0.5971474E-03
   20 s   13    31.15586        10.50718        95.17306        10.96692        604.1347       0.3050160E-03
   20 s   14    30.15361        10.92244        91.55460        20.84415        81.27329       0.1356781E-02
   20 s   15    28.98198        11.22205        89.11026        11.75414        615.3596       0.2817768E-03
   20 s   16    27.96189        11.52559        86.76348        12.29785        676.7173       0.2241632E-03
   20 s   17    27.06790        11.83328        84.50744        12.14706        650.5794       0.2023827E-03
   20 s   18    26.22804        12.12133        82.49922        10.19245        470.2385       0.1061969E-03
   20 s   19    25.32467        12.33647        81.06044        8.650249        344.1511       0.1304066E-04
   20 s   20    24.60064        12.59833        79.37563        12.03802        467.2438       0.7055396E-04
   20 s   21    24.00313        12.89196        77.56775        10.25626        400.7182       0.5949719E-08
   20 s   22    23.31474        13.10465        76.30876        7.304749        306.6511       0.3470275E-04
   20 s   23    23.10602        13.56456        73.72154        19.15659        81.97530       0.2946209E-02
   20 s   24    22.88969        14.00937        71.38082        12.41024        528.2756       0.8311601E-04
   20 s   25    22.44659        14.29891        69.93538        10.53994        439.7306       0.4253829E-04
   20 s   26    21.94515        14.52770        68.83401        7.790048        337.6795       0.9020844E-05
