    0 s    2    4.970931       0.3104490        3221.141        6.515839        489.9100       0.5027450E-02
    0 s    3    5.413778       0.4733485        2112.608        6.864969        404.4551       0.1124904E-02
    0 s    4    5.846537       0.6572396        1521.515        7.691874        365.5115       0.1231583E-02
    0 s    5    6.233691       0.8564864        1167.561        8.068914        351.1188       0.1421090E-02
    0 s    6    6.529620        1.060263        943.1619        8.070416        345.4441       0.1401578E-02
    0 s    7    6.724739        1.259938        793.6897        7.757321        343.0301       0.1211656E-02
    0 s    8    6.818721        1.447886        690.6621        7.162171        341.9511       0.8935325E-03
    0 s    9    6.818671        1.618214        617.9654        6.404923        340.8840       0.5408951E-03
    0 s   10    6.746243        1.769554        565.1142        5.699236        338.0135       0.2718846E-03
    0 s   11    6.631749        1.905191        524.8818        5.168852        332.0175       0.1208034E-03
    0 s   12    6.499567        2.029584        492.7119        4.797345        322.9374       0.5034432E-04
    0 s   13    6.363459        2.146048        465.9727        4.528621        311.6113       0.2032333E-04
    0 s   14    6.229868        2.256625        443.1397        4.322207        299.0092       0.8054487E-05
    0 s   15    6.101581        2.362580        423.2660        4.156702        285.9650       0.3150264E-05
    0 s   16    5.979774        2.464798        405.7128        4.021831        273.1069       0.1219005E-05
    0 s   17    5.864930        2.563973        390.0197        3.912436        260.8572       0.4674599E-06
    0 s   18    5.757209        2.660702        375.8407        3.825351        249.4625       0.1779888E-06
    0 s   19    5.656593        2.755511        362.9092        3.758052        239.0353       0.6743197E-07
    0 s   20    5.562952        2.848864        351.0171        3.708179        229.5964       0.2551888E-07
    0 s   21    5.476069        2.941168        340.0009        3.673430        221.1093       0.9736078E-08
    0 s   22    5.395667        3.032775        329.7311        3.651580        213.5063       0.3826588E-08
    0 s   23    5.321421        3.123978        320.1046        3.640540        206.7052       0.1653152E-08
    0 s   24    5.252981        3.215026        311.0395        3.638395        200.6208       0.8135070E-09
    0 s   25    5.189977        3.306117        302.4697        3.643428        195.1706       0.4287063E-09
    0 s   26    5.132037        3.397412        294.3417        3.654129        190.2781       0.2542433E-09
    1 s    2    11.05282       0.6902807        1448.686        10.96009        315.1614       0.1258485E-02
    1 s    3    10.88313       0.9515559        1050.910        9.954603        282.5249       0.1407093E-03
    1 s    4    10.56794        1.187997        841.7530        8.935105        264.0551       0.1435764E-03
    1 s    5    10.16801        1.397048        715.7951        7.695003        265.3910       0.3986625E-03
    1 s    6    9.672321        1.570567        636.7126        6.167858        307.0373       0.1212333E-02
    1 s    7    9.162248        1.716627        582.5379        5.623044        352.5002       0.2146268E-02
    1 s    8    8.774184        1.863109        536.7374        6.023901        365.9802       0.2869443E-02
    1 s    9    8.533032        2.025067        493.8107        6.740311        361.3564       0.3468124E-02
    1 s   10    8.406441        2.205027        453.5091        7.387559        347.9112       0.3890493E-02
    1 s   11    8.348454        2.398371        416.9496        7.785307        327.2620       0.4067189E-02
    1 s   12    8.320219        2.598109        384.8954        7.903264        295.7718       0.3897432E-02
    1 s   13    8.292574        2.796634        357.5727        7.708776        250.3420       0.3154000E-02
    1 s   14    8.241795        2.985399        334.9636        7.208128        204.4298       0.1838884E-02
    1 s   15    8.161141        3.160058        316.4499        6.715645        178.9472       0.7769368E-03
    1 s   16    8.065543        3.324529        300.7945        6.432373        169.4629       0.3007380E-03
    1 s   17    7.968530        3.483604        287.0590        6.283744        166.3128       0.1207588E-03
    1 s   18    7.875694        3.639763        274.7432        6.196923        165.5098       0.5097088E-04
    1 s   19    7.788680        3.794120        263.5658        6.138514        165.6932       0.2233767E-04
    1 s   20    7.707651        3.947194        253.3446        6.093866        166.3426       0.1003716E-04
    1 s   21    7.632246        4.099240        243.9477        6.056173        167.2230       0.4582402E-05
    1 s   22    7.561948        4.250389        235.2726        6.022109        168.2094       0.2112630E-05
    1 s   23    7.496220        4.400710        227.2361        5.989995        169.2263       0.9795676E-06
    1 s   24    7.434566        4.550239        219.7687        5.958964        170.2225       0.4555436E-06
    1 s   25    7.376538        4.698998        212.8113        5.928548        171.1611       0.2120753E-06
    1 s   26    7.321744        4.846999        206.3132        5.898461        172.0135       0.9868716E-07
    2 s    1    11.05860       0.4143848        2413.216        12.92469        416.6858      -0.4876114E-04
    2 s    2    14.73921       0.9205062        1086.359        20.03553        93.91910       0.7487115E-01
    2 s    3    14.46845        1.265035        790.4918        6.990014        402.4782       0.4740874E-02
    2 s    4    12.58211        1.414421        707.0033        5.412763        417.7096       0.1544548E-02
    2 s    5    11.27384        1.548985        645.5842        5.456120        355.5536       0.1751219E-02
    2 s    6    10.46424        1.699157        588.5272        6.513856        271.8476       0.1394390E-02
    2 s    7    9.993151        1.872304        534.1014        7.107433        226.2197       0.9318568E-03
    2 s    8    9.661382        2.051496        487.4491        7.114834        207.3956       0.7678288E-03
    2 s    9    9.390168        2.228484        448.7356        6.975891        197.7643       0.7766686E-03
    2 s   10    9.156884        2.401870        416.3422        6.834855        193.0181       0.9082336E-03
    2 s   11    8.954360        2.572438        388.7363        6.746599        192.9671       0.1196169E-02
    2 s   12    8.781957        2.742293        364.6583        6.767643        200.3728       0.1770448E-02
    2 s   13    8.645325        2.915598        342.9828        6.999620        223.8349       0.2889365E-02
    2 s   14    8.555522        3.099039        322.6807        7.488387        275.9240       0.4568124E-02
    2 s   15    8.512508        3.296110        303.3879        7.949102        338.7671       0.5983749E-02
    2 s   16    8.497509        3.502580        285.5038        8.194877        378.5652       0.6795195E-02
    2 s   17    8.494627        3.713598        269.2806        8.306980        397.4155       0.7288039E-02
    2 s   18    8.496665        3.926746        254.6638        8.361238        406.1182       0.7646438E-02
    2 s   19    8.500797        4.141015        241.4867        8.392128        410.3544       0.7938074E-02
    2 s   20    8.505934        4.356005        229.5681        8.414438        412.5139       0.8187056E-02
    2 s   21    8.511677        4.571578        218.7429        8.434601        413.5915       0.8402630E-02
    2 s   22    8.517896        4.787705        208.8683        8.455209        413.9717       0.8588206E-02
    2 s   23    8.524546        5.004396        199.8243        8.476681        413.6432       0.8742750E-02
    2 s   24    8.531553        5.221637        191.5108        8.496742        411.8179       0.8853139E-02
    2 s   25    8.538520        5.439204        183.8504        8.495476        402.2055       0.8810869E-02
    2 s   26    8.534652        5.649945        176.9929        7.320045        222.8438       0.3484372E-02
    3 s    1    25.13191       0.9417363        1061.868        6.504345        840.6718      -0.4197440E-03
    3 s    2    17.87567        1.116387        895.7466        7.262102        396.1623       0.1943750E-02
    3 s    3    15.89452        1.389722        719.5683        16.52448        91.85754       0.6109012E-01
    3 s    4    15.98418        1.796865        556.5249        16.48084        89.30062       0.6113786E-01
    3 s    5    15.99503        2.197659        455.0296        16.25254        89.37302       0.5850529E-01
    3 s    6    15.77873        2.562112        390.3031        5.675458        276.4131       0.1018850E-02
    3 s    7    14.42243        2.702167        370.0734        5.509377        274.2029       0.8953588E-03
    3 s    8    13.37202        2.839411        352.1857        5.417266        268.6686       0.9312688E-03
    3 s    9    12.53748        2.975408        336.0884        5.416043        262.9459       0.8865588E-03
    3 s   10    11.86617        3.112523        321.2828        5.507578        257.0493       0.8031493E-03
    3 s   11    11.32231        3.252712        307.4358        5.661785        250.9493       0.7060426E-03
    3 s   12    10.87891        3.397097        294.3690        5.844054        244.6796       0.6076441E-03
    3 s   13    10.51464        3.546016        282.0066        6.026684        238.3338       0.5139353E-03
    3 s   14    10.21250        3.699242        270.3257        6.191675        232.0262       0.4280660E-03
    3 s   15    9.959012        3.856208        259.3221        6.329720        225.8588       0.3518399E-03
    3 s   16    9.743599        4.016205        248.9913        6.437875        219.9022       0.2861887E-03
    3 s   17    9.558064        4.178501        239.3203        6.517146        214.1946       0.2313285E-03
    3 s   18    9.396095        4.342418        230.2864        6.570546        208.7478       0.1868991E-03
    3 s   19    9.252850        4.507364        221.8592        6.601768        203.5574       0.1521650E-03
    3 s   20    9.124608        4.672837        214.0028        6.614410        198.6113       0.1262840E-03
    3 s   21    9.008497        4.838417        206.6792        6.611595        193.8974       0.1086736E-03
    3 s   22    8.902281        5.003759        199.8498        6.595912        189.4122       0.9967132E-04
    3 s   23    8.804209        5.168574        193.4770        6.569693        185.1821       0.1024130E-03
    3 s   24    8.712930        5.332647        187.5241        6.536536        181.3573       0.1315314E-03
    3 s   25    8.627680        5.496000        181.9505        6.516775        179.1327       0.2959197E-03
    3 s   26    8.558272        5.665582        176.5044        7.662288        269.4716       0.5710171E-02
    4 s    1    37.56053        1.407458        710.5006        11.34391        346.4454      -0.5527546E-04
    4 s    2    27.37220        1.709473        584.9756        12.53188        417.4347      -0.6269430E-04
    4 s    3    23.19320        2.027875        493.1270        12.85733        439.2365      -0.3593697E-04
    4 s    4    20.35356        2.288050        437.0534        5.241239        271.7385       0.7757032E-04
    4 s    5    17.62742        2.421943        412.8916        5.521927        281.4697       0.4343852E-03
    4 s    6    15.98426        2.595484        385.2846        16.08305        89.79507       0.5594489E-01
    4 s    7    15.96539        2.991253        334.3080        16.07502        89.72905       0.5433218E-01
    4 s    8    15.94496        3.385750        295.3556        16.00344        89.94364       0.5272717E-01
    4 s    9    15.72984        3.733021        267.8796        7.041422        350.1499       0.4319415E-03
    4 s   10    14.85576        3.896698        256.6276        6.180828        307.4906       0.5739296E-03
    4 s   11    14.09044        4.047948        247.0387        5.930138        289.7084       0.6159835E-03
    4 s   12    13.43720        4.195959        238.3246        5.888455        280.6108       0.6038193E-03
    4 s   13    12.88136        4.344181        230.1930        5.938403        275.2392       0.5632818E-03
    4 s   14    12.40732        4.494264        222.5058        6.035540        271.8087       0.5082668E-03
    4 s   15    12.00144        4.647053        215.1902        6.155486        269.5225       0.4467247E-03
    4 s   16    11.65218        4.802900        208.2075        6.282030        267.9622       0.3835906E-03
    4 s   17    11.34987        4.961824        201.5388        6.404093        266.8837       0.3222069E-03
    4 s   18    11.08646        5.123621        195.1745        6.514591        266.1337       0.2649432E-03
    4 s   19    10.85526        5.287952        189.1091        6.609659        265.6104       0.2134169E-03
    4 s   20    10.65079        5.454415        183.3377        6.687902        265.2428       0.1685669E-03
    4 s   21    10.46854        5.622598        177.8537        6.749651        264.9776       0.1307152E-03
    4 s   22    10.30485        5.792107        172.6487        6.796271        264.7720       0.9966850E-04
    4 s   23    10.15675        5.962594        167.7122        6.829581        264.5889       0.7485674E-04
    4 s   24    10.02184        6.133752        163.0324        6.851437        264.3939       0.5548439E-04
    4 s   25    9.898158        6.305320        158.5962        6.863471        264.1536       0.4066675E-04
    4 s   26    9.784086        6.477071        154.3908        6.866972        263.8350       0.2953369E-04
    5 s    1    45.06729        1.688749        592.1542        27.94937        90.07279      -0.3414937E-04
    5 s    2    33.73021        2.106549        474.7101        2.611484        316.0105      -0.1218821E-03
    5 s    3    24.97288        2.183480        457.9844        3.765614        307.6450      -0.1027809E-03
    5 s    4    20.96321        2.356583        424.3432        12.64780        560.9199      -0.7020109E-06
    5 s    5    19.47807        2.676215        373.6620        12.68352        523.4938       0.9485920E-05
    5 s    6    18.39376        2.986732        334.8141        12.10236        519.3122       0.2038626E-04
    5 s    7    17.49450        3.277746        305.0877        11.07602        506.0109       0.5517585E-04
    5 s    8    16.63726        3.532754        283.0653        9.135089        441.6727       0.1912466E-03
    5 s    9    15.92209        3.778647        264.6450        15.92719        90.13487       0.5138958E-01
    5 s   10    15.89691        4.169793        239.8201        15.84964        90.29372       0.5027502E-01
    5 s   11    15.55440        4.468519        223.7878        9.914827        385.9727       0.1475286E-03
    5 s   12    15.08754        4.711302        212.2555        9.460981        389.4862       0.1537617E-03
    5 s   13    14.64923        4.940387        202.4133        8.830713        380.6959       0.1809133E-03
    5 s   14    14.22465        5.152550        194.0787        8.128380        362.4720       0.2190919E-03
    5 s   15    13.81159        5.347956        186.9873        7.513926        341.2749       0.2527024E-03
    5 s   16    13.41709        5.530378        180.8195        7.095405        323.1814       0.2696954E-03
    5 s   17    13.04943        5.704822        175.2903        6.867151        309.9944       0.2687088E-03
    5 s   18    12.71300        5.875331        170.2032        6.770447        300.8453       0.2543164E-03
    5 s   19    12.40824        6.044455        165.4409        6.749433        294.4017       0.2315540E-03
    5 s   20    12.13316        6.213556        160.9384        6.764797        289.6140       0.2042684E-03
    5 s   21    11.88468        6.383199        156.6613        6.790913        285.7609       0.1751998E-03
    5 s   22    11.65933        6.553429        152.5919        6.811253        282.3541       0.1463141E-03
    5 s   23    11.45367        6.723961        148.7219        6.815197        279.0548       0.1190232E-03
    5 s   24    11.26449        6.894298        145.0474        6.796092        275.6213       0.9429736E-04
    5 s   25    11.08885        7.063811        141.5666        6.750090        271.8807       0.7272674E-04
    5 s   26    10.92417        7.231808        138.2780        6.675536        267.7215       0.5457236E-04
    6 s    1    53.39660        2.000863        499.7843        8.775784        642.9005      -0.5206014E-03
    6 s    2    38.42324        2.399643        416.7287        27.07453        90.41698      -0.7617130E-04
    6 s    3    32.53488        2.844656        351.5364        12.80595        450.7618      -0.4290629E-03
    6 s    4    27.75675        3.120281        320.4840        8.956645        357.9386      -0.3237898E-03
    6 s    5    23.99233        3.296459        303.3558        5.747346        279.3624      -0.1243012E-03
    6 s    6    21.14032        3.432713        291.3148        5.410888        263.0140       0.1138429E-03
    6 s    7    19.08591        3.575910        279.6491        6.142616        261.2284       0.3148564E-03
    6 s    8    17.65434        3.748719        266.7578        7.820676        278.1502       0.3695387E-03
    6 s    9    16.72472        3.969127        251.9446        9.595932        326.8407       0.2538364E-03
    6 s   10    16.07896        4.217547        237.1047        10.08646        367.2649       0.1724925E-03
    6 s   11    15.86988        4.559152        219.3390        15.77406        90.42237       0.4933803E-01
    6 s   12    15.84166        4.946786        202.1514        15.70363        90.52294       0.4854275E-01
    6 s   13    15.81290        5.332831        187.5177        15.64023        90.59940       0.4785976E-01
    6 s   14    15.25338        5.525182        180.9895        7.699051        275.1430       0.3213044E-03
    6 s   15    14.78178        5.723620        174.7146        8.123487        285.4978       0.2576699E-03
    6 s   16    14.38721        5.930252        168.6269        8.349943        295.7676       0.2073101E-03
    6 s   17    14.04470        6.139926        162.8684        8.376898        303.2104       0.1732166E-03
    6 s   18    13.73638        6.348288        157.5228        8.257005        306.8537       0.1517012E-03
    6 s   19    13.45089        6.552368        152.6166        8.043698        306.7980       0.1381042E-03
    6 s   20    13.18142        6.750384        148.1397        7.778975        303.5771       0.1286466E-03
    6 s   21    12.92412        6.941481        144.0615        7.495520        297.9380       0.1205747E-03
    6 s   22    12.67714        7.125517        140.3407        7.218138        290.7515       0.1120946E-03
    6 s   23    12.43980        7.302871        136.9324        6.963358        282.8875       0.1023440E-03
    6 s   24    12.21203        7.474231        133.7930        6.740091        275.0867       0.9126767E-04
    6 s   25    11.99405        7.640443        130.8825        6.552489        267.9070       0.7935011E-04
    6 s   26    11.78614        7.802434        128.1651        6.403411        261.7442       0.6729887E-04
    7 s    1    59.18940        2.217929        450.8710        7.445212        259.8781      -0.4402525E-03
    7 s    2    40.44745        2.526060        395.8734        14.88411        409.0776      -0.5175270E-03
    7 s    3    35.38320        3.093696        323.2379        25.86554        90.40852       0.2043767E-03
    7 s    4    30.60343        3.440291        290.6731        7.781566        340.1981      -0.9609615E-04
    7 s    5    26.83200        3.686620        271.2512        11.33091        473.3514      -0.1932898E-03
    7 s    6    24.49912        3.978107        251.3759        11.61454        490.6228      -0.1536932E-03
    7 s    7    22.70060        4.253154        235.1197        10.17082        422.8311       0.1650636E-05
    7 s    8    21.10829        4.482131        223.1081        8.165023        345.3774       0.1815727E-03
    7 s    9    19.67388        4.669024        214.1775        6.921801        301.0333       0.3194271E-03
    7 s   10    18.43669        4.835982        206.7832        6.497501        280.2652       0.4008874E-03
    7 s   11    17.39868        4.998351        200.0660        6.504791        270.3577       0.4336603E-03
    7 s   12    16.53785        5.164184        193.6414        6.759276        266.6143       0.4253091E-03
    7 s   13    15.83027        5.338688        187.3119        7.190379        268.2337       0.3836346E-03
    7 s   14    15.78421        5.717461        174.9028        15.58471        90.65555       0.4726630E-01
    7 s   15    15.75605        6.100868        163.9111        15.53705        90.69558       0.4674444E-01
    7 s   16    15.72880        6.483238        154.2439        15.49679        90.72272       0.4628080E-01
    7 s   17    15.50689        6.779151        147.5111        6.368232        232.0396       0.3367504E-03
    7 s   18    15.01655        6.939919        144.0939        6.470873        229.2866       0.2932912E-03
    7 s   19    14.58258        7.103649        140.7727        6.604781        227.8921       0.2522191E-03
    7 s   20    14.19780        7.270887        137.5348        6.750690        227.5807       0.2148249E-03
    7 s   21    13.85544        7.441687        134.3781        6.888773        228.1176       0.1819435E-03
    7 s   22    13.54912        7.615636        131.3088        7.002244        229.2397       0.1539913E-03
    7 s   23    13.27296        7.791985        128.3370        7.081683        230.6628       0.1308734E-03
    7 s   24    13.02184        7.969866        125.4726        7.126799        232.1344       0.1119960E-03
    7 s   25    12.79160        8.148497        122.7220        7.144454        233.4796       0.9644814E-04
    7 s   26    12.57901        8.327315        120.0867        7.144430        234.6097       0.8325702E-04
    8 s    1    76.90048        2.881594        347.0301        13.16481        898.1506      -0.9785723E-03
    8 s    2    51.36716        3.208028        311.7180        11.70177        530.9988      -0.2012871E-02
    8 s    3    37.80243        3.305220        302.5518        3.754589        261.5390      -0.4996551E-04
    8 s    4    33.15102        3.726678        268.3355        24.06605        98.43600       0.2293505E-03
    8 s    5    30.42651        4.180491        239.2063        13.19037        685.7239      -0.4825305E-03
    8 s    6    27.59686        4.481110        223.1590        10.79983        610.3111      -0.3293361E-03
    8 s    7    25.18092        4.717863        211.9604        8.841348        393.9341      -0.8620485E-04
    8 s    8    23.32003        4.951772        201.9479        10.02638        408.0998      -0.7452342E-05
    8 s    9    21.97516        5.215165        191.7485        10.86426        458.9761       0.1525108E-04
    8 s   10    20.91534        5.486139        182.2776        10.63947        478.6515       0.6283182E-04
    8 s   11    19.97579        5.738711        174.2552        9.394929        422.8792       0.1915889E-03
    8 s   12    19.06404        5.953023        167.9819        7.785678        331.3020       0.3590161E-03
    8 s   13    18.19164        6.135052        162.9978        6.863425        280.3080       0.4392848E-03
    8 s   14    17.39682        6.301593        158.6900        6.478847        256.5823       0.4461596E-03
    8 s   15    16.68852        6.461926        154.7526        6.336704        244.0366       0.4198815E-03
    8 s   16    16.06139        6.620328        151.0499        6.315540        236.6256       0.3803881E-03
    8 s   17    15.70268        6.864745        145.6718        15.46312        90.73980       0.4586510E-01
    8 s   18    15.67785        7.245542        138.0159        15.43514        90.74908       0.4548949E-01
    8 s   19    15.65439        7.625762        131.1344        15.41193        90.75235       0.4514789E-01
    8 s   20    15.57523        7.976289        125.3716        5.908853        239.1388       0.3321043E-03
    8 s   21    15.12506        8.123594        123.0982        5.861831        233.6168       0.2944196E-03
    8 s   22    14.71439        8.270606        120.9101        5.883736        230.1740       0.2584633E-03
    8 s   23    14.34072        8.418820        118.7815        5.958445        228.1277       0.2258837E-03
    8 s   24    14.00147        8.569437        116.6938        6.076221        227.2194       0.1969386E-03
    8 s   25    13.69410        8.723411        114.6341        6.226917        227.3104       0.1714110E-03
    8 s   26    13.41604        8.881427        112.5945        6.398768        228.2772       0.1489391E-03
    9 s    1    85.63348        3.208835        311.6396       0.8644499        231.7374       0.6577726E-07
    9 s    2    51.97236        3.245824        308.0881        3.461838        296.3801      -0.1865844E-03
    9 s    3    40.56664        3.546905        281.9359        13.35030        801.9302      -0.1674445E-02
    9 s    4    34.53554        3.882320        257.5780        13.93920        452.5188      -0.5252104E-03
    9 s    5    31.74095        4.361091        229.3004        23.32888        91.89441       0.9465992E-03
    9 s    6    28.68105        4.657158        214.7232        7.665650        292.0068      -0.1817012E-03
    9 s    7    26.16050        4.901397        204.0235        11.32935        446.7172      -0.4367075E-03
    9 s    8    24.44946        5.191593        192.6191        11.55032        476.7689      -0.3674616E-03
    9 s    9    23.03960        5.467782        182.8895        10.40390        390.3818      -0.5276118E-04
    9 s   10    21.77702        5.712158        175.0652        9.226434        313.9666       0.2301244E-03
    9 s   11    20.68054        5.941174        168.3169        9.300053        295.6337       0.2758359E-03
    9 s   12    19.80902        6.185654        161.6644        10.23387        330.8444       0.1650484E-03
    9 s   13    19.12421        6.449557        155.0494        10.77219        377.9470       0.8493088E-04
    9 s   14    18.55491        6.721084        148.7855        10.89432        412.7806       0.5419699E-04
    9 s   15    18.05827        6.992306        143.0143        10.75331        434.2910       0.5311096E-04
    9 s   16    17.60136        7.255090        137.8343        10.12972        429.3535       0.9655469E-04
    9 s   17    17.12705        7.487436        133.5571        8.208957        344.1559       0.2549830E-03
    9 s   18    16.59452        7.669182        130.3920        6.575050        271.8938       0.3689507E-03
    9 s   19    16.06642        7.826478        127.7714        6.074500        248.9272       0.3653275E-03
    9 s   20    15.63230        8.005514        124.9139        15.39263        90.75100       0.4483553E-01
    9 s   21    15.61156        8.384891        119.2621        15.37648        90.74607       0.4454860E-01
    9 s   22    15.59213        8.763965        114.1036        15.36282        90.73833       0.4428397E-01
    9 s   23    15.45460        9.072731        110.2204        8.108054        319.5383       0.1613938E-03
    9 s   24    15.13799        9.265031        107.9327        7.302470        290.3604       0.1943840E-03
    9 s   25    14.82052        9.440961        105.9214        6.807727        272.4253       0.2053469E-03
    9 s   26    14.51381        9.608154        104.0783        6.584815        263.0175       0.1995775E-03
   10 s    1    89.81160        3.365396        297.1418        22.59773        89.60395      -0.1189806E-03
   10 s    2    63.12525        3.942355        253.6555        23.71434        85.33670       0.7934347E-05
   10 s    3    49.52872        4.330497        230.9204        5.326377        301.6161      -0.7819139E-03
   10 s    4    39.29964        4.417877        226.3531        3.265074        243.4867      -0.2053060E-03
   10 s    5    32.84970        4.513429        221.5610        4.654244        245.6869      -0.8374394E-04
   10 s    6    30.48990        4.950873        201.9846        23.25934        89.35215       0.1316174E-02
   10 s    7    29.48972        5.525155        180.9904        22.32214        91.60051       0.1540991E-02
   10 s    8    27.25821        5.788004        172.7711        7.635712        269.7725      -0.2595116E-03
   10 s    9    25.24941        5.992215        166.8832        8.896298        290.9335      -0.3104171E-03
   10 s   10    23.76126        6.232630        160.4459        10.18531        338.0455      -0.2403827E-03
   10 s   11    22.58818        6.489207        154.1020        10.01821        351.1411       0.7098003E-04
   10 s   12    21.53230        6.723773        148.7260        8.591258        310.9740       0.4216343E-03
   10 s   13    20.52569        6.922198        144.4628        7.321933        272.8477       0.5970615E-03
   10 s   14    19.59347        7.097278        140.8991        6.711774        252.3311       0.6300527E-03
   10 s   15    18.75768        7.263122        137.6818        6.563172        241.8450       0.5951569E-03
   10 s   16    18.02853        7.431164        134.5684        6.969298        240.8117       0.5014354E-03
   10 s   17    17.44017        7.624322        131.1592        8.679988        275.8990       0.2883874E-03
   10 s   18    17.01298        7.862573        127.1848        10.08455        343.5560       0.1210656E-03
   10 s   19    16.66693        8.119005        123.1678        10.31433        377.8271       0.7706042E-04
   10 s   20    16.35431        8.375267        119.3992        10.13525        386.5724       0.7254862E-04
   10 s   21    16.05655        8.623888        115.9570        9.705357        377.8987       0.8714937E-04
   10 s   22    15.76027        8.858469        112.8863        9.006511        353.3632       0.1189348E-03
   10 s   23    15.57394        9.142796        109.3757        15.35109        90.72835       0.4403909E-01
   10 s   24    15.55692        9.521431        105.0262        15.34086        90.71652       0.4381176E-01
   10 s   25    15.41644        9.820572        101.8271        8.972361        341.4318       0.1509034E-03
   10 s   26    15.18000        10.04917        99.51068        9.025850        352.2771       0.1260828E-03
   11 s    1    99.20614        3.717426        269.0033        15.29225        668.3117       0.1238735E-02
   11 s    2    65.10939        4.066270        245.9256        13.14519        755.2973       0.8768670E-03
   11 s    3    50.79452        4.441170        225.1659        10.32520        369.2000      -0.9987865E-03
   11 s    4    42.24287        4.748741        210.5821        12.94466        695.8347      -0.2825761E-02
   11 s    5    36.88131        5.067358        197.3415        12.53809        669.4246      -0.2383058E-02
   11 s    6    33.02182        5.362001        186.4976        10.89096        481.1522      -0.1240151E-02
   11 s    7    29.88824        5.599821        178.5772        8.616856        280.5278      -0.3098064E-03
   11 s    8    28.68665        6.091319        164.1681        22.19981        88.91340       0.1905352E-02
   11 s    9    27.15132        6.443577        155.1933        11.31280        551.1312      -0.8022507E-04
   11 s   10    25.58142        6.710061        149.0299        9.739619        423.7840      -0.1191119E-05
   11 s   11    24.14794        6.937300        144.1483        8.961371        335.9603      -0.5825476E-04
   11 s   12    22.98175        7.176382        139.3460        10.24881        372.9561      -0.4517620E-04
   11 s   13    22.07683        7.445312        134.3127        11.02092        435.1964       0.2287508E-03
   11 s   14    21.30694        7.717945        129.5682        10.52726        442.3477       0.6376761E-03
   11 s   15    20.57594        7.967167        125.5151        9.248297        389.6071       0.9483633E-03
   11 s   16    19.85242        8.182951        122.2053        7.964501        332.9592       0.1040183E-02
   11 s   17    19.14911        8.371420        119.4541        7.094951        296.1477       0.9789138E-03
   11 s   18    18.48546        8.543082        117.0538        6.612872        274.8681       0.8623026E-03
   11 s   19    17.87214        8.706101        114.8620        6.400819        263.0408       0.7373913E-03
   11 s   20    17.31342        8.866441        112.7848        6.407583        257.9405       0.6179770E-03
   11 s   21    16.81217        9.029729        110.7453        6.654125        259.6191       0.5043205E-03
   11 s   22    16.37256        9.202623        108.6647        7.189742        270.3909       0.3924520E-03
   11 s   23    15.99838        9.391963        106.4740        7.945386        292.2191       0.2856533E-03
   11 s   24    15.68496        9.599794        104.1689        8.617914        319.6439       0.2016027E-03
   11 s   25    15.54098        9.899909        101.0110        15.33175        90.70312       0.4360012E-01
   11 s   26    15.52610        10.27829        97.29249        15.32341        90.68759       0.4340267E-01
   12 s    1    114.6847        4.297433        232.6971       0.9017697        229.9830      -0.3320463E-04
   12 s    2    69.33028        4.329876        230.9535        1.851147        234.3729       0.4905368E-04
   12 s    3    52.00014        4.546583        219.9454        23.83952        86.92934      -0.1208846E-03
   12 s    4    45.77350        5.145637        194.3394        23.81426        84.22252      -0.4005688E-04
   12 s    5    40.53370        5.569182        179.5596        4.037877        208.6971      -0.1227549E-03
   12 s    6    35.06398        5.693601        175.6358        6.234270        244.1799      -0.2443972E-03
   12 s    7    31.45039        5.892504        169.7072        9.653385        358.6143      -0.3123451E-03
   12 s    8    29.00598        6.159124        162.3608        11.37773        484.8095      -0.1633566E-03
   12 s    9    27.99660        6.644179        150.5077        21.66194        88.97921       0.2073733E-02
   12 s   10    26.17696        6.866273        145.6394        8.899478        287.5958      -0.2414691E-03
   12 s   11    24.79821        7.124113        140.3684        11.33452        406.7660      -0.1783540E-03
   12 s   12    23.75177        7.416832        134.8284        11.92730        465.1982      -0.7792637E-04
   12 s   13    22.88060        7.716381        129.5944        11.99625        473.9023      -0.8420866E-05
   12 s   14    22.12920        8.015788        124.7538        11.94692        469.7112       0.1009443E-04
   12 s   15    21.46996        8.313339        120.2886        11.83819        470.1160       0.2447578E-05
   12 s   16    20.87772        8.605568        116.2038        11.47010        465.2964       0.1001727E-05
   12 s   17    20.31533        8.881259        112.5966        10.43394        423.6430       0.4197590E-04
   12 s   18    19.73726        9.121602        109.6299        8.778718        355.1541       0.2826025E-03
   12 s   19    19.14458        9.325947        107.2277        7.655647        314.0126       0.5286464E-03
   12 s   20    18.57091        9.510416        105.1479        7.121053        293.9727       0.6293690E-03
   12 s   21    18.03377        9.685843        103.2435        6.895295        283.6852       0.6432864E-03
   12 s   22    17.53816        9.857777        101.4427        6.826439        278.3606       0.6164478E-03
   12 s   23    17.08612        10.03053        99.69563        6.832634        275.6961       0.5676500E-03
   12 s   24    16.67002        10.20269        98.01333        6.905444        275.3415       0.5131320E-03
   12 s   25    16.29028        10.37722        96.36489        7.026824        276.8564       0.4548032E-03
   12 s   26    15.94469        10.55540        94.73826        7.202939        280.5540       0.3954186E-03
   13 s    1    120.1856        4.503562        222.0465        15.21148        705.8425      -0.4179238E-02
   13 s    2    77.90598        4.865453        205.5307        13.85083        834.3693      -0.3604207E-03
   13 s    3    59.45451        5.198348        192.3688        12.86767        819.2658       0.1378127E-02
   13 s    4    48.73962        5.479074        182.5126        4.972086        226.7640      -0.4415875E-04
   13 s    5    41.70653        5.730326        174.5102        21.30498        106.6717      -0.3690749E-03
   13 s    6    37.55082        6.097409        164.0041        11.77269        624.1931      -0.2588014E-02
   13 s    7    33.91382        6.354047        157.3800        8.573611        372.7789      -0.1744018E-02
   13 s    8    30.75303        6.530093        153.1372        6.108149        255.2764      -0.5962274E-03
   13 s    9    28.15358        6.681435        149.6685        6.599962        232.3586      -0.2112073E-03
   13 s   10    27.40805        7.189191        139.0977        21.60175        87.69337       0.2249190E-02
   13 s   11    26.89608        7.726795        129.4198        21.36005        87.50668       0.2323896E-02
   13 s   12    25.64389        8.007676        124.8802        6.257577        282.1411      -0.1636653E-03
   13 s   13    24.21773        8.167324        122.4391        6.645109        285.9622      -0.1302194E-03
   13 s   14    23.03551        8.344079        119.8455        7.536944        305.5434      -0.5804164E-04
   13 s   15    22.06921        8.545371        117.0224        8.508474        336.9715       0.1696503E-03
   13 s   16    21.27151        8.767885        114.0526        9.165681        367.6225       0.5591139E-03
   13 s   17    20.59711        9.004445        111.0563        9.706651        396.7761       0.9220148E-03
   13 s   18    20.03265        9.258117        108.0133        10.46855        442.2651       0.9464497E-03
   13 s   19    19.55454        9.525654        104.9797        10.76567        469.2835       0.8085382E-03
   13 s   20    19.12716        9.795281        102.0900        10.70964        472.4697       0.7234714E-03
   13 s   21    18.74113        10.06577        99.34663        10.50846        463.3795       0.6854844E-03
   13 s   22    18.37089        10.32583        96.84447        10.22927        446.2707       0.6907183E-03
   13 s   23    18.01807        10.57763        94.53910        9.843219        421.7224       0.7196610E-03
   13 s   24    17.67599        10.81838        92.43525        9.346108        391.8526       0.7552419E-03
   13 s   25    17.33981        11.04579        90.53220        8.787068        361.4533       0.7751726E-03
   13 s   26    17.00812        11.25939        88.81477        8.255459        335.4238       0.7632121E-03
   14 s    1    131.5082        4.927840        202.9287        25.25831        90.79331       0.1990723E-03
   14 s    2    86.33143        5.391647        185.4721        1.322519        194.9564      -0.2072569E-06
   14 s    3    62.13664        5.432857        184.0652        2.009283        199.0948       0.1119955E-05
   14 s    4    49.13709        5.523756        181.0362        10.15492        528.4685       0.2846574E-04
   14 s    5    42.45867        5.833667        171.4188        14.63481        263.6008      -0.1413045E-02
   14 s    6    39.16142        6.358935        157.2590        23.21969        85.71573       0.1479380E-05
   14 s    7    35.69119        6.687054        149.5427        9.578844        300.3649      -0.1701043E-02
   14 s    8    32.84892        6.975134        143.3664        13.07075        509.2517      -0.2528437E-02
   14 s    9    30.80571        7.310841        136.7832        13.51749        596.4759      -0.2124781E-02
   14 s   10    29.05939        7.622341        131.1933        10.97264        442.0340      -0.1155997E-02
   14 s   11    27.30487        7.844234        127.4822        7.218076        308.7625      -0.3605308E-03
   14 s   12    26.44904        8.259094        121.0787        21.17037        87.30498       0.2361807E-02
   14 s   13    26.05549        8.787100        113.8032        21.01628        87.17323       0.2368659E-02
   14 s   14    25.04051        9.070344        110.2494        8.151106        328.2731      -0.1687908E-03
   14 s   15    23.88960        9.250241        108.1053        6.721195        285.7890      -0.9402909E-04
   14 s   16    22.85825        9.421921        106.1355        7.171525        294.1753      -0.1793166E-04
   14 s   17    21.99169        9.614112        104.0138        8.214105        324.8698       0.1511499E-03
   14 s   18    21.27705        9.833216        101.6961        9.210290        367.8117       0.4465404E-03
   14 s   19    20.68596        10.07681        99.23780        9.739092        404.3504       0.7999477E-03
   14 s   20    20.15554        10.32193        96.88111        9.696300        411.5589       0.1045967E-02
   14 s   21    19.66437        10.56163        94.68234        9.359941        396.2030       0.1104482E-02
   14 s   22    19.20172        10.79283        92.65412        9.075859        378.5646       0.9973082E-03
   14 s   23    18.77105        11.01968        90.74674        9.045502        371.1526       0.8068458E-03
   14 s   24    18.37954        11.24898        88.89694        9.279781        376.3865       0.6034800E-03
   14 s   25    18.03113        11.48618        87.06113        9.669239        391.5970       0.4309819E-03
   14 s   26    17.72398        11.73329        85.22762        10.05868        410.7424       0.3117785E-03
   15 s    1    141.0990        5.287225        189.1351        15.61395        624.2412      -0.1025649E-03
   15 s    2    88.47040        5.525232        180.9879        22.86698        106.4767      -0.5079344E-03
   15 s    3    68.82342        6.017510        166.1817        15.57939        710.8740      -0.2527450E-02
   15 s    4    56.05332        6.301245        158.6988        6.022478        261.7122      -0.1093609E-03
   15 s    5    46.62042        6.405476        156.1164        3.702325        205.1023       0.3464476E-04
   15 s    6    40.11726        6.514141        153.5122        5.594605        212.0429      -0.4440558E-03
   15 s    7    37.13691        6.957922        143.7211        23.60768        84.76013       0.7727509E-04
   15 s    8    35.55246        7.549203        132.4643        23.49516        85.22803       0.1551805E-03
   15 s    9    32.85237        7.796558        128.2617        4.981892        275.1843      -0.2625706E-03
   15 s   10    30.32631        7.954656        125.7125        8.151762        345.0507      -0.6071585E-03
   15 s   11    28.58168        8.211040        121.7873        11.98901        513.4993      -0.7944432E-03
   15 s   12    27.29563        8.523456        117.3233        12.64835        563.9789      -0.5465793E-03
   15 s   13    26.17101        8.826057        113.3009        11.30036        465.8537      -0.3099159E-03
   15 s   14    25.66247        9.295634        107.5774        9.546238        390.3937      -0.1489718E-08
   15 s   15    24.68694        9.558979        104.6137        11.11437        459.3517      -0.1434357E-05
   15 s   16    23.86780        9.838048        101.6462        11.05868        449.3858      -0.2465154E-07
   15 s   17    23.12604        10.11002        98.91181        10.32200        406.7121      -0.1430290E-05
   15 s   18    22.40996        10.35679        96.55498        9.445701        367.0448       0.1451593E-04
   15 s   19    21.73230        10.58651        94.45985        9.024589        352.5436       0.9996196E-04
   15 s   20    21.11513        10.81335        92.47828        9.158368        363.1882       0.3071905E-03
   15 s   21    20.56782        11.04687        90.52337        9.453575        386.3673       0.6341649E-03
   15 s   22    20.07821        11.28548        88.60941        9.483809        401.6568       0.9841737E-03
   15 s   23    19.62293        11.51978        86.80719        9.093281        393.3829       0.1224404E-02
   15 s   24    19.18291        11.74068        85.17398        8.451762        367.5835       0.1296539E-02
   15 s   25    18.75198        11.94537        83.71442        7.844269        340.3456       0.1242748E-02
   15 s   26    18.33396        12.13709        82.39204        7.437571        319.8433       0.1133396E-02
   16 s    1    143.1933        5.365702        186.3689       0.7629503        193.2192       0.2066395E-07
   16 s    2    90.85381        5.674083        176.2399        15.72015        304.3293      -0.2824510E-02
   16 s    3    70.30408        6.146970        162.6818        22.61995        87.11712      -0.3374260E-04
   16 s    4    57.95240        6.514731        153.4983        11.95284        395.6492      -0.9531074E-03
   16 s    5    49.87953        6.853266        145.9158        13.92805        702.6269      -0.2496829E-03
   16 s    6    44.26977        7.188416        139.1127        12.98617        745.1517      -0.1907864E-03
   16 s    7    40.02639        7.499291        133.3459        12.00504        660.4722      -0.6258181E-03
   16 s    8    36.21564        7.690022        130.0386        3.871485        255.4896      -0.1567253E-03
   16 s    9    34.07085        8.085727        123.6747        12.52186        499.6125      -0.1358987E-02
   16 s   10    31.94483        8.379198        119.3432        11.67679        696.4495      -0.1614368E-02
   16 s   11    30.16296        8.665315        115.4026        11.11833        608.9109      -0.1385556E-02
   16 s   12    28.54053        8.912191        112.2058        8.298024        393.2135      -0.5515181E-03
   16 s   13    26.96236        9.092936        109.9755        6.980267        318.1443      -0.5803283E-04
   16 s   14    25.70701        9.311766        107.3910        20.89785        87.00975       0.2357249E-02
   16 s   15    25.39650        9.833724        101.6909        20.80007        86.89176       0.2331091E-02
   16 s   16    24.81161        10.22707        97.77967        8.960164        363.1811      -0.1797756E-03
   16 s   17    23.90456        10.45036        95.69048        9.101197        371.2442      -0.6893569E-04
   16 s   18    23.12801        10.68864        93.55725        10.00262        413.9201      -0.5919317E-05
   16 s   19    22.47790        10.94972        91.32657        10.80623        462.6820       0.4244243E-04
   16 s   20    21.92021        11.22564        89.08179        11.18516        494.6980       0.9204472E-04
   16 s   21    21.42366        11.50654        86.90710        11.22056        506.5865       0.1697232E-03
   16 s   22    20.96753        11.78535        84.85114        11.02516        501.5259       0.3215873E-03
   16 s   23    20.53967        12.05796        82.93276        10.73147        486.4660       0.6037521E-03
   16 s   24    20.13544        12.32366        81.14470        10.44030        468.5521       0.1003691E-02
   16 s   25    19.74962        12.58089        79.48564        9.967831        438.3378       0.1376130E-02
   16 s   26    19.36736        12.82120        77.99579        9.050950        386.1675       0.1536294E-02
   17 s    1    164.2055        6.153067        162.5206        16.29024        645.0349       0.5095195E-03
   17 s    2    100.8001        6.295258        158.8497        1.529493        186.3399       0.6452236E-05
   17 s    3    72.58153        6.346097        157.5772        2.996710        192.7916      -0.2588427E-03
   17 s    4    59.85454        6.728560        148.6202        23.23039        84.43732       0.1978273E-05
   17 s    5    53.17426        7.305949        136.8748        22.80383        84.50899      -0.3292910E-04
   17 s    6    46.46069        7.544171        132.5527        2.498238        258.2412      -0.7827133E-05
   17 s    7    40.63374        7.613083        131.3528        3.138550        267.0998      -0.8508804E-08
   17 s    8    36.74229        7.801852        128.1747        11.62543        720.2053      -0.1014334E-02
   17 s    9    34.31758        8.144281        122.7855        22.56537        89.47223       0.1632175E-03
   17 s   10    33.27033        8.726878        114.5885        23.29875        85.10847       0.3342040E-03
   17 s   11    31.26248        8.981188        111.3438        5.099884        255.3208      -0.5840247E-03
   17 s   12    29.30343        9.150418        109.2846        8.966001        341.5398      -0.1240748E-02
   17 s   13    27.92449        9.417411        106.1863        11.84321        486.5758      -0.1347395E-02
   17 s   14    26.81808        9.714227        102.9418        11.65891        484.9794      -0.9057468E-03
   17 s   15    25.79206        9.986891        100.1313        10.13456        407.5454      -0.4458992E-03
   17 s   16    25.11833        10.35350        96.58570        20.71893        86.79049       0.2296745E-02
   17 s   17    24.86769        10.87141        91.98435        20.64943        86.70598       0.2257663E-02
   17 s   18    24.64067        11.38772        87.81391        20.58676        86.63923       0.2216779E-02
   17 s   19    23.73588        11.56252        86.48635        6.412079        296.6711      -0.1605655E-04
   17 s   20    22.89247        11.72355        85.29840        6.567325        291.8241       0.2381104E-04
   17 s   21    22.14741        11.89526        84.06710        7.221941        299.9704       0.6157101E-04
   17 s   22    21.50617        12.08810        82.72596        8.235643        321.0710       0.1057113E-03
   17 s   23    20.96710        12.30889        81.24211        9.402618        356.3003       0.1336256E-03
   17 s   24    20.51644        12.55685        79.63782        10.35422        398.0677       0.1255773E-03
   17 s   25    20.13049        12.82351        77.98176        10.90078        432.5211       0.1002143E-03
   17 s   26    19.78743        13.09929        76.34002        11.10417        451.8572       0.8787232E-04
   18 s    1    167.7972        6.287652        159.0419        2.082853        186.7207      -0.8033937E-05
   18 s    2    105.5336        6.590878        151.7248        15.33880        695.9409       0.3809943E-03
   18 s    3    79.46020        6.947527        143.9361        13.45562        823.0273      -0.4274264E-03
   18 s    4    64.69533        7.272739        137.4998        12.60303        862.6800      -0.1278632E-02
   18 s    5    54.46113        7.482761        133.6405        2.914868        278.7233      -0.1357394E-03
   18 s    6    48.43965        7.865509        127.1373        20.68587        105.5772      -0.5381159E-03
   18 s    7    44.08642        8.259973        121.0658        13.44625        618.8871      -0.1318751E-02
   18 s    8    40.35129        8.568186        116.7108        10.86671        542.9586      -0.8494131E-03
   18 s    9    36.93283        8.764935        114.0910        5.225936        284.9019      -0.3529974E-03
   18 s   10    33.82520        8.872423        112.7088        4.010101        245.8796      -0.3189539E-03
   18 s   11    32.40893        9.310545        107.4051        23.22643        85.30637       0.4090251E-03
   18 s   12    31.62110        9.874145        101.2746        10.70955        329.4999      -0.1170811E-02
   18 s   13    29.94823        10.09991        99.01080        8.251577        338.3636      -0.1184732E-02
   18 s   14    28.46017        10.30904        97.00228        8.912504        349.4588      -0.1122042E-02
   18 s   15    27.26160        10.55591        94.73367        11.01195        429.2383      -0.1076688E-02
   18 s   16    26.33010        10.85298        92.14061        12.57775        530.1975      -0.8927433E-03
   18 s   17    25.52912        11.16057        89.60115        11.39021        484.2064      -0.5363828E-03
   18 s   18    24.65251        11.39319        87.77170        7.494024        333.4203      -0.1342944E-03
   18 s   19    24.43391        11.90255        84.01559        20.52968        86.57919       0.2176357E-02
   18 s   20    23.99751        12.28946        81.37057        11.55524        476.3003      -0.5441337E-04
   18 s   21    23.35486        12.54378        79.72080        8.716589        360.5120       0.2865239E-04
   18 s   22    22.65281        12.73260        78.53855        6.633075        297.7185       0.7601333E-04
   18 s   23    21.95325        12.88781        77.59269        5.940749        276.7597       0.1250513E-03
   18 s   24    21.30100        13.03703        76.70459        6.071640        275.3188       0.2199942E-03
   18 s   25    20.71691        13.19708        75.77436        6.779584        289.2172       0.4184612E-03
   18 s   26    20.21383        13.38157        74.72965        7.978778        323.2422       0.7837456E-03
   19 s    1    171.2412        6.416703        155.8433        26.87702        88.49326       0.1734591E-04
   19 s    2    113.0617        7.061032        141.6224        24.47485        90.14724      -0.5790129E-05
   19 s    3    84.87908        7.421321        134.7469        1.327259        242.4112      -0.9914186E-05
   19 s    4    66.36389        7.460310        134.0427        2.036313        241.8749      -0.5129676E-04
   19 s    5    55.47830        7.622517        131.1903        12.42548        563.5228      -0.1606840E-02
   19 s    6    49.04467        7.963752        125.5690        15.69396        260.8955      -0.1152338E-02
   19 s    7    45.25696        8.479284        117.9345        22.82248        86.01334      -0.2549130E-04
   19 s    8    41.60351        8.834083        113.1979        5.204925        265.2623      -0.3652490E-03
   19 s    9    38.06752        9.034222        110.6902        10.68585        479.9995      -0.7808529E-03
   19 s   10    35.53925        9.322021        107.2729        11.92181        612.7012      -0.9939763E-03
   19 s   11    33.46110        9.612814        104.0278        11.30757        544.9212      -0.1189660E-02
   19 s   12    31.68138        9.892968        101.0819        22.12168        90.42137       0.3668556E-03
   19 s   13    30.99299        10.45225        95.67318        9.997482        454.0311      -0.4442968E-03
   19 s   14    29.56673        10.70986        93.37188        10.47276        531.9971      -0.4853346E-03
   19 s   15    28.30530        10.96004        91.24058        9.327377        450.1087      -0.2341847E-03
   19 s   16    27.10525        11.17249        89.50559        7.850953        360.6471      -0.1561779E-04
   19 s   17    26.01728        11.37398        87.91997        8.975175        363.1121      -0.6826615E-04
   19 s   18    25.20442        11.64826        85.84974        12.69130        508.9946      -0.2381057E-03
   19 s   19    24.58673        11.97700        83.49340        13.16534        559.0912      -0.1679852E-03
   19 s   20    24.24461        12.41600        80.54125        20.47424        86.53344       0.2137291E-02
   19 s   21    24.07040        12.92809        77.35096        20.41957        86.49721       0.2100414E-02
   19 s   22    23.52234        13.22134        75.63529        11.40482        442.8256       0.6596032E-08
   19 s   23    23.01666        13.51210        74.00775        11.68253        471.7525       0.5194261E-06
   19 s   24    22.52628        13.78695        72.53237        9.381709        374.5993       0.3523043E-04
   19 s   25    21.93083        13.97036        71.58010        6.218094        279.1544       0.1266498E-03
   19 s   26    21.33061        14.12088        70.81711        5.950895        272.0460       0.1909092E-03
   20 s    1    187.0895        7.010567        142.6418        13.71688        838.2624       0.1943616E-03
   20 s    2    117.8466        7.359858        135.8722        10.67827        435.9148      -0.6049817E-03
   20 s    3    87.53780        7.653784        130.6543        22.29895        117.2774      -0.3008926E-03
   20 s    4    72.18161        8.114310        123.2391        15.47575        728.9981      -0.7262986E-03
   20 s    5    61.64878        8.470318        118.0593        12.79082        686.3126      -0.7103006E-03
   20 s    6    53.41451        8.673316        115.2962        3.529421        253.1689      -0.2676273E-03
   20 s    7    46.67356        8.744696        114.3550        2.900183        234.7562      -0.1851497E-03
   20 s    8    42.67128        9.060811        110.3654        23.10516        84.69739      -0.3815982E-04
   20 s    9    40.61027        9.637668        103.7595        22.66040        87.95274      -0.1377970E-03
   20 s   10    38.00630        9.969133        100.3096        4.057728        247.5599      -0.1632139E-03
   20 s   11    35.08905        10.08050        99.20145        5.084641        276.5743      -0.9517174E-04
   20 s   12    32.77549        10.23462        97.70757        7.434053        350.7775      -0.2210694E-03
   20 s   13    31.04510        10.46983        95.51258        22.82389        86.71390       0.5340952E-03
   20 s   14    30.48864        11.04380        90.54852        22.81312        86.27911       0.6049802E-03
   20 s   15    29.18413        11.30033        88.49302        8.942801        374.5426      -0.1163945E-02
   20 s   16    28.01460        11.54731        86.60024        10.85266        459.9136      -0.1254498E-02
   20 s   17    27.06776        11.83322        84.50786        11.94113        545.7561      -0.1091622E-02
   20 s   18    26.25936        12.13580        82.40084        12.22976        585.6728      -0.8169152E-03
   20 s   19    25.53018        12.43658        80.40796        11.68685        543.4125      -0.4716252E-03
   20 s   20    24.81156        12.70634        78.70088        9.847033        404.7057      -0.1004004E-03
   20 s   21    24.11149        12.95016        77.21913        10.16616        387.7357      -0.2869740E-05
   20 s   22    23.90120        13.43429        74.43637        10.22762        401.2049      -0.7702813E-04
   20 s   23    23.27518        13.66386        73.18574        8.206088        325.5246       0.6777130E-04
   20 s   24    22.65740        13.86720        72.11262        9.107382        346.6227       0.8554721E-04
   20 s   25    22.19285        14.13728        70.73498        11.64559        470.0110       0.2665414E-04
   20 s   26    21.79851        14.43063        69.29706        11.71202        483.8103       0.1858542E-04
