ANISOTROPIC_PREM
   1    1.00000  0
    30  40 120 6371.00000
  10    0.00000  305.37500
 13.21627  0.00000 -8.83810  0.00000
 11.34084  0.00000 -6.36400  0.00000
  3.60997  0.00000 -4.44750  0.00000
1327.70000
 84.60000
 11.52800  0.00000 -6.36400  0.00000
  3.73208  0.00000 -4.44750  0.00000
  0.97950  0.00000
  10  305.37500  610.75000
 13.15691  0.00000 -8.83810  0.00000
 11.33850  0.00000 -6.36400  0.00000
  3.63115  0.00000 -4.44750  0.00000
1327.70000
 84.60000
 11.16740  0.00000 -6.36400  0.00000
  3.75695  0.00000 -4.44750  0.00000
  1.00764  0.00000
  10  610.75000  916.12500
 13.06670  0.00000 -8.83810  0.00000
 11.31861  0.00000 -6.36400  0.00000
  3.58646  0.00000 -4.44750  0.00000
1327.70000
 84.60000
 11.51976  0.00000 -6.36400  0.00000
  3.70810  0.00000 -4.44750  0.00000
  1.00921  0.00000
  10  916.12500 1232.63378
 12.86399  0.00000 -8.83810  0.00000
 11.12156  0.00000 -6.36400  0.00000
  3.62844  0.00000 -4.44750  0.00000
1327.70000
 84.60000
 11.48342  0.00000 -6.36400  0.00000
  3.72239  0.00000 -4.44750  0.00000
  1.00992  0.00000
  10 1232.63378 1503.81250
 12.46846 -1.26380 -3.64260 -5.52810
 10.93914 -4.03620  4.80230-13.57320
  0.00000  0.00000  0.00000  0.00000
57823.00000
  0.00000
 10.88891 -4.03620  4.80230-13.57320
  0.00000  0.00000  0.00000  0.00000
  0.98733  0.00000
  10 1503.81250 1786.12500
 12.69298 -1.26380 -3.64260 -5.52810
 10.88057 -4.03620  4.80230-13.57320
  0.00000  0.00000  0.00000  0.00000
57823.00000
  0.00000
 10.81412 -4.03620  4.80230-13.57320
  0.00000  0.00000  0.00000  0.00000
  0.99539  0.00000
  10 1786.12500 2068.43750
 12.70290 -1.26380 -3.64260 -5.52810
 11.15133 -4.03620  4.80230-13.57320
  0.00000  0.00000  0.00000  0.00000
57823.00000
  0.00000
 10.98641 -4.03620  4.80230-13.57320
  0.00000  0.00000  0.00000  0.00000
  0.99886  0.00000
  10 2068.43750 2350.75000
 12.29740 -1.26380 -3.64260 -5.52810
 11.22072 -4.03620  4.80230-13.57320
  0.00000  0.00000  0.00000  0.00000
57823.00000
  0.00000
 11.14178 -4.03620  4.80230-13.57320
  0.00000  0.00000  0.00000  0.00000
  0.98912  0.00000
  10 2350.75000 2633.06250
 12.51481 -1.26380 -3.64260 -5.52810
 10.91694 -4.03620  4.80230-13.57320
  0.00000  0.00000  0.00000  0.00000
57823.00000
  0.00000
 11.26026 -4.03620  4.80230-13.57320
  0.00000  0.00000  0.00000  0.00000
  0.99459  0.00000
  10 2633.06250 2915.37500
 12.61500 -1.26380 -3.64260 -5.52810
 10.84986 -4.03620  4.80230-13.57320
  0.00000  0.00000  0.00000  0.00000
57823.00000
  0.00000
 10.98416 -4.03620  4.80230-13.57320
  0.00000  0.00000  0.00000  0.00000
  0.97787  0.00000
  10 2915.37500 3197.68750
 12.67826 -1.26380 -3.64260 -5.52810
 11.00661 -4.03620  4.80230-13.57320
  0.00000  0.00000  0.00000  0.00000
57823.00000
  0.00000
 10.99143 -4.03620  4.80230-13.57320
  0.00000  0.00000  0.00000  0.00000
  0.99997  0.00000
  10 3197.68750 3490.30514
 12.50395 -1.26380 -3.64260 -5.52810
 11.24194 -4.03620  4.80230-13.57320
  0.00000  0.00000  0.00000  0.00000
57823.00000
  0.00000
 10.89877 -4.03620  4.80230-13.57320
  0.00000  0.00000  0.00000  0.00000
  0.99588  0.00000
  10 3490.30514 3644.46804
  8.02804 -6.47610  5.52830 -3.08070
 14.90230 -5.31810  5.52420 -2.55140
  7.13861  1.46720 -2.08340  0.97830
57823.00000
312.00000
 15.74048 -5.31810  5.52420 -2.55140
  6.56544  1.46720 -2.08340  0.97830
  0.99512  0.00000
  10 3644.46804 3876.25000
  7.93700 -6.47610  5.52830 -3.08070
 25.02707-40.46730 51.48320-26.64190
 11.18587-13.78180 17.45750 -9.27770
57823.00000
312.00000
 24.90913-40.46730 51.48320-26.64190
 11.04028-13.78180 17.45750 -9.27770
  0.98465  0.00000
  10 3876.25000 4122.50000
  7.91796 -6.47610  5.52830 -3.08070
 25.31838-40.46730 51.48320-26.64190
 11.06332-13.78180 17.45750 -9.27770
57823.00000
312.00000
 24.92760-40.46730 51.48320-26.64190
 10.91338-13.78180 17.45750 -9.27770
  0.99989  0.00000
  10 4122.50000 4368.75000
  7.91272 -6.47610  5.52830 -3.08070
 24.55650-40.46730 51.48320-26.64190
 11.04492-13.78180 17.45750 -9.27770
57823.00000
312.00000
 24.54736-40.46730 51.48320-26.64190
 10.90118-13.78180 17.45750 -9.27770
  1.00740  0.00000
  10 4368.75000 4615.00000
  8.16649 -6.47610  5.52830 -3.08070
 24.76028-40.46730 51.48320-26.64190
 11.43053-13.78180 17.45750 -9.27770
57823.00000
312.00000
 24.38722-40.46730 51.48320-26.64190
 11.46920-13.78180 17.45750 -9.27770
  1.00666  0.00000
  10 4615.00000 4861.25000
  7.79372 -6.47610  5.52830 -3.08070
 24.60888-40.46730 51.48320-26.64190
 10.90490-13.78180 17.45750 -9.27770
57823.00000
312.00000
 25.18279-40.46730 51.48320-26.64190
 10.87958-13.78180 17.45750 -9.27770
  1.01772  0.00000
  10 4861.25000 5107.50000
  7.77956 -6.47610  5.52830 -3.08070
 24.91216-40.46730 51.48320-26.64190
 11.08943-13.78180 17.45750 -9.27770
57823.00000
312.00000
 24.93155-40.46730 51.48320-26.64190
 11.15028-13.78180 17.45750 -9.27770
  0.97594  0.00000
  10 5107.50000 5353.75000
  8.09011 -6.47610  5.52830 -3.08070
 25.46054-40.46730 51.48320-26.64190
 10.86928-13.78180 17.45750 -9.27770
57823.00000
312.00000
 25.33457-40.46730 51.48320-26.64190
 11.06110-13.78180 17.45750 -9.27770
  0.98506  0.00000
  10 5353.75000 5600.00000
  7.94108 -6.47610  5.52830 -3.08070
 25.10008-40.46730 51.48320-26.64190
 11.25199-13.78180 17.45750 -9.27770
57823.00000
312.00000
 24.41909-40.46730 51.48320-26.64190
 11.44095-13.78180 17.45750 -9.27770
  1.00427  0.00000
   5 5600.00000 5700.88902
  8.19878 -6.47610  5.52830 -3.08070
 28.85175-23.60270  5.52420 -2.55140
 22.61531-17.24730 -2.08340  0.97830
57823.00000
312.00000
 29.63945-23.60270  5.52420 -2.55140
 22.39625-17.24730 -2.08340  0.97830
  1.02146  0.00000
   5 5700.88902 5771.00000
  5.21898 -1.48360  0.00000  0.00000
 18.93514 -9.86720  0.00000  0.00000
 10.02209 -4.93240  0.00000  0.00000
57823.00000
143.00000
 19.44231 -9.86720  0.00000  0.00000
 10.08352 -4.93240  0.00000  0.00000
  1.01835  0.00000
  10 5771.00000 5993.00075
 11.24721 -8.02980  0.00000  0.00000
 40.09577-32.61660  0.00000  0.00000
 22.20829-18.58560  0.00000  0.00000
57823.00000
143.00000
 39.27271-32.61660  0.00000  0.00000
 22.31184-18.58560  0.00000  0.00000
  0.99753  0.00000
  10 5993.00075 6149.78995
  7.07954 -3.80450  0.00000  0.00000
 21.25625-12.25690  0.00000  0.00000
  8.77347 -4.45970  0.00000  0.00000
57823.00000
143.00000
 20.09645-12.25690  0.00000  0.00000
  9.10572 -4.45970  0.00000  0.00000
  1.02451  0.00000
  10 6149.78995 6291.00000
  2.71221  0.69240  0.00000  0.00000
  0.66859  7.21800  0.00000  0.00000
  5.99299 -1.46780  0.00000  0.00000
57823.00000
 80.00000
  3.86524  4.61720  0.00000  0.00000
 -1.37796  5.71760  0.00000  0.00000
  3.35175 -2.47780
   5 6291.00000 6346.60000
  2.53199  0.69240  0.00000  0.00000
  0.85442  7.21800  0.00000  0.00000
  5.62543 -1.46780  0.00000  0.00000
57823.00000
600.00000
  3.88262  4.61720  0.00000  0.00000
 -1.06674  5.71760  0.00000  0.00000
  3.36018 -2.47780
   5 6346.60000 6356.00000
  2.90000  0.00000  0.00000  0.00000
  6.80000  0.00000  0.00000  0.00000
  3.90000  0.00000  0.00000  0.00000
57823.00000
600.00000
  6.80000  0.00000  0.00000  0.00000
  3.90000  0.00000  0.00000  0.00000
  1.00000  0.00000
   5 6356.00000 6368.00000
  2.60000  0.00000  0.00000  0.00000
  5.80000  0.00000  0.00000  0.00000
  3.20000  0.00000  0.00000  0.00000
57823.00000
600.00000
  5.80000  0.00000  0.00000  0.00000
  3.20000  0.00000  0.00000  0.00000
  1.00000  0.00000
   5 6368.00000 6371.00000
  1.02000  0.00000  0.00000  0.00000
  1.45000  0.00000  0.00000  0.00000
  0.00000  0.00000  0.00000  0.00000
57823.00000
  0.00000
  1.45000  0.00000  0.00000  0.00000
  0.00000  0.00000  0.00000  0.00000
  1.00000  0.00000
