ANISOTROPIC_PREM
   1    1.00000  0
    30  40 120 6371.00000
  10    0.00000  305.37500
 12.77139  0.00000 -8.83810  0.00000
 11.31610  0.00000 -6.36400  0.00000
  3.60893  0.00000 -4.44750  0.00000
1327.70000
 84.60000
 11.27869  0.00000 -6.36400  0.00000
  3.61962  0.00000 -4.44750  0.00000
  1.00661  0.00000
  10  305.37500  610.75000
 12.98509  0.00000 -8.83810  0.00000
 11.35315  0.00000 -6.36400  0.00000
  3.68962  0.00000 -4.44750  0.00000
1327.70000
 84.60000
 11.29860  0.00000 -6.36400  0.00000
  3.64810  0.00000 -4.44750  0.00000
  1.01017  0.00000
  10  610.75000  916.12500
 13.00486  0.00000 -8.83810  0.00000
 11.26811  0.00000 -6.36400  0.00000
  3.67902  0.00000 -4.44750  0.00000
1327.70000
 84.60000
 11.44850  0.00000 -6.36400  0.00000
  3.57900  0.00000 -4.44750  0.00000
  1.01817  0.00000
  10  916.12500 1222.73423
 13.25407  0.00000 -8.83810  0.00000
 11.24607  0.00000 -6.36400  0.00000
  3.71446  0.00000 -4.44750  0.00000
1327.70000
 84.60000
 11.01993  0.00000 -6.36400  0.00000
  3.62899  0.00000 -4.44750  0.00000
  1.02244  0.00000
  10 1222.73423 1503.81250
 12.83862 -1.26380 -3.64260 -5.52810
 10.79645 -4.03620  4.80230-13.57320
  0.00000  0.00000  0.00000  0.00000
57823.00000
  0.00000
 11.10333 -4.03620  4.80230-13.57320
  0.00000  0.00000  0.00000  0.00000
  0.99259  0.00000
  10 1503.81250 1786.12500
 12.46216 -1.26380 -3.64260 -5.52810
 10.83064 -4.03620  4.80230-13.57320
  0.00000  0.00000  0.00000  0.00000
57823.00000
  0.00000
 11.05052 -4.03620  4.80230-13.57320
  0.00000  0.00000  0.00000  0.00000
  0.97796  0.00000
  10 1786.12500 2068.43750
 12.53074 -1.26380 -3.64260 -5.52810
 11.01646 -4.03620  4.80230-13.57320
  0.00000  0.00000  0.00000  0.00000
57823.00000
  0.00000
 10.88069 -4.03620  4.80230-13.57320
  0.00000  0.00000  0.00000  0.00000
  0.99055  0.00000
  10 2068.43750 2350.75000
 12.43748 -1.26380 -3.64260 -5.52810
 11.01561 -4.03620  4.80230-13.57320
  0.00000  0.00000  0.00000  0.00000
57823.00000
  0.00000
 10.87745 -4.03620  4.80230-13.57320
  0.00000  0.00000  0.00000  0.00000
  0.98354  0.00000
  10 2350.75000 2633.06250
 12.74096 -1.26380 -3.64260 -5.52810
 10.90118 -4.03620  4.80230-13.57320
  0.00000  0.00000  0.00000  0.00000
57823.00000
  0.00000
 11.11343 -4.03620  4.80230-13.57320
  0.00000  0.00000  0.00000  0.00000
  0.99370  0.00000
  10 2633.06250 2915.37500
 12.64667 -1.26380 -3.64260 -5.52810
 11.06219 -4.03620  4.80230-13.57320
  0.00000  0.00000  0.00000  0.00000
57823.00000
  0.00000
 11.22256 -4.03620  4.80230-13.57320
  0.00000  0.00000  0.00000  0.00000
  1.00020  0.00000
  10 2915.37500 3197.68750
 12.34139 -1.26380 -3.64260 -5.52810
 11.09190 -4.03620  4.80230-13.57320
  0.00000  0.00000  0.00000  0.00000
57823.00000
  0.00000
 10.84506 -4.03620  4.80230-13.57320
  0.00000  0.00000  0.00000  0.00000
  1.01452  0.00000
  10 3197.68750 3454.33860
 12.62367 -1.26380 -3.64260 -5.52810
 11.14037 -4.03620  4.80230-13.57320
  0.00000  0.00000  0.00000  0.00000
57823.00000
  0.00000
 11.01883 -4.03620  4.80230-13.57320
  0.00000  0.00000  0.00000  0.00000
  1.02262  0.00000
  10 3454.33860 3640.43582
  8.20158 -6.47610  5.52830 -3.08070
 15.12389 -5.31810  5.52420 -2.55140
  7.27707  1.46720 -2.08340  0.97830
57823.00000
312.00000
 15.90675 -5.31810  5.52420 -2.55140
  7.00504  1.46720 -2.08340  0.97830
  0.98949  0.00000
  10 3640.43582 3876.25000
  7.77983 -6.47610  5.52830 -3.08070
 24.82262-40.46730 51.48320-26.64190
 10.97033-13.78180 17.45750 -9.27770
57823.00000
312.00000
 24.92021-40.46730 51.48320-26.64190
 10.94161-13.78180 17.45750 -9.27770
  1.02260  0.00000
  10 3876.25000 4122.50000
  8.01263 -6.47610  5.52830 -3.08070
 25.37956-40.46730 51.48320-26.64190
 11.41557-13.78180 17.45750 -9.27770
57823.00000
312.00000
 24.77658-40.46730 51.48320-26.64190
 10.83198-13.78180 17.45750 -9.27770
  0.98420  0.00000
  10 4122.50000 4368.75000
  8.18846 -6.47610  5.52830 -3.08070
 25.06495-40.46730 51.48320-26.64190
 11.38576-13.78180 17.45750 -9.27770
57823.00000
312.00000
 24.61580-40.46730 51.48320-26.64190
 10.96019-13.78180 17.45750 -9.27770
  0.99700  0.00000
  10 4368.75000 4615.00000
  8.28618 -6.47610  5.52830 -3.08070
 25.21376-40.46730 51.48320-26.64190
 10.98565-13.78180 17.45750 -9.27770
57823.00000
312.00000
 24.37937-40.46730 51.48320-26.64190
 10.99182-13.78180 17.45750 -9.27770
  0.98412  0.00000
  10 4615.00000 4861.25000
  8.07833 -6.47610  5.52830 -3.08070
 24.96509-40.46730 51.48320-26.64190
 11.27308-13.78180 17.45750 -9.27770
57823.00000
312.00000
 24.55010-40.46730 51.48320-26.64190
 11.12408-13.78180 17.45750 -9.27770
  0.98803  0.00000
  10 4861.25000 5107.50000
  7.81304 -6.47610  5.52830 -3.08070
 25.34960-40.46730 51.48320-26.64190
 11.48334-13.78180 17.45750 -9.27770
57823.00000
312.00000
 25.02039-40.46730 51.48320-26.64190
 11.25387-13.78180 17.45750 -9.27770
  0.97586  0.00000
  10 5107.50000 5353.75000
  8.01129 -6.47610  5.52830 -3.08070
 25.20990-40.46730 51.48320-26.64190
 11.31728-13.78180 17.45750 -9.27770
57823.00000
312.00000
 24.98716-40.46730 51.48320-26.64190
 11.03832-13.78180 17.45750 -9.27770
  0.98731  0.00000
  10 5353.75000 5600.00000
  7.89423 -6.47610  5.52830 -3.08070
 25.36533-40.46730 51.48320-26.64190
 10.91127-13.78180 17.45750 -9.27770
57823.00000
312.00000
 25.00190-40.46730 51.48320-26.64190
 11.46794-13.78180 17.45750 -9.27770
  0.99433  0.00000
   5 5600.00000 5729.97223
  8.09314 -6.47610  5.52830 -3.08070
 28.95306-23.60270  5.52420 -2.55140
 22.34627-17.24730 -2.08340  0.97830
57823.00000
312.00000
 29.05740-23.60270  5.52420 -2.55140
 22.57203-17.24730 -2.08340  0.97830
  0.99986  0.00000
   5 5729.97223 5771.00000
  5.25864 -1.48360  0.00000  0.00000
 18.88996 -9.86720  0.00000  0.00000
  9.96304 -4.93240  0.00000  0.00000
57823.00000
143.00000
 19.46887 -9.86720  0.00000  0.00000
 10.05082 -4.93240  0.00000  0.00000
  0.99018  0.00000
  10 5771.00000 5960.32785
 11.09109 -8.02980  0.00000  0.00000
 39.65602-32.61660  0.00000  0.00000
 21.82956-18.58560  0.00000  0.00000
57823.00000
143.00000
 40.37159-32.61660  0.00000  0.00000
 22.18182-18.58560  0.00000  0.00000
  0.97565  0.00000
  10 5960.32785 6133.83771
  7.20587 -3.80450  0.00000  0.00000
 20.38143-12.25690  0.00000  0.00000
  9.40988 -4.45970  0.00000  0.00000
57823.00000
143.00000
 20.33270-12.25690  0.00000  0.00000
  8.63869 -4.45970  0.00000  0.00000
  1.01884  0.00000
  10 6133.83771 6291.00000
  2.45538  0.69240  0.00000  0.00000
  0.95897  7.21800  0.00000  0.00000
  6.10884 -1.46780  0.00000  0.00000
57823.00000
 80.00000
  3.89617  4.61720  0.00000  0.00000
 -0.97610  5.71760  0.00000  0.00000
  3.35617 -2.47780
   5 6291.00000 6346.60000
  2.77754  0.69240  0.00000  0.00000
  1.21397  7.21800  0.00000  0.00000
  5.67146 -1.46780  0.00000  0.00000
57823.00000
600.00000
  3.93832  4.61720  0.00000  0.00000
 -0.93567  5.71760  0.00000  0.00000
  3.35589 -2.47780
   5 6346.60000 6356.00000
  2.90000  0.00000  0.00000  0.00000
  6.80000  0.00000  0.00000  0.00000
  3.90000  0.00000  0.00000  0.00000
57823.00000
600.00000
  6.80000  0.00000  0.00000  0.00000
  3.90000  0.00000  0.00000  0.00000
  1.00000  0.00000
   5 6356.00000 6368.00000
  2.60000  0.00000  0.00000  0.00000
  5.80000  0.00000  0.00000  0.00000
  3.20000  0.00000  0.00000  0.00000
57823.00000
600.00000
  5.80000  0.00000  0.00000  0.00000
  3.20000  0.00000  0.00000  0.00000
  1.00000  0.00000
   5 6368.00000 6371.00000
  1.02000  0.00000  0.00000  0.00000
  1.45000  0.00000  0.00000  0.00000
  0.00000  0.00000  0.00000  0.00000
57823.00000
  0.00000
  1.45000  0.00000  0.00000  0.00000
  0.00000  0.00000  0.00000  0.00000
  1.00000  0.00000
