ANISOTROPIC_PREM
   1    1.00000  0
    30  40 120 6371.00000
  10    0.00000  305.37500
 13.20217  0.00000 -8.83810  0.00000
 11.25502  0.00000 -6.36400  0.00000
  3.73456  0.00000 -4.44750  0.00000
1327.70000
 84.60000
 11.16336  0.00000 -6.36400  0.00000
  3.68423  0.00000 -4.44750  0.00000
  1.00136  0.00000
  10  305.37500  610.75000
 13.21902  0.00000 -8.83810  0.00000
 11.53054  0.00000 -6.36400  0.00000
  3.71638  0.00000 -4.44750  0.00000
1327.70000
 84.60000
 11.20692  0.00000 -6.36400  0.00000
  3.69921  0.00000 -4.44750  0.00000
  0.98817  0.00000
  10  610.75000  916.12500
 13.20139  0.00000 -8.83810  0.00000
 11.18512  0.00000 -6.36400  0.00000
  3.68722  0.00000 -4.44750  0.00000
1327.70000
 84.60000
 11.17780  0.00000 -6.36400  0.00000
  3.59050  0.00000 -4.44750  0.00000
  1.00309  0.00000
  10  916.12500 1218.14989
 13.19959  0.00000 -8.83810  0.00000
 11.47006  0.00000 -6.36400  0.00000
  3.67269  0.00000 -4.44750  0.00000
1327.70000
 84.60000
 11.15929  0.00000 -6.36400  0.00000
  3.71094  0.00000 -4.44750  0.00000
  1.00429  0.00000
  10 1218.14989 1503.81250
 12.79508 -1.26380 -3.64260 -5.52810
 11.04627 -4.03620  4.80230-13.57320
  0.00000  0.00000  0.00000  0.00000
57823.00000
  0.00000
 10.87679 -4.03620  4.80230-13.57320
  0.00000  0.00000  0.00000  0.00000
  1.00955  0.00000
  10 1503.81250 1786.12500
 12.59777 -1.26380 -3.64260 -5.52810
 11.04202 -4.03620  4.80230-13.57320
  0.00000  0.00000  0.00000  0.00000
57823.00000
  0.00000
 11.28285 -4.03620  4.80230-13.57320
  0.00000  0.00000  0.00000  0.00000
  1.00654  0.00000
  10 1786.12500 2068.43750
 12.61953 -1.26380 -3.64260 -5.52810
 11.27497 -4.03620  4.80230-13.57320
  0.00000  0.00000  0.00000  0.00000
57823.00000
  0.00000
 10.91963 -4.03620  4.80230-13.57320
  0.00000  0.00000  0.00000  0.00000
  1.00688  0.00000
  10 2068.43750 2350.75000
 12.74640 -1.26380 -3.64260 -5.52810
 10.99295 -4.03620  4.80230-13.57320
  0.00000  0.00000  0.00000  0.00000
57823.00000
  0.00000
 11.05304 -4.03620  4.80230-13.57320
  0.00000  0.00000  0.00000  0.00000
  1.02031  0.00000
  10 2350.75000 2633.06250
 12.64581 -1.26380 -3.64260 -5.52810
 11.20738 -4.03620  4.80230-13.57320
  0.00000  0.00000  0.00000  0.00000
57823.00000
  0.00000
 10.86527 -4.03620  4.80230-13.57320
  0.00000  0.00000  0.00000  0.00000
  0.97913  0.00000
  10 2633.06250 2915.37500
 12.54997 -1.26380 -3.64260 -5.52810
 11.13282 -4.03620  4.80230-13.57320
  0.00000  0.00000  0.00000  0.00000
57823.00000
  0.00000
 10.85367 -4.03620  4.80230-13.57320
  0.00000  0.00000  0.00000  0.00000
  1.01402  0.00000
  10 2915.37500 3197.68750
 12.40314 -1.26380 -3.64260 -5.52810
 10.96872 -4.03620  4.80230-13.57320
  0.00000  0.00000  0.00000  0.00000
57823.00000
  0.00000
 11.16271 -4.03620  4.80230-13.57320
  0.00000  0.00000  0.00000  0.00000
  0.98828  0.00000
  10 3197.68750 3447.43727
 12.58685 -1.26380 -3.64260 -5.52810
 10.92586 -4.03620  4.80230-13.57320
  0.00000  0.00000  0.00000  0.00000
57823.00000
  0.00000
 10.86651 -4.03620  4.80230-13.57320
  0.00000  0.00000  0.00000  0.00000
  1.00802  0.00000
  10 3447.43727 3615.55087
  8.05151 -6.47610  5.52830 -3.08070
 16.00424 -5.31810  5.52420 -2.55140
  7.04094  1.46720 -2.08340  0.97830
57823.00000
312.00000
 15.43789 -5.31810  5.52420 -2.55140
  6.98389  1.46720 -2.08340  0.97830
  0.99249  0.00000
  10 3615.55087 3876.25000
  8.02630 -6.47610  5.52830 -3.08070
 25.41323-40.46730 51.48320-26.64190
 10.91928-13.78180 17.45750 -9.27770
57823.00000
312.00000
 24.48735-40.46730 51.48320-26.64190
 11.03258-13.78180 17.45750 -9.27770
  0.99001  0.00000
  10 3876.25000 4122.50000
  8.11105 -6.47610  5.52830 -3.08070
 25.44857-40.46730 51.48320-26.64190
 10.91705-13.78180 17.45750 -9.27770
57823.00000
312.00000
 24.76101-40.46730 51.48320-26.64190
 11.42825-13.78180 17.45750 -9.27770
  1.00237  0.00000
  10 4122.50000 4368.75000
  8.11768 -6.47610  5.52830 -3.08070
 24.71873-40.46730 51.48320-26.64190
 10.82146-13.78180 17.45750 -9.27770
57823.00000
312.00000
 25.22846-40.46730 51.48320-26.64190
 11.19130-13.78180 17.45750 -9.27770
  0.98907  0.00000
  10 4368.75000 4615.00000
  7.88156 -6.47610  5.52830 -3.08070
 24.39083-40.46730 51.48320-26.64190
 11.41423-13.78180 17.45750 -9.27770
57823.00000
312.00000
 25.39163-40.46730 51.48320-26.64190
 10.85527-13.78180 17.45750 -9.27770
  1.01771  0.00000
  10 4615.00000 4861.25000
  8.05815 -6.47610  5.52830 -3.08070
 24.57887-40.46730 51.48320-26.64190
 11.11225-13.78180 17.45750 -9.27770
57823.00000
312.00000
 25.02111-40.46730 51.48320-26.64190
 11.32379-13.78180 17.45750 -9.27770
  1.01685  0.00000
  10 4861.25000 5107.50000
  7.74384 -6.47610  5.52830 -3.08070
 24.82586-40.46730 51.48320-26.64190
 11.45716-13.78180 17.45750 -9.27770
57823.00000
312.00000
 24.39216-40.46730 51.48320-26.64190
 11.34060-13.78180 17.45750 -9.27770
  0.99473  0.00000
  10 5107.50000 5353.75000
  8.00761 -6.47610  5.52830 -3.08070
 24.74555-40.46730 51.48320-26.64190
 11.02584-13.78180 17.45750 -9.27770
57823.00000
312.00000
 24.54941-40.46730 51.48320-26.64190
 11.45153-13.78180 17.45750 -9.27770
  0.97643  0.00000
  10 5353.75000 5600.00000
  7.74651 -6.47610  5.52830 -3.08070
 24.81592-40.46730 51.48320-26.64190
 11.01137-13.78180 17.45750 -9.27770
57823.00000
312.00000
 25.27338-40.46730 51.48320-26.64190
 10.94760-13.78180 17.45750 -9.27770
  0.97587  0.00000
   5 5600.00000 5672.01268
  8.13694 -6.47610  5.52830 -3.08070
 29.69442-23.60270  5.52420 -2.55140
 22.53374-17.24730 -2.08340  0.97830
57823.00000
312.00000
 29.35147-23.60270  5.52420 -2.55140
 22.16315-17.24730 -2.08340  0.97830
  0.98347  0.00000
   5 5672.01268 5771.00000
  5.31524 -1.48360  0.00000  0.00000
 18.93075 -9.86720  0.00000  0.00000
  9.83997 -4.93240  0.00000  0.00000
57823.00000
143.00000
 18.82525 -9.86720  0.00000  0.00000
  9.80432 -4.93240  0.00000  0.00000
  1.00679  0.00000
  10 5771.00000 5977.22698
 11.55847 -8.02980  0.00000  0.00000
 38.75295-32.61660  0.00000  0.00000
 22.54567-18.58560  0.00000  0.00000
57823.00000
143.00000
 40.10565-32.61660  0.00000  0.00000
 22.29278-18.58560  0.00000  0.00000
  0.99633  0.00000
  10 5977.22698 6155.13320
  7.12182 -3.80450  0.00000  0.00000
 19.95840-12.25690  0.00000  0.00000
  8.60065 -4.45970  0.00000  0.00000
57823.00000
143.00000
 20.53443-12.25690  0.00000  0.00000
  9.22454 -4.45970  0.00000  0.00000
  1.00766  0.00000
  10 6155.13320 6291.00000
  2.65880  0.69240  0.00000  0.00000
  0.89768  7.21800  0.00000  0.00000
  5.94083 -1.46780  0.00000  0.00000
57823.00000
 80.00000
  3.88050  4.61720  0.00000  0.00000
 -1.10744  5.71760  0.00000  0.00000
  3.38163 -2.47780
   5 6291.00000 6346.60000
  2.50237  0.69240  0.00000  0.00000
  1.12701  7.21800  0.00000  0.00000
  6.18829 -1.46780  0.00000  0.00000
57823.00000
600.00000
  3.60369  4.61720  0.00000  0.00000
 -0.94520  5.71760  0.00000  0.00000
  3.36609 -2.47780
   5 6346.60000 6356.00000
  2.90000  0.00000  0.00000  0.00000
  6.80000  0.00000  0.00000  0.00000
  3.90000  0.00000  0.00000  0.00000
57823.00000
600.00000
  6.80000  0.00000  0.00000  0.00000
  3.90000  0.00000  0.00000  0.00000
  1.00000  0.00000
   5 6356.00000 6368.00000
  2.60000  0.00000  0.00000  0.00000
  5.80000  0.00000  0.00000  0.00000
  3.20000  0.00000  0.00000  0.00000
57823.00000
600.00000
  5.80000  0.00000  0.00000  0.00000
  3.20000  0.00000  0.00000  0.00000
  1.00000  0.00000
   5 6368.00000 6371.00000
  1.02000  0.00000  0.00000  0.00000
  1.45000  0.00000  0.00000  0.00000
  0.00000  0.00000  0.00000  0.00000
57823.00000
  0.00000
  1.45000  0.00000  0.00000  0.00000
  0.00000  0.00000  0.00000  0.00000
  1.00000  0.00000
