ANISOTROPIC_PREM
   1    1.00000  0
    30  40 120 6371.00000
  10    0.00000  305.37500
 13.39717  0.00000 -8.83810  0.00000
 11.52505  0.00000 -6.36400  0.00000
  3.68604  0.00000 -4.44750  0.00000
1327.70000
 84.60000
 11.33220  0.00000 -6.36400  0.00000
  3.59372  0.00000 -4.44750  0.00000
  0.97762  0.00000
  10  305.37500  610.75000
 13.09465  0.00000 -8.83810  0.00000
 11.16219  0.00000 -6.36400  0.00000
  3.60588  0.00000 -4.44750  0.00000
1327.70000
 84.60000
 11.30499  0.00000 -6.36400  0.00000
  3.70157  0.00000 -4.44750  0.00000
  0.99575  0.00000
  10  610.75000  916.12500
 13.38072  0.00000 -8.83810  0.00000
 11.15581  0.00000 -6.36400  0.00000
  3.70903  0.00000 -4.44750  0.00000
1327.70000
 84.60000
 11.28318  0.00000 -6.36400  0.00000
  3.62494  0.00000 -4.44750  0.00000
  1.01927  0.00000
  10  916.12500 1237.53181
 13.09524  0.00000 -8.83810  0.00000
 11.35639  0.00000 -6.36400  0.00000
  3.60921  0.00000 -4.44750  0.00000
1327.70000
 84.60000
 11.16592  0.00000 -6.36400  0.00000
  3.69968  0.00000 -4.44750  0.00000
  1.01503  0.00000
  10 1237.53181 1503.81250
 12.71026 -1.26380 -3.64260 -5.52810
 10.87669 -4.03620  4.80230-13.57320
  0.00000  0.00000  0.00000  0.00000
57823.00000
  0.00000
 10.96981 -4.03620  4.80230-13.57320
  0.00000  0.00000  0.00000  0.00000
  0.99416  0.00000
  10 1503.81250 1786.12500
 12.63192 -1.26380 -3.64260 -5.52810
 10.91531 -4.03620  4.80230-13.57320
  0.00000  0.00000  0.00000  0.00000
57823.00000
  0.00000
 10.83361 -4.03620  4.80230-13.57320
  0.00000  0.00000  0.00000  0.00000
  0.99194  0.00000
  10 1786.12500 2068.43750
 12.88161 -1.26380 -3.64260 -5.52810
 11.12838 -4.03620  4.80230-13.57320
  0.00000  0.00000  0.00000  0.00000
57823.00000
  0.00000
 11.25206 -4.03620  4.80230-13.57320
  0.00000  0.00000  0.00000  0.00000
  1.00619  0.00000
  10 2068.43750 2350.75000
 12.58693 -1.26380 -3.64260 -5.52810
 11.08831 -4.03620  4.80230-13.57320
  0.00000  0.00000  0.00000  0.00000
57823.00000
  0.00000
 11.20700 -4.03620  4.80230-13.57320
  0.00000  0.00000  0.00000  0.00000
  1.00504  0.00000
  10 2350.75000 2633.06250
 12.67532 -1.26380 -3.64260 -5.52810
 11.23735 -4.03620  4.80230-13.57320
  0.00000  0.00000  0.00000  0.00000
57823.00000
  0.00000
 10.83310 -4.03620  4.80230-13.57320
  0.00000  0.00000  0.00000  0.00000
  1.02051  0.00000
  10 2633.06250 2915.37500
 12.43946 -1.26380 -3.64260 -5.52810
 11.13190 -4.03620  4.80230-13.57320
  0.00000  0.00000  0.00000  0.00000
57823.00000
  0.00000
 11.22983 -4.03620  4.80230-13.57320
  0.00000  0.00000  0.00000  0.00000
  1.00191  0.00000
  10 2915.37500 3197.68750
 12.61881 -1.26380 -3.64260 -5.52810
 10.97265 -4.03620  4.80230-13.57320
  0.00000  0.00000  0.00000  0.00000
57823.00000
  0.00000
 11.16673 -4.03620  4.80230-13.57320
  0.00000  0.00000  0.00000  0.00000
  0.98548  0.00000
  10 3197.68750 3466.08817
 12.64942 -1.26380 -3.64260 -5.52810
 11.23352 -4.03620  4.80230-13.57320
  0.00000  0.00000  0.00000  0.00000
57823.00000
  0.00000
 11.25007 -4.03620  4.80230-13.57320
  0.00000  0.00000  0.00000  0.00000
  0.99377  0.00000
  10 3466.08817 3614.98510
  7.87323 -6.47610  5.52830 -3.08070
 14.91520 -5.31810  5.52420 -2.55140
  7.00928  1.46720 -2.08340  0.97830
57823.00000
312.00000
 15.79151 -5.31810  5.52420 -2.55140
  6.84557  1.46720 -2.08340  0.97830
  1.00900  0.00000
  10 3614.98510 3876.25000
  8.00109 -6.47610  5.52830 -3.08070
 24.78458-40.46730 51.48320-26.64190
 11.23031-13.78180 17.45750 -9.27770
57823.00000
312.00000
 24.67620-40.46730 51.48320-26.64190
 11.45228-13.78180 17.45750 -9.27770
  0.99986  0.00000
  10 3876.25000 4122.50000
  8.00526 -6.47610  5.52830 -3.08070
 24.94680-40.46730 51.48320-26.64190
 11.03055-13.78180 17.45750 -9.27770
57823.00000
312.00000
 25.04056-40.46730 51.48320-26.64190
 10.88202-13.78180 17.45750 -9.27770
  0.98686  0.00000
  10 4122.50000 4368.75000
  7.77897 -6.47610  5.52830 -3.08070
 25.14211-40.46730 51.48320-26.64190
 10.89527-13.78180 17.45750 -9.27770
57823.00000
312.00000
 25.51873-40.46730 51.48320-26.64190
 11.45408-13.78180 17.45750 -9.27770
  1.01445  0.00000
  10 4368.75000 4615.00000
  8.05960 -6.47610  5.52830 -3.08070
 24.33969-40.46730 51.48320-26.64190
 11.39037-13.78180 17.45750 -9.27770
57823.00000
312.00000
 25.15064-40.46730 51.48320-26.64190
 11.32448-13.78180 17.45750 -9.27770
  1.00740  0.00000
  10 4615.00000 4861.25000
  8.03874 -6.47610  5.52830 -3.08070
 25.36931-40.46730 51.48320-26.64190
 11.43984-13.78180 17.45750 -9.27770
57823.00000
312.00000
 24.99109-40.46730 51.48320-26.64190
 10.91519-13.78180 17.45750 -9.27770
  1.00984  0.00000
  10 4861.25000 5107.50000
  7.72232 -6.47610  5.52830 -3.08070
 25.53663-40.46730 51.48320-26.64190
 11.38823-13.78180 17.45750 -9.27770
57823.00000
312.00000
 24.69748-40.46730 51.48320-26.64190
 11.31162-13.78180 17.45750 -9.27770
  0.98074  0.00000
  10 5107.50000 5353.75000
  7.69022 -6.47610  5.52830 -3.08070
 24.87057-40.46730 51.48320-26.64190
 10.97893-13.78180 17.45750 -9.27770
57823.00000
312.00000
 24.55791-40.46730 51.48320-26.64190
 11.43108-13.78180 17.45750 -9.27770
  1.00737  0.00000
  10 5353.75000 5600.00000
  8.03413 -6.47610  5.52830 -3.08070
 24.52181-40.46730 51.48320-26.64190
 10.93483-13.78180 17.45750 -9.27770
57823.00000
312.00000
 24.90434-40.46730 51.48320-26.64190
 11.38819-13.78180 17.45750 -9.27770
  1.00636  0.00000
   5 5600.00000 5700.54613
  8.03840 -6.47610  5.52830 -3.08070
 28.99657-23.60270  5.52420 -2.55140
 22.58937-17.24730 -2.08340  0.97830
57823.00000
312.00000
 29.13360-23.60270  5.52420 -2.55140
 22.39612-17.24730 -2.08340  0.97830
  0.98167  0.00000
   5 5700.54613 5771.00000
  5.10335 -1.48360  0.00000  0.00000
 19.57033 -9.86720  0.00000  0.00000
  9.80725 -4.93240  0.00000  0.00000
57823.00000
143.00000
 18.76335 -9.86720  0.00000  0.00000
  9.86405 -4.93240  0.00000  0.00000
  1.00881  0.00000
  10 5771.00000 5962.80256
 11.37294 -8.02980  0.00000  0.00000
 39.81542-32.61660  0.00000  0.00000
 22.77541-18.58560  0.00000  0.00000
57823.00000
143.00000
 40.46264-32.61660  0.00000  0.00000
 22.30900-18.58560  0.00000  0.00000
  0.98491  0.00000
  10 5962.80256 6168.38052
  7.13333 -3.80450  0.00000  0.00000
 20.95677-12.25690  0.00000  0.00000
  9.35866 -4.45970  0.00000  0.00000
57823.00000
143.00000
 19.96180-12.25690  0.00000  0.00000
  9.35316 -4.45970  0.00000  0.00000
  0.98389  0.00000
  10 6168.38052 6291.00000
  2.94682  0.69240  0.00000  0.00000
  0.74572  7.21800  0.00000  0.00000
  6.07421 -1.46780  0.00000  0.00000
57823.00000
 80.00000
  3.56883  4.61720  0.00000  0.00000
 -1.12143  5.71760  0.00000  0.00000
  3.38902 -2.47780
   5 6291.00000 6346.60000
  2.86833  0.69240  0.00000  0.00000
  0.90199  7.21800  0.00000  0.00000
  6.06626 -1.46780  0.00000  0.00000
57823.00000
600.00000
  3.53105  4.61720  0.00000  0.00000
 -1.11114  5.71760  0.00000  0.00000
  3.36162 -2.47780
   5 6346.60000 6356.00000
  2.90000  0.00000  0.00000  0.00000
  6.80000  0.00000  0.00000  0.00000
  3.90000  0.00000  0.00000  0.00000
57823.00000
600.00000
  6.80000  0.00000  0.00000  0.00000
  3.90000  0.00000  0.00000  0.00000
  1.00000  0.00000
   5 6356.00000 6368.00000
  2.60000  0.00000  0.00000  0.00000
  5.80000  0.00000  0.00000  0.00000
  3.20000  0.00000  0.00000  0.00000
57823.00000
600.00000
  5.80000  0.00000  0.00000  0.00000
  3.20000  0.00000  0.00000  0.00000
  1.00000  0.00000
   5 6368.00000 6371.00000
  1.02000  0.00000  0.00000  0.00000
  1.45000  0.00000  0.00000  0.00000
  0.00000  0.00000  0.00000  0.00000
57823.00000
  0.00000
  1.45000  0.00000  0.00000  0.00000
  0.00000  0.00000  0.00000  0.00000
  1.00000  0.00000
