ANISOTROPIC_PREM
   1    1.00000  0
    30  40 120 6371.00000
  10    0.00000  305.37500
 13.44617  0.00000 -8.83810  0.00000
 10.99356  0.00000 -6.36400  0.00000
  3.75882  0.00000 -4.44750  0.00000
1327.70000
 84.60000
 11.01396  0.00000 -6.36400  0.00000
  3.66833  0.00000 -4.44750  0.00000
  1.01173  0.00000
  10  305.37500  610.75000
 13.47161  0.00000 -8.83810  0.00000
 11.35692  0.00000 -6.36400  0.00000
  3.74074  0.00000 -4.44750  0.00000
1327.70000
 84.60000
 11.06068  0.00000 -6.36400  0.00000
  3.71368  0.00000 -4.44750  0.00000
  0.97553  0.00000
  10  610.75000  916.12500
 13.40235  0.00000 -8.83810  0.00000
 11.30568  0.00000 -6.36400  0.00000
  3.72019  0.00000 -4.44750  0.00000
1327.70000
 84.60000
 11.26861  0.00000 -6.36400  0.00000
  3.72622  0.00000 -4.44750  0.00000
  0.99643  0.00000
  10  916.12500 1201.69299
 13.50235  0.00000 -8.83810  0.00000
 11.24920  0.00000 -6.36400  0.00000
  3.62301  0.00000 -4.44750  0.00000
1327.70000
 84.60000
 11.35400  0.00000 -6.36400  0.00000
  3.63565  0.00000 -4.44750  0.00000
  1.01424  0.00000
  10 1201.69299 1503.81250
 12.59266 -1.26380 -3.64260 -5.52810
 10.94397 -4.03620  4.80230-13.57320
  0.00000  0.00000  0.00000  0.00000
57823.00000
  0.00000
 10.92585 -4.03620  4.80230-13.57320
  0.00000  0.00000  0.00000  0.00000
  1.02089  0.00000
  10 1503.81250 1786.12500
 12.50323 -1.26380 -3.64260 -5.52810
 11.02818 -4.03620  4.80230-13.57320
  0.00000  0.00000  0.00000  0.00000
57823.00000
  0.00000
 11.19476 -4.03620  4.80230-13.57320
  0.00000  0.00000  0.00000  0.00000
  1.00112  0.00000
  10 1786.12500 2068.43750
 12.83144 -1.26380 -3.64260 -5.52810
 11.20785 -4.03620  4.80230-13.57320
  0.00000  0.00000  0.00000  0.00000
57823.00000
  0.00000
 11.26487 -4.03620  4.80230-13.57320
  0.00000  0.00000  0.00000  0.00000
  1.00943  0.00000
  10 2068.43750 2350.75000
 12.76618 -1.26380 -3.64260 -5.52810
 10.98677 -4.03620  4.80230-13.57320
  0.00000  0.00000  0.00000  0.00000
57823.00000
  0.00000
 11.19238 -4.03620  4.80230-13.57320
  0.00000  0.00000  0.00000  0.00000
  1.02260  0.00000
  10 2350.75000 2633.06250
 12.42580 -1.26380 -3.64260 -5.52810
 10.88630 -4.03620  4.80230-13.57320
  0.00000  0.00000  0.00000  0.00000
57823.00000
  0.00000
 10.85675 -4.03620  4.80230-13.57320
  0.00000  0.00000  0.00000  0.00000
  1.00290  0.00000
  10 2633.06250 2915.37500
 12.90940 -1.26380 -3.64260 -5.52810
 11.13183 -4.03620  4.80230-13.57320
  0.00000  0.00000  0.00000  0.00000
57823.00000
  0.00000
 11.14535 -4.03620  4.80230-13.57320
  0.00000  0.00000  0.00000  0.00000
  1.00469  0.00000
  10 2915.37500 3197.68750
 12.82167 -1.26380 -3.64260 -5.52810
 11.09330 -4.03620  4.80230-13.57320
  0.00000  0.00000  0.00000  0.00000
57823.00000
  0.00000
 10.97938 -4.03620  4.80230-13.57320
  0.00000  0.00000  0.00000  0.00000
  0.99672  0.00000
  10 3197.68750 3407.04255
 12.63647 -1.26380 -3.64260 -5.52810
 11.06807 -4.03620  4.80230-13.57320
  0.00000  0.00000  0.00000  0.00000
57823.00000
  0.00000
 11.11573 -4.03620  4.80230-13.57320
  0.00000  0.00000  0.00000  0.00000
  0.98979  0.00000
  10 3407.04255 3634.61622
  8.14817 -6.47610  5.52830 -3.08070
 15.38687 -5.31810  5.52420 -2.55140
  6.63714  1.46720 -2.08340  0.97830
57823.00000
312.00000
 15.41430 -5.31810  5.52420 -2.55140
  7.12682  1.46720 -2.08340  0.97830
  1.00988  0.00000
  10 3634.61622 3876.25000
  8.03783 -6.47610  5.52830 -3.08070
 24.54919-40.46730 51.48320-26.64190
 11.26695-13.78180 17.45750 -9.27770
57823.00000
312.00000
 25.21443-40.46730 51.48320-26.64190
 11.00247-13.78180 17.45750 -9.27770
  0.99830  0.00000
  10 3876.25000 4122.50000
  7.89209 -6.47610  5.52830 -3.08070
 25.29732-40.46730 51.48320-26.64190
 11.26411-13.78180 17.45750 -9.27770
57823.00000
312.00000
 24.54803-40.46730 51.48320-26.64190
 10.86313-13.78180 17.45750 -9.27770
  0.97688  0.00000
  10 4122.50000 4368.75000
  8.03340 -6.47610  5.52830 -3.08070
 25.15166-40.46730 51.48320-26.64190
 11.43841-13.78180 17.45750 -9.27770
57823.00000
312.00000
 25.30919-40.46730 51.48320-26.64190
 11.14810-13.78180 17.45750 -9.27770
  0.98672  0.00000
  10 4368.75000 4615.00000
  8.02237 -6.47610  5.52830 -3.08070
 25.42426-40.46730 51.48320-26.64190
 11.43359-13.78180 17.45750 -9.27770
57823.00000
312.00000
 25.30906-40.46730 51.48320-26.64190
 11.42235-13.78180 17.45750 -9.27770
  1.02366  0.00000
  10 4615.00000 4861.25000
  7.82636 -6.47610  5.52830 -3.08070
 25.09809-40.46730 51.48320-26.64190
 10.98407-13.78180 17.45750 -9.27770
57823.00000
312.00000
 25.44276-40.46730 51.48320-26.64190
 11.32926-13.78180 17.45750 -9.27770
  1.01200  0.00000
  10 4861.25000 5107.50000
  7.82454 -6.47610  5.52830 -3.08070
 25.15470-40.46730 51.48320-26.64190
 11.11081-13.78180 17.45750 -9.27770
57823.00000
312.00000
 25.53119-40.46730 51.48320-26.64190
 11.07102-13.78180 17.45750 -9.27770
  1.00384  0.00000
  10 5107.50000 5353.75000
  8.18590 -6.47610  5.52830 -3.08070
 24.80527-40.46730 51.48320-26.64190
 11.06878-13.78180 17.45750 -9.27770
57823.00000
312.00000
 24.94083-40.46730 51.48320-26.64190
 11.42176-13.78180 17.45750 -9.27770
  0.98916  0.00000
  10 5353.75000 5600.00000
  8.19090 -6.47610  5.52830 -3.08070
 24.79194-40.46730 51.48320-26.64190
 11.37872-13.78180 17.45750 -9.27770
57823.00000
312.00000
 24.91043-40.46730 51.48320-26.64190
 11.33084-13.78180 17.45750 -9.27770
  0.97906  0.00000
   5 5600.00000 5719.94687
  8.15214 -6.47610  5.52830 -3.08070
 29.20920-23.60270  5.52420 -2.55140
 22.34552-17.24730 -2.08340  0.97830
57823.00000
312.00000
 29.25726-23.60270  5.52420 -2.55140
 22.23841-17.24730 -2.08340  0.97830
  1.00806  0.00000
   5 5719.94687 5771.00000
  5.26706 -1.48360  0.00000  0.00000
 19.13054 -9.86720  0.00000  0.00000
 10.10309 -4.93240  0.00000  0.00000
57823.00000
143.00000
 18.87109 -9.86720  0.00000  0.00000
 10.20917 -4.93240  0.00000  0.00000
  0.99193  0.00000
  10 5771.00000 5942.88974
 11.54579 -8.02980  0.00000  0.00000
 40.66170-32.61660  0.00000  0.00000
 21.94301-18.58560  0.00000  0.00000
57823.00000
143.00000
 39.90955-32.61660  0.00000  0.00000
 22.28446-18.58560  0.00000  0.00000
  1.01891  0.00000
  10 5942.88974 6151.25052
  6.87655 -3.80450  0.00000  0.00000
 20.08551-12.25690  0.00000  0.00000
  8.79762 -4.45970  0.00000  0.00000
57823.00000
143.00000
 20.95453-12.25690  0.00000  0.00000
  8.82455 -4.45970  0.00000  0.00000
  1.02271  0.00000
  10 6151.25052 6291.00000
  2.59244  0.69240  0.00000  0.00000
  0.45393  7.21800  0.00000  0.00000
  6.03781 -1.46780  0.00000  0.00000
57823.00000
 80.00000
  2.99397  4.61720  0.00000  0.00000
 -1.20543  5.71760  0.00000  0.00000
  3.38203 -2.47780
   5 6291.00000 6346.60000
  2.15368  0.69240  0.00000  0.00000
  0.39565  7.21800  0.00000  0.00000
  5.53093 -1.46780  0.00000  0.00000
57823.00000
600.00000
  3.27876  4.61720  0.00000  0.00000
 -0.80195  5.71760  0.00000  0.00000
  3.36368 -2.47780
   5 6346.60000 6356.00000
  2.90000  0.00000  0.00000  0.00000
  6.80000  0.00000  0.00000  0.00000
  3.90000  0.00000  0.00000  0.00000
57823.00000
600.00000
  6.80000  0.00000  0.00000  0.00000
  3.90000  0.00000  0.00000  0.00000
  1.00000  0.00000
   5 6356.00000 6368.00000
  2.60000  0.00000  0.00000  0.00000
  5.80000  0.00000  0.00000  0.00000
  3.20000  0.00000  0.00000  0.00000
57823.00000
600.00000
  5.80000  0.00000  0.00000  0.00000
  3.20000  0.00000  0.00000  0.00000
  1.00000  0.00000
   5 6368.00000 6371.00000
  1.02000  0.00000  0.00000  0.00000
  1.45000  0.00000  0.00000  0.00000
  0.00000  0.00000  0.00000  0.00000
57823.00000
  0.00000
  1.45000  0.00000  0.00000  0.00000
  0.00000  0.00000  0.00000  0.00000
  1.00000  0.00000
